add_info,iso3,tar_type_used,condi,rge,entity,category,unit,gwp,1990,1991,1992,1993,1994,1995,1996,1997,1998,1999,2000,2001,2002,2003,2004,2005,2006,2007,2008,2009,2010,2011,2012,2013,2014,2015,2016,2017,2018,2019,2020,2021,2022,2023,2024,2025,2026,2027,2028,2029,2030,2031,2032,2033,2034,2035,2036,2037,2038,2039,2040,2041,2042,2043,2044,2045,2046,2047,2048,2049,2050
,ABW,,pop,pop,POP,DEMOGR,Pers,,62149.0,64622.0,68235.0,72504.0,76700.0,80324.0,83200.0,85451.0,87277.0,89005.0,90853.0,92898.0,94992.0,97017.0,98737.0,100031.0,100834.0,101222.0,101358.0,101455.0,101669.0,102046.0,102560.0,103159.0,103774.0,104341.0,104872.0,105366.0,106224.4328,107285.1025,108327.88023333332,109365.28566666668,110384.8057,111385.62043333332,112366.92923333331,113327.95466666669,114260.3972,115155.0947,116009.97996666668,116822.961,117591.916,118330.80923333332,119056.0725,119769.27556666663,120472.01846666668,121165.9427,121837.80263333333,122471.07166666664,123062.52143333331,123608.93886666668,124107.1248,124579.83300000001,125048.95106666668,125510.00516666664,125958.5323,126390.0714,126819.24066666664,127258.11366666669,127698.36893333332,128131.60906666669,128549.34426666668
,ABW,,gdp,gdp,GDPPPP,ECO,2011GKD,,2412750000.0,2216297363.2813,2977462646.4844,3312827636.7188,3744094482.4219,3456090820.3125,3724024169.9219,3958321044.9219,3973170410.1563,3678373779.2969,3930498779.2969,3896175781.25,3872228515.625,3922794433.5938,4200100097.6563,4337367187.5,4338022460.9375,4531907226.5625,4597615234.375,4403982421.875,3957928955.0781,3813092529.2969,3773461669.9219,3872761718.75,3920099609.375,3959138427.7344,3867489746.0938,3914103515.625,3895701624.947,4080610734.6687336,4283678191.9245,4509918926.394166,4758178738.927235,5027155892.711567,5315523566.1637,5621910707.512835,5950285722.756301,6303720477.275134,6679451809.0952,7074718819.955298,7486773034.168,7921268641.6496315,8385002609.401367,8876979366.579433,9396234143.670568,9941829757.935934,10518106682.54707,11128144722.2168,11769143710.1193,12438323780.247766,13132933291.769434,13858693164.86027,14621895165.774696,15420709405.273432,16253361834.780296,17118135921.175531,18019969920.422062,18962743850.75557,19943155153.73976,20957842580.322968,22003385124.34324
"No targets calculated, so the baseline emissions are put in as target pathways for all un/conditional best/worst pathways.
",ABW,baseline_emissions,conditional,worst,KYOTOGHG,IPCM0EL,MtCO2eq,AR4,1.7053,1.749,1.5329,1.6681,1.6907000000000003,1.7488,1.7642,1.8211,1.8756,1.8881,2.4681,2.499,2.5289,2.6556,2.7111,2.8145,2.8117,2.9208,2.7569,2.7285,2.6095,2.6039,1.4532,0.96826,0.9808600000000002,1.0009,1.0284,1.025,0.5894199999999999,0.6177533333333334,0.6481266666666666,0.68135,0.7174299999999999,0.75618,0.7974066666666667,0.8409200000000001,0.8872666666666666,0.9368566666666668,0.9891866666666664,1.0437966666666665,1.1002666666666667,1.1591,1.2211666666666667,1.2863333333333329,1.3545,1.4255666666666666,1.5003,1.5789666666666669,1.661266666666667,1.7468333333333332,1.8354,1.9277333333333333,2.0247,2.125966666666667,2.231266666666667,2.3402666666666665,2.4534,2.5711666666666666,2.692966666666667,2.818233333333333,2.9463666666666666
"No targets calculated, so the baseline emissions are put in as target pathways for all un/conditional best/worst pathways.
",ABW,baseline_emissions,conditional,best,KYOTOGHG,IPCM0EL,MtCO2eq,AR4,1.7053,1.749,1.5329,1.6681,1.6907000000000003,1.7488,1.7642,1.8211,1.8756,1.8881,2.4681,2.499,2.5289,2.6556,2.7111,2.8145,2.8117,2.9208,2.7569,2.7285,2.6095,2.6039,1.4532,0.96826,0.9808600000000002,1.0009,1.0284,1.025,0.5894199999999999,0.6177533333333334,0.6481266666666666,0.68135,0.7174299999999999,0.75618,0.7974066666666667,0.8409200000000001,0.8872666666666666,0.9368566666666668,0.9891866666666664,1.0437966666666665,1.1002666666666667,1.1591,1.2211666666666667,1.2863333333333329,1.3545,1.4255666666666666,1.5003,1.5789666666666669,1.661266666666667,1.7468333333333332,1.8354,1.9277333333333333,2.0247,2.125966666666667,2.231266666666667,2.3402666666666665,2.4534,2.5711666666666666,2.692966666666667,2.818233333333333,2.9463666666666666
"No targets calculated, so the baseline emissions are put in as target pathways for all un/conditional best/worst pathways.
",ABW,baseline_emissions,unconditional,worst,KYOTOGHG,IPCM0EL,MtCO2eq,AR4,1.7053,1.749,1.5329,1.6681,1.6907000000000003,1.7488,1.7642,1.8211,1.8756,1.8881,2.4681,2.499,2.5289,2.6556,2.7111,2.8145,2.8117,2.9208,2.7569,2.7285,2.6095,2.6039,1.4532,0.96826,0.9808600000000002,1.0009,1.0284,1.025,0.5894199999999999,0.6177533333333334,0.6481266666666666,0.68135,0.7174299999999999,0.75618,0.7974066666666667,0.8409200000000001,0.8872666666666666,0.9368566666666668,0.9891866666666664,1.0437966666666665,1.1002666666666667,1.1591,1.2211666666666667,1.2863333333333329,1.3545,1.4255666666666666,1.5003,1.5789666666666669,1.661266666666667,1.7468333333333332,1.8354,1.9277333333333333,2.0247,2.125966666666667,2.231266666666667,2.3402666666666665,2.4534,2.5711666666666666,2.692966666666667,2.818233333333333,2.9463666666666666
"No targets calculated, so the baseline emissions are put in as target pathways for all un/conditional best/worst pathways.
",ABW,baseline_emissions,unconditional,best,KYOTOGHG,IPCM0EL,MtCO2eq,AR4,1.7053,1.749,1.5329,1.6681,1.6907000000000003,1.7488,1.7642,1.8211,1.8756,1.8881,2.4681,2.499,2.5289,2.6556,2.7111,2.8145,2.8117,2.9208,2.7569,2.7285,2.6095,2.6039,1.4532,0.96826,0.9808600000000002,1.0009,1.0284,1.025,0.5894199999999999,0.6177533333333334,0.6481266666666666,0.68135,0.7174299999999999,0.75618,0.7974066666666667,0.8409200000000001,0.8872666666666666,0.9368566666666668,0.9891866666666664,1.0437966666666665,1.1002666666666667,1.1591,1.2211666666666667,1.2863333333333329,1.3545,1.4255666666666666,1.5003,1.5789666666666669,1.661266666666667,1.7468333333333332,1.8354,1.9277333333333333,2.0247,2.125966666666667,2.231266666666667,2.3402666666666665,2.4534,2.5711666666666666,2.692966666666667,2.818233333333333,2.9463666666666666
,ABW,,emi_bau,emi_bau,KYOTOGHG,IPCM0EL,MtCO2eq,AR4,1.7053,1.749,1.5329,1.6681,1.6907000000000003,1.7488,1.7642,1.8211,1.8756,1.8881,2.4681,2.499,2.5289,2.6556,2.7111,2.8145,2.8117,2.9208,2.7569,2.7285,2.6095,2.6039,1.4532,0.96826,0.9808600000000002,1.0009,1.0284,1.025,0.5894199999999999,0.6177533333333334,0.6481266666666666,0.68135,0.7174299999999999,0.75618,0.7974066666666667,0.8409200000000001,0.8872666666666666,0.9368566666666668,0.9891866666666664,1.0437966666666665,1.1002666666666667,1.1591,1.2211666666666667,1.2863333333333329,1.3545,1.4255666666666666,1.5003,1.5789666666666669,1.661266666666667,1.7468333333333332,1.8354,1.9277333333333333,2.0247,2.125966666666667,2.231266666666667,2.3402666666666665,2.4534,2.5711666666666666,2.692966666666667,2.818233333333333,2.9463666666666666
,ABW,,emi_cov,emi_cov,KYOTOGHG,IPCM0EL,MtCO2eq,AR4,0.0,0.0,0.0,0.0,0.0,0.0,0.0,0.0,0.0,0.0,0.0,0.0,0.0,0.0,0.0,0.0,0.0,0.0,0.0,0.0,0.0,0.0,0.0,0.0,0.0,0.0,0.0,0.0,0.0,0.0,0.0,0.0,0.0,0.0,0.0,0.0,0.0,0.0,0.0,0.0,0.0,0.0,0.0,0.0,0.0,0.0,0.0,0.0,0.0,0.0,0.0,0.0,0.0,0.0,0.0,0.0,0.0,0.0,0.0,0.0,0.0
,ABW,,emi_ncov,emi_ncov,KYOTOGHG,IPCM0EL,MtCO2eq,AR4,1.7053,1.749,1.5329,1.6681,1.6907000000000003,1.7488,1.7642,1.8211,1.8756,1.8881,2.4681,2.499,2.5289,2.6556,2.7111,2.8145,2.8117,2.9208,2.7569,2.7285,2.6095,2.6039,1.4532,0.96826,0.9808600000000002,1.0009,1.0284,1.025,0.5894199999999999,0.6177533333333334,0.6481266666666666,0.68135,0.7174299999999999,0.75618,0.7974066666666667,0.8409200000000001,0.8872666666666666,0.9368566666666668,0.9891866666666664,1.0437966666666665,1.1002666666666667,1.1591,1.2211666666666667,1.2863333333333329,1.3545,1.4255666666666666,1.5003,1.5789666666666669,1.661266666666667,1.7468333333333332,1.8354,1.9277333333333333,2.0247,2.125966666666667,2.231266666666667,2.3402666666666665,2.4534,2.5711666666666666,2.692966666666667,2.818233333333333,2.9463666666666666
,ABW,,pc_cov,pc_cov,KYOTOGHG,IPCM0EL,MtCO2eq/MtCO2eq,AR4,0.0,0.0,0.0,0.0,0.0,0.0,0.0,0.0,0.0,0.0,0.0,0.0,0.0,0.0,0.0,0.0,0.0,0.0,0.0,0.0,0.0,0.0,0.0,0.0,0.0,0.0,0.0,0.0,0.0,0.0,0.0,0.0,0.0,0.0,0.0,0.0,0.0,0.0,0.0,0.0,0.0,0.0,0.0,0.0,0.0,0.0,0.0,0.0,0.0,0.0,0.0,0.0,0.0,0.0,0.0,0.0,0.0,0.0,0.0,0.0,0.0
,AFG,,pop,pop,POP,DEMOGR,Pers,,12412308.0,13299017.0,14485546.0,15816603.0,17075727.0,18110657.0,18853437.0,19357126.0,19737765.0,20170844.0,20779953.0,21606988.0,22600770.0,23680871.0,24726684.0,25654277.0,26433049.0,27100536.0,27722276.0,28394813.0,29185507.0,30117413.0,31161376.0,32269589.0,33370794.0,34413603.0,35383032.0,36296113.0,37267863.8744,38387741.4701,39539696.0373,40731621.9382,41970025.3894,43250027.2641,44566928.5663,45916217.8591,47300535.3114,48718264.1476,50158656.4034,51610981.294,53064536.7573,54527850.4309,56014539.15,57521311.9644,59044532.1484,60580206.7292,62131228.2049,63703248.1887,65296021.2437,66909136.9175,68542015.2362,70198026.6893,71879502.5199,73584106.6928,75309410.5766,77052890.396,78818617.3103,80607064.0962,82410316.2123,84220569.5811,86030134.0962
,AFG,,gdp,gdp,GDPPPP,ECO,2011GKD,,24725317536.0,23419568937.0,23596954434.0,17081931240.0,13182461244.0,19939833357.0,19004264496.0,17924698676.0,16895526840.0,15874454228.0,15273265455.0,14952035696.0,24589637760.0,26333128552.0,27372439188.0,30451626799.0,33226342593.0,39214475592.0,40585412064.0,47390942897.0,49177579295.0,53970404096.0,60608876320.0,65345917725.0,67475745468.0,66349426584.0,68253868728.0,70073033662.5461,76971848770.3513,80106214767.25,83529865408.9067,87356370755.6854,91578208856.2574,96191070094.6034,101192883105.2743,106585087100.6285,112295347556.2282,118235871190.5749,124387676650.0075,130730815568.6724,137244257049.953,143991770506.1088,151057015871.894,158446194754.40802,166162757670.7814,174206861129.3984,182619148555.1245,191445964968.0006,200695142604.7719,210377405987.2733,220506816153.2007,231117918495.2466,242241828228.3798,253894685849.6266,266099222341.1837,278885595112.1116,292275999421.3641,306269097456.1376,320870627231.2432,336093274088.0286,351957428130.3894
"The target value from 'conditional_best' was used for 'conditional_worst' in 2025, 2030.
",AFG,ABS,conditional,worst,KYOTOGHG,IPCM0EL,MtCO2eq,AR4,12.8281,13.0307,12.0476,12.1969,12.24,12.8216,13.9125,14.8752,15.6795,16.5714,14.8423,13.286,15.9498,16.7076,16.3504,17.1656,17.567,18.3722,21.7611,24.884,28.6984,32.6811,31.2559,30.5344,32.0983,31.6482,33.5513,34.0195,35.42761394824692,36.83572789649384,38.24384184474076,39.30480742954402,40.34835561632261,41.37448640507652,42.38319979580575,43.3744957885103,44.009429361138466,44.58520579979106,45.10182510446811,45.559287275169595,45.95759231189553,47.61779508454114,49.379470204495256,51.2416579161084,53.2027004596223,55.26041657219712,57.4254508164912,59.71001826440755,62.11446791800052,64.63984678343327,67.28877237611354,70.06935899380548,72.98902293016451,76.05081795316636,79.25945559054504,82.62191588338801,86.13837333272245,89.80237140054247,93.61347383428007,97.57272764009844,101.68344833751406
,AFG,ABS,conditional,best,KYOTOGHG,IPCM0EL,MtCO2eq,AR4,12.8281,13.0307,12.0476,12.1969,12.24,12.8216,13.9125,14.8752,15.6795,16.5714,14.8423,13.286,15.9498,16.7076,16.3504,17.1656,17.567,18.3722,21.7611,24.884,28.6984,32.6811,31.2559,30.5344,32.0983,31.6482,33.5513,34.0195,35.42761394824692,36.83572789649384,38.24384184474076,39.30480742954402,40.34835561632261,41.37448640507652,42.38319979580575,43.3744957885103,44.009429361138466,44.58520579979106,45.10182510446811,45.559287275169595,45.95759231189553,47.61779508454114,49.379470204495256,51.2416579161084,53.2027004596223,55.26041657219712,57.4254508164912,59.71001826440755,62.11446791800052,64.63984678343327,67.28877237611354,70.06935899380548,72.98902293016451,76.05081795316636,79.25945559054504,82.62191588338801,86.13837333272245,89.80237140054247,93.61347383428007,97.57272764009844,101.68344833751406
,AFG,ABS,unconditional,worst,KYOTOGHG,IPCM0EL,MtCO2eq,AR4,12.8281,13.0307,12.0476,12.1969,12.24,12.8216,13.9125,14.8752,15.6795,16.5714,14.8423,13.286,15.9498,16.7076,16.3504,17.1656,17.567,18.3722,21.7611,24.884,28.6984,32.6811,31.2559,30.5344,32.0983,31.6482,33.5513,34.0195,35.42761394824692,36.83572789649384,38.24384184474076,39.565511164476476,40.8871804842122,42.20884980394793,43.53051912368365,44.85218844341937,46.416380390574865,47.98057233773035,49.544764284885844,51.10895623204133,52.67314817919682,54.57594817919684,56.59504817919682,58.729348179196826,60.976948179196825,63.33534817919683,65.81674817919682,68.43514817919683,71.19094817919681,74.08534817919683,77.12134817919683,80.30824817919681,83.65454817919681,87.16374817919682,90.84124817919681,94.69504817919682,98.72534817919683,102.92474817919684,107.29274817919682,111.83054817919681,116.54194817919682
,AFG,ABS,unconditional,best,KYOTOGHG,IPCM0EL,MtCO2eq,AR4,12.8281,13.0307,12.0476,12.1969,12.24,12.8216,13.9125,14.8752,15.6795,16.5714,14.8423,13.286,15.9498,16.7076,16.3504,17.1656,17.567,18.3722,21.7611,24.884,28.6984,32.6811,31.2559,30.5344,32.0983,31.6482,33.5513,34.0195,35.42761394824692,36.83572789649384,38.24384184474076,39.565511164476476,40.8871804842122,42.20884980394793,43.53051912368365,44.85218844341937,46.416380390574865,47.98057233773035,49.544764284885844,51.10895623204133,52.67314817919682,54.57594817919684,56.59504817919682,58.729348179196826,60.976948179196825,63.33534817919683,65.81674817919682,68.43514817919683,71.19094817919681,74.08534817919683,77.12134817919683,80.30824817919681,83.65454817919681,87.16374817919682,90.84124817919681,94.69504817919682,98.72534817919683,102.92474817919684,107.29274817919682,111.83054817919681,116.54194817919682
"The target value from 'conditional_best' was used for 'conditional_worst' in 2025, 2030.
",AFG,ABU,conditional,worst,KYOTOGHG,IPCM0EL,MtCO2eq,AR4,12.8281,13.0307,12.0476,12.1969,12.24,12.8216,13.9125,14.8752,15.6795,16.5714,14.8423,13.286,15.9498,16.7076,16.3504,17.1656,17.567,18.3722,21.7611,24.884,28.6984,32.6811,31.2559,30.5344,32.0983,31.6482,33.5513,34.0195,35.42761394824692,36.83572789649384,38.24384184474076,39.30480742954402,40.34835561632261,41.37448640507652,42.38319979580576,43.37449578851031,44.00942936113847,44.58520579979107,45.10182510446812,45.5592872751696,45.95759231189554,47.61779508454115,49.37947020449526,51.24165791610841,53.20270045962231,55.26041657219713,57.42545081649121,59.71001826440756,62.11446791800053,64.63984678343327,67.28877237611356,70.0693589938055,72.98902293016451,76.05081795316637,79.25945559054506,82.62191588338803,86.13837333272247,89.80237140054248,93.61347383428009,97.57272764009845,101.68344833751408
,AFG,ABU,conditional,best,KYOTOGHG,IPCM0EL,MtCO2eq,AR4,12.8281,13.0307,12.0476,12.1969,12.24,12.8216,13.9125,14.8752,15.6795,16.5714,14.8423,13.286,15.9498,16.7076,16.3504,17.1656,17.567,18.3722,21.7611,24.884,28.6984,32.6811,31.2559,30.5344,32.0983,31.6482,33.5513,34.0195,35.42761394824692,36.83572789649384,38.24384184474076,39.30480742954402,40.34835561632261,41.37448640507652,42.38319979580576,43.37449578851031,44.00942936113847,44.58520579979107,45.10182510446812,45.5592872751696,45.95759231189554,47.61779508454115,49.37947020449526,51.24165791610841,53.20270045962231,55.26041657219713,57.42545081649121,59.71001826440756,62.11446791800053,64.63984678343327,67.28877237611356,70.0693589938055,72.98902293016451,76.05081795316637,79.25945559054506,82.62191588338803,86.13837333272247,89.80237140054248,93.61347383428009,97.57272764009845,101.68344833751408
,AFG,ABU,unconditional,worst,KYOTOGHG,IPCM0EL,MtCO2eq,AR4,12.8281,13.0307,12.0476,12.1969,12.24,12.8216,13.9125,14.8752,15.6795,16.5714,14.8423,13.286,15.9498,16.7076,16.3504,17.1656,17.567,18.3722,21.7611,24.884,28.6984,32.6811,31.2559,30.5344,32.0983,31.6482,33.5513,34.0195,35.42761394824692,36.83572789649384,38.24384184474076,39.565511164476476,40.8871804842122,42.20884980394793,43.53051912368365,44.85218844341937,46.416380390574865,47.98057233773035,49.544764284885844,51.10895623204133,52.67314817919682,54.57594817919684,56.59504817919682,58.729348179196826,60.976948179196825,63.33534817919683,65.81674817919682,68.43514817919683,71.19094817919681,74.08534817919683,77.12134817919683,80.30824817919681,83.65454817919681,87.16374817919682,90.84124817919681,94.69504817919682,98.72534817919683,102.92474817919684,107.29274817919682,111.83054817919681,116.54194817919682
,AFG,ABU,unconditional,best,KYOTOGHG,IPCM0EL,MtCO2eq,AR4,12.8281,13.0307,12.0476,12.1969,12.24,12.8216,13.9125,14.8752,15.6795,16.5714,14.8423,13.286,15.9498,16.7076,16.3504,17.1656,17.567,18.3722,21.7611,24.884,28.6984,32.6811,31.2559,30.5344,32.0983,31.6482,33.5513,34.0195,35.42761394824692,36.83572789649384,38.24384184474076,39.565511164476476,40.8871804842122,42.20884980394793,43.53051912368365,44.85218844341937,46.416380390574865,47.98057233773035,49.544764284885844,51.10895623204133,52.67314817919682,54.57594817919684,56.59504817919682,58.729348179196826,60.976948179196825,63.33534817919683,65.81674817919682,68.43514817919683,71.19094817919681,74.08534817919683,77.12134817919683,80.30824817919681,83.65454817919681,87.16374817919682,90.84124817919681,94.69504817919682,98.72534817919683,102.92474817919684,107.29274817919682,111.83054817919681,116.54194817919682
"The target value from 'conditional_best' was used for 'conditional_worst' in 2025, 2030.
",AFG,RBU,conditional,worst,KYOTOGHG,IPCM0EL,MtCO2eq,AR4,12.8281,13.0307,12.0476,12.1969,12.24,12.8216,13.9125,14.8752,15.6795,16.5714,14.8423,13.286,15.9498,16.7076,16.3504,17.1656,17.567,18.3722,21.7611,24.884,28.6984,32.6811,31.2559,30.5344,32.0983,31.6482,33.5513,34.0195,35.42761394824692,36.83572789649384,38.24384184474076,39.304379401840684,40.347470964743835,41.37311653345019,42.381316107959755,43.372069688272525,43.928465269058364,44.42041609330664,44.847922161017344,45.210983472190485,45.50960002682606,47.15361922682608,48.89812162682606,50.74215682682606,52.68408322682606,54.721740826826064,56.86567042682606,59.12796802682607,61.50897922682605,64.00974082682606,66.63284482682607,69.38632642682605,72.27752962682605,75.30947842682606,78.48683842682605,81.81652162682606,85.29870082682606,88.92698242682609,92.70093442682607,96.62159362682605,100.69224322682606
,AFG,RBU,conditional,best,KYOTOGHG,IPCM0EL,MtCO2eq,AR4,12.8281,13.0307,12.0476,12.1969,12.24,12.8216,13.9125,14.8752,15.6795,16.5714,14.8423,13.286,15.9498,16.7076,16.3504,17.1656,17.567,18.3722,21.7611,24.884,28.6984,32.6811,31.2559,30.5344,32.0983,31.6482,33.5513,34.0195,35.42761394824692,36.83572789649384,38.24384184474076,39.304379401840684,40.347470964743835,41.37311653345019,42.381316107959755,43.372069688272525,43.928465269058364,44.42041609330664,44.847922161017344,45.210983472190485,45.50960002682606,47.15361922682608,48.89812162682606,50.74215682682606,52.68408322682606,54.721740826826064,56.86567042682606,59.12796802682607,61.50897922682605,64.00974082682606,66.63284482682607,69.38632642682605,72.27752962682605,75.30947842682606,78.48683842682605,81.81652162682606,85.29870082682606,88.92698242682609,92.70093442682607,96.62159362682605,100.69224322682606
,AFG,RBU,unconditional,worst,KYOTOGHG,IPCM0EL,MtCO2eq,AR4,12.8281,13.0307,12.0476,12.1969,12.24,12.8216,13.9125,14.8752,15.6795,16.5714,14.8423,13.286,15.9498,16.7076,16.3504,17.1656,17.567,18.3722,21.7611,24.884,28.6984,32.6811,31.2559,30.5344,32.0983,31.6482,33.5513,34.0195,35.42761394824692,36.83572789649384,38.24384184474076,39.565511164476476,40.8871804842122,42.20884980394793,43.53051912368365,44.85218844341937,46.416380390574865,47.98057233773035,49.544764284885844,51.10895623204133,52.67314817919682,54.57594817919684,56.59504817919682,58.729348179196826,60.976948179196825,63.33534817919683,65.81674817919682,68.43514817919683,71.19094817919681,74.08534817919683,77.12134817919683,80.30824817919681,83.65454817919681,87.16374817919682,90.84124817919681,94.69504817919682,98.72534817919683,102.92474817919684,107.29274817919682,111.83054817919681,116.54194817919682
,AFG,RBU,unconditional,best,KYOTOGHG,IPCM0EL,MtCO2eq,AR4,12.8281,13.0307,12.0476,12.1969,12.24,12.8216,13.9125,14.8752,15.6795,16.5714,14.8423,13.286,15.9498,16.7076,16.3504,17.1656,17.567,18.3722,21.7611,24.884,28.6984,32.6811,31.2559,30.5344,32.0983,31.6482,33.5513,34.0195,35.42761394824692,36.83572789649384,38.24384184474076,39.565511164476476,40.8871804842122,42.20884980394793,43.53051912368365,44.85218844341937,46.416380390574865,47.98057233773035,49.544764284885844,51.10895623204133,52.67314817919682,54.57594817919684,56.59504817919682,58.729348179196826,60.976948179196825,63.33534817919683,65.81674817919682,68.43514817919683,71.19094817919681,74.08534817919683,77.12134817919683,80.30824817919681,83.65454817919681,87.16374817919682,90.84124817919681,94.69504817919682,98.72534817919683,102.92474817919684,107.29274817919682,111.83054817919681,116.54194817919682
"No targets calculated, so the baseline emissions are put in as target pathways for all un/conditional best/worst pathways.
",AFG,baseline_emissions,conditional,worst,KYOTOGHG,IPCM0EL,MtCO2eq,AR4,12.8281,13.0307,12.0476,12.1969,12.24,12.8216,13.9125,14.8752,15.6795,16.5714,14.8423,13.286,15.9498,16.7076,16.3504,17.1656,17.567,18.3722,21.7611,24.884,28.6984,32.6811,31.2559,30.5344,32.0983,31.6482,33.5513,34.0195,35.42761394824692,36.83572789649384,38.24384184474076,39.565511164476476,40.8871804842122,42.20884980394793,43.53051912368365,44.85218844341937,46.416380390574865,47.98057233773035,49.544764284885844,51.10895623204133,52.67314817919682,54.57594817919684,56.59504817919682,58.729348179196826,60.976948179196825,63.33534817919683,65.81674817919682,68.43514817919683,71.19094817919681,74.08534817919683,77.12134817919683,80.30824817919681,83.65454817919681,87.16374817919682,90.84124817919681,94.69504817919682,98.72534817919683,102.92474817919684,107.29274817919682,111.83054817919681,116.54194817919682
"No targets calculated, so the baseline emissions are put in as target pathways for all un/conditional best/worst pathways.
",AFG,baseline_emissions,conditional,best,KYOTOGHG,IPCM0EL,MtCO2eq,AR4,12.8281,13.0307,12.0476,12.1969,12.24,12.8216,13.9125,14.8752,15.6795,16.5714,14.8423,13.286,15.9498,16.7076,16.3504,17.1656,17.567,18.3722,21.7611,24.884,28.6984,32.6811,31.2559,30.5344,32.0983,31.6482,33.5513,34.0195,35.42761394824692,36.83572789649384,38.24384184474076,39.565511164476476,40.8871804842122,42.20884980394793,43.53051912368365,44.85218844341937,46.416380390574865,47.98057233773035,49.544764284885844,51.10895623204133,52.67314817919682,54.57594817919684,56.59504817919682,58.729348179196826,60.976948179196825,63.33534817919683,65.81674817919682,68.43514817919683,71.19094817919681,74.08534817919683,77.12134817919683,80.30824817919681,83.65454817919681,87.16374817919682,90.84124817919681,94.69504817919682,98.72534817919683,102.92474817919684,107.29274817919682,111.83054817919681,116.54194817919682
"No targets calculated, so the baseline emissions are put in as target pathways for all un/conditional best/worst pathways.
",AFG,baseline_emissions,unconditional,worst,KYOTOGHG,IPCM0EL,MtCO2eq,AR4,12.8281,13.0307,12.0476,12.1969,12.24,12.8216,13.9125,14.8752,15.6795,16.5714,14.8423,13.286,15.9498,16.7076,16.3504,17.1656,17.567,18.3722,21.7611,24.884,28.6984,32.6811,31.2559,30.5344,32.0983,31.6482,33.5513,34.0195,35.42761394824692,36.83572789649384,38.24384184474076,39.565511164476476,40.8871804842122,42.20884980394793,43.53051912368365,44.85218844341937,46.416380390574865,47.98057233773035,49.544764284885844,51.10895623204133,52.67314817919682,54.57594817919684,56.59504817919682,58.729348179196826,60.976948179196825,63.33534817919683,65.81674817919682,68.43514817919683,71.19094817919681,74.08534817919683,77.12134817919683,80.30824817919681,83.65454817919681,87.16374817919682,90.84124817919681,94.69504817919682,98.72534817919683,102.92474817919684,107.29274817919682,111.83054817919681,116.54194817919682
"No targets calculated, so the baseline emissions are put in as target pathways for all un/conditional best/worst pathways.
",AFG,baseline_emissions,unconditional,best,KYOTOGHG,IPCM0EL,MtCO2eq,AR4,12.8281,13.0307,12.0476,12.1969,12.24,12.8216,13.9125,14.8752,15.6795,16.5714,14.8423,13.286,15.9498,16.7076,16.3504,17.1656,17.567,18.3722,21.7611,24.884,28.6984,32.6811,31.2559,30.5344,32.0983,31.6482,33.5513,34.0195,35.42761394824692,36.83572789649384,38.24384184474076,39.565511164476476,40.8871804842122,42.20884980394793,43.53051912368365,44.85218844341937,46.416380390574865,47.98057233773035,49.544764284885844,51.10895623204133,52.67314817919682,54.57594817919684,56.59504817919682,58.729348179196826,60.976948179196825,63.33534817919683,65.81674817919682,68.43514817919683,71.19094817919681,74.08534817919683,77.12134817919683,80.30824817919681,83.65454817919681,87.16374817919682,90.84124817919681,94.69504817919682,98.72534817919683,102.92474817919684,107.29274817919682,111.83054817919681,116.54194817919682
,AFG,,emi_bau,emi_bau,KYOTOGHG,IPCM0EL,MtCO2eq,AR4,12.8281,13.0307,12.0476,12.1969,12.24,12.8216,13.9125,14.8752,15.6795,16.5714,14.8423,13.286,15.9498,16.7076,16.3504,17.1656,17.567,18.3722,21.7611,24.884,28.6984,32.6811,31.2559,30.5344,32.0983,31.6482,33.5513,34.0195,35.42761394824692,36.83572789649384,38.24384184474076,39.565511164476476,40.8871804842122,42.20884980394793,43.53051912368365,44.85218844341937,46.416380390574865,47.98057233773035,49.544764284885844,51.10895623204133,52.67314817919682,54.57594817919684,56.59504817919682,58.729348179196826,60.976948179196825,63.33534817919683,65.81674817919682,68.43514817919683,71.19094817919681,74.08534817919683,77.12134817919683,80.30824817919681,83.65454817919681,87.16374817919682,90.84124817919681,94.69504817919682,98.72534817919683,102.92474817919684,107.29274817919682,111.83054817919681,116.54194817919682
,AFG,,emi_cov,emi_cov,KYOTOGHG,IPCM0EL,MtCO2eq,AR4,12.8281,13.0307,12.0476,12.1969,12.24,12.8216,13.9125,14.8752,15.6795,16.5714,14.8423,13.286,15.9498,16.7076,16.3504,17.1656,17.567,18.3722,21.7611,24.884,28.6984,32.6811,31.2559,30.5344,32.0983,31.6482,33.5513,34.0195,35.42751953365575,36.83572789649384,38.243741645875126,39.565511164476476,40.8871804842122,42.20884980394793,43.530414302193606,44.852083489298415,46.416380390574865,47.98057233773035,49.544764284885844,51.10895623204133,52.67314817919682,54.57594817919684,56.59504817919682,58.72924434570925,60.976948179196825,63.33534817919683,65.81674817919682,68.43514817919683,71.19084502351289,74.08534817919683,77.12134817919683,80.30824817919681,83.65454817919681,87.16374817919682,90.84124817919681,94.69494581384974,98.72534817919683,102.9246459749219,107.29274817919682,111.83054817919681,116.54194817919682
,AFG,,emi_ncov,emi_ncov,KYOTOGHG,IPCM0EL,MtCO2eq,AR4,0.0,0.0,0.0,0.0,0.0,0.0,0.0,0.0,0.0,0.0,0.0,0.0,0.0,0.0,0.0,0.0,0.0,0.0,0.0,0.0,0.0,0.0,0.0,0.0,0.0,0.0,0.0,0.0,9.441459117253137e-05,0.0,0.00010019886563143156,0.0,0.0,0.0,0.00010482149004781827,0.00010495412095713364,0.0,0.0,0.0,0.0,0.0,0.0,0.0,0.00010383348757832877,0.0,0.0,0.0,0.0,0.00010315568391861389,0.0,0.0,0.0,0.0,0.0,0.0,0.00010236534707776915,0.0,0.00010220427494242462,0.0,0.0,0.0
,AFG,,pc_cov,pc_cov,KYOTOGHG,IPCM0EL,MtCO2eq/MtCO2eq,AR4,1.0,1.0,1.0,1.0,1.0,1.0,1.0,1.0,1.0,1.0,1.0,1.0,1.0,1.0,1.0,1.0,1.0,1.0,1.0,1.0,1.0,1.0,1.0,1.0,1.0,1.0,1.0,1.0,0.999997335,1.0,0.99999738,1.0,1.0,1.0,0.999997592,0.99999766,1.0,1.0,1.0,1.0,1.0,1.0,1.0,0.999998232,1.0,1.0,1.0,1.0,0.9999985509999999,1.0,1.0,1.0,1.0,1.0,1.0,0.999998919,1.0,0.999999007,1.0,1.0,1.0
,AGO,,pop,pop,POP,DEMOGR,Pers,,11848386.0,12248901.0,12657366.0,13075049.0,13503747.0,13945206.0,14400719.0,14871570.0,15359601.0,15866869.0,16395473.0,16945753.0,17519417.0,18121479.0,18758145.0,19433602.0,20149901.0,20905363.0,21695634.0,22514281.0,23356246.0,24220661.0,25107931.0,26015781.0,26941779.0,27884381.0,28842489.0,29816766.0,30547829.8172,31440996.5107,32350623.2178,33285246.8429,34249882.4685,35236597.2018,36237428.2647,37244379.644,38256384.894,39274971.4162,40296059.5673,41315632.9823,42329731.4406,43340212.0467,44351602.6611,45363973.5209,46377380.5788,47391868.0223,48404383.2471,49413747.4113,50422809.2767,51434418.8947,52451426.8616,53477769.8952,54513648.124,55556300.8215,56602959.0765,57650846.4754,58698012.7672,59742517.9214,60781607.7893,61812542.9542,62832596.7577
,AGO,,gdp,gdp,GDPPPP,ECO,2011GKD,,33830601562.5,31355707031.25,36164011718.75,31365695312.5,33521875000.0,33295988281.25,43772457031.25,40734230468.75,42079972656.25,44278480468.75,36798773437.5,37047273437.5,42365441406.25,44380367187.5,52764265625.0,66810617187.5,84281656250.0,92073625000.0,110301296875.0,89814960937.5,126388789062.5,165386625000.0,173114968750.0,175260953125.0,171307718750.0,145570390625.0,144175015625.0,146037390625.0,180255628738.9896,189400282248.7564,197347838026.2394,204303872379.6287,210868745329.4666,217042573922.3084,222824140899.7859,228212175102.8201,233383038187.5201,238312240708.1592,242695665321.3431,246226972949.6667,248597497801.9677,250142111643.3054,251424016265.553,252473789863.0589,253320726597.7603,253992965391.4738,254431414951.1597,254662582288.6935,254838164185.5737,255104742253.1053,255604481520.6177,256414550190.6025,257525802119.1137,258944300423.2216,260671849894.3371,262706995096.4391,265292894065.1368,268585728733.7269,272451529457.4862,276756112681.3745,281364919132.4943
"The target value from 'conditional_best' was used for 'conditional_worst' in 2025, 2030.
",AGO,ABS,conditional,worst,KYOTOGHG,IPCM0EL,MtCO2eq,AR4,72.2615,74.4525,76.7984,76.156,69.8744,81.2641,82.0381,77.2704,79.961,75.8694,70.5544,71.7326,76.1997,76.6953,86.2492,87.1718,84.6794,90.1656,89.1923,91.0484,97.0942,99.5551,100.8591,97.0342,97.0693,100.353,100.8752,100.5013,108.57473333333333,116.64816666666668,124.7216,117.49587904659926,110.14752856989887,102.67654856989891,95.08293904659928,87.36670000000002,76.17455242931749,65.01825864397621,53.897818643976215,42.81323242931746,31.764499999999998,31.431440287951897,31.078340584315697,30.70918414667866,30.327904751167345,29.93823824806546,29.535261232032212,29.12399607132982,28.721513869903692,28.343500250799327,28.004181133971237,27.71300747841529,27.46797528497268,27.26527448116863,27.101070253798014,26.971478308194982,26.897602487352938,26.89116989746046,26.935134175302498,27.013116957383584,27.109506842849296
,AGO,ABS,conditional,best,KYOTOGHG,IPCM0EL,MtCO2eq,AR4,72.2615,74.4525,76.7984,76.156,69.8744,81.2641,82.0381,77.2704,79.961,75.8694,70.5544,71.7326,76.1997,76.6953,86.2492,87.1718,84.6794,90.1656,89.1923,91.0484,97.0942,99.5551,100.8591,97.0342,97.0693,100.353,100.8752,100.5013,108.57473333333333,116.64816666666668,124.7216,117.49587904659926,110.14752856989887,102.67654856989891,95.08293904659928,87.36670000000002,76.17455242931749,65.01825864397621,53.897818643976215,42.81323242931746,31.764499999999998,31.431440287951897,31.078340584315697,30.70918414667866,30.327904751167345,29.93823824806546,29.535261232032212,29.12399607132982,28.721513869903692,28.343500250799327,28.004181133971237,27.71300747841529,27.46797528497268,27.26527448116863,27.101070253798014,26.971478308194982,26.897602487352938,26.89116989746046,26.935134175302498,27.013116957383584,27.109506842849296
"The target value from 'unconditional_best' was used for 'unconditional_worst' in 2025, 2030.
",AGO,ABS,unconditional,worst,KYOTOGHG,IPCM0EL,MtCO2eq,AR4,72.2615,74.4525,76.7984,76.156,69.8744,81.2641,82.0381,77.2704,79.961,75.8694,70.5544,71.7326,76.1997,76.6953,86.2492,87.1718,84.6794,90.1656,89.1923,91.0484,97.0942,99.5551,100.8591,97.0342,97.0693,100.353,100.8752,100.5013,108.57473333333333,116.64816666666668,124.7216,119.61388926550765,114.41534389826148,109.1259638982615,103.74574926550768,98.27470000000002,90.72208396453097,83.19345594679643,75.68881594679644,68.20816396453094,60.75149999999999,60.11450344420688,59.43917920974846,58.73314551423597,58.00392593903707,57.2586655205449,56.48794795251948,55.70137881368804,54.931607608098794,54.20863402497868,53.55966598436788,53.00277900879745,52.53414033040085,52.14646295841949,51.83241258397299,51.584560261937305,51.443268350215554,51.43096563854521,51.515049940999845,51.6641966609419,51.84854806350986
,AGO,ABS,unconditional,best,KYOTOGHG,IPCM0EL,MtCO2eq,AR4,72.2615,74.4525,76.7984,76.156,69.8744,81.2641,82.0381,77.2704,79.961,75.8694,70.5544,71.7326,76.1997,76.6953,86.2492,87.1718,84.6794,90.1656,89.1923,91.0484,97.0942,99.5551,100.8591,97.0342,97.0693,100.353,100.8752,100.5013,108.57473333333333,116.64816666666668,124.7216,119.61388926550765,114.41534389826148,109.1259638982615,103.74574926550768,98.27470000000002,90.72208396453097,83.19345594679643,75.68881594679644,68.20816396453094,60.75149999999999,60.11450344420688,59.43917920974846,58.73314551423597,58.00392593903707,57.2586655205449,56.48794795251948,55.70137881368804,54.931607608098794,54.20863402497868,53.55966598436788,53.00277900879745,52.53414033040085,52.14646295841949,51.83241258397299,51.584560261937305,51.443268350215554,51.43096563854521,51.515049940999845,51.6641966609419,51.84854806350986
"The target value from 'conditional_best' was used for 'conditional_worst' in 2025, 2030.
",AGO,ABU,conditional,worst,KYOTOGHG,IPCM0EL,MtCO2eq,AR4,72.2615,74.4525,76.7984,76.156,69.8744,81.2641,82.0381,77.2704,79.961,75.8694,70.5544,71.7326,76.1997,76.6953,86.2492,87.1718,84.6794,90.1656,89.1923,91.0484,97.0942,99.5551,100.8591,97.0342,97.0693,100.353,100.8752,100.5013,108.57473333333333,116.64816666666668,124.7216,117.49587904659926,110.14752856989887,102.6765485698989,95.08293904659926,87.36670000000001,76.17455242931747,65.01825864397621,53.897818643976215,42.81323242931746,31.764499999999998,31.431440287951897,31.078340584315697,30.70918414667866,30.327904751167345,29.93823824806546,29.535261232032212,29.12399607132982,28.721513869903692,28.343500250799327,28.004181133971237,27.71300747841529,27.46797528497268,27.26527448116863,27.101070253798014,26.971478308194982,26.897602487352938,26.89116989746046,26.935134175302498,27.013116957383584,27.109506842849296
,AGO,ABU,conditional,best,KYOTOGHG,IPCM0EL,MtCO2eq,AR4,72.2615,74.4525,76.7984,76.156,69.8744,81.2641,82.0381,77.2704,79.961,75.8694,70.5544,71.7326,76.1997,76.6953,86.2492,87.1718,84.6794,90.1656,89.1923,91.0484,97.0942,99.5551,100.8591,97.0342,97.0693,100.353,100.8752,100.5013,108.57473333333333,116.64816666666668,124.7216,117.49587904659926,110.14752856989887,102.6765485698989,95.08293904659926,87.36670000000001,76.17455242931747,65.01825864397621,53.897818643976215,42.81323242931746,31.764499999999998,31.431440287951897,31.078340584315697,30.70918414667866,30.327904751167345,29.93823824806546,29.535261232032212,29.12399607132982,28.721513869903692,28.343500250799327,28.004181133971237,27.71300747841529,27.46797528497268,27.26527448116863,27.101070253798014,26.971478308194982,26.897602487352938,26.89116989746046,26.935134175302498,27.013116957383584,27.109506842849296
"The target value from 'unconditional_best' was used for 'unconditional_worst' in 2025, 2030.
",AGO,ABU,unconditional,worst,KYOTOGHG,IPCM0EL,MtCO2eq,AR4,72.2615,74.4525,76.7984,76.156,69.8744,81.2641,82.0381,77.2704,79.961,75.8694,70.5544,71.7326,76.1997,76.6953,86.2492,87.1718,84.6794,90.1656,89.1923,91.0484,97.0942,99.5551,100.8591,97.0342,97.0693,100.353,100.8752,100.5013,108.57473333333333,116.64816666666668,124.7216,119.61388926550765,114.41534389826147,109.12596389826149,103.74574926550767,98.27470000000001,90.72208396453095,83.19345594679642,75.68881594679644,68.20816396453094,60.75149999999999,60.11450344420688,59.43917920974846,58.73314551423597,58.00392593903707,57.2586655205449,56.48794795251948,55.70137881368804,54.931607608098794,54.20863402497868,53.55966598436788,53.00277900879745,52.53414033040085,52.14646295841949,51.83241258397299,51.584560261937305,51.443268350215554,51.43096563854521,51.515049940999845,51.6641966609419,51.84854806350986
,AGO,ABU,unconditional,best,KYOTOGHG,IPCM0EL,MtCO2eq,AR4,72.2615,74.4525,76.7984,76.156,69.8744,81.2641,82.0381,77.2704,79.961,75.8694,70.5544,71.7326,76.1997,76.6953,86.2492,87.1718,84.6794,90.1656,89.1923,91.0484,97.0942,99.5551,100.8591,97.0342,97.0693,100.353,100.8752,100.5013,108.57473333333333,116.64816666666668,124.7216,119.61388926550765,114.41534389826147,109.12596389826149,103.74574926550767,98.27470000000001,90.72208396453095,83.19345594679642,75.68881594679644,68.20816396453094,60.75149999999999,60.11450344420688,59.43917920974846,58.73314551423597,58.00392593903707,57.2586655205449,56.48794795251948,55.70137881368804,54.931607608098794,54.20863402497868,53.55966598436788,53.00277900879745,52.53414033040085,52.14646295841949,51.83241258397299,51.584560261937305,51.443268350215554,51.43096563854521,51.515049940999845,51.6641966609419,51.84854806350986
"The target value from 'conditional_best' was used for 'conditional_worst' in 2025, 2030.
",AGO,RBU,conditional,worst,KYOTOGHG,IPCM0EL,MtCO2eq,AR4,72.2615,74.4525,76.7984,76.156,69.8744,81.2641,82.0381,77.2704,79.961,75.8694,70.5544,71.7326,76.1997,76.6953,86.2492,87.1718,84.6794,90.1656,89.1923,91.0484,97.0942,99.5551,100.8591,97.0342,97.0693,100.353,100.8752,100.5013,108.57473333333333,116.64816666666668,124.7216,117.50487631710786,110.16565817505715,102.70394557384795,95.11973851348017,87.41303699395387,76.23842630258765,65.0996122547234,53.99659485036114,42.929374089500826,31.8979499721425,31.563490999621393,31.208907842897194,30.838200494138658,30.455319256170842,30.064015674443958,29.65934565925871,29.24635267900182,28.84217955725369,28.462577815970825,28.121833141470233,27.82943619840079,27.58337456834218,27.37982217182863,27.214928084722512,27.08479169354248,27.010605503381434,27.00414588869896,27.048294870586496,27.126605276275583,27.223400117825296
,AGO,RBU,conditional,best,KYOTOGHG,IPCM0EL,MtCO2eq,AR4,72.2615,74.4525,76.7984,76.156,69.8744,81.2641,82.0381,77.2704,79.961,75.8694,70.5544,71.7326,76.1997,76.6953,86.2492,87.1718,84.6794,90.1656,89.1923,91.0484,97.0942,99.5551,100.8591,97.0342,97.0693,100.353,100.8752,100.5013,108.57473333333333,116.64816666666668,124.7216,117.50487631710786,110.16565817505715,102.70394557384795,95.11973851348017,87.41303699395387,76.23842630258765,65.0996122547234,53.99659485036114,42.929374089500826,31.8979499721425,31.563490999621393,31.208907842897194,30.838200494138658,30.455319256170842,30.064015674443958,29.65934565925871,29.24635267900182,28.84217955725369,28.462577815970825,28.121833141470233,27.82943619840079,27.58337456834218,27.37982217182863,27.214928084722512,27.08479169354248,27.010605503381434,27.00414588869896,27.048294870586496,27.126605276275583,27.223400117825296
"The target value from 'unconditional_best' was used for 'unconditional_worst' in 2025, 2030.
",AGO,RBU,unconditional,worst,KYOTOGHG,IPCM0EL,MtCO2eq,AR4,72.2615,74.4525,76.7984,76.156,69.8744,81.2641,82.0381,77.2704,79.961,75.8694,70.5544,71.7326,76.1997,76.6953,86.2492,87.1718,84.6794,90.1656,89.1923,91.0484,97.0942,99.5551,100.8591,97.0342,97.0693,100.353,100.8752,100.5013,108.57473333333333,116.64816666666668,124.7216,119.62041727193176,114.42849790744975,109.14584190655405,103.77244926924459,98.3083199955214,90.76784207452641,83.25131261252675,75.75873160952244,68.29009906551342,60.845414980499754,60.20743369973498,59.53106549002804,58.823940345897064,58.093593479319594,57.34718097211078,56.5752719614811,55.787486875301276,55.016525690077586,54.29243447117958,53.642463199029166,53.08471533888056,52.615352197839535,52.22707552028004,51.912539659305764,51.664304185479736,51.52279385236701,51.510472122089276,51.594686409410556,51.74406369339291,51.92870008247771
,AGO,RBU,unconditional,best,KYOTOGHG,IPCM0EL,MtCO2eq,AR4,72.2615,74.4525,76.7984,76.156,69.8744,81.2641,82.0381,77.2704,79.961,75.8694,70.5544,71.7326,76.1997,76.6953,86.2492,87.1718,84.6794,90.1656,89.1923,91.0484,97.0942,99.5551,100.8591,97.0342,97.0693,100.353,100.8752,100.5013,108.57473333333333,116.64816666666668,124.7216,119.62041727193176,114.42849790744975,109.14584190655405,103.77244926924459,98.3083199955214,90.76784207452641,83.25131261252675,75.75873160952244,68.29009906551342,60.845414980499754,60.20743369973498,59.53106549002804,58.823940345897064,58.093593479319594,57.34718097211078,56.5752719614811,55.787486875301276,55.016525690077586,54.29243447117958,53.642463199029166,53.08471533888056,52.615352197839535,52.22707552028004,51.912539659305764,51.664304185479736,51.52279385236701,51.510472122089276,51.594686409410556,51.74406369339291,51.92870008247771
"No targets calculated, so the baseline emissions are put in as target pathways for all un/conditional best/worst pathways.
",AGO,baseline_emissions,conditional,worst,KYOTOGHG,IPCM0EL,MtCO2eq,AR4,72.2615,74.4525,76.7984,76.156,69.8744,81.2641,82.0381,77.2704,79.961,75.8694,70.5544,71.7326,76.1997,76.6953,86.2492,87.1718,84.6794,90.1656,89.1923,91.0484,97.0942,99.5551,100.8591,97.0342,97.0693,100.353,100.8752,100.5013,108.57473333333333,116.64816666666668,124.7216,125.66482,126.60803999999999,127.55126000000001,128.49448,129.4377,129.22806,129.01842,128.80878,128.59913999999998,128.3895,127.0433,125.6161,124.124,122.5829,121.0079,119.3791,117.7168,116.09,114.5621,113.1906,112.0137,111.0233,110.204,109.5403,109.0165,108.7179,108.6919,108.8696,109.1848,109.5744
"No targets calculated, so the baseline emissions are put in as target pathways for all un/conditional best/worst pathways.
",AGO,baseline_emissions,conditional,best,KYOTOGHG,IPCM0EL,MtCO2eq,AR4,72.2615,74.4525,76.7984,76.156,69.8744,81.2641,82.0381,77.2704,79.961,75.8694,70.5544,71.7326,76.1997,76.6953,86.2492,87.1718,84.6794,90.1656,89.1923,91.0484,97.0942,99.5551,100.8591,97.0342,97.0693,100.353,100.8752,100.5013,108.57473333333333,116.64816666666668,124.7216,125.66482,126.60803999999999,127.55126000000001,128.49448,129.4377,129.22806,129.01842,128.80878,128.59913999999998,128.3895,127.0433,125.6161,124.124,122.5829,121.0079,119.3791,117.7168,116.09,114.5621,113.1906,112.0137,111.0233,110.204,109.5403,109.0165,108.7179,108.6919,108.8696,109.1848,109.5744
"No targets calculated, so the baseline emissions are put in as target pathways for all un/conditional best/worst pathways.
",AGO,baseline_emissions,unconditional,worst,KYOTOGHG,IPCM0EL,MtCO2eq,AR4,72.2615,74.4525,76.7984,76.156,69.8744,81.2641,82.0381,77.2704,79.961,75.8694,70.5544,71.7326,76.1997,76.6953,86.2492,87.1718,84.6794,90.1656,89.1923,91.0484,97.0942,99.5551,100.8591,97.0342,97.0693,100.353,100.8752,100.5013,108.57473333333333,116.64816666666668,124.7216,125.66482,126.60803999999999,127.55126000000001,128.49448,129.4377,129.22806,129.01842,128.80878,128.59913999999998,128.3895,127.0433,125.6161,124.124,122.5829,121.0079,119.3791,117.7168,116.09,114.5621,113.1906,112.0137,111.0233,110.204,109.5403,109.0165,108.7179,108.6919,108.8696,109.1848,109.5744
"No targets calculated, so the baseline emissions are put in as target pathways for all un/conditional best/worst pathways.
",AGO,baseline_emissions,unconditional,best,KYOTOGHG,IPCM0EL,MtCO2eq,AR4,72.2615,74.4525,76.7984,76.156,69.8744,81.2641,82.0381,77.2704,79.961,75.8694,70.5544,71.7326,76.1997,76.6953,86.2492,87.1718,84.6794,90.1656,89.1923,91.0484,97.0942,99.5551,100.8591,97.0342,97.0693,100.353,100.8752,100.5013,108.57473333333333,116.64816666666668,124.7216,125.66482,126.60803999999999,127.55126000000001,128.49448,129.4377,129.22806,129.01842,128.80878,128.59913999999998,128.3895,127.0433,125.6161,124.124,122.5829,121.0079,119.3791,117.7168,116.09,114.5621,113.1906,112.0137,111.0233,110.204,109.5403,109.0165,108.7179,108.6919,108.8696,109.1848,109.5744
,AGO,,emi_bau,emi_bau,KYOTOGHG,IPCM0EL,MtCO2eq,AR4,72.2615,74.4525,76.7984,76.156,69.8744,81.2641,82.0381,77.2704,79.961,75.8694,70.5544,71.7326,76.1997,76.6953,86.2492,87.1718,84.6794,90.1656,89.1923,91.0484,97.0942,99.5551,100.8591,97.0342,97.0693,100.353,100.8752,100.5013,108.57473333333333,116.64816666666668,124.7216,125.66482,126.60803999999999,127.55126000000001,128.49448,129.4377,129.22806,129.01842,128.80878,128.59913999999998,128.3895,127.0433,125.6161,124.124,122.5829,121.0079,119.3791,117.7168,116.09,114.5621,113.1906,112.0137,111.0233,110.204,109.5403,109.0165,108.7179,108.6919,108.8696,109.1848,109.5744
,AGO,,emi_cov,emi_cov,KYOTOGHG,IPCM0EL,MtCO2eq,AR4,72.261499855477,74.45249955328501,76.798398848024,76.155997563008,69.87439427029919,81.26408626636709,82.03803642047251,77.27026485407039,79.96075372012,75.86901807344039,70.5536551571992,71.7305892634894,76.1951726710242,76.6882266225669,86.23729700665561,87.14958200030321,84.657017964389,90.139172011812,89.16182602362821,91.01517407158161,97.0582220354726,99.5185429690596,100.81962203365529,96.9918010033442,97.0239799940081,100.304758004781,100.82403700643681,100.4472160294154,108.5094639581142,116.56822067916002,124.6247999493136,125.55498178442527,126.48423202341262,127.41240119324976,128.33953968558777,129.2656000223931,129.03909226319516,128.81155612297985,128.58309593988494,128.35343539673661,128.122600055715,126.75669997049079,125.30890004910941,123.795699963936,122.2328999555081,120.6355999553939,118.98429994584079,117.29889994502722,115.64890002458002,114.0969999844853,112.70060004322141,111.4976000136336,110.47939996195241,109.63080001234799,108.93630004373439,108.3803999511995,108.0473999640498,107.9845999603185,108.123299980696,108.39749996160721,108.7447000134144
,AGO,,emi_ncov,emi_ncov,KYOTOGHG,IPCM0EL,MtCO2eq,AR4,1.4452300393524853e-07,4.46714995631925e-07,1.1519760015252346e-06,2.4369919987172752e-06,5.729700800862946e-06,1.3733632908559944e-05,6.357952749613573e-05,0.0001351459296039291,0.00024627988000353095,0.000381926559605339,0.000744842800805478,0.0020107365105948654,0.004527328975806926,0.007073377433100022,0.011902993344399617,0.022217999696796466,0.022382035611001265,0.026427988188001416,0.030473976371796677,0.03322592841839382,0.03597796452740528,0.03655703094040098,0.03947796634470051,0.04239899665580192,0.04532000599189743,0.048241995219001625,0.051162993563196216,0.05408397058460193,0.06526937521913595,0.07994598750666297,0.09680005068640178,0.10983821557473795,0.12380797658737207,0.13885880675024534,0.15494031441224002,0.17209997760690204,0.1889677368048469,0.20686387702015002,0.22568406011507822,0.24570460326337062,0.2668999442849969,0.28660002950920965,0.30719995089058866,0.32830003606399144,0.35000004449189615,0.3723000446061112,0.3948000541592001,0.41790005497279686,0.4410999754199929,0.46510001551470936,0.48999995677858854,0.5160999863664002,0.5439000380476002,0.5731999876520012,0.6039999562656049,0.6361000488005066,0.6705000359502025,0.7073000396815036,0.7463000193040006,0.7873000383927918,0.8296999865856012
,AGO,,pc_cov,pc_cov,KYOTOGHG,IPCM0EL,MtCO2eq/MtCO2eq,AR4,0.999999998,0.9999999940000001,0.999999985,0.999999968,0.999999918,0.9999998309999999,0.999999225,0.999998251,0.99999692,0.9999949659999999,0.9999894429999999,0.9999719690000001,0.9999405859999999,0.999907773,0.999861993,0.999745124,0.999735685,0.999706895,0.999658334,0.9996350740000001,0.999629453,0.999632796,0.999608583,0.999563051,0.999533117,0.999519277,0.999492809,0.999461858,0.999398853,0.99931464,0.999223871,0.999125943,0.9990221159999999,0.9989113490000001,0.998794187,0.998670403,0.9985377190000001,0.9983966329999999,0.998247914,0.9980893759999999,0.99792117,0.9977440759999999,0.9975544540000001,0.9973550640000001,0.997144789,0.9969233409999999,0.996692888,0.996449954,0.9962003620000001,0.9959401929999999,0.9956710190000001,0.995392528,0.995101028,0.994798737,0.994486048,0.9941651029999999,0.993832662,0.993492615,0.99314501,0.9927892890000001,0.992427976
,AIA,,pop,pop,POP,DEMOGR,Pers,,8899.0,9135.0,9332.0,9493.0,9664.0,9866.0,10117.0,10388.0,10684.0,10971.0,11252.0,11515.0,11761.0,12001.0,12233.0,12453.0,12661.0,12868.0,13063.0,13258.0,13438.0,13620.0,13795.0,13954.0,14112.0,14279.0,14429.0,14584.0,14192.166666666664,14192.166666666664,14192.166666666664,14192.166666666664,14192.166666666664,14192.166666666664,14192.166666666664,14192.166666666664,14192.166666666664,14192.166666666664,14192.166666666664,14192.166666666664,14192.166666666664,14192.166666666664,14192.166666666664,14192.166666666664,14192.166666666664,14192.166666666664,14192.166666666664,14192.166666666664,14192.166666666664,14192.166666666664,14192.166666666664,14192.166666666664,14192.166666666664,14192.166666666664,14192.166666666664,14192.166666666664,14192.166666666664,14192.166666666664,14192.166666666664,14192.166666666664,14192.166666666664
,AIA,,gdp,gdp,GDPPPP,ECO,2011GKD,,200675949.0967,158600738.5254,198202697.7539,204180587.7686,219198165.8936,207556823.7305,210285614.0137,228822540.2832,263272460.9375,276682312.0117,279727111.8164,280402252.1973,259309204.1016,276000091.5527,324509674.0723,376984405.5176,440832641.6016,521640991.2109,523846618.6523,392532379.1504,370585815.4297,376863983.1543,356917938.2324,352031219.4824,374633666.9922,386110260.0098,366199554.4434,336493682.8613,362064387.0035834,362064387.0035834,362064387.0035834,362064387.0035834,362064387.0035834,362064387.0035834,362064387.0035834,362064387.0035834,362064387.0035834,362064387.0035834,362064387.0035834,362064387.0035834,362064387.0035834,362064387.0035834,362064387.0035834,362064387.0035834,362064387.0035834,362064387.0035834,362064387.0035834,362064387.0035834,362064387.0035834,362064387.0035834,362064387.0035834,362064387.0035834,362064387.0035834,362064387.0035834,362064387.0035834,362064387.0035834,362064387.0035834,362064387.0035834,362064387.0035834,362064387.0035834,362064387.0035834
"No targets calculated, so the baseline emissions are put in as target pathways for all un/conditional best/worst pathways.
",AIA,baseline_emissions,conditional,worst,KYOTOGHG,IPCM0EL,MtCO2eq,AR4,0.054376999999999995,0.054476,0.058155,0.06931699999999999,0.069626,0.069793,0.073539,0.073516,0.080897,0.084593,0.092123,0.09945599999999999,0.09955399999999999,0.10699000000000004,0.12612,0.13360999999999998,0.1484,0.15575999999999998,0.15572,0.15202000000000002,0.15581,0.14856,0.1486,0.14167000000000002,0.14915,0.15231,0.15669,0.15602,0.15074,0.15074,0.15074,0.15074,0.15074,0.15074,0.15074,0.15074,0.15074,0.15074,0.15074,0.15074,0.15074,0.15074,0.15074,0.15074,0.15074,0.15074,0.15074,0.15074,0.15074,0.15074,0.15074,0.15074,0.15074,0.15074,0.15074,0.15074,0.15074,0.15074,0.15074,0.15074,0.15074
"No targets calculated, so the baseline emissions are put in as target pathways for all un/conditional best/worst pathways.
",AIA,baseline_emissions,conditional,best,KYOTOGHG,IPCM0EL,MtCO2eq,AR4,0.054376999999999995,0.054476,0.058155,0.06931699999999999,0.069626,0.069793,0.073539,0.073516,0.080897,0.084593,0.092123,0.09945599999999999,0.09955399999999999,0.10699000000000004,0.12612,0.13360999999999998,0.1484,0.15575999999999998,0.15572,0.15202000000000002,0.15581,0.14856,0.1486,0.14167000000000002,0.14915,0.15231,0.15669,0.15602,0.15074,0.15074,0.15074,0.15074,0.15074,0.15074,0.15074,0.15074,0.15074,0.15074,0.15074,0.15074,0.15074,0.15074,0.15074,0.15074,0.15074,0.15074,0.15074,0.15074,0.15074,0.15074,0.15074,0.15074,0.15074,0.15074,0.15074,0.15074,0.15074,0.15074,0.15074,0.15074,0.15074
"No targets calculated, so the baseline emissions are put in as target pathways for all un/conditional best/worst pathways.
",AIA,baseline_emissions,unconditional,worst,KYOTOGHG,IPCM0EL,MtCO2eq,AR4,0.054376999999999995,0.054476,0.058155,0.06931699999999999,0.069626,0.069793,0.073539,0.073516,0.080897,0.084593,0.092123,0.09945599999999999,0.09955399999999999,0.10699000000000004,0.12612,0.13360999999999998,0.1484,0.15575999999999998,0.15572,0.15202000000000002,0.15581,0.14856,0.1486,0.14167000000000002,0.14915,0.15231,0.15669,0.15602,0.15074,0.15074,0.15074,0.15074,0.15074,0.15074,0.15074,0.15074,0.15074,0.15074,0.15074,0.15074,0.15074,0.15074,0.15074,0.15074,0.15074,0.15074,0.15074,0.15074,0.15074,0.15074,0.15074,0.15074,0.15074,0.15074,0.15074,0.15074,0.15074,0.15074,0.15074,0.15074,0.15074
"No targets calculated, so the baseline emissions are put in as target pathways for all un/conditional best/worst pathways.
",AIA,baseline_emissions,unconditional,best,KYOTOGHG,IPCM0EL,MtCO2eq,AR4,0.054376999999999995,0.054476,0.058155,0.06931699999999999,0.069626,0.069793,0.073539,0.073516,0.080897,0.084593,0.092123,0.09945599999999999,0.09955399999999999,0.10699000000000004,0.12612,0.13360999999999998,0.1484,0.15575999999999998,0.15572,0.15202000000000002,0.15581,0.14856,0.1486,0.14167000000000002,0.14915,0.15231,0.15669,0.15602,0.15074,0.15074,0.15074,0.15074,0.15074,0.15074,0.15074,0.15074,0.15074,0.15074,0.15074,0.15074,0.15074,0.15074,0.15074,0.15074,0.15074,0.15074,0.15074,0.15074,0.15074,0.15074,0.15074,0.15074,0.15074,0.15074,0.15074,0.15074,0.15074,0.15074,0.15074,0.15074,0.15074
,AIA,,emi_bau,emi_bau,KYOTOGHG,IPCM0EL,MtCO2eq,AR4,0.054376999999999995,0.054476,0.058155,0.06931699999999999,0.069626,0.069793,0.073539,0.073516,0.080897,0.084593,0.092123,0.09945599999999999,0.09955399999999999,0.10699000000000004,0.12612,0.13360999999999998,0.1484,0.15575999999999998,0.15572,0.15202000000000002,0.15581,0.14856,0.1486,0.14167000000000002,0.14915,0.15231,0.15669,0.15602,0.15074,0.15074,0.15074,0.15074,0.15074,0.15074,0.15074,0.15074,0.15074,0.15074,0.15074,0.15074,0.15074,0.15074,0.15074,0.15074,0.15074,0.15074,0.15074,0.15074,0.15074,0.15074,0.15074,0.15074,0.15074,0.15074,0.15074,0.15074,0.15074,0.15074,0.15074,0.15074,0.15074
,AIA,,emi_cov,emi_cov,KYOTOGHG,IPCM0EL,MtCO2eq,AR4,0.0,0.0,0.0,0.0,0.0,0.0,0.0,0.0,0.0,0.0,0.0,0.0,0.0,0.0,0.0,0.0,0.0,0.0,0.0,0.0,0.0,0.0,0.0,0.0,0.0,0.0,0.0,0.0,0.0,0.0,0.0,0.0,0.0,0.0,0.0,0.0,0.0,0.0,0.0,0.0,0.0,0.0,0.0,0.0,0.0,0.0,0.0,0.0,0.0,0.0,0.0,0.0,0.0,0.0,0.0,0.0,0.0,0.0,0.0,0.0,0.0
,AIA,,emi_ncov,emi_ncov,KYOTOGHG,IPCM0EL,MtCO2eq,AR4,0.054376999999999995,0.054476,0.058155,0.06931699999999999,0.069626,0.069793,0.073539,0.073516,0.080897,0.084593,0.092123,0.09945599999999999,0.09955399999999999,0.10699000000000004,0.12612,0.13360999999999998,0.1484,0.15575999999999998,0.15572,0.15202000000000002,0.15581,0.14856,0.1486,0.14167000000000002,0.14915,0.15231,0.15669,0.15602,0.15074,0.15074,0.15074,0.15074,0.15074,0.15074,0.15074,0.15074,0.15074,0.15074,0.15074,0.15074,0.15074,0.15074,0.15074,0.15074,0.15074,0.15074,0.15074,0.15074,0.15074,0.15074,0.15074,0.15074,0.15074,0.15074,0.15074,0.15074,0.15074,0.15074,0.15074,0.15074,0.15074
,AIA,,pc_cov,pc_cov,KYOTOGHG,IPCM0EL,MtCO2eq/MtCO2eq,AR4,0.0,0.0,0.0,0.0,0.0,0.0,0.0,0.0,0.0,0.0,0.0,0.0,0.0,0.0,0.0,0.0,0.0,0.0,0.0,0.0,0.0,0.0,0.0,0.0,0.0,0.0,0.0,0.0,0.0,0.0,0.0,0.0,0.0,0.0,0.0,0.0,0.0,0.0,0.0,0.0,0.0,0.0,0.0,0.0,0.0,0.0,0.0,0.0,0.0,0.0,0.0,0.0,0.0,0.0,0.0,0.0,0.0,0.0,0.0,0.0,0.0
,ALB,,pop,pop,POP,DEMOGR,Pers,,3286073.0,3280395.0,3245886.0,3195199.0,3146519.0,3112936.0,3098700.0,3099752.0,3110682.0,3122697.0,3129243.0,3129704.0,3126187.0,3118023.0,3104892.0,3086810.0,3063021.0,3033998.0,3002678.0,2973048.0,2948023.0,2928592.0,2914096.0,2903790.0,2896305.0,2890513.0,2886438.0,2884169.0,2873779.8957,2886418.8506,2898023.3648,2909580.235,2922147.8412,2935332.1783,2948740.3009,2961979.5393,2975260.907,2988764.9397,3002052.1079,3014681.2735,3026209.383,3036390.8142,3045326.6175,3053094.8575,3059777.0439,3065457.979,3070335.2431,3074634.7715,3078487.123,3082023.9879,3085378.1213,3088490.2181,3091239.2207,3093665.1657,3095806.8658,3097701.8126,3099602.3417,3101717.7262,3104019.7812,3106480.1524,3109070.2013
,ALB,,gdp,gdp,GDPPPP,ECO,2011GKD,,10297041992.1875,8448994140.625,6562725097.6563,8027696289.0625,9673472656.25,10504735351.5625,11795974609.375,10894136718.75,12109042968.75,13144066406.25,13383586914.0625,14123751953.125,14676195312.5,15717617187.5,16756181640.625,18069826171.875,19499613281.25,21062894531.25,23207287109.375,24668244140.625,27057423828.125,28091714843.75,28934449218.75,28344683593.75,29794019531.25,31280369140.625,31364695312.5,33738601562.5,34401273263.5754,35307147935.138,36177795527.861,37037927649.3263,37921480192.3605,38818241602.4951,39718019839.8686,40610611850.8593,41494462625.0273,42369643143.2574,43228361856.1896,44062823693.8758,44865232601.1507,45633387290.1184,46375554577.6748,47099587808.3786,47813275232.8903,48524339815.6325,49230965245.999,49927182420.2068,50614457071.341,51294287833.9687,51968205941.1024,52638081351.921,53304837834.9914,53968737339.4493,54630211630.7804,55289868299.4111,55941560936.9708,56580098355.7638,57207610745.8625,57826165890.1564,58437767928.5894
"The target value from 'unconditional_best' was used for 'conditional_worst' in 2030.
The target value from 'unconditional_best' was used for 'conditional_best' in 2030.
",ALB,ABS,conditional,worst,KYOTOGHG,IPCM0EL,MtCO2eq,AR4,6.7815,8.0866,5.7988,5.8929,6.4466,6.3907,6.4465,6.5214,7.3211,7.7653,7.0273,7.4074,7.7159,8.0177,8.3061,8.11,8.0436,8.2718,8.1844,8.6573,8.9149,9.6455,9.2906,9.513,10.3286,9.8756,10.174,10.2403,9.944467456095703,9.648634912191412,9.352802368287117,8.952822761922809,8.5596467755385,8.173274409134187,7.793705662709873,7.420940536265559,7.05497902980124,6.695821143316921,6.3434668768126,5.997916230288277,5.659169203743952,5.8636062672489055,6.063618286089251,6.261506283490582,6.459571282678499,6.66029130866518,6.863312357877459,7.067129915129366,7.2727174902471186,7.480606088590467,7.691769219985627,7.905941381752722,8.122414566745414,8.341454277643578,8.5632375162338,8.78811828608925,9.014238068450787,9.240357850812329,9.467008638533622,9.694809937867712,9.924381255067647
,ALB,ABS,conditional,best,KYOTOGHG,IPCM0EL,MtCO2eq,AR4,6.7815,8.0866,5.7988,5.8929,6.4466,6.3907,6.4465,6.5214,7.3211,7.7653,7.0273,7.4074,7.7159,8.0177,8.3061,8.11,8.0436,8.2718,8.1844,8.6573,8.9149,9.6455,9.2906,9.513,10.3286,9.8756,10.174,10.2403,9.944467456095703,9.648634912191412,9.352802368287117,8.952822761922809,8.5596467755385,8.173274409134187,7.793705662709873,7.420940536265559,7.05497902980124,6.695821143316921,6.3434668768126,5.997916230288277,5.659169203743952,5.8636062672489055,6.063618286089251,6.261506283490582,6.459571282678499,6.66029130866518,6.863312357877459,7.067129915129366,7.2727174902471186,7.480606088590467,7.691769219985627,7.905941381752722,8.122414566745414,8.341454277643578,8.5632375162338,8.78811828608925,9.014238068450787,9.240357850812329,9.467008638533622,9.694809937867712,9.924381255067647
"The target value from 'unconditional_best' was used for 'unconditional_worst' in 2030.
",ALB,ABS,unconditional,worst,KYOTOGHG,IPCM0EL,MtCO2eq,AR4,6.7815,8.0866,5.7988,5.8929,6.4466,6.3907,6.4465,6.5214,7.3211,7.7653,7.0273,7.4074,7.7159,8.0177,8.3061,8.11,8.0436,8.2718,8.1844,8.6573,8.9149,9.6455,9.2906,9.513,10.3286,9.8756,10.174,10.2403,9.944467456095703,9.648634912191412,9.352802368287117,8.952822761922809,8.5596467755385,8.173274409134187,7.793705662709873,7.420940536265559,7.05497902980124,6.695821143316921,6.3434668768126,5.997916230288277,5.659169203743952,5.8636062672489055,6.063618286089251,6.261506283490582,6.459571282678499,6.66029130866518,6.863312357877459,7.067129915129366,7.2727174902471186,7.480606088590467,7.691769219985627,7.905941381752722,8.122414566745414,8.341454277643578,8.5632375162338,8.78811828608925,9.014238068450787,9.240357850812329,9.467008638533622,9.694809937867712,9.924381255067647
,ALB,ABS,unconditional,best,KYOTOGHG,IPCM0EL,MtCO2eq,AR4,6.7815,8.0866,5.7988,5.8929,6.4466,6.3907,6.4465,6.5214,7.3211,7.7653,7.0273,7.4074,7.7159,8.0177,8.3061,8.11,8.0436,8.2718,8.1844,8.6573,8.9149,9.6455,9.2906,9.513,10.3286,9.8756,10.174,10.2403,9.944467456095703,9.648634912191412,9.352802368287117,8.952822761922809,8.5596467755385,8.173274409134187,7.793705662709873,7.420940536265559,7.05497902980124,6.695821143316921,6.3434668768126,5.997916230288277,5.659169203743952,5.8636062672489055,6.063618286089251,6.261506283490582,6.459571282678499,6.66029130866518,6.863312357877459,7.067129915129366,7.2727174902471186,7.480606088590467,7.691769219985627,7.905941381752722,8.122414566745414,8.341454277643578,8.5632375162338,8.78811828608925,9.014238068450787,9.240357850812329,9.467008638533622,9.694809937867712,9.924381255067647
"The target value from 'unconditional_best' was used for 'conditional_worst' in 2030.
The target value from 'unconditional_best' was used for 'conditional_best' in 2030.
",ALB,ABU,conditional,worst,KYOTOGHG,IPCM0EL,MtCO2eq,AR4,6.7815,8.0866,5.7988,5.8929,6.4466,6.3907,6.4465,6.5214,7.3211,7.7653,7.0273,7.4074,7.7159,8.0177,8.3061,8.11,8.0436,8.2718,8.1844,8.6573,8.9149,9.6455,9.2906,9.513,10.3286,9.8756,10.174,10.2403,9.944467456095703,9.648634912191412,9.352802368287117,8.952822761922809,8.5596467755385,8.173274409134189,7.793705662709874,7.420940536265559,7.054979029801241,6.695821143316922,6.3434668768126015,5.997916230288277,5.659169203743953,5.863606267248906,6.063618286089253,6.261506283490583,6.459571282678501,6.660291308665181,6.863312357877461,7.067129915129367,7.27271749024712,7.480606088590469,7.691769219985629,7.905941381752724,8.122414566745416,8.341454277643582,8.563237516233801,8.788118286089253,9.01423806845079,9.24035785081233,9.467008638533624,9.694809937867714,9.924381255067651
,ALB,ABU,conditional,best,KYOTOGHG,IPCM0EL,MtCO2eq,AR4,6.7815,8.0866,5.7988,5.8929,6.4466,6.3907,6.4465,6.5214,7.3211,7.7653,7.0273,7.4074,7.7159,8.0177,8.3061,8.11,8.0436,8.2718,8.1844,8.6573,8.9149,9.6455,9.2906,9.513,10.3286,9.8756,10.174,10.2403,9.944467456095703,9.648634912191412,9.352802368287117,8.952822761922809,8.5596467755385,8.173274409134189,7.793705662709874,7.420940536265559,7.054979029801241,6.695821143316922,6.3434668768126015,5.997916230288277,5.659169203743953,5.863606267248906,6.063618286089253,6.261506283490583,6.459571282678501,6.660291308665181,6.863312357877461,7.067129915129367,7.27271749024712,7.480606088590469,7.691769219985629,7.905941381752724,8.122414566745416,8.341454277643582,8.563237516233801,8.788118286089253,9.01423806845079,9.24035785081233,9.467008638533624,9.694809937867714,9.924381255067651
"The target value from 'unconditional_best' was used for 'unconditional_worst' in 2030.
",ALB,ABU,unconditional,worst,KYOTOGHG,IPCM0EL,MtCO2eq,AR4,6.7815,8.0866,5.7988,5.8929,6.4466,6.3907,6.4465,6.5214,7.3211,7.7653,7.0273,7.4074,7.7159,8.0177,8.3061,8.11,8.0436,8.2718,8.1844,8.6573,8.9149,9.6455,9.2906,9.513,10.3286,9.8756,10.174,10.2403,9.944467456095703,9.648634912191412,9.352802368287117,8.952822761922809,8.5596467755385,8.173274409134189,7.793705662709874,7.420940536265559,7.054979029801241,6.695821143316922,6.3434668768126015,5.997916230288277,5.659169203743953,5.863606267248906,6.063618286089253,6.261506283490583,6.459571282678501,6.660291308665181,6.863312357877461,7.067129915129367,7.27271749024712,7.480606088590469,7.691769219985629,7.905941381752724,8.122414566745416,8.341454277643582,8.563237516233801,8.788118286089253,9.01423806845079,9.24035785081233,9.467008638533624,9.694809937867714,9.924381255067651
,ALB,ABU,unconditional,best,KYOTOGHG,IPCM0EL,MtCO2eq,AR4,6.7815,8.0866,5.7988,5.8929,6.4466,6.3907,6.4465,6.5214,7.3211,7.7653,7.0273,7.4074,7.7159,8.0177,8.3061,8.11,8.0436,8.2718,8.1844,8.6573,8.9149,9.6455,9.2906,9.513,10.3286,9.8756,10.174,10.2403,9.944467456095703,9.648634912191412,9.352802368287117,8.952822761922809,8.5596467755385,8.173274409134189,7.793705662709874,7.420940536265559,7.054979029801241,6.695821143316922,6.3434668768126015,5.997916230288277,5.659169203743953,5.863606267248906,6.063618286089253,6.261506283490583,6.459571282678501,6.660291308665181,6.863312357877461,7.067129915129367,7.27271749024712,7.480606088590469,7.691769219985629,7.905941381752724,8.122414566745416,8.341454277643582,8.563237516233801,8.788118286089253,9.01423806845079,9.24035785081233,9.467008638533624,9.694809937867714,9.924381255067651
"The target value from 'unconditional_best' was used for 'conditional_worst' in 2050.
The target value from 'unconditional_best' was used for 'conditional_best' in 2050.
",ALB,AEI,conditional,worst,KYOTOGHG,IPCM0EL,MtCO2eq,AR4,6.7815,8.0866,5.7988,5.8929,6.4466,6.3907,6.4465,6.5214,7.3211,7.7653,7.0273,7.4074,7.7159,8.0177,8.3061,8.11,8.0436,8.2718,8.1844,8.6573,8.9149,9.6455,9.2906,9.513,10.3286,9.8756,10.174,10.2403,9.944467456095703,9.648634912191412,9.352802368287117,8.92247505135035,8.500933880689772,8.088178856305381,7.68420997819718,7.289027246365169,6.902630660809344,6.52502022152971,6.156195928526264,5.796157781799007,5.444905781347937,5.5432151613239835,5.630554895843834,5.709245807458287,5.781454280129236,5.849347709636692,5.91248748633343,5.969486942356574,6.021111955758955,6.067704138901418,6.109920965827262,6.1473911571877595,6.179424601978865,6.206103007195093,6.227425899668138,6.243506677016646,6.25290021825708,6.254705478830555,6.249272981016515,6.236974542813509,6.2181404026
,ALB,AEI,conditional,best,KYOTOGHG,IPCM0EL,MtCO2eq,AR4,6.7815,8.0866,5.7988,5.8929,6.4466,6.3907,6.4465,6.5214,7.3211,7.7653,7.0273,7.4074,7.7159,8.0177,8.3061,8.11,8.0436,8.2718,8.1844,8.6573,8.9149,9.6455,9.2906,9.513,10.3286,9.8756,10.174,10.2403,9.944467456095703,9.648634912191412,9.352802368287117,8.92247505135035,8.500933880689772,8.088178856305381,7.68420997819718,7.289027246365169,6.902630660809344,6.52502022152971,6.156195928526264,5.796157781799007,5.444905781347937,5.5432151613239835,5.630554895843834,5.709245807458287,5.781454280129236,5.849347709636692,5.91248748633343,5.969486942356574,6.021111955758955,6.067704138901418,6.109920965827262,6.1473911571877595,6.179424601978865,6.206103007195093,6.227425899668138,6.243506677016646,6.25290021825708,6.254705478830555,6.249272981016515,6.236974542813509,6.2181404026
"The target value from 'unconditional_best' was used for 'unconditional_worst' in 2050.
",ALB,AEI,unconditional,worst,KYOTOGHG,IPCM0EL,MtCO2eq,AR4,6.7815,8.0866,5.7988,5.8929,6.4466,6.3907,6.4465,6.5214,7.3211,7.7653,7.0273,7.4074,7.7159,8.0177,8.3061,8.11,8.0436,8.2718,8.1844,8.6573,8.9149,9.6455,9.2906,9.513,10.3286,9.8756,10.174,10.2403,9.944467456095703,9.648634912191412,9.352802368287117,8.92247505135035,8.500933880689772,8.088178856305381,7.68420997819718,7.289027246365169,6.902630660809344,6.52502022152971,6.156195928526264,5.796157781799007,5.444905781347937,5.5432151613239835,5.630554895843834,5.709245807458287,5.781454280129236,5.849347709636692,5.91248748633343,5.969486942356574,6.021111955758955,6.067704138901418,6.109920965827262,6.1473911571877595,6.179424601978865,6.206103007195093,6.227425899668138,6.243506677016646,6.25290021825708,6.254705478830555,6.249272981016515,6.236974542813509,6.2181404026
,ALB,AEI,unconditional,best,KYOTOGHG,IPCM0EL,MtCO2eq,AR4,6.7815,8.0866,5.7988,5.8929,6.4466,6.3907,6.4465,6.5214,7.3211,7.7653,7.0273,7.4074,7.7159,8.0177,8.3061,8.11,8.0436,8.2718,8.1844,8.6573,8.9149,9.6455,9.2906,9.513,10.3286,9.8756,10.174,10.2403,9.944467456095703,9.648634912191412,9.352802368287117,8.92247505135035,8.500933880689772,8.088178856305381,7.68420997819718,7.289027246365169,6.902630660809344,6.52502022152971,6.156195928526264,5.796157781799007,5.444905781347937,5.5432151613239835,5.630554895843834,5.709245807458287,5.781454280129236,5.849347709636692,5.91248748633343,5.969486942356574,6.021111955758955,6.067704138901418,6.109920965827262,6.1473911571877595,6.179424601978865,6.206103007195093,6.227425899668138,6.243506677016646,6.25290021825708,6.254705478830555,6.249272981016515,6.236974542813509,6.2181404026
"The target value from 'unconditional_best' was used for 'conditional_worst' in 2030.
The target value from 'unconditional_best' was used for 'conditional_best' in 2030.
",ALB,RBU,conditional,worst,KYOTOGHG,IPCM0EL,MtCO2eq,AR4,6.7815,8.0866,5.7988,5.8929,6.4466,6.3907,6.4465,6.5214,7.3211,7.7653,7.0273,7.4074,7.7159,8.0177,8.3061,8.11,8.0436,8.2718,8.1844,8.6573,8.9149,9.6455,9.2906,9.513,10.3286,9.8756,10.174,10.2403,9.944467456095703,9.648634912191412,9.352802368287117,8.989322881174072,8.630262569057708,8.275621431938019,7.9253994698150105,7.579596682688683,7.238213070559032,6.901248633426062,6.568703371289769,6.240577284150156,5.916870372007222,6.130616870908927,6.339736822215358,6.546636030676055,6.753720301040565,6.963580499962238,7.175846503633456,7.38894528587182,7.603894687148298,7.821249893174317,8.04202874442084,8.26595364803215,8.492284356393004,8.721298462359117,8.9531810278343,9.188302176626175,9.424718758744726,9.661135340863279,9.898107108693265,10.13628177889802,10.376307068140889
,ALB,RBU,conditional,best,KYOTOGHG,IPCM0EL,MtCO2eq,AR4,6.7815,8.0866,5.7988,5.8929,6.4466,6.3907,6.4465,6.5214,7.3211,7.7653,7.0273,7.4074,7.7159,8.0177,8.3061,8.11,8.0436,8.2718,8.1844,8.6573,8.9149,9.6455,9.2906,9.513,10.3286,9.8756,10.174,10.2403,9.944467456095703,9.648634912191412,9.352802368287117,8.989322881174072,8.630262569057708,8.275621431938019,7.9253994698150105,7.579596682688683,7.238213070559032,6.901248633426062,6.568703371289769,6.240577284150156,5.916870372007222,6.130616870908927,6.339736822215358,6.546636030676055,6.753720301040565,6.963580499962238,7.175846503633456,7.38894528587182,7.603894687148298,7.821249893174317,8.04202874442084,8.26595364803215,8.492284356393004,8.721298462359117,8.9531810278343,9.188302176626175,9.424718758744726,9.661135340863279,9.898107108693265,10.13628177889802,10.376307068140889
"The target value from 'unconditional_best' was used for 'unconditional_worst' in 2030.
",ALB,RBU,unconditional,worst,KYOTOGHG,IPCM0EL,MtCO2eq,AR4,6.7815,8.0866,5.7988,5.8929,6.4466,6.3907,6.4465,6.5214,7.3211,7.7653,7.0273,7.4074,7.7159,8.0177,8.3061,8.11,8.0436,8.2718,8.1844,8.6573,8.9149,9.6455,9.2906,9.513,10.3286,9.8756,10.174,10.2403,9.944467456095703,9.648634912191412,9.352802368287117,8.989322881174072,8.630262569057708,8.275621431938019,7.9253994698150105,7.579596682688683,7.238213070559032,6.901248633426062,6.568703371289769,6.240577284150156,5.916870372007222,6.130616870908927,6.339736822215358,6.546636030676055,6.753720301040565,6.963580499962238,7.175846503633456,7.38894528587182,7.603894687148298,7.821249893174317,8.04202874442084,8.26595364803215,8.492284356393004,8.721298462359117,8.9531810278343,9.188302176626175,9.424718758744726,9.661135340863279,9.898107108693265,10.13628177889802,10.376307068140889
,ALB,RBU,unconditional,best,KYOTOGHG,IPCM0EL,MtCO2eq,AR4,6.7815,8.0866,5.7988,5.8929,6.4466,6.3907,6.4465,6.5214,7.3211,7.7653,7.0273,7.4074,7.7159,8.0177,8.3061,8.11,8.0436,8.2718,8.1844,8.6573,8.9149,9.6455,9.2906,9.513,10.3286,9.8756,10.174,10.2403,9.944467456095703,9.648634912191412,9.352802368287117,8.989322881174072,8.630262569057708,8.275621431938019,7.9253994698150105,7.579596682688683,7.238213070559032,6.901248633426062,6.568703371289769,6.240577284150156,5.916870372007222,6.130616870908927,6.339736822215358,6.546636030676055,6.753720301040565,6.963580499962238,7.175846503633456,7.38894528587182,7.603894687148298,7.821249893174317,8.04202874442084,8.26595364803215,8.492284356393004,8.721298462359117,8.9531810278343,9.188302176626175,9.424718758744726,9.661135340863279,9.898107108693265,10.13628177889802,10.376307068140889
"No targets calculated, so the baseline emissions are put in as target pathways for all un/conditional best/worst pathways.
",ALB,baseline_emissions,conditional,worst,KYOTOGHG,IPCM0EL,MtCO2eq,AR4,6.7815,8.0866,5.7988,5.8929,6.4466,6.3907,6.4465,6.5214,7.3211,7.7653,7.0273,7.4074,7.7159,8.0177,8.3061,8.11,8.0436,8.2718,8.1844,8.6573,8.9149,9.6455,9.2906,9.513,10.3286,9.8756,10.174,10.2403,9.944467456095703,9.648634912191412,9.352802368287117,9.056969824382822,8.761137280478529,8.465304736574234,8.16947219266994,7.873639648765646,7.577807104861352,7.281974560957058,6.986142017052764,6.69030947314847,6.394476929244176,6.625476929244176,6.8514769292441775,7.075076929244176,7.2988769292441775,7.5256769292441765,7.755076929244177,7.9853769292441745,8.217676929244176,8.452576929244175,8.691176929244175,8.933176929244176,9.177776929244176,9.425276929244177,9.675876929244176,9.929976929244177,10.185476929244174,10.440976929244176,10.697076929244176,10.954476929244175,11.213876929244176
"No targets calculated, so the baseline emissions are put in as target pathways for all un/conditional best/worst pathways.
",ALB,baseline_emissions,conditional,best,KYOTOGHG,IPCM0EL,MtCO2eq,AR4,6.7815,8.0866,5.7988,5.8929,6.4466,6.3907,6.4465,6.5214,7.3211,7.7653,7.0273,7.4074,7.7159,8.0177,8.3061,8.11,8.0436,8.2718,8.1844,8.6573,8.9149,9.6455,9.2906,9.513,10.3286,9.8756,10.174,10.2403,9.944467456095703,9.648634912191412,9.352802368287117,9.056969824382822,8.761137280478529,8.465304736574234,8.16947219266994,7.873639648765646,7.577807104861352,7.281974560957058,6.986142017052764,6.69030947314847,6.394476929244176,6.625476929244176,6.8514769292441775,7.075076929244176,7.2988769292441775,7.5256769292441765,7.755076929244177,7.9853769292441745,8.217676929244176,8.452576929244175,8.691176929244175,8.933176929244176,9.177776929244176,9.425276929244177,9.675876929244176,9.929976929244177,10.185476929244174,10.440976929244176,10.697076929244176,10.954476929244175,11.213876929244176
"No targets calculated, so the baseline emissions are put in as target pathways for all un/conditional best/worst pathways.
",ALB,baseline_emissions,unconditional,worst,KYOTOGHG,IPCM0EL,MtCO2eq,AR4,6.7815,8.0866,5.7988,5.8929,6.4466,6.3907,6.4465,6.5214,7.3211,7.7653,7.0273,7.4074,7.7159,8.0177,8.3061,8.11,8.0436,8.2718,8.1844,8.6573,8.9149,9.6455,9.2906,9.513,10.3286,9.8756,10.174,10.2403,9.944467456095703,9.648634912191412,9.352802368287117,9.056969824382822,8.761137280478529,8.465304736574234,8.16947219266994,7.873639648765646,7.577807104861352,7.281974560957058,6.986142017052764,6.69030947314847,6.394476929244176,6.625476929244176,6.8514769292441775,7.075076929244176,7.2988769292441775,7.5256769292441765,7.755076929244177,7.9853769292441745,8.217676929244176,8.452576929244175,8.691176929244175,8.933176929244176,9.177776929244176,9.425276929244177,9.675876929244176,9.929976929244177,10.185476929244174,10.440976929244176,10.697076929244176,10.954476929244175,11.213876929244176
"No targets calculated, so the baseline emissions are put in as target pathways for all un/conditional best/worst pathways.
",ALB,baseline_emissions,unconditional,best,KYOTOGHG,IPCM0EL,MtCO2eq,AR4,6.7815,8.0866,5.7988,5.8929,6.4466,6.3907,6.4465,6.5214,7.3211,7.7653,7.0273,7.4074,7.7159,8.0177,8.3061,8.11,8.0436,8.2718,8.1844,8.6573,8.9149,9.6455,9.2906,9.513,10.3286,9.8756,10.174,10.2403,9.944467456095703,9.648634912191412,9.352802368287117,9.056969824382822,8.761137280478529,8.465304736574234,8.16947219266994,7.873639648765646,7.577807104861352,7.281974560957058,6.986142017052764,6.69030947314847,6.394476929244176,6.625476929244176,6.8514769292441775,7.075076929244176,7.2988769292441775,7.5256769292441765,7.755076929244177,7.9853769292441745,8.217676929244176,8.452576929244175,8.691176929244175,8.933176929244176,9.177776929244176,9.425276929244177,9.675876929244176,9.929976929244177,10.185476929244174,10.440976929244176,10.697076929244176,10.954476929244175,11.213876929244176
,ALB,,emi_bau,emi_bau,KYOTOGHG,IPCM0EL,MtCO2eq,AR4,6.7815,8.0866,5.7988,5.8929,6.4466,6.3907,6.4465,6.5214,7.3211,7.7653,7.0273,7.4074,7.7159,8.0177,8.3061,8.11,8.0436,8.2718,8.1844,8.6573,8.9149,9.6455,9.2906,9.513,10.3286,9.8756,10.174,10.2403,9.944467456095703,9.648634912191412,9.352802368287117,9.056969824382822,8.761137280478529,8.465304736574234,8.16947219266994,7.873639648765646,7.577807104861352,7.281974560957058,6.986142017052764,6.69030947314847,6.394476929244176,6.625476929244176,6.8514769292441775,7.075076929244176,7.2988769292441775,7.5256769292441765,7.755076929244177,7.9853769292441745,8.217676929244176,8.452576929244175,8.691176929244175,8.933176929244176,9.177776929244176,9.425276929244177,9.675876929244176,9.929976929244177,10.185476929244174,10.440976929244176,10.697076929244176,10.954476929244175,11.213876929244176
,ALB,,emi_cov,emi_cov,KYOTOGHG,IPCM0EL,MtCO2eq,AR4,3.8351322754965005,5.5379320294108,3.3315303452199996,3.2446883489904,3.5021280917826005,3.4422843473479996,3.3494254492290003,3.4653525401231997,4.1853189292302995,4.525800108845299,3.2016008672109,3.6547148193555996,3.8387411434956,4.100559435184399,4.3427707846479,4.24250947714,4.150238193899999,4.490997496583001,4.5813841169796,4.974964627284999,5.229851645585,5.932094214181,5.5358029229998,5.695510240916999,6.438140790997399,5.8967614277208,6.126382666754,6.2210581101423985,6.160059812140197,6.005550379141376,5.847859658357379,5.687707003107791,5.525675058063688,5.361532948463204,5.195149603735017,5.02644120963066,4.855618326242295,4.682865941859998,4.5081730925622665,4.3315769357926515,4.1531004977126456,4.3159211668639506,4.475660289732914,4.63411344635642,4.793098118476496,4.95459357781508,5.118311501591587,5.28303019069495,5.449526882217671,5.618226197930495,5.789916380063605,5.964381321591475,6.141041725628491,6.320110641696031,6.501730118036532,6.6861884145119035,6.871956458496687,7.058006007296647,7.244762855858253,7.432728943991637,7.622409372514283
,ALB,,emi_ncov,emi_ncov,KYOTOGHG,IPCM0EL,MtCO2eq,AR4,2.9463677245035,2.548667970589201,2.4672696547800004,2.6482116510096,2.9444719082173996,2.9484156526520002,3.097074550771,3.0560474598768,3.135781070769701,3.2394998911547,3.8256991327891003,3.7526851806444004,3.8771588565044004,3.9171405648156,3.963329215352101,3.86749052286,3.8933618061,3.780802503417,3.6030158830204,3.682335372715,3.6850483544149997,3.7134057858189995,3.7547970770002,3.8174897590830006,3.8904592090026004,3.9788385722792006,4.0476173332459995,4.019241889857601,3.784407643955505,3.6430845330500365,3.504942709929738,3.3692628212750315,3.2354622224148417,3.10377178811103,2.9743225889349225,2.847198439134987,2.722188778619056,2.5991086190970605,2.4779689244904968,2.3587325373558183,2.2413764315315303,2.3095557623802248,2.375816639511264,2.440963482887756,2.5057788107676813,2.5710833514290967,2.6367654276525894,2.7023467385492252,2.7681500470265044,2.834350731313681,2.9012605491805705,2.9687956076527016,3.036735203615685,3.1051662875481463,3.174146811207643,3.2437885147322727,3.3135204707474877,3.3829709219475297,3.4523140733859226,3.5217479852525373,3.591467556729893
,ALB,,pc_cov,pc_cov,KYOTOGHG,IPCM0EL,MtCO2eq/MtCO2eq,AR4,0.5655286110000001,0.6848282379999999,0.57452065,0.550609776,0.5432519610000001,0.53863964,0.519572706,0.531381688,0.5716789729999999,0.582823601,0.455594733,0.49338699399999997,0.497510484,0.511438372,0.522841139,0.523120774,0.51596775,0.542928685,0.559770309,0.57465545,0.58664165,0.6150115820000001,0.595849883,0.5987081089999999,0.623331409,0.597104118,0.602160671,0.6075074079999999,0.619445922,0.622424875,0.6252521360000001,0.627992266,0.630702942,0.633353803,0.6359223070000001,0.6383885260000001,0.640768267,0.6430763939999999,0.64530224,0.647440444,0.649482443,0.651412904,0.653240219,0.654991245,0.656689812,0.6583585270000001,0.659994936,0.66158808,0.663146888,0.664676139,0.666183237,0.667666315,0.669120831,0.670549066,0.671952544,0.6733337309999999,0.674681854,0.6759909590000001,0.677265659,0.6785106209999999,0.679730072
,AND,,pop,pop,POP,DEMOGR,Pers,,54509.0,56671.0,58888.0,60971.0,62677.0,63850.0,64360.0,64327.0,64142.0,64370.0,65390.0,67341.0,70049.0,73182.0,76244.0,78867.0,80993.0,82684.0,83862.0,84463.0,84449.0,83747.0,82427.0,80774.0,79213.0,78011.0,77297.0,77001.0,79120.5,79120.5,79120.5,79120.5,79120.5,79120.5,79120.5,79120.5,79120.5,79120.5,79120.5,79120.5,79120.5,79120.5,79120.5,79120.5,79120.5,79120.5,79120.5,79120.5,79120.5,79120.5,79120.5,79120.5,79120.5,79120.5,79120.5,79120.5,79120.5,79120.5,79120.5,79120.5,79120.5
,AND,,gdp,gdp,GDPPPP,ECO,2011GKD,,,,,,,,,,,,,,,,,,,,,,,,,,,,,,,,,,,,,,,,,,,,,,,,,,,,,,,,,,,,,,
"The target value from 'unconditional_best' was used for 'conditional_worst' in 2030.
The target value from 'unconditional_best' was used for 'conditional_best' in 2030.
",AND,ABS,conditional,worst,KYOTOGHG,IPCM0EL,MtCO2eq,AR4,0.47713999999999995,0.48598,0.49545,0.50605,0.51027,0.53838,0.56996,0.58065,0.5948,0.61322,0.62583,0.6261899999999999,0.6332399999999999,0.63672,0.66355,0.67923,0.6481899999999999,0.64369,0.64212,0.62003,0.6241,0.59558,0.59006,0.58323,0.56972,0.5702,0.5774199999999999,0.58098,0.5773304141822843,0.5736808283645685,0.5700312425468527,0.5457002660292716,0.5216358183065131,0.4978378993785775,0.47430650924546447,0.4510416479071744,0.4280433153637071,0.4053115116150626,0.3828462366612407,0.3606474905022416,0.3387152731380653,0.3387152731380653,0.3387152731380653,0.3387152731380653,0.3387152731380653,0.3387152731380653,0.3387152731380653,0.3387152731380653,0.3387152731380653,0.3387152731380653,0.3387152731380653,0.3387152731380653,0.3387152731380653,0.3387152731380653,0.3387152731380653,0.3387152731380653,0.3387152731380653,0.3387152731380653,0.3387152731380653,0.3387152731380653,0.3387152731380653
,AND,ABS,conditional,best,KYOTOGHG,IPCM0EL,MtCO2eq,AR4,0.47713999999999995,0.48598,0.49545,0.50605,0.51027,0.53838,0.56996,0.58065,0.5948,0.61322,0.62583,0.6261899999999999,0.6332399999999999,0.63672,0.66355,0.67923,0.6481899999999999,0.64369,0.64212,0.62003,0.6241,0.59558,0.59006,0.58323,0.56972,0.5702,0.5774199999999999,0.58098,0.5773304141822843,0.5736808283645685,0.5700312425468527,0.5457002660292716,0.5216358183065131,0.4978378993785775,0.47430650924546447,0.4510416479071744,0.4280433153637071,0.4053115116150626,0.3828462366612407,0.3606474905022416,0.3387152731380653,0.3387152731380653,0.3387152731380653,0.3387152731380653,0.3387152731380653,0.3387152731380653,0.3387152731380653,0.3387152731380653,0.3387152731380653,0.3387152731380653,0.3387152731380653,0.3387152731380653,0.3387152731380653,0.3387152731380653,0.3387152731380653,0.3387152731380653,0.3387152731380653,0.3387152731380653,0.3387152731380653,0.3387152731380653,0.3387152731380653
"The target value from 'unconditional_best' was used for 'unconditional_worst' in 2030.
",AND,ABS,unconditional,worst,KYOTOGHG,IPCM0EL,MtCO2eq,AR4,0.47713999999999995,0.48598,0.49545,0.50605,0.51027,0.53838,0.56996,0.58065,0.5948,0.61322,0.62583,0.6261899999999999,0.6332399999999999,0.63672,0.66355,0.67923,0.6481899999999999,0.64369,0.64212,0.62003,0.6241,0.59558,0.59006,0.58323,0.56972,0.5702,0.5774199999999999,0.58098,0.5773304141822843,0.5736808283645685,0.5700312425468527,0.5457002660292716,0.5216358183065131,0.4978378993785775,0.47430650924546447,0.4510416479071744,0.4280433153637071,0.4053115116150626,0.3828462366612407,0.3606474905022416,0.3387152731380653,0.3387152731380653,0.3387152731380653,0.3387152731380653,0.3387152731380653,0.3387152731380653,0.3387152731380653,0.3387152731380653,0.3387152731380653,0.3387152731380653,0.3387152731380653,0.3387152731380653,0.3387152731380653,0.3387152731380653,0.3387152731380653,0.3387152731380653,0.3387152731380653,0.3387152731380653,0.3387152731380653,0.3387152731380653,0.3387152731380653
,AND,ABS,unconditional,best,KYOTOGHG,IPCM0EL,MtCO2eq,AR4,0.47713999999999995,0.48598,0.49545,0.50605,0.51027,0.53838,0.56996,0.58065,0.5948,0.61322,0.62583,0.6261899999999999,0.6332399999999999,0.63672,0.66355,0.67923,0.6481899999999999,0.64369,0.64212,0.62003,0.6241,0.59558,0.59006,0.58323,0.56972,0.5702,0.5774199999999999,0.58098,0.5773304141822843,0.5736808283645685,0.5700312425468527,0.5457002660292716,0.5216358183065131,0.4978378993785775,0.47430650924546447,0.4510416479071744,0.4280433153637071,0.4053115116150626,0.3828462366612407,0.3606474905022416,0.3387152731380653,0.3387152731380653,0.3387152731380653,0.3387152731380653,0.3387152731380653,0.3387152731380653,0.3387152731380653,0.3387152731380653,0.3387152731380653,0.3387152731380653,0.3387152731380653,0.3387152731380653,0.3387152731380653,0.3387152731380653,0.3387152731380653,0.3387152731380653,0.3387152731380653,0.3387152731380653,0.3387152731380653,0.3387152731380653,0.3387152731380653
"The target value from 'unconditional_best' was used for 'conditional_worst' in 2030.
The target value from 'unconditional_best' was used for 'conditional_best' in 2030.
",AND,ABU,conditional,worst,KYOTOGHG,IPCM0EL,MtCO2eq,AR4,0.47713999999999995,0.48598,0.49545,0.50605,0.51027,0.53838,0.56996,0.58065,0.5948,0.61322,0.62583,0.6261899999999999,0.6332399999999999,0.63672,0.66355,0.67923,0.6481899999999999,0.64369,0.64212,0.62003,0.6241,0.59558,0.59006,0.58323,0.56972,0.5702,0.5774199999999999,0.58098,0.5773304141822843,0.5736808283645685,0.5700312425468527,0.5457002660292716,0.5216358183065131,0.4978378993785775,0.47430650924546447,0.4510416479071744,0.4280433153637071,0.4053115116150626,0.3828462366612407,0.3606474905022416,0.3387152731380653,0.3387152731380653,0.3387152731380653,0.3387152731380653,0.3387152731380653,0.3387152731380653,0.3387152731380653,0.3387152731380653,0.3387152731380653,0.3387152731380653,0.3387152731380653,0.3387152731380653,0.3387152731380653,0.3387152731380653,0.3387152731380653,0.3387152731380653,0.3387152731380653,0.3387152731380653,0.3387152731380653,0.3387152731380653,0.3387152731380653
,AND,ABU,conditional,best,KYOTOGHG,IPCM0EL,MtCO2eq,AR4,0.47713999999999995,0.48598,0.49545,0.50605,0.51027,0.53838,0.56996,0.58065,0.5948,0.61322,0.62583,0.6261899999999999,0.6332399999999999,0.63672,0.66355,0.67923,0.6481899999999999,0.64369,0.64212,0.62003,0.6241,0.59558,0.59006,0.58323,0.56972,0.5702,0.5774199999999999,0.58098,0.5773304141822843,0.5736808283645685,0.5700312425468527,0.5457002660292716,0.5216358183065131,0.4978378993785775,0.47430650924546447,0.4510416479071744,0.4280433153637071,0.4053115116150626,0.3828462366612407,0.3606474905022416,0.3387152731380653,0.3387152731380653,0.3387152731380653,0.3387152731380653,0.3387152731380653,0.3387152731380653,0.3387152731380653,0.3387152731380653,0.3387152731380653,0.3387152731380653,0.3387152731380653,0.3387152731380653,0.3387152731380653,0.3387152731380653,0.3387152731380653,0.3387152731380653,0.3387152731380653,0.3387152731380653,0.3387152731380653,0.3387152731380653,0.3387152731380653
"The target value from 'unconditional_best' was used for 'unconditional_worst' in 2030.
",AND,ABU,unconditional,worst,KYOTOGHG,IPCM0EL,MtCO2eq,AR4,0.47713999999999995,0.48598,0.49545,0.50605,0.51027,0.53838,0.56996,0.58065,0.5948,0.61322,0.62583,0.6261899999999999,0.6332399999999999,0.63672,0.66355,0.67923,0.6481899999999999,0.64369,0.64212,0.62003,0.6241,0.59558,0.59006,0.58323,0.56972,0.5702,0.5774199999999999,0.58098,0.5773304141822843,0.5736808283645685,0.5700312425468527,0.5457002660292716,0.5216358183065131,0.4978378993785775,0.47430650924546447,0.4510416479071744,0.4280433153637071,0.4053115116150626,0.3828462366612407,0.3606474905022416,0.3387152731380653,0.3387152731380653,0.3387152731380653,0.3387152731380653,0.3387152731380653,0.3387152731380653,0.3387152731380653,0.3387152731380653,0.3387152731380653,0.3387152731380653,0.3387152731380653,0.3387152731380653,0.3387152731380653,0.3387152731380653,0.3387152731380653,0.3387152731380653,0.3387152731380653,0.3387152731380653,0.3387152731380653,0.3387152731380653,0.3387152731380653
,AND,ABU,unconditional,best,KYOTOGHG,IPCM0EL,MtCO2eq,AR4,0.47713999999999995,0.48598,0.49545,0.50605,0.51027,0.53838,0.56996,0.58065,0.5948,0.61322,0.62583,0.6261899999999999,0.6332399999999999,0.63672,0.66355,0.67923,0.6481899999999999,0.64369,0.64212,0.62003,0.6241,0.59558,0.59006,0.58323,0.56972,0.5702,0.5774199999999999,0.58098,0.5773304141822843,0.5736808283645685,0.5700312425468527,0.5457002660292716,0.5216358183065131,0.4978378993785775,0.47430650924546447,0.4510416479071744,0.4280433153637071,0.4053115116150626,0.3828462366612407,0.3606474905022416,0.3387152731380653,0.3387152731380653,0.3387152731380653,0.3387152731380653,0.3387152731380653,0.3387152731380653,0.3387152731380653,0.3387152731380653,0.3387152731380653,0.3387152731380653,0.3387152731380653,0.3387152731380653,0.3387152731380653,0.3387152731380653,0.3387152731380653,0.3387152731380653,0.3387152731380653,0.3387152731380653,0.3387152731380653,0.3387152731380653,0.3387152731380653
"The target value from 'unconditional_best' was used for 'conditional_worst' in 2030.
The target value from 'unconditional_best' was used for 'conditional_best' in 2030.
",AND,RBU,conditional,worst,KYOTOGHG,IPCM0EL,MtCO2eq,AR4,0.47713999999999995,0.48598,0.49545,0.50605,0.51027,0.53838,0.56996,0.58065,0.5948,0.61322,0.62583,0.6261899999999999,0.6332399999999999,0.63672,0.66355,0.67923,0.6481899999999999,0.64369,0.64212,0.62003,0.6241,0.59558,0.59006,0.58323,0.56972,0.5702,0.5774199999999999,0.58098,0.5773304141822843,0.5736808283645685,0.5700312425468527,0.5462357500029521,0.5226998852722031,0.49942364835460595,0.4764070392501603,0.4536500579588665,0.43115270448072435,0.40891497881573396,0.38693688096389517,0.3652184109252081,0.3437595686996727,0.3437595686996727,0.3437595686996727,0.3437595686996727,0.3437595686996727,0.3437595686996727,0.3437595686996727,0.3437595686996727,0.3437595686996727,0.3437595686996727,0.3437595686996727,0.3437595686996727,0.3437595686996727,0.3437595686996727,0.3437595686996727,0.3437595686996727,0.3437595686996727,0.3437595686996727,0.3437595686996727,0.3437595686996727,0.3437595686996727
,AND,RBU,conditional,best,KYOTOGHG,IPCM0EL,MtCO2eq,AR4,0.47713999999999995,0.48598,0.49545,0.50605,0.51027,0.53838,0.56996,0.58065,0.5948,0.61322,0.62583,0.6261899999999999,0.6332399999999999,0.63672,0.66355,0.67923,0.6481899999999999,0.64369,0.64212,0.62003,0.6241,0.59558,0.59006,0.58323,0.56972,0.5702,0.5774199999999999,0.58098,0.5773304141822843,0.5736808283645685,0.5700312425468527,0.5462357500029521,0.5226998852722031,0.49942364835460595,0.4764070392501603,0.4536500579588665,0.43115270448072435,0.40891497881573396,0.38693688096389517,0.3652184109252081,0.3437595686996727,0.3437595686996727,0.3437595686996727,0.3437595686996727,0.3437595686996727,0.3437595686996727,0.3437595686996727,0.3437595686996727,0.3437595686996727,0.3437595686996727,0.3437595686996727,0.3437595686996727,0.3437595686996727,0.3437595686996727,0.3437595686996727,0.3437595686996727,0.3437595686996727,0.3437595686996727,0.3437595686996727,0.3437595686996727,0.3437595686996727
"The target value from 'unconditional_best' was used for 'unconditional_worst' in 2030.
",AND,RBU,unconditional,worst,KYOTOGHG,IPCM0EL,MtCO2eq,AR4,0.47713999999999995,0.48598,0.49545,0.50605,0.51027,0.53838,0.56996,0.58065,0.5948,0.61322,0.62583,0.6261899999999999,0.6332399999999999,0.63672,0.66355,0.67923,0.6481899999999999,0.64369,0.64212,0.62003,0.6241,0.59558,0.59006,0.58323,0.56972,0.5702,0.5774199999999999,0.58098,0.5773304141822843,0.5736808283645685,0.5700312425468527,0.5462357500029521,0.5226998852722031,0.49942364835460595,0.4764070392501603,0.4536500579588665,0.43115270448072435,0.40891497881573396,0.38693688096389517,0.3652184109252081,0.3437595686996727,0.3437595686996727,0.3437595686996727,0.3437595686996727,0.3437595686996727,0.3437595686996727,0.3437595686996727,0.3437595686996727,0.3437595686996727,0.3437595686996727,0.3437595686996727,0.3437595686996727,0.3437595686996727,0.3437595686996727,0.3437595686996727,0.3437595686996727,0.3437595686996727,0.3437595686996727,0.3437595686996727,0.3437595686996727,0.3437595686996727
,AND,RBU,unconditional,best,KYOTOGHG,IPCM0EL,MtCO2eq,AR4,0.47713999999999995,0.48598,0.49545,0.50605,0.51027,0.53838,0.56996,0.58065,0.5948,0.61322,0.62583,0.6261899999999999,0.6332399999999999,0.63672,0.66355,0.67923,0.6481899999999999,0.64369,0.64212,0.62003,0.6241,0.59558,0.59006,0.58323,0.56972,0.5702,0.5774199999999999,0.58098,0.5773304141822843,0.5736808283645685,0.5700312425468527,0.5462357500029521,0.5226998852722031,0.49942364835460595,0.4764070392501603,0.4536500579588665,0.43115270448072435,0.40891497881573396,0.38693688096389517,0.3652184109252081,0.3437595686996727,0.3437595686996727,0.3437595686996727,0.3437595686996727,0.3437595686996727,0.3437595686996727,0.3437595686996727,0.3437595686996727,0.3437595686996727,0.3437595686996727,0.3437595686996727,0.3437595686996727,0.3437595686996727,0.3437595686996727,0.3437595686996727,0.3437595686996727,0.3437595686996727,0.3437595686996727,0.3437595686996727,0.3437595686996727,0.3437595686996727
"No targets calculated, so the baseline emissions are put in as target pathways for all un/conditional best/worst pathways.
",AND,baseline_emissions,conditional,worst,KYOTOGHG,IPCM0EL,MtCO2eq,AR4,0.47713999999999995,0.48598,0.49545,0.50605,0.51027,0.53838,0.56996,0.58065,0.5948,0.61322,0.62583,0.6261899999999999,0.6332399999999999,0.63672,0.66355,0.67923,0.6481899999999999,0.64369,0.64212,0.62003,0.6241,0.59558,0.59006,0.58323,0.56972,0.5702,0.5774199999999999,0.58098,0.5773304141822843,0.5736808283645685,0.5700312425468527,0.5663816567291369,0.5627320709114211,0.5590824850937053,0.5554328992759894,0.5517833134582736,0.5481337276405578,0.5444841418228421,0.5408345560051262,0.5371849701874104,0.5335353843696946,0.5335353843696946,0.5335353843696946,0.5335353843696946,0.5335353843696946,0.5335353843696946,0.5335353843696946,0.5335353843696946,0.5335353843696946,0.5335353843696946,0.5335353843696946,0.5335353843696946,0.5335353843696946,0.5335353843696946,0.5335353843696946,0.5335353843696946,0.5335353843696946,0.5335353843696946,0.5335353843696946,0.5335353843696946,0.5335353843696946
"No targets calculated, so the baseline emissions are put in as target pathways for all un/conditional best/worst pathways.
",AND,baseline_emissions,conditional,best,KYOTOGHG,IPCM0EL,MtCO2eq,AR4,0.47713999999999995,0.48598,0.49545,0.50605,0.51027,0.53838,0.56996,0.58065,0.5948,0.61322,0.62583,0.6261899999999999,0.6332399999999999,0.63672,0.66355,0.67923,0.6481899999999999,0.64369,0.64212,0.62003,0.6241,0.59558,0.59006,0.58323,0.56972,0.5702,0.5774199999999999,0.58098,0.5773304141822843,0.5736808283645685,0.5700312425468527,0.5663816567291369,0.5627320709114211,0.5590824850937053,0.5554328992759894,0.5517833134582736,0.5481337276405578,0.5444841418228421,0.5408345560051262,0.5371849701874104,0.5335353843696946,0.5335353843696946,0.5335353843696946,0.5335353843696946,0.5335353843696946,0.5335353843696946,0.5335353843696946,0.5335353843696946,0.5335353843696946,0.5335353843696946,0.5335353843696946,0.5335353843696946,0.5335353843696946,0.5335353843696946,0.5335353843696946,0.5335353843696946,0.5335353843696946,0.5335353843696946,0.5335353843696946,0.5335353843696946,0.5335353843696946
"No targets calculated, so the baseline emissions are put in as target pathways for all un/conditional best/worst pathways.
",AND,baseline_emissions,unconditional,worst,KYOTOGHG,IPCM0EL,MtCO2eq,AR4,0.47713999999999995,0.48598,0.49545,0.50605,0.51027,0.53838,0.56996,0.58065,0.5948,0.61322,0.62583,0.6261899999999999,0.6332399999999999,0.63672,0.66355,0.67923,0.6481899999999999,0.64369,0.64212,0.62003,0.6241,0.59558,0.59006,0.58323,0.56972,0.5702,0.5774199999999999,0.58098,0.5773304141822843,0.5736808283645685,0.5700312425468527,0.5663816567291369,0.5627320709114211,0.5590824850937053,0.5554328992759894,0.5517833134582736,0.5481337276405578,0.5444841418228421,0.5408345560051262,0.5371849701874104,0.5335353843696946,0.5335353843696946,0.5335353843696946,0.5335353843696946,0.5335353843696946,0.5335353843696946,0.5335353843696946,0.5335353843696946,0.5335353843696946,0.5335353843696946,0.5335353843696946,0.5335353843696946,0.5335353843696946,0.5335353843696946,0.5335353843696946,0.5335353843696946,0.5335353843696946,0.5335353843696946,0.5335353843696946,0.5335353843696946,0.5335353843696946
"No targets calculated, so the baseline emissions are put in as target pathways for all un/conditional best/worst pathways.
",AND,baseline_emissions,unconditional,best,KYOTOGHG,IPCM0EL,MtCO2eq,AR4,0.47713999999999995,0.48598,0.49545,0.50605,0.51027,0.53838,0.56996,0.58065,0.5948,0.61322,0.62583,0.6261899999999999,0.6332399999999999,0.63672,0.66355,0.67923,0.6481899999999999,0.64369,0.64212,0.62003,0.6241,0.59558,0.59006,0.58323,0.56972,0.5702,0.5774199999999999,0.58098,0.5773304141822843,0.5736808283645685,0.5700312425468527,0.5663816567291369,0.5627320709114211,0.5590824850937053,0.5554328992759894,0.5517833134582736,0.5481337276405578,0.5444841418228421,0.5408345560051262,0.5371849701874104,0.5335353843696946,0.5335353843696946,0.5335353843696946,0.5335353843696946,0.5335353843696946,0.5335353843696946,0.5335353843696946,0.5335353843696946,0.5335353843696946,0.5335353843696946,0.5335353843696946,0.5335353843696946,0.5335353843696946,0.5335353843696946,0.5335353843696946,0.5335353843696946,0.5335353843696946,0.5335353843696946,0.5335353843696946,0.5335353843696946,0.5335353843696946
,AND,,emi_bau,emi_bau,KYOTOGHG,IPCM0EL,MtCO2eq,AR4,0.47713999999999995,0.48598,0.49545,0.50605,0.51027,0.53838,0.56996,0.58065,0.5948,0.61322,0.62583,0.6261899999999999,0.6332399999999999,0.63672,0.66355,0.67923,0.6481899999999999,0.64369,0.64212,0.62003,0.6241,0.59558,0.59006,0.58323,0.56972,0.5702,0.5774199999999999,0.58098,0.5773304141822843,0.5736808283645685,0.5700312425468527,0.5663816567291369,0.5627320709114211,0.5590824850937053,0.5554328992759894,0.5517833134582736,0.5481337276405578,0.5444841418228421,0.5408345560051262,0.5371849701874104,0.5335353843696946,0.5335353843696946,0.5335353843696946,0.5335353843696946,0.5335353843696946,0.5335353843696946,0.5335353843696946,0.5335353843696946,0.5335353843696946,0.5335353843696946,0.5335353843696946,0.5335353843696946,0.5335353843696946,0.5335353843696946,0.5335353843696946,0.5335353843696946,0.5335353843696946,0.5335353843696946,0.5335353843696946,0.5335353843696946,0.5335353843696946
,AND,,emi_cov,emi_cov,KYOTOGHG,IPCM0EL,MtCO2eq,AR4,0.46756753620619995,0.47616826936954004,0.48582990531765,0.49652032144920005,0.5008336340402401,0.5291478468388799,0.5605286262272401,0.57121068011385,0.585240802656,0.6034267637675199,0.61587075291054,0.6154247851079099,0.6216555834287999,0.6241819536237599,0.6498719041123999,0.6644135477927701,0.6324329522402399,0.6267593057972899,0.62408878624152,0.60116677894766,0.6041791118215,0.5753518179595399,0.5690000977328,0.56164962506991,0.54708612338988,0.5481775405916001,0.5540243637854599,0.55666904760264,0.5550094174570906,0.5515009334955813,0.5479924495340719,0.5444839655725626,0.5409754816110532,0.5374669976495439,0.5339585136880344,0.530450029726525,0.5269415457650156,0.5234330618035063,0.5199245778419969,0.5164160938804876,0.5129076099189782,0.5129076099189782,0.5129076099189782,0.5129076099189782,0.5129076099189782,0.5129076099189782,0.5129076099189782,0.5129076099189782,0.5129076099189782,0.5129076099189782,0.5129076099189782,0.5129076099189782,0.5129076099189782,0.5129076099189782,0.5129076099189782,0.5129076099189782,0.5129076099189782,0.5129076099189782,0.5129076099189782,0.5129076099189782,0.5129076099189782
,AND,,emi_ncov,emi_ncov,KYOTOGHG,IPCM0EL,MtCO2eq,AR4,0.009572463793799994,0.009811730630460007,0.009620094682349999,0.009529678550799945,0.009436365959759965,0.00923215316112002,0.009431373772759937,0.009439319886149964,0.009559197344000013,0.009793236232480032,0.009959247089459998,0.010765214892089996,0.011584416571199989,0.012538046376239996,0.013678095887600036,0.014816452207229974,0.015757047759760053,0.016930694202710074,0.018031213758480064,0.018863221052339993,0.019920888178500015,0.020228182040460032,0.02105990226719998,0.02158037493008997,0.022633876610119986,0.02202245940840002,0.023395636214540026,0.02431095239736003,0.02232099672519359,0.02217989486898716,0.02203879301278073,0.0218976911565743,0.02175658930036787,0.02161548744416144,0.021474385587955003,0.021333283731748573,0.021192181875542143,0.02105108001933572,0.020909978163129284,0.020768876306922854,0.020627774450716424,0.020627774450716424,0.020627774450716424,0.020627774450716424,0.020627774450716424,0.020627774450716424,0.020627774450716424,0.020627774450716424,0.020627774450716424,0.020627774450716424,0.020627774450716424,0.020627774450716424,0.020627774450716424,0.020627774450716424,0.020627774450716424,0.020627774450716424,0.020627774450716424,0.020627774450716424,0.020627774450716424,0.020627774450716424,0.020627774450716424
,AND,,pc_cov,pc_cov,KYOTOGHG,IPCM0EL,MtCO2eq/MtCO2eq,AR4,0.97993783,0.979810423,0.980583117,0.9811685040000001,0.9815071120000001,0.982851976,0.9834525690000001,0.9837435290000001,0.98392872,0.984029816,0.984086338,0.982808389,0.98170612,0.980308383,0.9793864879999999,0.978186399,0.9756906959999999,0.9736974409999999,0.9719192459999999,0.969576922,0.968080615,0.966036163,0.96430888,0.962998517,0.960271929,0.961377658,0.959482463,0.958155268,0.96133757,0.96133757,0.96133757,0.96133757,0.96133757,0.96133757,0.96133757,0.96133757,0.96133757,0.96133757,0.96133757,0.96133757,0.96133757,0.96133757,0.96133757,0.96133757,0.96133757,0.96133757,0.96133757,0.96133757,0.96133757,0.96133757,0.96133757,0.96133757,0.96133757,0.96133757,0.96133757,0.96133757,0.96133757,0.96133757,0.96133757,0.96133757,0.96133757
,ANT,,pop,pop,POP,DEMOGR,Pers,,188501.0,189516.0,190415.0,190973.0,190940.0,190149.0,188569.0,186357.0,183789.0,181258.0,179097.0,177322.0,175965.0,175362.0,175954.0,177967.0,181590.0,186648.0,192579.0,198660.0,204300.0,209366.0,213900.0,217882.0,221368.0,224385.0,226880.0,228842.0,222209.5,222209.5,222209.5,222209.5,222209.5,222209.5,222209.5,222209.5,222209.5,222209.5,222209.5,222209.5,222209.5,222209.5,222209.5,222209.5,222209.5,222209.5,222209.5,222209.5,222209.5,222209.5,222209.5,222209.5,222209.5,222209.5,222209.5,222209.5,222209.5,222209.5,222209.5,222209.5,222209.5
,ANT,,gdp,gdp,GDPPPP,ECO,2011GKD,,3044959817.2894,3159079757.5705,3254319693.3464,3377462625.3743,3539290531.8161,3591209809.5752,3713739757.3813,3907035823.0157,3997592404.1849,4007970975.2771,4840711323.2829,4821078882.8388,4837116176.386,4867019315.5087,4934169484.8356,5020109130.8594,5100301513.6719,5238525268.5547,5379363525.3906,5305305541.9922,5323037963.8672,5350575683.5938,5283241699.2188,5252867065.4297,5295757568.3594,5376175415.0390005,5259931274.4141,5107018920.8984,5262498657.226565,5262498657.226565,5262498657.226565,5262498657.226565,5262498657.226565,5262498657.226565,5262498657.226565,5262498657.226565,5262498657.226565,5262498657.226565,5262498657.226565,5262498657.226565,5262498657.226565,5262498657.226565,5262498657.226565,5262498657.226565,5262498657.226565,5262498657.226565,5262498657.226565,5262498657.226565,5262498657.226565,5262498657.226565,5262498657.226565,5262498657.226565,5262498657.226565,5262498657.226565,5262498657.226565,5262498657.226565,5262498657.226565,5262498657.226565,5262498657.226565,5262498657.226565,5262498657.226565
"No targets calculated, so the baseline emissions are put in as target pathways for all un/conditional best/worst pathways.
",ANT,baseline_emissions,conditional,worst,KYOTOGHG,IPCM0EL,MtCO2eq,AR4,5.6017,4.5335,3.7773,5.7309,5.5054,5.4514,5.1144,5.3662,0.5403899999999999,2.3595,5.8629,5.9758,5.7525,5.7515,6.0379,5.994,6.2328,6.9968,6.7378,6.871,4.7683,6.0712,7.2597,6.4981,7.1833,7.3295,7.5345,7.4944,7.2165833333333325,7.2165833333333325,7.2165833333333325,7.2165833333333325,7.2165833333333325,7.2165833333333325,7.2165833333333325,7.2165833333333325,7.2165833333333325,7.2165833333333325,7.2165833333333325,7.2165833333333325,7.2165833333333325,7.2165833333333325,7.2165833333333325,7.2165833333333325,7.2165833333333325,7.2165833333333325,7.2165833333333325,7.2165833333333325,7.2165833333333325,7.2165833333333325,7.2165833333333325,7.2165833333333325,7.2165833333333325,7.2165833333333325,7.2165833333333325,7.2165833333333325,7.2165833333333325,7.2165833333333325,7.2165833333333325,7.2165833333333325,7.2165833333333325
"No targets calculated, so the baseline emissions are put in as target pathways for all un/conditional best/worst pathways.
",ANT,baseline_emissions,conditional,best,KYOTOGHG,IPCM0EL,MtCO2eq,AR4,5.6017,4.5335,3.7773,5.7309,5.5054,5.4514,5.1144,5.3662,0.5403899999999999,2.3595,5.8629,5.9758,5.7525,5.7515,6.0379,5.994,6.2328,6.9968,6.7378,6.871,4.7683,6.0712,7.2597,6.4981,7.1833,7.3295,7.5345,7.4944,7.2165833333333325,7.2165833333333325,7.2165833333333325,7.2165833333333325,7.2165833333333325,7.2165833333333325,7.2165833333333325,7.2165833333333325,7.2165833333333325,7.2165833333333325,7.2165833333333325,7.2165833333333325,7.2165833333333325,7.2165833333333325,7.2165833333333325,7.2165833333333325,7.2165833333333325,7.2165833333333325,7.2165833333333325,7.2165833333333325,7.2165833333333325,7.2165833333333325,7.2165833333333325,7.2165833333333325,7.2165833333333325,7.2165833333333325,7.2165833333333325,7.2165833333333325,7.2165833333333325,7.2165833333333325,7.2165833333333325,7.2165833333333325,7.2165833333333325
"No targets calculated, so the baseline emissions are put in as target pathways for all un/conditional best/worst pathways.
",ANT,baseline_emissions,unconditional,worst,KYOTOGHG,IPCM0EL,MtCO2eq,AR4,5.6017,4.5335,3.7773,5.7309,5.5054,5.4514,5.1144,5.3662,0.5403899999999999,2.3595,5.8629,5.9758,5.7525,5.7515,6.0379,5.994,6.2328,6.9968,6.7378,6.871,4.7683,6.0712,7.2597,6.4981,7.1833,7.3295,7.5345,7.4944,7.2165833333333325,7.2165833333333325,7.2165833333333325,7.2165833333333325,7.2165833333333325,7.2165833333333325,7.2165833333333325,7.2165833333333325,7.2165833333333325,7.2165833333333325,7.2165833333333325,7.2165833333333325,7.2165833333333325,7.2165833333333325,7.2165833333333325,7.2165833333333325,7.2165833333333325,7.2165833333333325,7.2165833333333325,7.2165833333333325,7.2165833333333325,7.2165833333333325,7.2165833333333325,7.2165833333333325,7.2165833333333325,7.2165833333333325,7.2165833333333325,7.2165833333333325,7.2165833333333325,7.2165833333333325,7.2165833333333325,7.2165833333333325,7.2165833333333325
"No targets calculated, so the baseline emissions are put in as target pathways for all un/conditional best/worst pathways.
",ANT,baseline_emissions,unconditional,best,KYOTOGHG,IPCM0EL,MtCO2eq,AR4,5.6017,4.5335,3.7773,5.7309,5.5054,5.4514,5.1144,5.3662,0.5403899999999999,2.3595,5.8629,5.9758,5.7525,5.7515,6.0379,5.994,6.2328,6.9968,6.7378,6.871,4.7683,6.0712,7.2597,6.4981,7.1833,7.3295,7.5345,7.4944,7.2165833333333325,7.2165833333333325,7.2165833333333325,7.2165833333333325,7.2165833333333325,7.2165833333333325,7.2165833333333325,7.2165833333333325,7.2165833333333325,7.2165833333333325,7.2165833333333325,7.2165833333333325,7.2165833333333325,7.2165833333333325,7.2165833333333325,7.2165833333333325,7.2165833333333325,7.2165833333333325,7.2165833333333325,7.2165833333333325,7.2165833333333325,7.2165833333333325,7.2165833333333325,7.2165833333333325,7.2165833333333325,7.2165833333333325,7.2165833333333325,7.2165833333333325,7.2165833333333325,7.2165833333333325,7.2165833333333325,7.2165833333333325,7.2165833333333325
,ANT,,emi_bau,emi_bau,KYOTOGHG,IPCM0EL,MtCO2eq,AR4,5.6017,4.5335,3.7773,5.7309,5.5054,5.4514,5.1144,5.3662,0.5403899999999999,2.3595,5.8629,5.9758,5.7525,5.7515,6.0379,5.994,6.2328,6.9968,6.7378,6.871,4.7683,6.0712,7.2597,6.4981,7.1833,7.3295,7.5345,7.4944,7.2165833333333325,7.2165833333333325,7.2165833333333325,7.2165833333333325,7.2165833333333325,7.2165833333333325,7.2165833333333325,7.2165833333333325,7.2165833333333325,7.2165833333333325,7.2165833333333325,7.2165833333333325,7.2165833333333325,7.2165833333333325,7.2165833333333325,7.2165833333333325,7.2165833333333325,7.2165833333333325,7.2165833333333325,7.2165833333333325,7.2165833333333325,7.2165833333333325,7.2165833333333325,7.2165833333333325,7.2165833333333325,7.2165833333333325,7.2165833333333325,7.2165833333333325,7.2165833333333325,7.2165833333333325,7.2165833333333325,7.2165833333333325,7.2165833333333325
,ANT,,emi_cov,emi_cov,KYOTOGHG,IPCM0EL,MtCO2eq,AR4,0.0,0.0,0.0,0.0,0.0,0.0,0.0,0.0,0.0,0.0,0.0,0.0,0.0,0.0,0.0,0.0,0.0,0.0,0.0,0.0,0.0,0.0,0.0,0.0,0.0,0.0,0.0,0.0,0.0,0.0,0.0,0.0,0.0,0.0,0.0,0.0,0.0,0.0,0.0,0.0,0.0,0.0,0.0,0.0,0.0,0.0,0.0,0.0,0.0,0.0,0.0,0.0,0.0,0.0,0.0,0.0,0.0,0.0,0.0,0.0,0.0
,ANT,,emi_ncov,emi_ncov,KYOTOGHG,IPCM0EL,MtCO2eq,AR4,5.6017,4.5335,3.7773,5.7309,5.5054,5.4514,5.1144,5.3662,0.5403899999999999,2.3595,5.8629,5.9758,5.7525,5.7515,6.0379,5.994,6.2328,6.9968,6.7378,6.871,4.7683,6.0712,7.2597,6.4981,7.1833,7.3295,7.5345,7.4944,7.2165833333333325,7.2165833333333325,7.2165833333333325,7.2165833333333325,7.2165833333333325,7.2165833333333325,7.2165833333333325,7.2165833333333325,7.2165833333333325,7.2165833333333325,7.2165833333333325,7.2165833333333325,7.2165833333333325,7.2165833333333325,7.2165833333333325,7.2165833333333325,7.2165833333333325,7.2165833333333325,7.2165833333333325,7.2165833333333325,7.2165833333333325,7.2165833333333325,7.2165833333333325,7.2165833333333325,7.2165833333333325,7.2165833333333325,7.2165833333333325,7.2165833333333325,7.2165833333333325,7.2165833333333325,7.2165833333333325,7.2165833333333325,7.2165833333333325
,ANT,,pc_cov,pc_cov,KYOTOGHG,IPCM0EL,MtCO2eq/MtCO2eq,AR4,0.0,0.0,0.0,0.0,0.0,0.0,0.0,0.0,0.0,0.0,0.0,0.0,0.0,0.0,0.0,0.0,0.0,0.0,0.0,0.0,0.0,0.0,0.0,0.0,0.0,0.0,0.0,0.0,0.0,0.0,0.0,0.0,0.0,0.0,0.0,0.0,0.0,0.0,0.0,0.0,0.0,0.0,0.0,0.0,0.0,0.0,0.0,0.0,0.0,0.0,0.0,0.0,0.0,0.0,0.0,0.0,0.0,0.0,0.0,0.0,0.0
,ARE,,pop,pop,POP,DEMOGR,Pers,,1828432.0,1937153.0,2052891.0,2173139.0,2294385.0,2415090.0,2539126.0,2671362.0,2813214.0,2966034.0,3134062.0,3302719.0,3478777.0,3711932.0,4068570.0,4588225.0,5300174.0,6168838.0,7089487.0,7917372.0,8549988.0,8946777.0,9141596.0,9197910.0,9214175.0,9262900.0,9360980.0,9487203.0,10202417.2604,10392822.7557,10579651.4181,10763074.2147,10938237.8509,11107463.1627,11273076.176,11437412.6495,11598884.3627,11754922.4059,11906383.0481,12054095.9965,12198862.2099,12341337.8956,12481669.048,12619875.2265,12755983.6653,12890029.3375,13022050.8221,13151813.2073,13278946.8711,13403082.0139,13523848.7024,13642497.2271,13759936.6096,13875292.0485,13987698.0421,14096298.2607,14200276.5219,14299577.0928,14394474.2802,14485219.3821,14572040.6653
,ARE,,gdp,gdp,GDPPPP,ECO,2011GKD,,205948062500.0,208418640625.0,216961187500.0,177892609375.0,183150000000.0,198868281250.0,212650875000.0,229181000000.0,212201718750.0,234410281250.0,293381062500.0,296899500000.0,307601375000.0,330485375000.0,358510312500.0,416559781250.0,482836500000.0,519254218750.0,560122000000.0,472784468750.0,476537093750.0,554952437500.0,580192312500.0,602509125000.0,639543937500.0,581647562500.0,578228062500.0,596089562500.0,630128283869.5668,647441224182.6821,666556480135.0635,687567262247.0029,709360866338.2083,731932439850.7526,755281283098.098,779411445784.75,804139188267.4751,829112577309.3083,854081709337.5061,878790582998.6908,902977898865.8254,926887892485.8784,950806390673.6526,974530160265.7366,997854999889.1497,1020575467725.027,1042868065189.7192,1064779182180.285,1085902770716.586,1105826975110.922,1124133181739.24,1141140473885.154,1157252646029.312,1172163708889.075,1185556032131.607,1197098661114.04,1207255244867.002,1216682443309.937,1225324776084.349,1233123306741.136,1240015422416.218
"No targets calculated, so the baseline emissions are put in as target pathways for all un/conditional best/worst pathways.
",ARE,baseline_emissions,conditional,worst,KYOTOGHG,IPCM0EL,MtCO2eq,AR4,61.2097,67.2973,68.9758,76.3247,83.2046,84.7661,77.7487,80.9749,103.0591,103.0369,137.7742,134.6088,125.6334,156.3638,171.1557,183.0349,186.4729,193.729,212.261,215.8088,204.1377,205.3739,211.7397,205.9782,236.8704,254.1235,262.4122,259.7016,257.8048,261.8257,266.6386,272.1705,277.8681,283.7629,289.8826,296.252,302.828,309.4951,316.1679,322.7608,329.1887,335.4916,341.7357,347.8744,353.8604,359.6458,365.2977,370.8258,376.0959,380.9733,385.32300000000004,389.3094,393.0956,396.5433,399.5134,401.8661,403.7244,405.2744,406.4701,407.2674,407.6238
"No targets calculated, so the baseline emissions are put in as target pathways for all un/conditional best/worst pathways.
",ARE,baseline_emissions,conditional,best,KYOTOGHG,IPCM0EL,MtCO2eq,AR4,61.2097,67.2973,68.9758,76.3247,83.2046,84.7661,77.7487,80.9749,103.0591,103.0369,137.7742,134.6088,125.6334,156.3638,171.1557,183.0349,186.4729,193.729,212.261,215.8088,204.1377,205.3739,211.7397,205.9782,236.8704,254.1235,262.4122,259.7016,257.8048,261.8257,266.6386,272.1705,277.8681,283.7629,289.8826,296.252,302.828,309.4951,316.1679,322.7608,329.1887,335.4916,341.7357,347.8744,353.8604,359.6458,365.2977,370.8258,376.0959,380.9733,385.32300000000004,389.3094,393.0956,396.5433,399.5134,401.8661,403.7244,405.2744,406.4701,407.2674,407.6238
"No targets calculated, so the baseline emissions are put in as target pathways for all un/conditional best/worst pathways.
",ARE,baseline_emissions,unconditional,worst,KYOTOGHG,IPCM0EL,MtCO2eq,AR4,61.2097,67.2973,68.9758,76.3247,83.2046,84.7661,77.7487,80.9749,103.0591,103.0369,137.7742,134.6088,125.6334,156.3638,171.1557,183.0349,186.4729,193.729,212.261,215.8088,204.1377,205.3739,211.7397,205.9782,236.8704,254.1235,262.4122,259.7016,257.8048,261.8257,266.6386,272.1705,277.8681,283.7629,289.8826,296.252,302.828,309.4951,316.1679,322.7608,329.1887,335.4916,341.7357,347.8744,353.8604,359.6458,365.2977,370.8258,376.0959,380.9733,385.32300000000004,389.3094,393.0956,396.5433,399.5134,401.8661,403.7244,405.2744,406.4701,407.2674,407.6238
"No targets calculated, so the baseline emissions are put in as target pathways for all un/conditional best/worst pathways.
",ARE,baseline_emissions,unconditional,best,KYOTOGHG,IPCM0EL,MtCO2eq,AR4,61.2097,67.2973,68.9758,76.3247,83.2046,84.7661,77.7487,80.9749,103.0591,103.0369,137.7742,134.6088,125.6334,156.3638,171.1557,183.0349,186.4729,193.729,212.261,215.8088,204.1377,205.3739,211.7397,205.9782,236.8704,254.1235,262.4122,259.7016,257.8048,261.8257,266.6386,272.1705,277.8681,283.7629,289.8826,296.252,302.828,309.4951,316.1679,322.7608,329.1887,335.4916,341.7357,347.8744,353.8604,359.6458,365.2977,370.8258,376.0959,380.9733,385.32300000000004,389.3094,393.0956,396.5433,399.5134,401.8661,403.7244,405.2744,406.4701,407.2674,407.6238
,ARE,,emi_bau,emi_bau,KYOTOGHG,IPCM0EL,MtCO2eq,AR4,61.2097,67.2973,68.9758,76.3247,83.2046,84.7661,77.7487,80.9749,103.0591,103.0369,137.7742,134.6088,125.6334,156.3638,171.1557,183.0349,186.4729,193.729,212.261,215.8088,204.1377,205.3739,211.7397,205.9782,236.8704,254.1235,262.4122,259.7016,257.8048,261.8257,266.6386,272.1705,277.8681,283.7629,289.8826,296.252,302.828,309.4951,316.1679,322.7608,329.1887,335.4916,341.7357,347.8744,353.8604,359.6458,365.2977,370.8258,376.0959,380.9733,385.32300000000004,389.3094,393.0956,396.5433,399.5134,401.8661,403.7244,405.2744,406.4701,407.2674,407.6238
,ARE,,emi_cov,emi_cov,KYOTOGHG,IPCM0EL,MtCO2eq,AR4,57.8020712255655,63.472013321238904,64.9599843656332,72.2544610542067,78.90360046389921,80.2490319320485,72.83931284033869,75.8188828400264,97.75038106402359,97.3079980779928,131.8416130509986,128.8601125913088,119.70605928025618,150.4315101954326,165.3851628107919,177.1808680702046,180.92131814171913,188.43054982088398,207.05560993736498,210.64702728484158,199.5843283753839,201.19548195283588,207.8352682086516,202.27289379442857,233.3973273173568,250.53677144267402,258.7368397693046,255.93314176004156,254.1878610447616,258.2433321742666,263.09761299477856,268.677075687867,274.42366287088174,280.3691456582704,286.54146214255945,292.96562531240403,299.59816495107196,306.3225879804645,313.05275996637624,319.70234480282477,326.1855111607113,332.5426026676552,338.840388707391,345.0318685315608,351.0693352953704,356.9044775729928,362.6049719315475,368.18060204141466,373.4960137317948,378.4153488775551,382.80244697183105,386.82312145540914,390.6418748583508,394.1192177211711,397.1148541848488,399.4877824768376,401.3620599650208,402.92538661851364,404.1313673780137,404.9355224876442,405.2949865327728
,ARE,,emi_ncov,emi_ncov,KYOTOGHG,IPCM0EL,MtCO2eq,AR4,3.407628774434501,3.8252866787611053,4.0158156343668,4.070238945793308,4.300999536100794,4.517068067951503,4.909387159661305,5.156017159973608,5.30871893597641,5.728901922007195,5.93258694900141,5.748687408691204,5.927340719743805,5.932289804567394,5.770537189208092,5.854031929795393,5.551581858280884,5.298450179116018,5.205390062635009,5.161772715158392,4.553371624616101,4.178418047164118,3.9044317913484043,3.705306205571408,3.4730726826431932,3.586728557325974,3.675360230695404,3.768458239958422,3.6169389552383864,3.5823678257334,3.540987005221412,3.4934243121329955,3.444437129118306,3.393754341729618,3.34113785744058,3.2863746875960036,3.229835048927986,3.17251201953549,3.1151400336237063,3.0584551971752356,3.003188839288688,2.948997332344793,2.8953112926090023,2.842531468439197,2.791064704629602,2.7413224270072325,2.6927280684525146,2.64519795858538,2.599886268205172,2.55795112244488,2.520553028168979,2.4862785445908306,2.453725141649209,2.424082278828896,2.3985458151511847,2.378317523162442,2.362340034979187,2.3490133814863645,2.3387326219862867,2.331877512355796,2.328813467227247
,ARE,,pc_cov,pc_cov,KYOTOGHG,IPCM0EL,MtCO2eq/MtCO2eq,AR4,0.944328615,0.9431583929999999,0.941779354,0.9466720609999999,0.9483081520000001,0.946711385,0.9368557009999999,0.9363257359999999,0.9484885959999999,0.944399512,0.9569397829999999,0.957293376,0.952820343,0.962060977,0.966284867,0.968016854,0.9702284790000001,0.9726501959999999,0.975476465,0.976081732,0.977694607,0.9796545809999999,0.981560228,0.982011173,0.985337667,0.9858858840000001,0.985993943,0.9854892759999999,0.985970242,0.986317738,0.986719901,0.987164574,0.987604057,0.9880401759999999,0.9884741690000001,0.988906827,0.989334424,0.989749395,0.990147197,0.9905240809999999,0.990876999,0.991209922,0.99152763,0.991828857,0.992112526,0.9923777159999999,0.992628675,0.992866737,0.9930871720000001,0.993285747,0.993458597,0.9936136179999999,0.993757943,0.993886967,0.993996332,0.9940818159999999,0.994148632,0.9942038940000001,0.994246237,0.994274333,0.9942868559999999
,ARG,,pop,pop,POP,DEMOGR,Pers,,32618651.0,33079000.0,33529326.0,33970111.0,34402672.0,34828170.0,35246374.0,35657429.0,36063459.0,36467218.0,36870787.0,37275652.0,37681749.0,38087868.0,38491972.0,38892931.0,39289878.0,39684295.0,40080160.0,40482788.0,40895752.0,41320500.0,41755196.0,42196030.0,42637511.0,43075416.0,43508460.0,43937140.0,44343032.5368,44766787.8046,45192015.8409,45622306.8586,46060833.9108,46506763.8076,46959266.6343,47417517.6529,47878447.2321,48338417.5405,48795753.5295,49248776.2068,49695803.0143,50138376.8602,50579419.9942,51019319.0516,51458463.6415,51897245.8738,52335885.0614,52774419.7133,53212973.2275,53651669.8866,54090634.5073,54530011.467,54969936.9386,55410525.8106,55851895.775,56294167.1593,56736465.0784,57177551.7983,57617005.0435,58054402.8574,58489324.3076
,ARG,,gdp,gdp,GDPPPP,ECO,2011GKD,,174260562500.0,209316968750.0,251941218750.0,289741843750.0,337225031250.0,374330937500.0,482767000000.0,500660593750.0,500768000000.0,470612125000.0,466399968750.0,436439968750.0,405416562500.0,427786687500.0,460466500000.0,499701406250.0,541804375000.0,592911375000.0,633507500000.0,592230250000.0,658943500000.0,717974437500.0,713034312500.0,723992375000.0,701992062500.0,718820312500.0,709364562500.0,736510875000.0,777493395838.0619,804743958381.3252,831537836540.2006,858284233876.3809,885239438004.0071,912323987169.896,939458064689.1726,966561820923.0408,993412155354.6708,1019787022187.193,1045608482598.6692,1070798752121.457,1095280163867.138,1119101031099.328,1142328495900.981,1164913035099.725,1186805032820.003,1207955116552.485,1228428629448.259,1248399966373.342,1267983349890.6929,1287292171617.74,1306438774632.356,1325103502833.552,1343092199301.6409,1360704452270.3691,1378239500804.4958,1395996173715.043,1413979483055.98,1432027791934.4368,1450189722728.4082,1468513919797.8032,1487049054063.816
"The target value from 'conditional_best' was used for 'conditional_worst' in 2030.
",ARG,ABS,conditional,worst,KYOTOGHG,IPCM0EL,MtCO2eq,AR4,242.8383,252.4021,257.77,261.462,266.6969,260.6655,272.747,274.4033,278.8986,280.945,296.9296,293.5946,287.0193,304.9927,317.2126,326.7034,341.3797,355.7947,352.1372,341.5865,315.8042,325.657,327.4683,337.4221,339.2946,342.361,347.167,348.1714,353.92252307692314,359.6736461538462,365.4247692307693,350.80637955544637,335.5567658309172,319.67592805718147,303.1638662342397,286.0205803620914,268.2460704407368,249.8403364701758,230.8033784504085,211.13519638143487,190.83579026325486,193.77172202717642,196.63212011392204,199.40132730367097,202.06391198495712,204.604893763024,207.0263031130645,209.34903136873004,211.586208936268,213.75046988354538,215.8543129134162,217.85311269330765,219.7304449349927,221.53941784518338,223.3318311021342,225.15826609898386,227.0181813756809,228.88360149623423,230.76318982146694,232.66511337382153,234.59735868905676
,ARG,ABS,conditional,best,KYOTOGHG,IPCM0EL,MtCO2eq,AR4,242.8383,252.4021,257.77,261.462,266.6969,260.6655,272.747,274.4033,278.8986,280.945,296.9296,293.5946,287.0193,304.9927,317.2126,326.7034,341.3797,355.7947,352.1372,341.5865,315.8042,325.657,327.4683,337.4221,339.2946,342.361,347.167,348.1714,353.92252307692314,359.6736461538462,365.4247692307693,350.80637955544637,335.5567658309172,319.67592805718147,303.1638662342397,286.0205803620914,268.2460704407368,249.8403364701758,230.8033784504085,211.13519638143487,190.83579026325486,193.77172202717642,196.63212011392204,199.40132730367097,202.06391198495712,204.604893763024,207.0263031130645,209.34903136873004,211.586208936268,213.75046988354538,215.8543129134162,217.85311269330765,219.7304449349927,221.53941784518338,223.3318311021342,225.15826609898386,227.0181813756809,228.88360149623423,230.76318982146694,232.66511337382153,234.59735868905676
"The target value from 'unconditional_best' was used for 'unconditional_worst' in 2030.
",ARG,ABS,unconditional,worst,KYOTOGHG,IPCM0EL,MtCO2eq,AR4,242.8383,252.4021,257.77,261.462,266.6969,260.6655,272.747,274.4033,278.8986,280.945,296.9296,293.5946,287.0193,304.9927,317.2126,326.7034,341.3797,355.7947,352.1372,341.5865,315.8042,325.657,327.4683,337.4221,339.2946,342.361,347.167,348.1714,353.92252307692314,359.6736461538462,365.4247692307693,361.2194936978501,356.70568264312163,351.8833360665837,346.7524539682366,341.31303634807983,335.5650832061138,329.5085945423384,323.1435703567537,316.4700106493595,309.48791542015596,314.2492623361535,318.8881125220516,323.37907388385713,327.6971202078939,331.81795704111937,335.74487730638583,339.51176152103847,343.13990391952115,346.6497937995805,350.06170093077293,353.30325418641496,356.3478174794359,359.28151903643493,362.18836497817324,365.15038567170063,368.1667030042566,371.191947816545,374.240169912735,377.32461416029844,380.4582327224538
,ARG,ABS,unconditional,best,KYOTOGHG,IPCM0EL,MtCO2eq,AR4,242.8383,252.4021,257.77,261.462,266.6969,260.6655,272.747,274.4033,278.8986,280.945,296.9296,293.5946,287.0193,304.9927,317.2126,326.7034,341.3797,355.7947,352.1372,341.5865,315.8042,325.657,327.4683,337.4221,339.2946,342.361,347.167,348.1714,353.92252307692314,359.6736461538462,365.4247692307693,361.2194936978501,356.70568264312163,351.8833360665837,346.7524539682366,341.31303634807983,335.5650832061138,329.5085945423384,323.1435703567537,316.4700106493595,309.48791542015596,314.2492623361535,318.8881125220516,323.37907388385713,327.6971202078939,331.81795704111937,335.74487730638583,339.51176152103847,343.13990391952115,346.6497937995805,350.06170093077293,353.30325418641496,356.3478174794359,359.28151903643493,362.18836497817324,365.15038567170063,368.1667030042566,371.191947816545,374.240169912735,377.32461416029844,380.4582327224538
"The target value from 'conditional_best' was used for 'conditional_worst' in 2030.
",ARG,ABU,conditional,worst,KYOTOGHG,IPCM0EL,MtCO2eq,AR4,242.8383,252.4021,257.77,261.462,266.6969,260.6655,272.747,274.4033,278.8986,280.945,296.9296,293.5946,287.0193,304.9927,317.2126,326.7034,341.3797,355.7947,352.1372,341.5865,315.8042,325.657,327.4683,337.4221,339.2946,342.361,347.167,348.1714,353.92252307692314,359.6736461538462,365.4247692307693,350.80637955544637,335.5567658309172,319.67592805718147,303.1638662342397,286.0205803620914,268.24607044073673,249.8403364701758,230.80337845040847,211.13519638143475,190.8357902632548,193.77172202717637,196.63212011392199,199.4013273036709,202.0639119849571,204.60489376302394,207.02630311306444,209.34903136872998,211.58620893626795,213.75046988354532,215.85431291341615,217.8531126933076,219.73044493499265,221.53941784518332,223.33183110213415,225.1582660989838,227.01818137568085,228.88360149623418,230.76318982146688,232.66511337382147,234.5973586890567
,ARG,ABU,conditional,best,KYOTOGHG,IPCM0EL,MtCO2eq,AR4,242.8383,252.4021,257.77,261.462,266.6969,260.6655,272.747,274.4033,278.8986,280.945,296.9296,293.5946,287.0193,304.9927,317.2126,326.7034,341.3797,355.7947,352.1372,341.5865,315.8042,325.657,327.4683,337.4221,339.2946,342.361,347.167,348.1714,353.92252307692314,359.6736461538462,365.4247692307693,350.80637955544637,335.5567658309172,319.67592805718147,303.1638662342397,286.0205803620914,268.24607044073673,249.8403364701758,230.80337845040847,211.13519638143475,190.8357902632548,193.77172202717637,196.63212011392199,199.4013273036709,202.0639119849571,204.60489376302394,207.02630311306444,209.34903136872998,211.58620893626795,213.75046988354532,215.85431291341615,217.8531126933076,219.73044493499265,221.53941784518332,223.33183110213415,225.1582660989838,227.01818137568085,228.88360149623418,230.76318982146688,232.66511337382147,234.5973586890567
"The target value from 'unconditional_best' was used for 'unconditional_worst' in 2030.
",ARG,ABU,unconditional,worst,KYOTOGHG,IPCM0EL,MtCO2eq,AR4,242.8383,252.4021,257.77,261.462,266.6969,260.6655,272.747,274.4033,278.8986,280.945,296.9296,293.5946,287.0193,304.9927,317.2126,326.7034,341.3797,355.7947,352.1372,341.5865,315.8042,325.657,327.4683,337.4221,339.2946,342.361,347.167,348.1714,353.92252307692314,359.6736461538462,365.4247692307693,361.2194936978501,356.70568264312163,351.8833360665837,346.7524539682366,341.31303634807983,335.5650832061138,329.5085945423384,323.1435703567537,316.4700106493595,309.48791542015596,314.2492623361535,318.8881125220516,323.37907388385713,327.6971202078939,331.81795704111937,335.74487730638583,339.51176152103847,343.13990391952115,346.6497937995805,350.06170093077293,353.30325418641496,356.3478174794359,359.28151903643493,362.18836497817324,365.15038567170063,368.1667030042566,371.191947816545,374.240169912735,377.32461416029844,380.4582327224538
,ARG,ABU,unconditional,best,KYOTOGHG,IPCM0EL,MtCO2eq,AR4,242.8383,252.4021,257.77,261.462,266.6969,260.6655,272.747,274.4033,278.8986,280.945,296.9296,293.5946,287.0193,304.9927,317.2126,326.7034,341.3797,355.7947,352.1372,341.5865,315.8042,325.657,327.4683,337.4221,339.2946,342.361,347.167,348.1714,353.92252307692314,359.6736461538462,365.4247692307693,361.2194936978501,356.70568264312163,351.8833360665837,346.7524539682366,341.31303634807983,335.5650832061138,329.5085945423384,323.1435703567537,316.4700106493595,309.48791542015596,314.2492623361535,318.8881125220516,323.37907388385713,327.6971202078939,331.81795704111937,335.74487730638583,339.51176152103847,343.13990391952115,346.6497937995805,350.06170093077293,353.30325418641496,356.3478174794359,359.28151903643493,362.18836497817324,365.15038567170063,368.1667030042566,371.191947816545,374.240169912735,377.32461416029844,380.4582327224538
"The target value from 'conditional_best' was used for 'conditional_worst' in 2030.
",ARG,RBU,conditional,worst,KYOTOGHG,IPCM0EL,MtCO2eq,AR4,242.8383,252.4021,257.77,261.462,266.6969,260.6655,272.747,274.4033,278.8986,280.945,296.9296,293.5946,287.0193,304.9927,317.2126,326.7034,341.3797,355.7947,352.1372,341.5865,315.8042,325.657,327.4683,337.4221,339.2946,342.361,347.167,348.1714,353.92252307692314,359.6736461538462,365.4247692307693,351.16809825723516,336.29141241492005,320.79471170382385,304.677996123947,287.9412656752889,270.58452035784984,252.60776017162993,234.01098511662894,214.79419519284696,194.95739040028405,197.95673132211982,200.8789072186255,203.70792271119322,206.42801290217494,209.02387385584206,211.4975799008325,213.87047357402074,216.15596886726522,218.3669727143129,220.51625376033493,222.55822287148928,224.47610103390494,226.32414346551107,228.1552685946703,230.02115025256245,231.92123528488406,233.826944052624,235.7471270246373,237.69012761166758,239.66410483969057
,ARG,RBU,conditional,best,KYOTOGHG,IPCM0EL,MtCO2eq,AR4,242.8383,252.4021,257.77,261.462,266.6969,260.6655,272.747,274.4033,278.8986,280.945,296.9296,293.5946,287.0193,304.9927,317.2126,326.7034,341.3797,355.7947,352.1372,341.5865,315.8042,325.657,327.4683,337.4221,339.2946,342.361,347.167,348.1714,353.92252307692314,359.6736461538462,365.4247692307693,351.16809825723516,336.29141241492005,320.79471170382385,304.677996123947,287.9412656752889,270.58452035784984,252.60776017162993,234.01098511662894,214.79419519284696,194.95739040028405,197.95673132211982,200.8789072186255,203.70792271119322,206.42801290217494,209.02387385584206,211.4975799008325,213.87047357402074,216.15596886726522,218.3669727143129,220.51625376033493,222.55822287148928,224.47610103390494,226.32414346551107,228.1552685946703,230.02115025256245,231.92123528488406,233.826944052624,235.7471270246373,237.69012761166758,239.66410483969057
"The target value from 'unconditional_best' was used for 'unconditional_worst' in 2030.
",ARG,RBU,unconditional,worst,KYOTOGHG,IPCM0EL,MtCO2eq,AR4,242.8383,252.4021,257.77,261.462,266.6969,260.6655,272.747,274.4033,278.8986,280.945,296.9296,293.5946,287.0193,304.9927,317.2126,326.7034,341.3797,355.7947,352.1372,341.5865,315.8042,325.657,327.4683,337.4221,339.2946,342.361,347.167,348.1714,353.92252307692314,359.6736461538462,365.4247692307693,361.4423708777402,357.1583436696285,352.57268760643404,347.6854026881572,342.4964889147975,337.0059462863552,331.21377480283036,325.1199744642228,318.7245452705326,312.0274872217598,316.8279044269773,321.50481972798,326.03263267031025,330.3861116821392,334.5407629568962,338.4999064382429,342.29770065763176,345.955614584075,349.49430564480093,352.93420993746025,356.2023624780218,359.2719086110889,362.229683307546,365.1603820190289,368.14670823097634,371.1877766250788,374.2378457553306,377.3110807146885,380.4208350543248,383.580167219309
,ARG,RBU,unconditional,best,KYOTOGHG,IPCM0EL,MtCO2eq,AR4,242.8383,252.4021,257.77,261.462,266.6969,260.6655,272.747,274.4033,278.8986,280.945,296.9296,293.5946,287.0193,304.9927,317.2126,326.7034,341.3797,355.7947,352.1372,341.5865,315.8042,325.657,327.4683,337.4221,339.2946,342.361,347.167,348.1714,353.92252307692314,359.6736461538462,365.4247692307693,361.4423708777402,357.1583436696285,352.57268760643404,347.6854026881572,342.4964889147975,337.0059462863552,331.21377480283036,325.1199744642228,318.7245452705326,312.0274872217598,316.8279044269773,321.50481972798,326.03263267031025,330.3861116821392,334.5407629568962,338.4999064382429,342.29770065763176,345.955614584075,349.49430564480093,352.93420993746025,356.2023624780218,359.2719086110889,362.229683307546,365.1603820190289,368.14670823097634,371.1877766250788,374.2378457553306,377.3110807146885,380.4208350543248,383.580167219309
"No targets calculated, so the baseline emissions are put in as target pathways for all un/conditional best/worst pathways.
",ARG,baseline_emissions,conditional,worst,KYOTOGHG,IPCM0EL,MtCO2eq,AR4,242.8383,252.4021,257.77,261.462,266.6969,260.6655,272.747,274.4033,278.8986,280.945,296.9296,293.5946,287.0193,304.9927,317.2126,326.7034,341.3797,355.7947,352.1372,341.5865,315.8042,325.657,327.4683,337.4221,339.2946,342.361,347.167,348.1714,353.92252307692314,359.6736461538462,365.4247692307693,371.1758923076923,376.9270153846154,382.67813846153837,388.4292615384616,394.1803846153846,399.93150769230766,405.68263076923074,411.4337538461538,417.18487692307684,422.936,429.4427,435.782,441.9192,447.8201,453.4515,458.8179,463.9656,468.9237,473.7202,478.3828,482.8126,486.9732,490.9823,494.9547,499.0025,503.1245,507.2587,511.4243,515.6394,519.9217
"No targets calculated, so the baseline emissions are put in as target pathways for all un/conditional best/worst pathways.
",ARG,baseline_emissions,conditional,best,KYOTOGHG,IPCM0EL,MtCO2eq,AR4,242.8383,252.4021,257.77,261.462,266.6969,260.6655,272.747,274.4033,278.8986,280.945,296.9296,293.5946,287.0193,304.9927,317.2126,326.7034,341.3797,355.7947,352.1372,341.5865,315.8042,325.657,327.4683,337.4221,339.2946,342.361,347.167,348.1714,353.92252307692314,359.6736461538462,365.4247692307693,371.1758923076923,376.9270153846154,382.67813846153837,388.4292615384616,394.1803846153846,399.93150769230766,405.68263076923074,411.4337538461538,417.18487692307684,422.936,429.4427,435.782,441.9192,447.8201,453.4515,458.8179,463.9656,468.9237,473.7202,478.3828,482.8126,486.9732,490.9823,494.9547,499.0025,503.1245,507.2587,511.4243,515.6394,519.9217
"No targets calculated, so the baseline emissions are put in as target pathways for all un/conditional best/worst pathways.
",ARG,baseline_emissions,unconditional,worst,KYOTOGHG,IPCM0EL,MtCO2eq,AR4,242.8383,252.4021,257.77,261.462,266.6969,260.6655,272.747,274.4033,278.8986,280.945,296.9296,293.5946,287.0193,304.9927,317.2126,326.7034,341.3797,355.7947,352.1372,341.5865,315.8042,325.657,327.4683,337.4221,339.2946,342.361,347.167,348.1714,353.92252307692314,359.6736461538462,365.4247692307693,371.1758923076923,376.9270153846154,382.67813846153837,388.4292615384616,394.1803846153846,399.93150769230766,405.68263076923074,411.4337538461538,417.18487692307684,422.936,429.4427,435.782,441.9192,447.8201,453.4515,458.8179,463.9656,468.9237,473.7202,478.3828,482.8126,486.9732,490.9823,494.9547,499.0025,503.1245,507.2587,511.4243,515.6394,519.9217
"No targets calculated, so the baseline emissions are put in as target pathways for all un/conditional best/worst pathways.
",ARG,baseline_emissions,unconditional,best,KYOTOGHG,IPCM0EL,MtCO2eq,AR4,242.8383,252.4021,257.77,261.462,266.6969,260.6655,272.747,274.4033,278.8986,280.945,296.9296,293.5946,287.0193,304.9927,317.2126,326.7034,341.3797,355.7947,352.1372,341.5865,315.8042,325.657,327.4683,337.4221,339.2946,342.361,347.167,348.1714,353.92252307692314,359.6736461538462,365.4247692307693,371.1758923076923,376.9270153846154,382.67813846153837,388.4292615384616,394.1803846153846,399.93150769230766,405.68263076923074,411.4337538461538,417.18487692307684,422.936,429.4427,435.782,441.9192,447.8201,453.4515,458.8179,463.9656,468.9237,473.7202,478.3828,482.8126,486.9732,490.9823,494.9547,499.0025,503.1245,507.2587,511.4243,515.6394,519.9217
,ARG,,emi_bau,emi_bau,KYOTOGHG,IPCM0EL,MtCO2eq,AR4,242.8383,252.4021,257.77,261.462,266.6969,260.6655,272.747,274.4033,278.8986,280.945,296.9296,293.5946,287.0193,304.9927,317.2126,326.7034,341.3797,355.7947,352.1372,341.5865,315.8042,325.657,327.4683,337.4221,339.2946,342.361,347.167,348.1714,353.92252307692314,359.6736461538462,365.4247692307693,371.1758923076923,376.9270153846154,382.67813846153837,388.4292615384616,394.1803846153846,399.93150769230766,405.68263076923074,411.4337538461538,417.18487692307684,422.936,429.4427,435.782,441.9192,447.8201,453.4515,458.8179,463.9656,468.9237,473.7202,478.3828,482.8126,486.9732,490.9823,494.9547,499.0025,503.1245,507.2587,511.4243,515.6394,519.9217
,ARG,,emi_cov,emi_cov,KYOTOGHG,IPCM0EL,MtCO2eq,AR4,242.8383,252.4021,257.77,261.462,266.6969,260.6655,272.747,274.4033,278.8986,280.945,296.9296,293.5946,287.0193,304.9927,317.2126,326.7034,341.3797,355.7947,352.1372,341.5865,315.8042,325.657,327.4683,337.4221,339.2946,342.361,347.167,348.1714,353.9224172540887,359.67354112914154,365.4247692307693,371.1758923076923,376.9270153846154,382.67813846153837,388.4292615384616,394.1803846153846,399.93150769230766,405.68252975425565,411.43365345631787,417.18487692307684,422.936,429.4427,435.782,441.9192,447.8201,453.4513997872185,458.8179,463.9656,468.9237,473.7202,478.3828,482.8126,486.9732,490.9823,494.9546000191506,499.0025,503.1243998782245,507.2587,511.42419976083727,515.6394,519.9217
,ARG,,emi_ncov,emi_ncov,KYOTOGHG,IPCM0EL,MtCO2eq,AR4,0.0,0.0,0.0,0.0,0.0,0.0,0.0,0.0,0.0,0.0,0.0,0.0,0.0,0.0,0.0,0.0,0.0,0.0,0.0,0.0,0.0,0.0,0.0,0.0,0.0,0.0,0.0,0.0,0.00010582283443270946,0.00010502470470150633,0.0,0.0,0.0,0.0,0.0,0.0,0.0,0.00010101497508718831,0.0001003898359769774,0.0,0.0,0.0,0.0,0.0,0.0,0.00010021278148500984,0.0,0.0,0.0,0.0,0.0,0.0,0.0,0.0,9.998084942980101e-05,0.0,0.00010012177551712288,0.0,0.00010023916274723854,0.0,0.0
,ARG,,pc_cov,pc_cov,KYOTOGHG,IPCM0EL,MtCO2eq/MtCO2eq,AR4,1.0,1.0,1.0,1.0,1.0,1.0,1.0,1.0,1.0,1.0,1.0,1.0,1.0,1.0,1.0,1.0,1.0,1.0,1.0,1.0,1.0,1.0,1.0,1.0,1.0,1.0,1.0,1.0,0.9999997009999999,0.9999997079999999,1.0,1.0,1.0,1.0,1.0,1.0,1.0,0.9999997509999999,0.9999997559999999,1.0,1.0,1.0,1.0,1.0,1.0,0.999999779,1.0,1.0,1.0,1.0,1.0,1.0,1.0,1.0,0.9999997979999999,1.0,0.999999801,1.0,0.9999998040000001,1.0,1.0
,ARM,,pop,pop,POP,DEMOGR,Pers,,3538171.0,3505258.0,3442817.0,3363108.0,3283667.0,3217348.0,3168221.0,3133089.0,3108687.0,3089022.0,3069591.0,3050687.0,3033978.0,3017932.0,3000720.0,2981269.0,2958307.0,2932618.0,2907618.0,2888092.0,2877319.0,2876538.0,2884234.0,2897588.0,2912409.0,2925553.0,2936143.0,2944791.0,2925400.3081,2925649.8678,2925431.3911,2925235.8789,2925449.2323,2925852.4806,2926227.1999,2926355.2785,2926345.2643,2926425.0923,2926556.0354,2926699.4987,2926816.9733,2926719.643,2926215.2893,2925260.5532,2923812.5176,2921829.0192,2919382.7835,2916578.0273,2913420.8316,2909917.5889,2906075.0781,2902071.1642,2898068.384,2894051.2285,2890004.8684,2885915.3515,2881722.9527,2877343.5710000005,2872728.4037,2867830.0074,2862602.3676
,ARM,,gdp,gdp,GDPPPP,ECO,2011GKD,,21347191406.25,19200675781.25,11015563476.5625,9739891601.5625,8125392089.8438,8516803710.9375,8930552734.375,8469625976.5625,8574900390.625,8652245117.1875,9017800781.25,9850267578.125,11054021484.375,12457209960.9375,13678836914.0625,15699254882.8125,17868910156.25,20674759765.625,22234271484.375,20135666015.625,22002771484.375,24617986328.125,25455658203.125,25938695312.5,26708552734.375,26681625000.0,26856033203.125,29110048828.125,29756535221.2808,30775463762.05,31765531814.8607,32742649270.3772,33730113935.5236,34726497216.2427,35730311969.5213,36740043354.4504,37749672958.7728,38747096041.1892,39721662283.2565,40662720054.1962,41559624991.2602,42429226675.3283,43295513089.1847,44158569749.954,45018540438.6655,45875657502.5697,46705475018.7375,47486122261.073,48221705351.6726,48916189819.6802,49573395389.6113,50186105170.7041,50759477435.05,51315824502.2714,51877522302.9924,52467210941.2679,53074829925.0125,53676207732.9343,54273137332.1403,54867299213.5595,55460253876.6011
"The target value from 'conditional_best' was used for 'conditional_worst' in 2025, 2030, 2050.
",ARM,AEI,conditional,worst,KYOTOGHG,IPCM0EL,MtCO2eq,AR4,25.9566,24.3446,28.934,13.3996,13.2646,14.0969,10.6776,10.904000000000002,9.4562,7.4859,6.072,6.1206,5.9108,6.4129,6.825,7.6766,8.0107,8.826,9.5409,8.4695,8.5031,9.3504,10.4292,10.3439,10.4658,11.2202,11.5894,11.2487,10.9283,11.174000000000001,11.4186,12.498484124473224,13.612281225061082,14.763708334092962,15.956500584355728,17.19497530407086,17.21916620603524,17.234590734148505,17.238014573988064,17.22656664717541,17.197603206353293,16.892021130290907,16.56626906588814,16.221525536188228,15.858300422224653,15.47722962441187,15.07080755583706,14.633760526046572,14.168676403635047,13.67737351270722,13.161720411169487,12.62042277730869,12.054761422956302,11.468672319669633,10.865267760067375,10.24659990841148,9.60769708853467,8.942386416986936,8.250287756163221,7.53100979631614,6.784424180325356
,ARM,AEI,conditional,best,KYOTOGHG,IPCM0EL,MtCO2eq,AR4,25.9566,24.3446,28.934,13.3996,13.2646,14.0969,10.6776,10.904000000000002,9.4562,7.4859,6.072,6.1206,5.9108,6.4129,6.825,7.6766,8.0107,8.826,9.5409,8.4695,8.5031,9.3504,10.4292,10.3439,10.4658,11.2202,11.5894,11.2487,10.9283,11.174000000000001,11.4186,12.498484124473224,13.612281225061082,14.763708334092962,15.956500584355728,17.19497530407086,17.21916620603524,17.234590734148505,17.238014573988064,17.22656664717541,17.197603206353293,16.892021130290907,16.56626906588814,16.221525536188228,15.858300422224653,15.47722962441187,15.07080755583706,14.633760526046572,14.168676403635047,13.67737351270722,13.161720411169487,12.62042277730869,12.054761422956302,11.468672319669633,10.865267760067375,10.24659990841148,9.60769708853467,8.942386416986936,8.250287756163221,7.53100979631614,6.784424180325356
,ARM,AEI,unconditional,worst,KYOTOGHG,IPCM0EL,MtCO2eq,AR4,25.9566,24.3446,28.934,13.3996,13.2646,14.0969,10.6776,10.904000000000002,9.4562,7.4859,6.072,6.1206,5.9108,6.4129,6.825,7.6766,8.0107,8.826,9.5409,8.4695,8.5031,9.3504,10.4292,10.3439,10.4658,11.2202,11.5894,11.2487,10.9283,11.174000000000001,11.4186,11.6611,11.9028,12.1469,12.3959,12.6522,12.9155,13.1825,13.4509,13.7185,13.9831,14.2463,14.5122,14.7822,15.0573,15.3388,15.6198,15.8945,16.1649,16.4325,16.6992,16.9631,17.2255,17.4921,17.7689,18.0619,18.3657,18.6704,18.9754,19.2798,19.583
,ARM,AEI,unconditional,best,KYOTOGHG,IPCM0EL,MtCO2eq,AR4,25.9566,24.3446,28.934,13.3996,13.2646,14.0969,10.6776,10.904000000000002,9.4562,7.4859,6.072,6.1206,5.9108,6.4129,6.825,7.6766,8.0107,8.826,9.5409,8.4695,8.5031,9.3504,10.4292,10.3439,10.4658,11.2202,11.5894,11.2487,10.9283,11.174000000000001,11.4186,11.6611,11.9028,12.1469,12.3959,12.6522,12.9155,13.1825,13.4509,13.7185,13.9831,14.2463,14.5122,14.7822,15.0573,15.3388,15.6198,15.8945,16.1649,16.4325,16.6992,16.9631,17.2255,17.4921,17.7689,18.0619,18.3657,18.6704,18.9754,19.2798,19.583
"No targets calculated, so the baseline emissions are put in as target pathways for all un/conditional best/worst pathways.
",ARM,baseline_emissions,conditional,worst,KYOTOGHG,IPCM0EL,MtCO2eq,AR4,25.9566,24.3446,28.934,13.3996,13.2646,14.0969,10.6776,10.904000000000002,9.4562,7.4859,6.072,6.1206,5.9108,6.4129,6.825,7.6766,8.0107,8.826,9.5409,8.4695,8.5031,9.3504,10.4292,10.3439,10.4658,11.2202,11.5894,11.2487,10.9283,11.174000000000001,11.4186,11.6611,11.9028,12.1469,12.3959,12.6522,12.9155,13.1825,13.4509,13.7185,13.9831,14.2463,14.5122,14.7822,15.0573,15.3388,15.6198,15.8945,16.1649,16.4325,16.6992,16.9631,17.2255,17.4921,17.7689,18.0619,18.3657,18.6704,18.9754,19.2798,19.583
"No targets calculated, so the baseline emissions are put in as target pathways for all un/conditional best/worst pathways.
",ARM,baseline_emissions,conditional,best,KYOTOGHG,IPCM0EL,MtCO2eq,AR4,25.9566,24.3446,28.934,13.3996,13.2646,14.0969,10.6776,10.904000000000002,9.4562,7.4859,6.072,6.1206,5.9108,6.4129,6.825,7.6766,8.0107,8.826,9.5409,8.4695,8.5031,9.3504,10.4292,10.3439,10.4658,11.2202,11.5894,11.2487,10.9283,11.174000000000001,11.4186,11.6611,11.9028,12.1469,12.3959,12.6522,12.9155,13.1825,13.4509,13.7185,13.9831,14.2463,14.5122,14.7822,15.0573,15.3388,15.6198,15.8945,16.1649,16.4325,16.6992,16.9631,17.2255,17.4921,17.7689,18.0619,18.3657,18.6704,18.9754,19.2798,19.583
"No targets calculated, so the baseline emissions are put in as target pathways for all un/conditional best/worst pathways.
",ARM,baseline_emissions,unconditional,worst,KYOTOGHG,IPCM0EL,MtCO2eq,AR4,25.9566,24.3446,28.934,13.3996,13.2646,14.0969,10.6776,10.904000000000002,9.4562,7.4859,6.072,6.1206,5.9108,6.4129,6.825,7.6766,8.0107,8.826,9.5409,8.4695,8.5031,9.3504,10.4292,10.3439,10.4658,11.2202,11.5894,11.2487,10.9283,11.174000000000001,11.4186,11.6611,11.9028,12.1469,12.3959,12.6522,12.9155,13.1825,13.4509,13.7185,13.9831,14.2463,14.5122,14.7822,15.0573,15.3388,15.6198,15.8945,16.1649,16.4325,16.6992,16.9631,17.2255,17.4921,17.7689,18.0619,18.3657,18.6704,18.9754,19.2798,19.583
"No targets calculated, so the baseline emissions are put in as target pathways for all un/conditional best/worst pathways.
",ARM,baseline_emissions,unconditional,best,KYOTOGHG,IPCM0EL,MtCO2eq,AR4,25.9566,24.3446,28.934,13.3996,13.2646,14.0969,10.6776,10.904000000000002,9.4562,7.4859,6.072,6.1206,5.9108,6.4129,6.825,7.6766,8.0107,8.826,9.5409,8.4695,8.5031,9.3504,10.4292,10.3439,10.4658,11.2202,11.5894,11.2487,10.9283,11.174000000000001,11.4186,11.6611,11.9028,12.1469,12.3959,12.6522,12.9155,13.1825,13.4509,13.7185,13.9831,14.2463,14.5122,14.7822,15.0573,15.3388,15.6198,15.8945,16.1649,16.4325,16.6992,16.9631,17.2255,17.4921,17.7689,18.0619,18.3657,18.6704,18.9754,19.2798,19.583
,ARM,,emi_bau,emi_bau,KYOTOGHG,IPCM0EL,MtCO2eq,AR4,25.9566,24.3446,28.934,13.3996,13.2646,14.0969,10.6776,10.904000000000002,9.4562,7.4859,6.072,6.1206,5.9108,6.4129,6.825,7.6766,8.0107,8.826,9.5409,8.4695,8.5031,9.3504,10.4292,10.3439,10.4658,11.2202,11.5894,11.2487,10.9283,11.174000000000001,11.4186,11.6611,11.9028,12.1469,12.3959,12.6522,12.9155,13.1825,13.4509,13.7185,13.9831,14.2463,14.5122,14.7822,15.0573,15.3388,15.6198,15.8945,16.1649,16.4325,16.6992,16.9631,17.2255,17.4921,17.7689,18.0619,18.3657,18.6704,18.9754,19.2798,19.583
,ARM,,emi_cov,emi_cov,KYOTOGHG,IPCM0EL,MtCO2eq,AR4,24.5718633058836,22.9402606178872,27.612229547028004,12.2647729622452,12.147978649940798,12.948853834918898,9.4776824265264,9.666549201200002,8.2508046730902,6.211282843746,4.717088600928,4.756006433791799,4.452622574442,4.94242523645,5.26750476525,6.130564694656,6.2350816265976,7.0652609869620004,7.8129509498559,6.8187676270935,6.9205260628979,7.7225233924992,8.645973677629199,8.410199500578399,8.5098359314866,9.1813078254388,9.2449613369204,9.1798389385182,8.892418209068799,9.083434204306002,9.2735950254504,9.46212322693,9.650029484440799,9.8398015790224,10.0333831203452,10.2326399333136,10.437338799133999,10.644914190077499,10.8535779787793,11.061619831958,11.2673293613154,11.4719504930046,11.6786706882852,11.888578377991198,12.1024509910392,12.3212992041128,12.539758675873799,12.753320318776002,12.9635389808523,13.171580834265002,13.378922979206402,13.584088307713,13.788087499492999,13.995351894918,14.210546160757698,14.438334879434603,14.674519887129598,14.911404612585603,15.1485225616874,15.3851740333434,15.620892593773998
,ARM,,emi_ncov,emi_ncov,KYOTOGHG,IPCM0EL,MtCO2eq,AR4,1.384736694116401,1.4043393821127994,1.3217704529719978,1.1348270377547998,1.116621350059201,1.1480461650811011,1.1999175734735996,1.2374507987999996,1.2053953269098008,1.2746171562539999,1.3549113990719999,1.3645935662082003,1.458177425558,1.4704747635499997,1.5574952347500002,1.546035305344,1.7756183734024005,1.7607390130380003,1.7279490501441004,1.6507323729065,1.5825739371020997,1.6278766075008,1.7832263223708005,1.9337004994216005,1.9559640685133992,2.0388921745611994,2.3444386630796004,2.0688610614818,2.0358817909312004,2.0905657956939994,2.1450049745496,2.198976773069999,2.252770515559201,2.307098420977601,2.3625168796548,2.4195600666864006,2.4781612008660003,2.5375858099225,2.5973220212207004,2.6568801680420013,2.715770638684599,2.774349506995399,2.833529311714801,2.8936216220088014,2.9548490089607986,3.017500795887201,3.080041324126201,3.1411796812239996,3.2013610191476998,3.2609191657349994,3.3202770207935997,3.379011692287001,3.4374125005070018,3.4967481050819997,3.558353839242301,3.6235651205653987,3.6911801128704016,3.758995387414399,3.8268774383126005,3.894625966656601,3.9621074062259996
,ARM,,pc_cov,pc_cov,KYOTOGHG,IPCM0EL,MtCO2eq/MtCO2eq,AR4,0.946651846,0.942314132,0.9543177420000001,0.915308887,0.9158194479999999,0.9185603809999999,0.887622914,0.88651405,0.8725285709999999,0.82973094,0.776859124,0.7770490529999999,0.753302865,0.7707005,0.77179557,0.79860416,0.778344168,0.800505437,0.818890351,0.805096833,0.813882709,0.825902998,0.829016001,0.8130588559999999,0.8131089770000001,0.8182837940000001,0.797708366,0.816079986,0.813705536,0.8129080190000001,0.812148164,0.8114263,0.8107360859999999,0.8100668959999999,0.809411428,0.808763688,0.808125028,0.807503447,0.806903477,0.8063286679999999,0.8057819340000001,0.8052582420000001,0.8047484659999999,0.8042495959999999,0.8037597040000001,0.803276606,0.8028117309999999,0.802373168,0.801956027,0.801556722,0.801171492,0.80080223,0.8004462859999999,0.80009558,0.799742593,0.7993807340000001,0.7990177279999999,0.7986655140000001,0.798324281,0.797994483,0.797676178
,ATA,,pop,pop,POP,DEMOGR,Pers,,,,,,,,,,,,,,,,,,,,,,,,,,,,,,,,,,,,,,,,,,,,,,,,,,,,,,,,,,,,,,
,ATA,,gdp,gdp,GDPPPP,ECO,2011GKD,,,,,,,,,,,,,,,,,,,,,,,,,,,,,,,,,,,,,,,,,,,,,,,,,,,,,,,,,,,,,,
"No targets calculated, so the baseline emissions are put in as target pathways for all un/conditional best/worst pathways.
",ATA,baseline_emissions,conditional,worst,KYOTOGHG,IPCM0EL,MtCO2eq,AR4,0.011000000000000001,0.014667,0.014667,0.014667,0.014667,0.0036667,0.0036667,0.0036667,0.0036667,0.0036667,0.0036667,0.0036667,0.0036667,0.0036667,0.0073334,0.0073334,0.0073334,0.011000000000000001,0.005308,0.005177,0.0050461,0.0049151,0.0047842,0.0046532,0.0045223,0.004391300000000001,0.0042604,0.0041294,0.0044568,0.0044568,0.0044568,0.0044568,0.0044568,0.0044568,0.0044568,0.0044568,0.0044568,0.0044568,0.0044568,0.0044568,0.0044568,0.0044568,0.0044568,0.0044568,0.0044568,0.0044568,0.0044568,0.0044568,0.0044568,0.0044568,0.0044568,0.0044568,0.0044568,0.0044568,0.0044568,0.0044568,0.0044568,0.0044568,0.0044568,0.0044568,0.0044568
"No targets calculated, so the baseline emissions are put in as target pathways for all un/conditional best/worst pathways.
",ATA,baseline_emissions,conditional,best,KYOTOGHG,IPCM0EL,MtCO2eq,AR4,0.011000000000000001,0.014667,0.014667,0.014667,0.014667,0.0036667,0.0036667,0.0036667,0.0036667,0.0036667,0.0036667,0.0036667,0.0036667,0.0036667,0.0073334,0.0073334,0.0073334,0.011000000000000001,0.005308,0.005177,0.0050461,0.0049151,0.0047842,0.0046532,0.0045223,0.004391300000000001,0.0042604,0.0041294,0.0044568,0.0044568,0.0044568,0.0044568,0.0044568,0.0044568,0.0044568,0.0044568,0.0044568,0.0044568,0.0044568,0.0044568,0.0044568,0.0044568,0.0044568,0.0044568,0.0044568,0.0044568,0.0044568,0.0044568,0.0044568,0.0044568,0.0044568,0.0044568,0.0044568,0.0044568,0.0044568,0.0044568,0.0044568,0.0044568,0.0044568,0.0044568,0.0044568
"No targets calculated, so the baseline emissions are put in as target pathways for all un/conditional best/worst pathways.
",ATA,baseline_emissions,unconditional,worst,KYOTOGHG,IPCM0EL,MtCO2eq,AR4,0.011000000000000001,0.014667,0.014667,0.014667,0.014667,0.0036667,0.0036667,0.0036667,0.0036667,0.0036667,0.0036667,0.0036667,0.0036667,0.0036667,0.0073334,0.0073334,0.0073334,0.011000000000000001,0.005308,0.005177,0.0050461,0.0049151,0.0047842,0.0046532,0.0045223,0.004391300000000001,0.0042604,0.0041294,0.0044568,0.0044568,0.0044568,0.0044568,0.0044568,0.0044568,0.0044568,0.0044568,0.0044568,0.0044568,0.0044568,0.0044568,0.0044568,0.0044568,0.0044568,0.0044568,0.0044568,0.0044568,0.0044568,0.0044568,0.0044568,0.0044568,0.0044568,0.0044568,0.0044568,0.0044568,0.0044568,0.0044568,0.0044568,0.0044568,0.0044568,0.0044568,0.0044568
"No targets calculated, so the baseline emissions are put in as target pathways for all un/conditional best/worst pathways.
",ATA,baseline_emissions,unconditional,best,KYOTOGHG,IPCM0EL,MtCO2eq,AR4,0.011000000000000001,0.014667,0.014667,0.014667,0.014667,0.0036667,0.0036667,0.0036667,0.0036667,0.0036667,0.0036667,0.0036667,0.0036667,0.0036667,0.0073334,0.0073334,0.0073334,0.011000000000000001,0.005308,0.005177,0.0050461,0.0049151,0.0047842,0.0046532,0.0045223,0.004391300000000001,0.0042604,0.0041294,0.0044568,0.0044568,0.0044568,0.0044568,0.0044568,0.0044568,0.0044568,0.0044568,0.0044568,0.0044568,0.0044568,0.0044568,0.0044568,0.0044568,0.0044568,0.0044568,0.0044568,0.0044568,0.0044568,0.0044568,0.0044568,0.0044568,0.0044568,0.0044568,0.0044568,0.0044568,0.0044568,0.0044568,0.0044568,0.0044568,0.0044568,0.0044568,0.0044568
,ATA,,emi_bau,emi_bau,KYOTOGHG,IPCM0EL,MtCO2eq,AR4,0.011000000000000001,0.014667,0.014667,0.014667,0.014667,0.0036667,0.0036667,0.0036667,0.0036667,0.0036667,0.0036667,0.0036667,0.0036667,0.0036667,0.0073334,0.0073334,0.0073334,0.011000000000000001,0.005308,0.005177,0.0050461,0.0049151,0.0047842,0.0046532,0.0045223,0.004391300000000001,0.0042604,0.0041294,0.0044568,0.0044568,0.0044568,0.0044568,0.0044568,0.0044568,0.0044568,0.0044568,0.0044568,0.0044568,0.0044568,0.0044568,0.0044568,0.0044568,0.0044568,0.0044568,0.0044568,0.0044568,0.0044568,0.0044568,0.0044568,0.0044568,0.0044568,0.0044568,0.0044568,0.0044568,0.0044568,0.0044568,0.0044568,0.0044568,0.0044568,0.0044568,0.0044568
,ATA,,emi_cov,emi_cov,KYOTOGHG,IPCM0EL,MtCO2eq,AR4,0.0,0.0,0.0,0.0,0.0,0.0,0.0,0.0,0.0,0.0,0.0,0.0,0.0,0.0,0.0,0.0,0.0,0.0,0.0,0.0,0.0,0.0,0.0,0.0,0.0,0.0,0.0,0.0,0.0,0.0,0.0,0.0,0.0,0.0,0.0,0.0,0.0,0.0,0.0,0.0,0.0,0.0,0.0,0.0,0.0,0.0,0.0,0.0,0.0,0.0,0.0,0.0,0.0,0.0,0.0,0.0,0.0,0.0,0.0,0.0,0.0
,ATA,,emi_ncov,emi_ncov,KYOTOGHG,IPCM0EL,MtCO2eq,AR4,0.011000000000000001,0.014667,0.014667,0.014667,0.014667,0.0036667,0.0036667,0.0036667,0.0036667,0.0036667,0.0036667,0.0036667,0.0036667,0.0036667,0.0073334,0.0073334,0.0073334,0.011000000000000001,0.005308,0.005177,0.0050461,0.0049151,0.0047842,0.0046532,0.0045223,0.004391300000000001,0.0042604,0.0041294,0.0044568,0.0044568,0.0044568,0.0044568,0.0044568,0.0044568,0.0044568,0.0044568,0.0044568,0.0044568,0.0044568,0.0044568,0.0044568,0.0044568,0.0044568,0.0044568,0.0044568,0.0044568,0.0044568,0.0044568,0.0044568,0.0044568,0.0044568,0.0044568,0.0044568,0.0044568,0.0044568,0.0044568,0.0044568,0.0044568,0.0044568,0.0044568,0.0044568
,ATA,,pc_cov,pc_cov,KYOTOGHG,IPCM0EL,MtCO2eq/MtCO2eq,AR4,0.0,0.0,0.0,0.0,0.0,0.0,0.0,0.0,0.0,0.0,0.0,0.0,0.0,0.0,0.0,0.0,0.0,0.0,0.0,0.0,0.0,0.0,0.0,0.0,0.0,0.0,0.0,0.0,0.0,0.0,0.0,0.0,0.0,0.0,0.0,0.0,0.0,0.0,0.0,0.0,0.0,0.0,0.0,0.0,0.0,0.0,0.0,0.0,0.0,0.0,0.0,0.0,0.0,0.0,0.0,0.0,0.0,0.0,0.0,0.0,0.0
,ATG,,pop,pop,POP,DEMOGR,Pers,,62528.0,63367.0,64471.0,65777.0,67204.0,68670.0,70173.0,71704.0,73224.0,74674.0,76016.0,77212.0,78295.0,79300.0,80336.0,81465.0,82704.0,84026.0,85397.0,86746.0,88028.0,89253.0,90409.0,91516.0,92562.0,93566.0,94527.0,95426.0,93001.0,93001.0,93001.0,93001.0,93001.0,93001.0,93001.0,93001.0,93001.0,93001.0,93001.0,93001.0,93001.0,93001.0,93001.0,93001.0,93001.0,93001.0,93001.0,93001.0,93001.0,93001.0,93001.0,93001.0,93001.0,93001.0,93001.0,93001.0,93001.0,93001.0,93001.0,93001.0,93001.0
,ATG,,gdp,gdp,GDPPPP,ECO,2011GKD,,726067138.6719,738014038.0859,759471374.5117,811087219.2383,860850280.7617,825955444.3359,863726562.5,922935913.0859,988606811.5234,1040421752.9297,1120700561.5234,1125396606.4453,1180371459.9609,1238953735.3516,1341801391.6016,1452814697.2656,1638947998.0469,1846101440.4297,1961216308.5938,1831348510.7422,1734380371.0938,1757898559.5703,1809468994.1406,1807881347.6563,1621189575.1953,1698992675.7813,1901626953.125,2051218994.1406,1815063090.0065167,1815063090.0065167,1815063090.0065167,1815063090.0065167,1815063090.0065167,1815063090.0065167,1815063090.0065167,1815063090.0065167,1815063090.0065167,1815063090.0065167,1815063090.0065167,1815063090.0065167,1815063090.0065167,1815063090.0065167,1815063090.0065167,1815063090.0065167,1815063090.0065167,1815063090.0065167,1815063090.0065167,1815063090.0065167,1815063090.0065167,1815063090.0065167,1815063090.0065167,1815063090.0065167,1815063090.0065167,1815063090.0065167,1815063090.0065167,1815063090.0065167,1815063090.0065167,1815063090.0065167,1815063090.0065167,1815063090.0065167,1815063090.0065167
"No targets calculated, so the baseline emissions are put in as target pathways for all un/conditional best/worst pathways.
",ATG,baseline_emissions,conditional,worst,KYOTOGHG,IPCM0EL,MtCO2eq,AR4,0.39326,0.38078,0.3783,0.38698,0.38593,0.39643,0.41558999999999996,0.4315,0.44368,0.45805,0.47712,0.48353999999999997,0.50722,0.54322,0.56438,0.57422,0.5905199999999999,0.61717,0.62929,0.6593100000000001,0.65377,0.64837,0.66099,0.66233,0.67843,0.6913600000000001,0.71007,0.7086399999999999,0.6853033333333333,0.6853033333333333,0.6853033333333333,0.6853033333333333,0.6853033333333333,0.6853033333333333,0.6853033333333333,0.6853033333333333,0.6853033333333333,0.6853033333333333,0.6853033333333333,0.6853033333333333,0.6853033333333333,0.6853033333333333,0.6853033333333333,0.6853033333333333,0.6853033333333333,0.6853033333333333,0.6853033333333333,0.6853033333333333,0.6853033333333333,0.6853033333333333,0.6853033333333333,0.6853033333333333,0.6853033333333333,0.6853033333333333,0.6853033333333333,0.6853033333333333,0.6853033333333333,0.6853033333333333,0.6853033333333333,0.6853033333333333,0.6853033333333333
"No targets calculated, so the baseline emissions are put in as target pathways for all un/conditional best/worst pathways.
",ATG,baseline_emissions,conditional,best,KYOTOGHG,IPCM0EL,MtCO2eq,AR4,0.39326,0.38078,0.3783,0.38698,0.38593,0.39643,0.41558999999999996,0.4315,0.44368,0.45805,0.47712,0.48353999999999997,0.50722,0.54322,0.56438,0.57422,0.5905199999999999,0.61717,0.62929,0.6593100000000001,0.65377,0.64837,0.66099,0.66233,0.67843,0.6913600000000001,0.71007,0.7086399999999999,0.6853033333333333,0.6853033333333333,0.6853033333333333,0.6853033333333333,0.6853033333333333,0.6853033333333333,0.6853033333333333,0.6853033333333333,0.6853033333333333,0.6853033333333333,0.6853033333333333,0.6853033333333333,0.6853033333333333,0.6853033333333333,0.6853033333333333,0.6853033333333333,0.6853033333333333,0.6853033333333333,0.6853033333333333,0.6853033333333333,0.6853033333333333,0.6853033333333333,0.6853033333333333,0.6853033333333333,0.6853033333333333,0.6853033333333333,0.6853033333333333,0.6853033333333333,0.6853033333333333,0.6853033333333333,0.6853033333333333,0.6853033333333333,0.6853033333333333
"No targets calculated, so the baseline emissions are put in as target pathways for all un/conditional best/worst pathways.
",ATG,baseline_emissions,unconditional,worst,KYOTOGHG,IPCM0EL,MtCO2eq,AR4,0.39326,0.38078,0.3783,0.38698,0.38593,0.39643,0.41558999999999996,0.4315,0.44368,0.45805,0.47712,0.48353999999999997,0.50722,0.54322,0.56438,0.57422,0.5905199999999999,0.61717,0.62929,0.6593100000000001,0.65377,0.64837,0.66099,0.66233,0.67843,0.6913600000000001,0.71007,0.7086399999999999,0.6853033333333333,0.6853033333333333,0.6853033333333333,0.6853033333333333,0.6853033333333333,0.6853033333333333,0.6853033333333333,0.6853033333333333,0.6853033333333333,0.6853033333333333,0.6853033333333333,0.6853033333333333,0.6853033333333333,0.6853033333333333,0.6853033333333333,0.6853033333333333,0.6853033333333333,0.6853033333333333,0.6853033333333333,0.6853033333333333,0.6853033333333333,0.6853033333333333,0.6853033333333333,0.6853033333333333,0.6853033333333333,0.6853033333333333,0.6853033333333333,0.6853033333333333,0.6853033333333333,0.6853033333333333,0.6853033333333333,0.6853033333333333,0.6853033333333333
"No targets calculated, so the baseline emissions are put in as target pathways for all un/conditional best/worst pathways.
",ATG,baseline_emissions,unconditional,best,KYOTOGHG,IPCM0EL,MtCO2eq,AR4,0.39326,0.38078,0.3783,0.38698,0.38593,0.39643,0.41558999999999996,0.4315,0.44368,0.45805,0.47712,0.48353999999999997,0.50722,0.54322,0.56438,0.57422,0.5905199999999999,0.61717,0.62929,0.6593100000000001,0.65377,0.64837,0.66099,0.66233,0.67843,0.6913600000000001,0.71007,0.7086399999999999,0.6853033333333333,0.6853033333333333,0.6853033333333333,0.6853033333333333,0.6853033333333333,0.6853033333333333,0.6853033333333333,0.6853033333333333,0.6853033333333333,0.6853033333333333,0.6853033333333333,0.6853033333333333,0.6853033333333333,0.6853033333333333,0.6853033333333333,0.6853033333333333,0.6853033333333333,0.6853033333333333,0.6853033333333333,0.6853033333333333,0.6853033333333333,0.6853033333333333,0.6853033333333333,0.6853033333333333,0.6853033333333333,0.6853033333333333,0.6853033333333333,0.6853033333333333,0.6853033333333333,0.6853033333333333,0.6853033333333333,0.6853033333333333,0.6853033333333333
,ATG,,emi_bau,emi_bau,KYOTOGHG,IPCM0EL,MtCO2eq,AR4,0.39326,0.38078,0.3783,0.38698,0.38593,0.39643,0.41558999999999996,0.4315,0.44368,0.45805,0.47712,0.48353999999999997,0.50722,0.54322,0.56438,0.57422,0.5905199999999999,0.61717,0.62929,0.6593100000000001,0.65377,0.64837,0.66099,0.66233,0.67843,0.6913600000000001,0.71007,0.7086399999999999,0.6853033333333333,0.6853033333333333,0.6853033333333333,0.6853033333333333,0.6853033333333333,0.6853033333333333,0.6853033333333333,0.6853033333333333,0.6853033333333333,0.6853033333333333,0.6853033333333333,0.6853033333333333,0.6853033333333333,0.6853033333333333,0.6853033333333333,0.6853033333333333,0.6853033333333333,0.6853033333333333,0.6853033333333333,0.6853033333333333,0.6853033333333333,0.6853033333333333,0.6853033333333333,0.6853033333333333,0.6853033333333333,0.6853033333333333,0.6853033333333333,0.6853033333333333,0.6853033333333333,0.6853033333333333,0.6853033333333333,0.6853033333333333,0.6853033333333333
,ATG,,emi_cov,emi_cov,KYOTOGHG,IPCM0EL,MtCO2eq,AR4,0.39326,0.38078,0.3783,0.38698,0.38593,0.39643,0.41558999999999996,0.4315,0.44368,0.45805,0.47712,0.48353999999999997,0.50722,0.54322,0.56438,0.57422,0.5905199999999999,0.61717,0.62929,0.6593100000000001,0.65377,0.64837,0.66099,0.66233,0.67843,0.6913600000000001,0.71007,0.7086399999999999,0.6853033333333333,0.6853033333333333,0.6853033333333333,0.6853033333333333,0.6853033333333333,0.6853033333333333,0.6853033333333333,0.6853033333333333,0.6853033333333333,0.6853033333333333,0.6853033333333333,0.6853033333333333,0.6853033333333333,0.6853033333333333,0.6853033333333333,0.6853033333333333,0.6853033333333333,0.6853033333333333,0.6853033333333333,0.6853033333333333,0.6853033333333333,0.6853033333333333,0.6853033333333333,0.6853033333333333,0.6853033333333333,0.6853033333333333,0.6853033333333333,0.6853033333333333,0.6853033333333333,0.6853033333333333,0.6853033333333333,0.6853033333333333,0.6853033333333333
,ATG,,emi_ncov,emi_ncov,KYOTOGHG,IPCM0EL,MtCO2eq,AR4,0.0,0.0,0.0,0.0,0.0,0.0,0.0,0.0,0.0,0.0,0.0,0.0,0.0,0.0,0.0,0.0,0.0,0.0,0.0,0.0,0.0,0.0,0.0,0.0,0.0,0.0,0.0,0.0,0.0,0.0,0.0,0.0,0.0,0.0,0.0,0.0,0.0,0.0,0.0,0.0,0.0,0.0,0.0,0.0,0.0,0.0,0.0,0.0,0.0,0.0,0.0,0.0,0.0,0.0,0.0,0.0,0.0,0.0,0.0,0.0,0.0
,ATG,,pc_cov,pc_cov,KYOTOGHG,IPCM0EL,MtCO2eq/MtCO2eq,AR4,1.0,1.0,1.0,1.0,1.0,1.0,1.0,1.0,1.0,1.0,1.0,1.0,1.0,1.0,1.0,1.0,1.0,1.0,1.0,1.0,1.0,1.0,1.0,1.0,1.0,1.0,1.0,1.0,1.0,1.0,1.0,1.0,1.0,1.0,1.0,1.0,1.0,1.0,1.0,1.0,1.0,1.0,1.0,1.0,1.0,1.0,1.0,1.0,1.0,1.0,1.0,1.0,1.0,1.0,1.0,1.0,1.0,1.0,1.0,1.0,1.0
,AUS,,pop,pop,POP,DEMOGR,Pers,,16960597.0,17189240.0,17402173.0,17603205.0,17798529.0,17993074.0,18189277.0,18387214.0,18587021.0,18788186.0,18991431.0,19194672.0,19401368.0,19624166.0,19879649.0,20178540.0,20526303.0,20916344.0,21332282.0,21750851.0,22154679.0,22538001.0,22903948.0,23254913.0,23596424.0,23932502.0,24262712.0,24584620.0,24927134.1475,25166658.1815,25380951.2953,25577993.402,25768727.582,25953446.0837,26132426.249,26305932.1733,26474047.6159,26636842.9996,26794541.9113,26947353.48,27095473.2228,27234843.3485,27362664.4263,27481045.5256,27592141.1755,27698149.7431,27800245.9101,27898151.6765,27991932.8849,28081673.4564,28167474.3543,28250761.0834,28331044.0302,28405549.8698,28471487.5745,28526050.4284,28575027.5058,28623918.4986,28669471.9177,28708432.1525,28737536.9625
,AUS,,gdp,gdp,GDPPPP,ECO,2011GKD,,457506125000.0,457298187500.0,475796625000.0,495106656250.0,516066375000.0,539097250000.0,564025562500.0,592444437500.0,616566125000.0,650830437500.0,663465437500.0,691063562500.0,714119500000.0,748771000000.0,776666437500.0,815898625000.0,839514375000.0,864287937500.0,884782750000.0,891724562500.0,950174562500.0,991756937500.0,1014458812500.0,1049748250000.0,1073613625000.0,1071281375000.0,1116080875000.0,1155150375000.0,1186115930811.975,1218288994601.144,1248281001496.603,1276882206437.718,1305105215548.939,1332819712237.015,1359893644203.855,1386193270114.99,1411541432609.516,1435879108052.7668,1459248685005.806,1481692703070.022,1503253773876.025,1524056437350.5618,1544188052543.412,1563634464275.162,1582380323074.65,1600409243963.756,1617687667021.955,1634241519882.847,1650143370952.182,1665466218866.6218,1680283394179.32,1694797207447.683,1709052037214.38,1722886456017.077,1736141488894.3232,1748660224805.796,1760413468570.17,1771474731986.5342,1781841882792.741,1791512282579.985,1800482891510.912
"The target value from 'unconditional_best' was used for 'conditional_worst' in 2030.
The target value from 'unconditional_best' was used for 'conditional_best' in 2030.
",AUS,RBY,conditional,worst,KYOTOGHG,IPCM0EL,MtCO2eq,AR4,423.1711,424.2326,428.5787,429.1679,429.2794,437.9366,445.5559,457.6026,471.375,476.9807,487.9023,495.3852,499.2842,500.9888,518.8514,524.7326,529.4055,536.1612,540.0882,543.9627,540.3462,541.371,543.7739,533.5425,528.081,538.3126,549.9258,557.2955,564.3849,574.0858,583.0074,571.3785578157534,558.900928287401,545.6009390448194,531.5070239716316,516.6495185148974,501.0535815732252,484.7838216847483,467.9221472557286,450.5405152976543,432.70091450000007,436.72547258813984,440.61310944752336,444.37215941381396,448.01049380402713,451.5355209165304,454.9471746058026,458.2619251066071,461.5121837243018,464.72983260007527,467.94695231167964,471.1903979406971,474.4381430285885,477.6490450612059,480.7828875616971,483.7997847808158,486.6932544574904,489.4836032667104,492.1716911002505,494.75804712227983,497.2430682059253
,AUS,RBY,conditional,best,KYOTOGHG,IPCM0EL,MtCO2eq,AR4,423.1711,424.2326,428.5787,429.1679,429.2794,437.9366,445.5559,457.6026,471.375,476.9807,487.9023,495.3852,499.2842,500.9888,518.8514,524.7326,529.4055,536.1612,540.0882,543.9627,540.3462,541.371,543.7739,533.5425,528.081,538.3126,549.9258,557.2955,564.3849,574.0858,583.0074,571.3785578157534,558.900928287401,545.6009390448194,531.5070239716316,516.6495185148974,501.0535815732252,484.7838216847483,467.9221472557286,450.5405152976543,432.70091450000007,436.72547258813984,440.61310944752336,444.37215941381396,448.01049380402713,451.5355209165304,454.9471746058026,458.2619251066071,461.5121837243018,464.72983260007527,467.94695231167964,471.1903979406971,474.4381430285885,477.6490450612059,480.7828875616971,483.7997847808158,486.6932544574904,489.4836032667104,492.1716911002505,494.75804712227983,497.2430682059253
,AUS,RBY,unconditional,worst,KYOTOGHG,IPCM0EL,MtCO2eq,AR4,423.1711,424.2326,428.5787,429.1679,429.2794,437.9366,445.5559,457.6026,471.375,476.9807,487.9023,495.3852,499.2842,500.9888,518.8514,524.7326,529.4055,536.1612,540.0882,543.9627,540.3462,541.371,543.7739,533.5425,528.081,538.3126,549.9258,557.2955,564.3849,574.0858,583.0074,572.487865717052,561.1499001811648,549.0182119141327,536.1194931827173,522.4823321899208,508.13005618236946,493.1260432182163,477.5517635328037,461.4792928714347,444.9712965000001,449.1099816062899,453.1078627192522,456.97351051674167,460.71501952784337,464.34000813287264,467.8484083105766,471.2571573529062,474.5995856737409,477.90847951693775,481.2168291901121,484.55225132190685,487.8920948351346,491.1940505105444,494.41676142642433,497.5192107673269,500.4947324504763,503.3642090004868,506.128524693645,508.78822369997323,511.34371414698853
,AUS,RBY,unconditional,best,KYOTOGHG,IPCM0EL,MtCO2eq,AR4,423.1711,424.2326,428.5787,429.1679,429.2794,437.9366,445.5559,457.6026,471.375,476.9807,487.9023,495.3852,499.2842,500.9888,518.8514,524.7326,529.4055,536.1612,540.0882,543.9627,540.3462,541.371,543.7739,533.5425,528.081,538.3126,549.9258,557.2955,564.3849,574.0858,583.0074,571.3785578157534,558.900928287401,545.6009390448194,531.5070239716316,516.6495185148974,501.0535815732252,484.7838216847483,467.9221472557286,450.5405152976543,432.70091450000007,436.72547258813984,440.61310944752336,444.37215941381396,448.01049380402713,451.5355209165304,454.9471746058026,458.2619251066071,461.5121837243018,464.72983260007527,467.94695231167964,471.1903979406971,474.4381430285885,477.6490450612059,480.7828875616971,483.7997847808158,486.6932544574904,489.4836032667104,492.1716911002505,494.75804712227983,497.2430682059253
"No targets calculated, so the baseline emissions are put in as target pathways for all un/conditional best/worst pathways.
",AUS,baseline_emissions,conditional,worst,KYOTOGHG,IPCM0EL,MtCO2eq,AR4,423.1711,424.2326,428.5787,429.1679,429.2794,437.9366,445.5559,457.6026,471.375,476.9807,487.9023,495.3852,499.2842,500.9888,518.8514,524.7326,529.4055,536.1612,540.0882,543.9627,540.3462,541.371,543.7739,533.5425,528.081,538.3126,549.9258,557.2955,564.3849,574.0858,583.0074,591.4001,599.4919,607.2782,614.756,621.9241,628.7746,635.3499,641.724,647.971,654.1651,660.2495,666.1269,671.8099,677.3104,682.6396,687.7974,692.8087,697.7225,702.587,707.4507,712.3542,717.2642,722.1185,726.8563,731.4173,735.7917,740.0102,744.0741,747.9842,751.7411
"No targets calculated, so the baseline emissions are put in as target pathways for all un/conditional best/worst pathways.
",AUS,baseline_emissions,conditional,best,KYOTOGHG,IPCM0EL,MtCO2eq,AR4,423.1711,424.2326,428.5787,429.1679,429.2794,437.9366,445.5559,457.6026,471.375,476.9807,487.9023,495.3852,499.2842,500.9888,518.8514,524.7326,529.4055,536.1612,540.0882,543.9627,540.3462,541.371,543.7739,533.5425,528.081,538.3126,549.9258,557.2955,564.3849,574.0858,583.0074,591.4001,599.4919,607.2782,614.756,621.9241,628.7746,635.3499,641.724,647.971,654.1651,660.2495,666.1269,671.8099,677.3104,682.6396,687.7974,692.8087,697.7225,702.587,707.4507,712.3542,717.2642,722.1185,726.8563,731.4173,735.7917,740.0102,744.0741,747.9842,751.7411
"No targets calculated, so the baseline emissions are put in as target pathways for all un/conditional best/worst pathways.
",AUS,baseline_emissions,unconditional,worst,KYOTOGHG,IPCM0EL,MtCO2eq,AR4,423.1711,424.2326,428.5787,429.1679,429.2794,437.9366,445.5559,457.6026,471.375,476.9807,487.9023,495.3852,499.2842,500.9888,518.8514,524.7326,529.4055,536.1612,540.0882,543.9627,540.3462,541.371,543.7739,533.5425,528.081,538.3126,549.9258,557.2955,564.3849,574.0858,583.0074,591.4001,599.4919,607.2782,614.756,621.9241,628.7746,635.3499,641.724,647.971,654.1651,660.2495,666.1269,671.8099,677.3104,682.6396,687.7974,692.8087,697.7225,702.587,707.4507,712.3542,717.2642,722.1185,726.8563,731.4173,735.7917,740.0102,744.0741,747.9842,751.7411
"No targets calculated, so the baseline emissions are put in as target pathways for all un/conditional best/worst pathways.
",AUS,baseline_emissions,unconditional,best,KYOTOGHG,IPCM0EL,MtCO2eq,AR4,423.1711,424.2326,428.5787,429.1679,429.2794,437.9366,445.5559,457.6026,471.375,476.9807,487.9023,495.3852,499.2842,500.9888,518.8514,524.7326,529.4055,536.1612,540.0882,543.9627,540.3462,541.371,543.7739,533.5425,528.081,538.3126,549.9258,557.2955,564.3849,574.0858,583.0074,591.4001,599.4919,607.2782,614.756,621.9241,628.7746,635.3499,641.724,647.971,654.1651,660.2495,666.1269,671.8099,677.3104,682.6396,687.7974,692.8087,697.7225,702.587,707.4507,712.3542,717.2642,722.1185,726.8563,731.4173,735.7917,740.0102,744.0741,747.9842,751.7411
,AUS,,emi_bau,emi_bau,KYOTOGHG,IPCM0EL,MtCO2eq,AR4,423.1711,424.2326,428.5787,429.1679,429.2794,437.9366,445.5559,457.6026,471.375,476.9807,487.9023,495.3852,499.2842,500.9888,518.8514,524.7326,529.4055,536.1612,540.0882,543.9627,540.3462,541.371,543.7739,533.5425,528.081,538.3126,549.9258,557.2955,564.3849,574.0858,583.0074,591.4001,599.4919,607.2782,614.756,621.9241,628.7746,635.3499,641.724,647.971,654.1651,660.2495,666.1269,671.8099,677.3104,682.6396,687.7974,692.8087,697.7225,702.587,707.4507,712.3542,717.2642,722.1185,726.8563,731.4173,735.7917,740.0102,744.0741,747.9842,751.7411
,AUS,,emi_cov,emi_cov,KYOTOGHG,IPCM0EL,MtCO2eq,AR4,423.1711,424.2326,428.5787,429.1679,429.2794,437.9366,445.5559,457.6026,471.375,476.9807,487.9023,495.3852,499.2842,500.9888,518.8514,524.7326,529.4055,536.1612,540.0882,543.9627,540.3462,541.371,543.7739,533.5425,528.081,538.3126,549.9258,557.2955,564.3849,574.0858,583.0074,591.4001,599.4919,607.2782,614.756,621.9241,628.7746,635.3499,641.724,647.971,654.1651,660.2495,666.1269,671.8099,677.3104,682.6396,687.7974,692.8087,697.7225,702.587,707.4507,712.3542,717.2642,722.1185,726.8563,731.4173,735.7917,740.0102,744.0741,747.9842,751.7411
,AUS,,emi_ncov,emi_ncov,KYOTOGHG,IPCM0EL,MtCO2eq,AR4,0.0,0.0,0.0,0.0,0.0,0.0,0.0,0.0,0.0,0.0,0.0,0.0,0.0,0.0,0.0,0.0,0.0,0.0,0.0,0.0,0.0,0.0,0.0,0.0,0.0,0.0,0.0,0.0,0.0,0.0,0.0,0.0,0.0,0.0,0.0,0.0,0.0,0.0,0.0,0.0,0.0,0.0,0.0,0.0,0.0,0.0,0.0,0.0,0.0,0.0,0.0,0.0,0.0,0.0,0.0,0.0,0.0,0.0,0.0,0.0,0.0
,AUS,,pc_cov,pc_cov,KYOTOGHG,IPCM0EL,MtCO2eq/MtCO2eq,AR4,1.0,1.0,1.0,1.0,1.0,1.0,1.0,1.0,1.0,1.0,1.0,1.0,1.0,1.0,1.0,1.0,1.0,1.0,1.0,1.0,1.0,1.0,1.0,1.0,1.0,1.0,1.0,1.0,1.0,1.0,1.0,1.0,1.0,1.0,1.0,1.0,1.0,1.0,1.0,1.0,1.0,1.0,1.0,1.0,1.0,1.0,1.0,1.0,1.0,1.0,1.0,1.0,1.0,1.0,1.0,1.0,1.0,1.0,1.0,1.0,1.0
,AUT,,pop,pop,POP,DEMOGR,Pers,,7723949.0,7772701.0,7830933.0,7892086.0,7947209.0,7990121.0,8017863.0,8032876.0,8041050.0,8051113.0,8069276.0,8097748.0,8134412.0,8175852.0,8216805.0,8253650.0,8285343.0,8313737.0,8341532.0,8372663.0,8409949.0,8453501.0,8502227.0,8556189.0,8615214.0,8678660.0,8747301.0,8819901.0,8788164.636,8789621.1198,8785345.1767,8776718.9824,8766467.6336,8755452.8512,8744535.4246,8734576.9917,8723770.2582,8710262.7439,8694850.9171,8678333.5378,8661512.4677,8642292.4656,8618786.5391,8592108.8631,8563368.4999,8533668.3763,8502746.7129,8469916.0512,8435634.3552,8400356.9894,8364536.4565,8327833.9804,8289468.6988,8249229.5559,8206908.052999998,8162298.5923,8115775.442000002,8067934.7632,8018906.7813,7968822.3037,7917812.7041
,AUT,,gdp,gdp,GDPPPP,ECO,2011GKD,,193505656250.0,205200125000.0,213520015625.0,218249500000.0,227394953125.0,238102906250.0,242074359375.0,252449468750.0,265817375000.0,274803093750.0,285299750000.0,281192656250.0,286887593750.0,292061500000.0,303007156250.0,320044250000.0,334317906250.0,347094562500.0,358759687500.0,352116062500.0,361469406250.0,379627031250.0,394418062500.0,396453000000.0,400412781250.0,416196968750.0,428223500000.0,441527781250.0,442043353856.6697,447554898041.1321,452597504603.6173,457428994041.0557,462193179295.5366,466886789097.3734,471506931924.6757,476051141392.2662,480436481579.5082,484599493131.9037,488567282023.6629,492366956381.9865,496025597391.3775,499550612008.5334,502949887676.9165,506251408988.1994,509483428004.5956,512674403112.8719,515853212244.289,518994048803.5035,522043357264.8621,524947532172.9073,527652977695.1873,530248118353.0211,532801894876.3307,535231516514.3546,537454191818.3546,539386978896.1708,541106699039.6783,542700107120.135,544098950284.5737,545235086022.7768,546040534755.0843
"The target value from 'unconditional_best' was used for 'conditional_worst' in 2030.
The target value from 'unconditional_best' was used for 'conditional_best' in 2030.
",AUT,RBY,conditional,worst,KYOTOGHG,IPCM0EL,MtCO2eq,AR4,80.4576,83.9334,77.1334,77.3347,77.5754,81.0456,84.4512,84.2258,83.5248,81.5883,81.9584,85.9521,87.8089,93.4656,92.8841,94.2608,91.92299999999999,89.113,88.2875,81.4958,86.0418,83.8026,81.2778,81.7035,78.006,80.1987,80.8729,83.5135,81.3444,82.7168,84.0553,80.47638906750385,76.73249439224473,72.83135486997323,68.77919086877249,64.58106042908966,60.23108872665645,55.72688632112018,51.07567551754895,46.28223227769984,41.3484725,41.94115363573251,42.53179573086043,43.123584786328436,43.71991920314416,44.32415490230264,44.939902684874504,45.565930630494485,46.19850049805417,46.83387404644517,47.46822807453387,48.10589554360501,48.749297814376554,49.39129824473244,50.02442035245587,50.64093277525446,51.24775975518127,51.85288753460426,52.449731711571125,53.031537964079185,53.59125461003758
,AUT,RBY,conditional,best,KYOTOGHG,IPCM0EL,MtCO2eq,AR4,80.4576,83.9334,77.1334,77.3347,77.5754,81.0456,84.4512,84.2258,83.5248,81.5883,81.9584,85.9521,87.8089,93.4656,92.8841,94.2608,91.92299999999999,89.113,88.2875,81.4958,86.0418,83.8026,81.2778,81.7035,78.006,80.1987,80.8729,83.5135,81.3444,82.7168,84.0553,80.47638906750385,76.73249439224473,72.83135486997323,68.77919086877249,64.58106042908966,60.23108872665645,55.72688632112018,51.07567551754895,46.28223227769984,41.3484725,41.94115363573251,42.53179573086043,43.123584786328436,43.71991920314416,44.32415490230264,44.939902684874504,45.565930630494485,46.19850049805417,46.83387404644517,47.46822807453387,48.10589554360501,48.749297814376554,49.39129824473244,50.02442035245587,50.64093277525446,51.24775975518127,51.85288753460426,52.449731711571125,53.031537964079185,53.59125461003758
"The target value from 'unconditional_best' was used for 'unconditional_worst' in 2030.
",AUT,RBY,unconditional,worst,KYOTOGHG,IPCM0EL,MtCO2eq,AR4,80.4576,83.9334,77.1334,77.3347,77.5754,81.0456,84.4512,84.2258,83.5248,81.5883,81.9584,85.9521,87.8089,93.4656,92.8841,94.2608,91.92299999999999,89.113,88.2875,81.4958,86.0418,83.8026,81.2778,81.7035,78.006,80.1987,80.8729,83.5135,81.3444,82.7168,84.0553,80.47638906750385,76.73249439224473,72.83135486997323,68.77919086877249,64.58106042908966,60.23108872665645,55.72688632112018,51.07567551754895,46.28223227769984,41.3484725,41.94115363573251,42.53179573086043,43.123584786328436,43.71991920314416,44.32415490230264,44.939902684874504,45.565930630494485,46.19850049805417,46.83387404644517,47.46822807453387,48.10589554360501,48.749297814376554,49.39129824473244,50.02442035245587,50.64093277525446,51.24775975518127,51.85288753460426,52.449731711571125,53.031537964079185,53.59125461003758
,AUT,RBY,unconditional,best,KYOTOGHG,IPCM0EL,MtCO2eq,AR4,80.4576,83.9334,77.1334,77.3347,77.5754,81.0456,84.4512,84.2258,83.5248,81.5883,81.9584,85.9521,87.8089,93.4656,92.8841,94.2608,91.92299999999999,89.113,88.2875,81.4958,86.0418,83.8026,81.2778,81.7035,78.006,80.1987,80.8729,83.5135,81.3444,82.7168,84.0553,80.47638906750385,76.73249439224473,72.83135486997323,68.77919086877249,64.58106042908966,60.23108872665645,55.72688632112018,51.07567551754895,46.28223227769984,41.3484725,41.94115363573251,42.53179573086043,43.123584786328436,43.71991920314416,44.32415490230264,44.939902684874504,45.565930630494485,46.19850049805417,46.83387404644517,47.46822807453387,48.10589554360501,48.749297814376554,49.39129824473244,50.02442035245587,50.64093277525446,51.24775975518127,51.85288753460426,52.449731711571125,53.031537964079185,53.59125461003758
"No targets calculated, so the baseline emissions are put in as target pathways for all un/conditional best/worst pathways.
",AUT,baseline_emissions,conditional,worst,KYOTOGHG,IPCM0EL,MtCO2eq,AR4,80.4576,83.9334,77.1334,77.3347,77.5754,81.0456,84.4512,84.2258,83.5248,81.5883,81.9584,85.9521,87.8089,93.4656,92.8841,94.2608,91.92299999999999,89.113,88.2875,81.4958,86.0418,83.8026,81.2778,81.7035,78.006,80.1987,80.8729,83.5135,81.3444,82.7168,84.0553,85.3879,86.7073,88.0201,89.3329,90.6528,91.9727,93.2886,94.6126,95.9575,97.3363,98.7315,100.1219,101.515,102.9188,104.3412,105.7907,107.2644,108.7535,110.2492,111.7425,113.2436,114.7582,116.2695,117.7599,119.2112,120.6397,122.0642,123.4692,124.8388,126.1564
"No targets calculated, so the baseline emissions are put in as target pathways for all un/conditional best/worst pathways.
",AUT,baseline_emissions,conditional,best,KYOTOGHG,IPCM0EL,MtCO2eq,AR4,80.4576,83.9334,77.1334,77.3347,77.5754,81.0456,84.4512,84.2258,83.5248,81.5883,81.9584,85.9521,87.8089,93.4656,92.8841,94.2608,91.92299999999999,89.113,88.2875,81.4958,86.0418,83.8026,81.2778,81.7035,78.006,80.1987,80.8729,83.5135,81.3444,82.7168,84.0553,85.3879,86.7073,88.0201,89.3329,90.6528,91.9727,93.2886,94.6126,95.9575,97.3363,98.7315,100.1219,101.515,102.9188,104.3412,105.7907,107.2644,108.7535,110.2492,111.7425,113.2436,114.7582,116.2695,117.7599,119.2112,120.6397,122.0642,123.4692,124.8388,126.1564
"No targets calculated, so the baseline emissions are put in as target pathways for all un/conditional best/worst pathways.
",AUT,baseline_emissions,unconditional,worst,KYOTOGHG,IPCM0EL,MtCO2eq,AR4,80.4576,83.9334,77.1334,77.3347,77.5754,81.0456,84.4512,84.2258,83.5248,81.5883,81.9584,85.9521,87.8089,93.4656,92.8841,94.2608,91.92299999999999,89.113,88.2875,81.4958,86.0418,83.8026,81.2778,81.7035,78.006,80.1987,80.8729,83.5135,81.3444,82.7168,84.0553,85.3879,86.7073,88.0201,89.3329,90.6528,91.9727,93.2886,94.6126,95.9575,97.3363,98.7315,100.1219,101.515,102.9188,104.3412,105.7907,107.2644,108.7535,110.2492,111.7425,113.2436,114.7582,116.2695,117.7599,119.2112,120.6397,122.0642,123.4692,124.8388,126.1564
"No targets calculated, so the baseline emissions are put in as target pathways for all un/conditional best/worst pathways.
",AUT,baseline_emissions,unconditional,best,KYOTOGHG,IPCM0EL,MtCO2eq,AR4,80.4576,83.9334,77.1334,77.3347,77.5754,81.0456,84.4512,84.2258,83.5248,81.5883,81.9584,85.9521,87.8089,93.4656,92.8841,94.2608,91.92299999999999,89.113,88.2875,81.4958,86.0418,83.8026,81.2778,81.7035,78.006,80.1987,80.8729,83.5135,81.3444,82.7168,84.0553,85.3879,86.7073,88.0201,89.3329,90.6528,91.9727,93.2886,94.6126,95.9575,97.3363,98.7315,100.1219,101.515,102.9188,104.3412,105.7907,107.2644,108.7535,110.2492,111.7425,113.2436,114.7582,116.2695,117.7599,119.2112,120.6397,122.0642,123.4692,124.8388,126.1564
,AUT,,emi_bau,emi_bau,KYOTOGHG,IPCM0EL,MtCO2eq,AR4,80.4576,83.9334,77.1334,77.3347,77.5754,81.0456,84.4512,84.2258,83.5248,81.5883,81.9584,85.9521,87.8089,93.4656,92.8841,94.2608,91.92299999999999,89.113,88.2875,81.4958,86.0418,83.8026,81.2778,81.7035,78.006,80.1987,80.8729,83.5135,81.3444,82.7168,84.0553,85.3879,86.7073,88.0201,89.3329,90.6528,91.9727,93.2886,94.6126,95.9575,97.3363,98.7315,100.1219,101.515,102.9188,104.3412,105.7907,107.2644,108.7535,110.2492,111.7425,113.2436,114.7582,116.2695,117.7599,119.2112,120.6397,122.0642,123.4692,124.8388,126.1564
,AUT,,emi_cov,emi_cov,KYOTOGHG,IPCM0EL,MtCO2eq,AR4,80.4576,83.9334,77.1334,77.3347,77.5754,81.0456,84.4512,84.2258,83.5248,81.5883,81.9584,85.9521,87.8089,93.4656,92.8841,94.2608,91.92299999999999,89.113,88.2875,81.4958,86.0418,83.8026,81.2778,81.7035,78.006,80.1987,80.8729,83.5135,81.3444,82.7168,84.0553,85.3879,86.7073,88.0201,89.3329,90.6528,91.9727,93.2886,94.6126,95.9575,97.3363,98.7315,100.1219,101.515,102.9188,104.3412,105.7907,107.2644,108.7535,110.2492,111.7425,113.2436,114.7582,116.2695,117.7599,119.2112,120.6397,122.0642,123.4692,124.8388,126.1564
,AUT,,emi_ncov,emi_ncov,KYOTOGHG,IPCM0EL,MtCO2eq,AR4,0.0,0.0,0.0,0.0,0.0,0.0,0.0,0.0,0.0,0.0,0.0,0.0,0.0,0.0,0.0,0.0,0.0,0.0,0.0,0.0,0.0,0.0,0.0,0.0,0.0,0.0,0.0,0.0,0.0,0.0,0.0,0.0,0.0,0.0,0.0,0.0,0.0,0.0,0.0,0.0,0.0,0.0,0.0,0.0,0.0,0.0,0.0,0.0,0.0,0.0,0.0,0.0,0.0,0.0,0.0,0.0,0.0,0.0,0.0,0.0,0.0
,AUT,,pc_cov,pc_cov,KYOTOGHG,IPCM0EL,MtCO2eq/MtCO2eq,AR4,1.0,1.0,1.0,1.0,1.0,1.0,1.0,1.0,1.0,1.0,1.0,1.0,1.0,1.0,1.0,1.0,1.0,1.0,1.0,1.0,1.0,1.0,1.0,1.0,1.0,1.0,1.0,1.0,1.0,1.0,1.0,1.0,1.0,1.0,1.0,1.0,1.0,1.0,1.0,1.0,1.0,1.0,1.0,1.0,1.0,1.0,1.0,1.0,1.0,1.0,1.0,1.0,1.0,1.0,1.0,1.0,1.0,1.0,1.0,1.0,1.0
,AZE,,pop,pop,POP,DEMOGR,Pers,,7242761.0,7357948.0,7471926.0,7581754.0,7683708.0,7775424.0,7855553.0,7925668.0,7989905.0,8054126.0,8122741.0,8197298.0,8277061.0,8361433.0,8448946.0,8538605.0,8630146.0,8724243.0,8821873.0,8924388.0,9032461.0,9146275.0,9264692.0,9385468.0,9505622.0,9622745.0,9736043.0,9845320.0,9937804.4836,10025155.2828,10103331.9174,10174332.9721,10241821.2525,10305885.4242,10366605.7215,10424054.8397,10478272.3199,10529793.288,10579425.2344,10627971.7256,10676232.9899,10724554.8054,10772297.6997,10818772.1866,10863276.4119,10905097.5638,10945216.0874,10984636.0387,11022672.3954,11058639.3377,11091850.8588,11123962.1109,11156448.0782,11188349.6182,11218703.3734,11246542.2393,11272482.0515,11297252.9076,11320055.2936,11340088.3352,11356550.9081
,AZE,,gdp,gdp,GDPPPP,ECO,2011GKD,,49903250000.0,61045167968.75,42586882812.5,35195191406.25,25602984375.0,17257589843.75,16713470703.125,16723619140.625,15962334960.9375,17342900390.625,20876464843.75,23354730468.75,23616685546.875,25115773437.5,27155636718.75,39687457031.25,57297628906.25,78693695312.5,103728328125.0,98356578125.0,121629093750.0,155538156250.0,154490015625.0,156100312500.0,155079562500.0,140595390625.0,138429140625.0,145533718750.0,167020332691.5102,171757762881.4274,175881846734.43802,179425064257.8273,182720636539.11606,185909949640.1908,189132731634.327,192527929264.5375,196346579229.8946,200425215192.3245,204280315111.9983,207428349264.7559,209387003401.6983,210580703478.7393,211709100886.2781,212705561038.578,213504943751.4025,214043524351.6535,214302674726.9706,214347297782.4645,214236414047.4515,214024238262.7231,213760555242.1321,213349340748.0219,212766687075.3434,212162619606.7545,211681085112.375,211461657698.2619,211413016656.8292,211383333883.7176,211420360647.2568,211572757655.1362,211890039942.9326
"The target value from 'unconditional_best' was used for 'conditional_worst' in 2030.
The target value from 'unconditional_best' was used for 'conditional_best' in 2030.
",AZE,ABS,conditional,worst,KYOTOGHG,IPCM0EL,MtCO2eq,AR4,77.7572,70.4957,62.25899999999999,53.3245,47.3087,49.8308,42.527,41.5298,41.0383,41.5124,42.92,43.7859,44.3755,46.5268,48.8905,52.6715,57.2676,51.2619,61.6612,55.9269,55.9475,56.9446,59.1994,59.9713,65.9996,70.4519,71.0048,70.9912,75.1839,75.9538,76.525,74.00293735413194,71.3479816763381,68.65023674965668,65.97985168462664,63.38985314353276,60.94756237862428,58.57589223348317,56.12574038074898,53.48040652195935,50.55373356459108,50.48355450868061,50.41744834440781,50.343321716602375,50.24876797073728,50.12150577202822,49.96166044021786,49.78821791632484,49.614900712174524,49.45405282242259,49.31645174494099,49.17997854514367,49.03579818117046,48.91254621422771,48.837855647580135,48.83867022590767,48.88854748350118,48.948450320510474,49.02639920046817,49.13116650536309,49.27158727705537
,AZE,ABS,conditional,best,KYOTOGHG,IPCM0EL,MtCO2eq,AR4,77.7572,70.4957,62.25899999999999,53.3245,47.3087,49.8308,42.527,41.5298,41.0383,41.5124,42.92,43.7859,44.3755,46.5268,48.8905,52.6715,57.2676,51.2619,61.6612,55.9269,55.9475,56.9446,59.1994,59.9713,65.9996,70.4519,71.0048,70.9912,75.1839,75.9538,76.525,74.00293735413194,71.3479816763381,68.65023674965668,65.97985168462664,63.38985314353276,60.94756237862428,58.57589223348317,56.12574038074898,53.48040652195935,50.55373356459108,50.48355450868061,50.41744834440781,50.343321716602375,50.24876797073728,50.12150577202822,49.96166044021786,49.78821791632484,49.614900712174524,49.45405282242259,49.31645174494099,49.17997854514367,49.03579818117046,48.91254621422771,48.837855647580135,48.83867022590767,48.88854748350118,48.948450320510474,49.02639920046817,49.13116650536309,49.27158727705537
"The target value from 'unconditional_best' was used for 'unconditional_worst' in 2030.
",AZE,ABS,unconditional,worst,KYOTOGHG,IPCM0EL,MtCO2eq,AR4,77.7572,70.4957,62.25899999999999,53.3245,47.3087,49.8308,42.527,41.5298,41.0383,41.5124,42.92,43.7859,44.3755,46.5268,48.8905,52.6715,57.2676,51.2619,61.6612,55.9269,55.9475,56.9446,59.1994,59.9713,65.9996,70.4519,71.0048,70.9912,75.1839,75.9538,76.525,74.00293735413194,71.3479816763381,68.65023674965668,65.97985168462664,63.38985314353276,60.94756237862428,58.57589223348317,56.12574038074898,53.48040652195935,50.55373356459108,50.48355450868061,50.41744834440781,50.343321716602375,50.24876797073728,50.12150577202822,49.96166044021786,49.78821791632484,49.614900712174524,49.45405282242259,49.31645174494099,49.17997854514367,49.03579818117046,48.91254621422771,48.837855647580135,48.83867022590767,48.88854748350118,48.948450320510474,49.02639920046817,49.13116650536309,49.27158727705537
,AZE,ABS,unconditional,best,KYOTOGHG,IPCM0EL,MtCO2eq,AR4,77.7572,70.4957,62.25899999999999,53.3245,47.3087,49.8308,42.527,41.5298,41.0383,41.5124,42.92,43.7859,44.3755,46.5268,48.8905,52.6715,57.2676,51.2619,61.6612,55.9269,55.9475,56.9446,59.1994,59.9713,65.9996,70.4519,71.0048,70.9912,75.1839,75.9538,76.525,74.00293735413194,71.3479816763381,68.65023674965668,65.97985168462664,63.38985314353276,60.94756237862428,58.57589223348317,56.12574038074898,53.48040652195935,50.55373356459108,50.48355450868061,50.41744834440781,50.343321716602375,50.24876797073728,50.12150577202822,49.96166044021786,49.78821791632484,49.614900712174524,49.45405282242259,49.31645174494099,49.17997854514367,49.03579818117046,48.91254621422771,48.837855647580135,48.83867022590767,48.88854748350118,48.948450320510474,49.02639920046817,49.13116650536309,49.27158727705537
"The target value from 'unconditional_best' was used for 'conditional_worst' in 2030.
The target value from 'unconditional_best' was used for 'conditional_best' in 2030.
",AZE,RBY,conditional,worst,KYOTOGHG,IPCM0EL,MtCO2eq,AR4,77.7572,70.4957,62.25899999999999,53.3245,47.3087,49.8308,42.527,41.5298,41.0383,41.5124,42.92,43.7859,44.3755,46.5268,48.8905,52.6715,57.2676,51.2619,61.6612,55.9269,55.9475,56.9446,59.1994,59.9713,65.9996,70.4519,71.0048,70.9912,75.1839,75.9538,76.525,74.00183650361679,71.3457733049098,68.64691541559948,65.9754086668749,63.38427240620925,60.94081366578913,58.56794257120264,56.11657155932355,53.4700249912543,50.54218,50.47201698283086,50.40592592647957,50.33181623959465,50.23728410306943,50.11005098889931,49.950242188186365,49.776839302896896,49.60356170870951,49.44275057917987,49.30518094908751,49.16873893891393,49.02459152596196,48.90136772705865,48.826694230214336,48.827508622377906,48.877374481008836,48.937263627806786,49.015194693305375,49.11993805465075,49.26032673454009
,AZE,RBY,conditional,best,KYOTOGHG,IPCM0EL,MtCO2eq,AR4,77.7572,70.4957,62.25899999999999,53.3245,47.3087,49.8308,42.527,41.5298,41.0383,41.5124,42.92,43.7859,44.3755,46.5268,48.8905,52.6715,57.2676,51.2619,61.6612,55.9269,55.9475,56.9446,59.1994,59.9713,65.9996,70.4519,71.0048,70.9912,75.1839,75.9538,76.525,74.00183650361679,71.3457733049098,68.64691541559948,65.9754086668749,63.38427240620925,60.94081366578913,58.56794257120264,56.11657155932355,53.4700249912543,50.54218,50.47201698283086,50.40592592647957,50.33181623959465,50.23728410306943,50.11005098889931,49.950242188186365,49.776839302896896,49.60356170870951,49.44275057917987,49.30518094908751,49.16873893891393,49.02459152596196,48.90136772705865,48.826694230214336,48.827508622377906,48.877374481008836,48.937263627806786,49.015194693305375,49.11993805465075,49.26032673454009
"The target value from 'unconditional_best' was used for 'unconditional_worst' in 2030.
",AZE,RBY,unconditional,worst,KYOTOGHG,IPCM0EL,MtCO2eq,AR4,77.7572,70.4957,62.25899999999999,53.3245,47.3087,49.8308,42.527,41.5298,41.0383,41.5124,42.92,43.7859,44.3755,46.5268,48.8905,52.6715,57.2676,51.2619,61.6612,55.9269,55.9475,56.9446,59.1994,59.9713,65.9996,70.4519,71.0048,70.9912,75.1839,75.9538,76.525,74.00183650361679,71.3457733049098,68.64691541559948,65.9754086668749,63.38427240620925,60.94081366578913,58.56794257120264,56.11657155932355,53.4700249912543,50.54218,50.47201698283086,50.40592592647957,50.33181623959465,50.23728410306943,50.11005098889931,49.950242188186365,49.776839302896896,49.60356170870951,49.44275057917987,49.30518094908751,49.16873893891393,49.02459152596196,48.90136772705865,48.826694230214336,48.827508622377906,48.877374481008836,48.937263627806786,49.015194693305375,49.11993805465075,49.26032673454009
,AZE,RBY,unconditional,best,KYOTOGHG,IPCM0EL,MtCO2eq,AR4,77.7572,70.4957,62.25899999999999,53.3245,47.3087,49.8308,42.527,41.5298,41.0383,41.5124,42.92,43.7859,44.3755,46.5268,48.8905,52.6715,57.2676,51.2619,61.6612,55.9269,55.9475,56.9446,59.1994,59.9713,65.9996,70.4519,71.0048,70.9912,75.1839,75.9538,76.525,74.00183650361679,71.3457733049098,68.64691541559948,65.9754086668749,63.38427240620925,60.94081366578913,58.56794257120264,56.11657155932355,53.4700249912543,50.54218,50.47201698283086,50.40592592647957,50.33181623959465,50.23728410306943,50.11005098889931,49.950242188186365,49.776839302896896,49.60356170870951,49.44275057917987,49.30518094908751,49.16873893891393,49.02459152596196,48.90136772705865,48.826694230214336,48.827508622377906,48.877374481008836,48.937263627806786,49.015194693305375,49.11993805465075,49.26032673454009
"No targets calculated, so the baseline emissions are put in as target pathways for all un/conditional best/worst pathways.
",AZE,baseline_emissions,conditional,worst,KYOTOGHG,IPCM0EL,MtCO2eq,AR4,77.7572,70.4957,62.25899999999999,53.3245,47.3087,49.8308,42.527,41.5298,41.0383,41.5124,42.92,43.7859,44.3755,46.5268,48.8905,52.6715,57.2676,51.2619,61.6612,55.9269,55.9475,56.9446,59.1994,59.9713,65.9996,70.4519,71.0048,70.9912,75.1839,75.9538,76.525,76.8734,77.1063,77.3106,77.565,77.9416,78.5448,79.3046,80.0334,80.5502,80.6796,80.5676,80.4621,80.3438,80.1929,79.9898,79.7347,79.4579,79.1813,78.9246,78.705,78.4872,78.2571,78.0604,77.9412,77.9425,78.0221,78.1177,78.2421,78.4093,78.6334
"No targets calculated, so the baseline emissions are put in as target pathways for all un/conditional best/worst pathways.
",AZE,baseline_emissions,conditional,best,KYOTOGHG,IPCM0EL,MtCO2eq,AR4,77.7572,70.4957,62.25899999999999,53.3245,47.3087,49.8308,42.527,41.5298,41.0383,41.5124,42.92,43.7859,44.3755,46.5268,48.8905,52.6715,57.2676,51.2619,61.6612,55.9269,55.9475,56.9446,59.1994,59.9713,65.9996,70.4519,71.0048,70.9912,75.1839,75.9538,76.525,76.8734,77.1063,77.3106,77.565,77.9416,78.5448,79.3046,80.0334,80.5502,80.6796,80.5676,80.4621,80.3438,80.1929,79.9898,79.7347,79.4579,79.1813,78.9246,78.705,78.4872,78.2571,78.0604,77.9412,77.9425,78.0221,78.1177,78.2421,78.4093,78.6334
"No targets calculated, so the baseline emissions are put in as target pathways for all un/conditional best/worst pathways.
",AZE,baseline_emissions,unconditional,worst,KYOTOGHG,IPCM0EL,MtCO2eq,AR4,77.7572,70.4957,62.25899999999999,53.3245,47.3087,49.8308,42.527,41.5298,41.0383,41.5124,42.92,43.7859,44.3755,46.5268,48.8905,52.6715,57.2676,51.2619,61.6612,55.9269,55.9475,56.9446,59.1994,59.9713,65.9996,70.4519,71.0048,70.9912,75.1839,75.9538,76.525,76.8734,77.1063,77.3106,77.565,77.9416,78.5448,79.3046,80.0334,80.5502,80.6796,80.5676,80.4621,80.3438,80.1929,79.9898,79.7347,79.4579,79.1813,78.9246,78.705,78.4872,78.2571,78.0604,77.9412,77.9425,78.0221,78.1177,78.2421,78.4093,78.6334
"No targets calculated, so the baseline emissions are put in as target pathways for all un/conditional best/worst pathways.
",AZE,baseline_emissions,unconditional,best,KYOTOGHG,IPCM0EL,MtCO2eq,AR4,77.7572,70.4957,62.25899999999999,53.3245,47.3087,49.8308,42.527,41.5298,41.0383,41.5124,42.92,43.7859,44.3755,46.5268,48.8905,52.6715,57.2676,51.2619,61.6612,55.9269,55.9475,56.9446,59.1994,59.9713,65.9996,70.4519,71.0048,70.9912,75.1839,75.9538,76.525,76.8734,77.1063,77.3106,77.565,77.9416,78.5448,79.3046,80.0334,80.5502,80.6796,80.5676,80.4621,80.3438,80.1929,79.9898,79.7347,79.4579,79.1813,78.9246,78.705,78.4872,78.2571,78.0604,77.9412,77.9425,78.0221,78.1177,78.2421,78.4093,78.6334
,AZE,,emi_bau,emi_bau,KYOTOGHG,IPCM0EL,MtCO2eq,AR4,77.7572,70.4957,62.25899999999999,53.3245,47.3087,49.8308,42.527,41.5298,41.0383,41.5124,42.92,43.7859,44.3755,46.5268,48.8905,52.6715,57.2676,51.2619,61.6612,55.9269,55.9475,56.9446,59.1994,59.9713,65.9996,70.4519,71.0048,70.9912,75.1839,75.9538,76.525,76.8734,77.1063,77.3106,77.565,77.9416,78.5448,79.3046,80.0334,80.5502,80.6796,80.5676,80.4621,80.3438,80.1929,79.9898,79.7347,79.4579,79.1813,78.9246,78.705,78.4872,78.2571,78.0604,77.9412,77.9425,78.0221,78.1177,78.2421,78.4093,78.6334
,AZE,,emi_cov,emi_cov,KYOTOGHG,IPCM0EL,MtCO2eq,AR4,77.7572,70.4957,62.25899999999999,53.3245,47.3087,49.8308,42.527,41.5298,41.0383,41.5124,42.92,43.7859,44.3755,46.5268,48.8905,52.6715,57.2676,51.2619,61.6612,55.9269,55.9475,56.9446,59.1994,59.9713,65.9996,70.4519,71.0048,70.9912,75.1839,75.9538,76.525,76.8734,77.1063,77.3106,77.565,77.9416,78.5448,79.3046,80.0334,80.5502,80.6796,80.5676,80.4621,80.3438,80.1929,79.9898,79.7347,79.4579,79.1813,78.9246,78.705,78.4872,78.2571,78.0604,77.9412,77.9425,78.0221,78.1177,78.2421,78.4093,78.6334
,AZE,,emi_ncov,emi_ncov,KYOTOGHG,IPCM0EL,MtCO2eq,AR4,0.0,0.0,0.0,0.0,0.0,0.0,0.0,0.0,0.0,0.0,0.0,0.0,0.0,0.0,0.0,0.0,0.0,0.0,0.0,0.0,0.0,0.0,0.0,0.0,0.0,0.0,0.0,0.0,0.0,0.0,0.0,0.0,0.0,0.0,0.0,0.0,0.0,0.0,0.0,0.0,0.0,0.0,0.0,0.0,0.0,0.0,0.0,0.0,0.0,0.0,0.0,0.0,0.0,0.0,0.0,0.0,0.0,0.0,0.0,0.0,0.0
,AZE,,pc_cov,pc_cov,KYOTOGHG,IPCM0EL,MtCO2eq/MtCO2eq,AR4,1.0,1.0,1.0,1.0,1.0,1.0,1.0,1.0,1.0,1.0,1.0,1.0,1.0,1.0,1.0,1.0,1.0,1.0,1.0,1.0,1.0,1.0,1.0,1.0,1.0,1.0,1.0,1.0,1.0,1.0,1.0,1.0,1.0,1.0,1.0,1.0,1.0,1.0,1.0,1.0,1.0,1.0,1.0,1.0,1.0,1.0,1.0,1.0,1.0,1.0,1.0,1.0,1.0,1.0,1.0,1.0,1.0,1.0,1.0,1.0,1.0
,BDI,,pop,pop,POP,DEMOGR,Pers,,5438957.0,5564926.0,5685565.0,5798053.0,5898967.0,5987043.0,6060111.0,6122130.0,6185562.0,6267124.0,6378871.0,6525545.0,6704113.0,6909154.0,7131693.0,7364862.0,7607849.0,7862214.0,8126102.0,8397668.0,8675602.0,8958406.0,9245988.0,9540291.0,9844299.0,10160030.0,10487995.0,10827019.0,11014947.7306,11264759.1498,11508802.8857,11747843.0168,11983555.0562,12216253.5303,12446253.1765,12673871.9397,12897023.8493,13114286.2852,13326967.6589,13536360.1257,13743735.9883,13948888.6723,14151636.0833,14353274.9367,14555107.0941,14758440.1597,14962839.7072,15167074.9583,15371263.2173,15575521.5554,15779966.7732,15986374.9557,16195273.1705,16404909.0835,16613535.7992,16819411.3682,17022024.9558,17221506.2291,17417067.6491,17607908.3698,17793214.1269
,BDI,,gdp,gdp,GDPPPP,ECO,2011GKD,,4276405761.7188,4450114257.8125,4324957031.25,4048535644.5313,4206754394.5313,3885945312.5,3673145019.5313,3718340332.0313,3934031494.1406,4024075927.7344,3747033203.125,3778393066.4063,3902520751.9531,4057457275.3906,4326257812.5,4363125488.2813,4557171875.0,4758210449.2188,5171108398.4375,5411642578.125,5928529785.1563,6271908691.4063,6686474121.0938,7232395019.5313,7664408691.4063,7608050781.25,7932587890.625,8223047851.5625,8931620114.5441,9464676343.2979,10011170141.7529,10573200384.9356,11157862495.3517,11768446572.5838,12408153993.7524,13080131927.8312,13784713589.8686,14516130097.0654,15268433058.9992,16035807673.0215,16812581245.2802,17594832750.52,18389184661.3129,19205876345.0796,20055146434.9552,20947251140.2693,21883753216.4052,22858716233.0341,23871299141.7469,24920846789.16,26006910149.3172,27129510459.9216,28289440736.0335,29487804157.7944,30726029741.2962,32005892472.7576,33328092467.6548,34693805629.7736,36105850402.7891,37567127173.2655,39080620302.1752
"The target value from 'conditional_best' was used for 'conditional_worst' in 2025, 2030.
",BDI,ABS,conditional,worst,KYOTOGHG,IPCM0EL,MtCO2eq,AR4,3.3439,3.4194,3.4626,3.4781,3.4358,3.4741,3.5096,3.6159,3.5707,3.346,3.4211,3.8131,3.8828,3.9376,4.2494,4.3556,4.5885,4.7084,4.9072,5.1222,5.4216,5.6858,5.8161,6.3717,6.5995,6.7153,6.5052,6.5420000000000025,6.8891333333333336,7.2362666666666655,7.583399999999997,7.568399094919094,7.536304453467997,7.487116075646705,7.420833961455218,7.337458110893536,7.527148651592291,7.71330411085231,7.895924488673605,8.075009785056167,8.250559999999998,8.490239999999998,8.729279999999997,8.971999999999998,9.222399999999999,9.484239999999998,9.758639999999998,10.043679999999998,10.338479999999997,10.64224,10.954559999999999,11.276079999999999,11.607359999999998,11.94768,12.296399999999998,12.652959999999998,13.016319999999999,13.385999999999997,13.7624,14.14576,14.536480000000001
,BDI,ABS,conditional,best,KYOTOGHG,IPCM0EL,MtCO2eq,AR4,3.3439,3.4194,3.4626,3.4781,3.4358,3.4741,3.5096,3.6159,3.5707,3.346,3.4211,3.8131,3.8828,3.9376,4.2494,4.3556,4.5885,4.7084,4.9072,5.1222,5.4216,5.6858,5.8161,6.3717,6.5995,6.7153,6.5052,6.5420000000000025,6.8891333333333336,7.2362666666666655,7.583399999999997,7.568399094919094,7.536304453467997,7.487116075646705,7.420833961455218,7.337458110893536,7.527148651592291,7.71330411085231,7.895924488673605,8.075009785056167,8.250559999999998,8.490239999999998,8.729279999999997,8.971999999999998,9.222399999999999,9.484239999999998,9.758639999999998,10.043679999999998,10.338479999999997,10.64224,10.954559999999999,11.276079999999999,11.607359999999998,11.94768,12.296399999999998,12.652959999999998,13.016319999999999,13.385999999999997,13.7624,14.14576,14.536480000000001
"The target value from 'unconditional_best' was used for 'unconditional_worst' in 2025, 2030.
",BDI,ABS,unconditional,worst,KYOTOGHG,IPCM0EL,MtCO2eq,AR4,3.3439,3.4194,3.4626,3.4781,3.4358,3.4741,3.5096,3.6159,3.5707,3.346,3.4211,3.8131,3.8828,3.9376,4.2494,4.3556,4.5885,4.7084,4.9072,5.1222,5.4216,5.6858,5.8161,6.3717,6.5995,6.7153,6.5052,6.5420000000000025,6.8891333333333336,7.2362666666666655,7.583399999999997,7.803450569514581,8.021490720807995,8.237520453880242,8.451539768731317,8.663548665361228,8.933946791905898,9.203165157937939,9.471203763457355,9.738062608464146,10.003741692958311,10.294351882929446,10.584186077733767,10.87848224474726,11.182090353762499,11.499569376384503,11.832277304155195,12.177886151574139,12.535328925286967,12.903635631335165,13.282321272739475,13.672161844666707,14.073836342887827,14.486471772840167,14.909292139356914,15.34161844666711,15.782189702624686,16.23042391085453,16.686806068335905,17.151627173256358,17.625372222595153
,BDI,ABS,unconditional,best,KYOTOGHG,IPCM0EL,MtCO2eq,AR4,3.3439,3.4194,3.4626,3.4781,3.4358,3.4741,3.5096,3.6159,3.5707,3.346,3.4211,3.8131,3.8828,3.9376,4.2494,4.3556,4.5885,4.7084,4.9072,5.1222,5.4216,5.6858,5.8161,6.3717,6.5995,6.7153,6.5052,6.5420000000000025,6.8891333333333336,7.2362666666666655,7.583399999999997,7.803450569514581,8.021490720807995,8.237520453880242,8.451539768731317,8.663548665361228,8.933946791905898,9.203165157937939,9.471203763457355,9.738062608464146,10.003741692958311,10.294351882929446,10.584186077733767,10.87848224474726,11.182090353762499,11.499569376384503,11.832277304155195,12.177886151574139,12.535328925286967,12.903635631335165,13.282321272739475,13.672161844666707,14.073836342887827,14.486471772840167,14.909292139356914,15.34161844666711,15.782189702624686,16.23042391085453,16.686806068335905,17.151627173256358,17.625372222595153
"The target value from 'conditional_best' was used for 'conditional_worst' in 2025, 2030.
",BDI,ABU,conditional,worst,KYOTOGHG,IPCM0EL,MtCO2eq,AR4,3.3439,3.4194,3.4626,3.4781,3.4358,3.4741,3.5096,3.6159,3.5707,3.346,3.4211,3.8131,3.8828,3.9376,4.2494,4.3556,4.5885,4.7084,4.9072,5.1222,5.4216,5.6858,5.8161,6.3717,6.5995,6.7153,6.5052,6.5420000000000025,6.8891333333333336,7.2362666666666655,7.583399999999997,7.568399094919095,7.536304453467998,7.487116075646707,7.420833961455219,7.337458110893538,7.527148651592292,7.713304110852311,7.895924488673603,8.075009785056166,8.250559999999997,8.490239999999996,8.729279999999996,8.971999999999994,9.222399999999995,9.484239999999994,9.758639999999994,10.043679999999995,10.338479999999995,10.642239999999996,10.954559999999995,11.276079999999995,11.607359999999995,11.947679999999997,12.296399999999995,12.652959999999995,13.016319999999995,13.385999999999994,13.762399999999996,14.145759999999994,14.536479999999996
,BDI,ABU,conditional,best,KYOTOGHG,IPCM0EL,MtCO2eq,AR4,3.3439,3.4194,3.4626,3.4781,3.4358,3.4741,3.5096,3.6159,3.5707,3.346,3.4211,3.8131,3.8828,3.9376,4.2494,4.3556,4.5885,4.7084,4.9072,5.1222,5.4216,5.6858,5.8161,6.3717,6.5995,6.7153,6.5052,6.5420000000000025,6.8891333333333336,7.2362666666666655,7.583399999999997,7.568399094919095,7.536304453467998,7.487116075646707,7.420833961455219,7.337458110893538,7.527148651592292,7.713304110852311,7.895924488673603,8.075009785056166,8.250559999999997,8.490239999999996,8.729279999999996,8.971999999999994,9.222399999999995,9.484239999999994,9.758639999999994,10.043679999999995,10.338479999999995,10.642239999999996,10.954559999999995,11.276079999999995,11.607359999999995,11.947679999999997,12.296399999999995,12.652959999999995,13.016319999999995,13.385999999999994,13.762399999999996,14.145759999999994,14.536479999999996
"The target value from 'unconditional_best' was used for 'unconditional_worst' in 2025, 2030.
",BDI,ABU,unconditional,worst,KYOTOGHG,IPCM0EL,MtCO2eq,AR4,3.3439,3.4194,3.4626,3.4781,3.4358,3.4741,3.5096,3.6159,3.5707,3.346,3.4211,3.8131,3.8828,3.9376,4.2494,4.3556,4.5885,4.7084,4.9072,5.1222,5.4216,5.6858,5.8161,6.3717,6.5995,6.7153,6.5052,6.5420000000000025,6.8891333333333336,7.2362666666666655,7.583399999999997,7.803450569514581,8.021490720807995,8.237520453880242,8.451539768731317,8.663548665361228,8.933946791905898,9.203165157937937,9.471203763457355,9.738062608464144,10.00374169295831,10.294351882929444,10.584186077733765,10.878482244747257,11.182090353762497,11.4995693763845,11.832277304155191,12.177886151574135,12.535328925286963,12.903635631335163,13.282321272739471,13.672161844666705,14.073836342887823,14.486471772840163,14.90929213935691,15.341618446667107,15.782189702624683,16.230423910854526,16.6868060683359,17.15162717325635,17.625372222595146
,BDI,ABU,unconditional,best,KYOTOGHG,IPCM0EL,MtCO2eq,AR4,3.3439,3.4194,3.4626,3.4781,3.4358,3.4741,3.5096,3.6159,3.5707,3.346,3.4211,3.8131,3.8828,3.9376,4.2494,4.3556,4.5885,4.7084,4.9072,5.1222,5.4216,5.6858,5.8161,6.3717,6.5995,6.7153,6.5052,6.5420000000000025,6.8891333333333336,7.2362666666666655,7.583399999999997,7.803450569514581,8.021490720807995,8.237520453880242,8.451539768731317,8.663548665361228,8.933946791905898,9.203165157937937,9.471203763457355,9.738062608464144,10.00374169295831,10.294351882929444,10.584186077733765,10.878482244747257,11.182090353762497,11.4995693763845,11.832277304155191,12.177886151574135,12.535328925286963,12.903635631335163,13.282321272739471,13.672161844666705,14.073836342887823,14.486471772840163,14.90929213935691,15.341618446667107,15.782189702624683,16.230423910854526,16.6868060683359,17.15162717325635,17.625372222595146
"The target value from 'conditional_best' was used for 'conditional_worst' in 2025, 2030.
",BDI,RBU,conditional,worst,KYOTOGHG,IPCM0EL,MtCO2eq,AR4,3.3439,3.4194,3.4626,3.4781,3.4358,3.4741,3.5096,3.6159,3.5707,3.346,3.4211,3.8131,3.8828,3.9376,4.2494,4.3556,4.5885,4.7084,4.9072,5.1222,5.4216,5.6858,5.8161,6.3717,6.5995,6.7153,6.5052,6.5420000000000025,6.8891333333333336,7.2362666666666655,7.583399999999997,7.577061073218502,7.55418425161052,7.514769535176051,7.458816923915094,7.386326417827651,7.578039209945525,7.766242321733538,7.950935753191698,8.132119504319999,8.309793575118444,8.551194319320581,8.791950468745142,9.036413038140765,9.288610744867297,9.552330583242997,9.828700594128621,10.115786993191445,10.412703462612297,10.718644258919214,11.033206510376205,11.357034811760848,11.690693183503521,12.033456456479456,12.38468003591107,12.743799901367987,13.10976858633665,13.482102644733871,13.861204948295642,14.247317220063545,14.640842331773573
,BDI,RBU,conditional,best,KYOTOGHG,IPCM0EL,MtCO2eq,AR4,3.3439,3.4194,3.4626,3.4781,3.4358,3.4741,3.5096,3.6159,3.5707,3.346,3.4211,3.8131,3.8828,3.9376,4.2494,4.3556,4.5885,4.7084,4.9072,5.1222,5.4216,5.6858,5.8161,6.3717,6.5995,6.7153,6.5052,6.5420000000000025,6.8891333333333336,7.2362666666666655,7.583399999999997,7.577061073218502,7.55418425161052,7.514769535176051,7.458816923915094,7.386326417827651,7.578039209945525,7.766242321733538,7.950935753191698,8.132119504319999,8.309793575118444,8.551194319320581,8.791950468745142,9.036413038140765,9.288610744867297,9.552330583242997,9.828700594128621,10.115786993191445,10.412703462612297,10.718644258919214,11.033206510376205,11.357034811760848,11.690693183503521,12.033456456479456,12.38468003591107,12.743799901367987,13.10976858633665,13.482102644733871,13.861204948295642,14.247317220063545,14.640842331773573
"The target value from 'unconditional_best' was used for 'unconditional_worst' in 2025, 2030.
",BDI,RBU,unconditional,worst,KYOTOGHG,IPCM0EL,MtCO2eq,AR4,3.3439,3.4194,3.4626,3.4781,3.4358,3.4741,3.5096,3.6159,3.5707,3.346,3.4211,3.8131,3.8828,3.9376,4.2494,4.3556,4.5885,4.7084,4.9072,5.1222,5.4216,5.6858,5.8161,6.3717,6.5995,6.7153,6.5052,6.5420000000000025,6.8891333333333336,7.2362666666666655,7.583399999999997,7.804460126260998,8.02357461783653,8.240743474726594,8.455966696931187,8.669244284450311,8.940240135993296,9.21008253694653,9.478771487310022,9.746306987083766,10.012689036267764,10.303559147898085,10.593652570311766,10.888211955721111,11.19209161173009,11.509854587486446,11.84286008911929,12.188778048978714,12.54654051939184,12.91517663883788,13.294200976556427,13.684390221764124,14.086423977525524,14.499428468471915,14.922627005386657,15.355339985205195,15.796305287950494,16.244940396710078,16.701730742244344,17.166967583009527,17.641136349766033
,BDI,RBU,unconditional,best,KYOTOGHG,IPCM0EL,MtCO2eq,AR4,3.3439,3.4194,3.4626,3.4781,3.4358,3.4741,3.5096,3.6159,3.5707,3.346,3.4211,3.8131,3.8828,3.9376,4.2494,4.3556,4.5885,4.7084,4.9072,5.1222,5.4216,5.6858,5.8161,6.3717,6.5995,6.7153,6.5052,6.5420000000000025,6.8891333333333336,7.2362666666666655,7.583399999999997,7.804460126260998,8.02357461783653,8.240743474726594,8.455966696931187,8.669244284450311,8.940240135993296,9.21008253694653,9.478771487310022,9.746306987083766,10.012689036267764,10.303559147898085,10.593652570311766,10.888211955721111,11.19209161173009,11.509854587486446,11.84286008911929,12.188778048978714,12.54654051939184,12.91517663883788,13.294200976556427,13.684390221764124,14.086423977525524,14.499428468471915,14.922627005386657,15.355339985205195,15.796305287950494,16.244940396710078,16.701730742244344,17.166967583009527,17.641136349766033
"No targets calculated, so the baseline emissions are put in as target pathways for all un/conditional best/worst pathways.
",BDI,baseline_emissions,conditional,worst,KYOTOGHG,IPCM0EL,MtCO2eq,AR4,3.3439,3.4194,3.4626,3.4781,3.4358,3.4741,3.5096,3.6159,3.5707,3.346,3.4211,3.8131,3.8828,3.9376,4.2494,4.3556,4.5885,4.7084,4.9072,5.1222,5.4216,5.6858,5.8161,6.3717,6.5995,6.7153,6.5052,6.5420000000000025,6.8891333333333336,7.2362666666666655,7.583399999999997,7.834779999999998,8.086159999999998,8.337539999999999,8.588919999999998,8.8403,9.13488,9.429459999999997,9.724039999999997,10.018619999999997,10.313199999999997,10.612799999999996,10.911599999999995,11.214999999999995,11.527999999999995,11.855299999999994,12.198299999999994,12.554599999999995,12.923099999999994,13.302799999999996,13.693199999999996,14.095099999999995,14.509199999999995,14.934599999999996,15.370499999999995,15.816199999999995,16.270399999999995,16.732499999999995,17.202999999999996,17.682199999999995,18.170599999999997
"No targets calculated, so the baseline emissions are put in as target pathways for all un/conditional best/worst pathways.
",BDI,baseline_emissions,conditional,best,KYOTOGHG,IPCM0EL,MtCO2eq,AR4,3.3439,3.4194,3.4626,3.4781,3.4358,3.4741,3.5096,3.6159,3.5707,3.346,3.4211,3.8131,3.8828,3.9376,4.2494,4.3556,4.5885,4.7084,4.9072,5.1222,5.4216,5.6858,5.8161,6.3717,6.5995,6.7153,6.5052,6.5420000000000025,6.8891333333333336,7.2362666666666655,7.583399999999997,7.834779999999998,8.086159999999998,8.337539999999999,8.588919999999998,8.8403,9.13488,9.429459999999997,9.724039999999997,10.018619999999997,10.313199999999997,10.612799999999996,10.911599999999995,11.214999999999995,11.527999999999995,11.855299999999994,12.198299999999994,12.554599999999995,12.923099999999994,13.302799999999996,13.693199999999996,14.095099999999995,14.509199999999995,14.934599999999996,15.370499999999995,15.816199999999995,16.270399999999995,16.732499999999995,17.202999999999996,17.682199999999995,18.170599999999997
"No targets calculated, so the baseline emissions are put in as target pathways for all un/conditional best/worst pathways.
",BDI,baseline_emissions,unconditional,worst,KYOTOGHG,IPCM0EL,MtCO2eq,AR4,3.3439,3.4194,3.4626,3.4781,3.4358,3.4741,3.5096,3.6159,3.5707,3.346,3.4211,3.8131,3.8828,3.9376,4.2494,4.3556,4.5885,4.7084,4.9072,5.1222,5.4216,5.6858,5.8161,6.3717,6.5995,6.7153,6.5052,6.5420000000000025,6.8891333333333336,7.2362666666666655,7.583399999999997,7.834779999999998,8.086159999999998,8.337539999999999,8.588919999999998,8.8403,9.13488,9.429459999999997,9.724039999999997,10.018619999999997,10.313199999999997,10.612799999999996,10.911599999999995,11.214999999999995,11.527999999999995,11.855299999999994,12.198299999999994,12.554599999999995,12.923099999999994,13.302799999999996,13.693199999999996,14.095099999999995,14.509199999999995,14.934599999999996,15.370499999999995,15.816199999999995,16.270399999999995,16.732499999999995,17.202999999999996,17.682199999999995,18.170599999999997
"No targets calculated, so the baseline emissions are put in as target pathways for all un/conditional best/worst pathways.
",BDI,baseline_emissions,unconditional,best,KYOTOGHG,IPCM0EL,MtCO2eq,AR4,3.3439,3.4194,3.4626,3.4781,3.4358,3.4741,3.5096,3.6159,3.5707,3.346,3.4211,3.8131,3.8828,3.9376,4.2494,4.3556,4.5885,4.7084,4.9072,5.1222,5.4216,5.6858,5.8161,6.3717,6.5995,6.7153,6.5052,6.5420000000000025,6.8891333333333336,7.2362666666666655,7.583399999999997,7.834779999999998,8.086159999999998,8.337539999999999,8.588919999999998,8.8403,9.13488,9.429459999999997,9.724039999999997,10.018619999999997,10.313199999999997,10.612799999999996,10.911599999999995,11.214999999999995,11.527999999999995,11.855299999999994,12.198299999999994,12.554599999999995,12.923099999999994,13.302799999999996,13.693199999999996,14.095099999999995,14.509199999999995,14.934599999999996,15.370499999999995,15.816199999999995,16.270399999999995,16.732499999999995,17.202999999999996,17.682199999999995,18.170599999999997
,BDI,,emi_bau,emi_bau,KYOTOGHG,IPCM0EL,MtCO2eq,AR4,3.3439,3.4194,3.4626,3.4781,3.4358,3.4741,3.5096,3.6159,3.5707,3.346,3.4211,3.8131,3.8828,3.9376,4.2494,4.3556,4.5885,4.7084,4.9072,5.1222,5.4216,5.6858,5.8161,6.3717,6.5995,6.7153,6.5052,6.5420000000000025,6.8891333333333336,7.2362666666666655,7.583399999999997,7.834779999999998,8.086159999999998,8.337539999999999,8.588919999999998,8.8403,9.13488,9.429459999999997,9.724039999999997,10.018619999999997,10.313199999999997,10.612799999999996,10.911599999999995,11.214999999999995,11.527999999999995,11.855299999999994,12.198299999999994,12.554599999999995,12.923099999999994,13.302799999999996,13.693199999999996,14.095099999999995,14.509199999999995,14.934599999999996,15.370499999999995,15.816199999999995,16.270399999999995,16.732499999999995,17.202999999999996,17.682199999999995,18.170599999999997
,BDI,,emi_cov,emi_cov,KYOTOGHG,IPCM0EL,MtCO2eq,AR4,2.4645578137684,2.5184943475968002,2.5406869535964005,2.5418948910542,2.4837416993826,2.5076436958489,2.5293915429287996,2.6211898183308002,2.563022679546,2.3400360113059997,2.3945266776836,2.7419844466446,2.779096025566,2.7979365298384007,3.0766061562736,3.1450317236552,3.3321509149740005,3.4088123017688003,3.5604498949887997,3.7290032229972003,3.9784378716864004,4.1817901598552005,4.2522000421602,4.7820590570121,4.9820070372295,5.0461829331532,4.7966664202236,4.793938164824002,5.171792264253333,5.447881763908265,5.724572355968397,5.929170429385358,6.133787896749919,6.338696743018199,6.544094104209798,6.7501305681754,6.98983712483328,7.230041585580717,7.4705516658303175,7.711224183965338,7.9519323730819975,8.196388771348797,8.440192401505197,8.687749376374995,8.943139399127995,9.210197402069294,9.490065710701794,9.780786048269995,10.081460877038095,10.391274270630397,10.709818245884398,11.037745573532296,11.375627385880795,11.722729349782796,12.078398722931997,12.442064321872797,12.812665436999996,13.189712498227495,13.573613469458996,13.964613146066396,14.363119502191596
,BDI,,emi_ncov,emi_ncov,KYOTOGHG,IPCM0EL,MtCO2eq,AR4,0.8793421862316003,0.9009056524032,0.9219130464035997,0.9362051089458,0.9520583006173998,0.9664563041510998,0.9802084570712002,0.9947101816691998,1.007677320454,1.0059639886940002,1.0265733223164002,1.0711155533554,1.103703974434,1.1396634701615997,1.1727938437263996,1.2105682763447998,1.2563490850259995,1.2995876982312,1.3467501050111996,1.3931967770028002,1.4431621283135994,1.5040098401447994,1.5638999578397998,1.5896409429878997,1.6174929627705001,1.6691170668467998,1.7085335797764003,1.7480618351760002,1.7173410690800002,1.7883849027584005,1.8588276440315994,1.9056095706146394,1.952372103250079,1.9988432569818,2.0448258957901992,2.0901694318246,2.1450428751667205,2.1994184144192794,2.253488334169679,2.307395816034659,2.361267626917999,2.4164112286512,2.4714075984947987,2.5272506236249983,2.584860600872,2.6451025979307,2.7082342892982,2.77381395173,2.8416391229619,2.9115257293695986,2.9833817541155985,3.0573544264676995,3.133572614119198,3.2118706502172,3.292101277067998,3.374135678127198,3.457734563,3.5427875017724992,3.629386530540999,3.7175868539335992,3.8074804978084007
,BDI,,pc_cov,pc_cov,KYOTOGHG,IPCM0EL,MtCO2eq/MtCO2eq,AR4,0.7370309559999999,0.736531072,0.7337512140000001,0.730828582,0.7229005470000001,0.721811029,0.7207065029999999,0.7249066120000001,0.71779278,0.699353261,0.699928876,0.719095866,0.715745345,0.7105690090000001,0.7240095440000001,0.722066242,0.7261961240000001,0.723985282,0.725556304,0.728008126,0.7338125040000001,0.7354796440000001,0.731108482,0.750515413,0.754906741,0.751445644,0.737358793,0.7327939720000001,0.7507174,0.7528580709999999,0.754882026,0.756775612,0.7585538620000001,0.76025983,0.761922815,0.763563518,0.765181056,0.766750332,0.768255958,0.769689257,0.771044135,0.772311621,0.773506397,0.774654425,0.7757754509999999,0.7768843809999999,0.7779826459999999,0.77905995,0.7801116509999999,0.781134368,0.7821267670000001,0.783090973,0.784028574,0.784937618,0.785816904,0.7866658440000001,0.787483125,0.788269087,0.789025953,0.789755412,0.7904592859999999
,BEL,,pop,pop,POP,DEMOGR,Pers,,10006544.0,10039445.0,10078101.0,10118674.0,10155919.0,10186305.0,10208275.0,10223789.0,10237299.0,10255160.0,10282033.0,10319019.0,10364885.0,10419032.0,10480117.0,10546886.0,10619475.0,10697572.0,10778758.0,10859940.0,10938739.0,11013853.0,11085358.0,11154009.0,11221231.0,11287940.0,11354420.0,11419748.0,11456013.1029,11470494.5427,11473860.5848,11471737.8742,11471159.13,11471670.2251,11472820.3547,11474161.1444,11473751.5391,11470623.6779,11465791.0515,11460269.1644,11455076.3984,11447452.4473,11434836.9076,11418550.4129,11399912.0943,11380238.7641,11359054.2565,11335409.7878,11309911.1669,11283163.3061,11255769.9195,11226965.7782,11195553.6768,11161489.0126,11124728.2083,11085229.0182,11043226.9135,10999297.5194,10953910.1233,10907534.1388,10860639.2433
,BEL,,gdp,gdp,GDPPPP,ECO,2011GKD,,251967109375.0,257067484375.0,265715218750.0,266461718750.0,274146656250.0,281534625000.0,281381656250.0,298709000000.0,308854250000.0,323300687500.0,344935968750.0,348277625000.0,356017468750.0,357093000000.0,367341875000.0,386862531250.0,399906593750.0,415670312500.0,429194656250.0,424332625000.0,452347468750.0,466257500000.0,476811437500.0,474723156250.0,479259093750.0,495379531250.0,507133875000.0,522365468750.0,525282384234.4568,531670841586.0076,537878345797.0309,544168016173.1109,550683075725.1207,557422220662.6692,564385125816.7509,571572398213.8007,578906548035.3412,586283400454.5463,593664121713.446,601009772908.7614,608281313045.8284,615571837853.3453,622926701719.9429,630234960377.3024,637385309815.2722,644266087917.1677,650934990111.1943,657463172449.1649,663759160864.5007,669731829513.5317,675290440945.3185,680481768498.473,685426551214.9368,690145659733.1051,694660363933.7549,698992274869.202,703112481316.2864,706985148600.545,710621649303.2747,714033237593.5525,717231067487.5514
"The target value from 'unconditional_best' was used for 'conditional_worst' in 2030.
The target value from 'unconditional_best' was used for 'conditional_best' in 2030.
",BEL,RBY,conditional,worst,KYOTOGHG,IPCM0EL,MtCO2eq,AR4,149.1429,151.6762,150.3104,149.3628,154.032,156.2326,159.9459,151.4238,156.5186,149.8055,150.8292,149.2934,148.7061,149.0979,150.4191,146.5845,144.0614,140.545,140.3714,127.5175,134.4336,123.6072,120.7712,120.7777,114.9977,118.6341,117.3127,116.0868,114.8477,116.3364,117.852,115.04782253690956,112.17221945781927,109.22903207093839,106.22103218038941,103.14983040956756,100.00322690989209,96.76491008173129,93.42962140345446,89.99172097860615,86.44575749999998,87.86889451314046,89.32217629391421,90.79205036275502,92.26471092272158,93.72616218884131,95.18666351480455,96.6585641226459,98.13059138917478,99.59115604448178,101.02873214800123,102.4423697595766,103.84163161011676,105.23019080156025,106.61191042387688,107.99071689638018,109.36236715303778,110.72103489422307,112.06843001221776,113.40645238733488,114.73687524119993
,BEL,RBY,conditional,best,KYOTOGHG,IPCM0EL,MtCO2eq,AR4,149.1429,151.6762,150.3104,149.3628,154.032,156.2326,159.9459,151.4238,156.5186,149.8055,150.8292,149.2934,148.7061,149.0979,150.4191,146.5845,144.0614,140.545,140.3714,127.5175,134.4336,123.6072,120.7712,120.7777,114.9977,118.6341,117.3127,116.0868,114.8477,116.3364,117.852,115.04782253690956,112.17221945781927,109.22903207093839,106.22103218038941,103.14983040956756,100.00322690989209,96.76491008173129,93.42962140345446,89.99172097860615,86.44575749999998,87.86889451314046,89.32217629391421,90.79205036275502,92.26471092272158,93.72616218884131,95.18666351480455,96.6585641226459,98.13059138917478,99.59115604448178,101.02873214800123,102.4423697595766,103.84163161011676,105.23019080156025,106.61191042387688,107.99071689638018,109.36236715303778,110.72103489422307,112.06843001221776,113.40645238733488,114.73687524119993
"The target value from 'unconditional_best' was used for 'unconditional_worst' in 2030.
",BEL,RBY,unconditional,worst,KYOTOGHG,IPCM0EL,MtCO2eq,AR4,149.1429,151.6762,150.3104,149.3628,154.032,156.2326,159.9459,151.4238,156.5186,149.8055,150.8292,149.2934,148.7061,149.0979,150.4191,146.5845,144.0614,140.545,140.3714,127.5175,134.4336,123.6072,120.7712,120.7777,114.9977,118.6341,117.3127,116.0868,114.8477,116.3364,117.852,115.04782253690956,112.17221945781927,109.22903207093839,106.22103218038941,103.14983040956756,100.00322690989209,96.76491008173129,93.42962140345446,89.99172097860615,86.44575749999998,87.86889451314046,89.32217629391421,90.79205036275502,92.26471092272158,93.72616218884131,95.18666351480455,96.6585641226459,98.13059138917478,99.59115604448178,101.02873214800123,102.4423697595766,103.84163161011676,105.23019080156025,106.61191042387688,107.99071689638018,109.36236715303778,110.72103489422307,112.06843001221776,113.40645238733488,114.73687524119993
,BEL,RBY,unconditional,best,KYOTOGHG,IPCM0EL,MtCO2eq,AR4,149.1429,151.6762,150.3104,149.3628,154.032,156.2326,159.9459,151.4238,156.5186,149.8055,150.8292,149.2934,148.7061,149.0979,150.4191,146.5845,144.0614,140.545,140.3714,127.5175,134.4336,123.6072,120.7712,120.7777,114.9977,118.6341,117.3127,116.0868,114.8477,116.3364,117.852,115.04782253690956,112.17221945781927,109.22903207093839,106.22103218038941,103.14983040956756,100.00322690989209,96.76491008173129,93.42962140345446,89.99172097860615,86.44575749999998,87.86889451314046,89.32217629391421,90.79205036275502,92.26471092272158,93.72616218884131,95.18666351480455,96.6585641226459,98.13059138917478,99.59115604448178,101.02873214800123,102.4423697595766,103.84163161011676,105.23019080156025,106.61191042387688,107.99071689638018,109.36236715303778,110.72103489422307,112.06843001221776,113.40645238733488,114.73687524119993
"No targets calculated, so the baseline emissions are put in as target pathways for all un/conditional best/worst pathways.
",BEL,baseline_emissions,conditional,worst,KYOTOGHG,IPCM0EL,MtCO2eq,AR4,149.1429,151.6762,150.3104,149.3628,154.032,156.2326,159.9459,151.4238,156.5186,149.8055,150.8292,149.2934,148.7061,149.0979,150.4191,146.5845,144.0614,140.545,140.3714,127.5175,134.4336,123.6072,120.7712,120.7777,114.9977,118.6341,117.3127,116.0868,114.8477,116.3364,117.852,119.4273,121.0502,122.7309,124.4801,126.309,128.2132,130.1819,132.2177,134.3232,136.5019,138.7491,141.0439,143.3649,145.6903,147.998,150.3042,152.6284,154.9528,157.2591,159.5291,161.7613,163.9708,166.1634,168.3452,170.5224,172.6883,174.8337,176.9613,179.0741,181.1749
"No targets calculated, so the baseline emissions are put in as target pathways for all un/conditional best/worst pathways.
",BEL,baseline_emissions,conditional,best,KYOTOGHG,IPCM0EL,MtCO2eq,AR4,149.1429,151.6762,150.3104,149.3628,154.032,156.2326,159.9459,151.4238,156.5186,149.8055,150.8292,149.2934,148.7061,149.0979,150.4191,146.5845,144.0614,140.545,140.3714,127.5175,134.4336,123.6072,120.7712,120.7777,114.9977,118.6341,117.3127,116.0868,114.8477,116.3364,117.852,119.4273,121.0502,122.7309,124.4801,126.309,128.2132,130.1819,132.2177,134.3232,136.5019,138.7491,141.0439,143.3649,145.6903,147.998,150.3042,152.6284,154.9528,157.2591,159.5291,161.7613,163.9708,166.1634,168.3452,170.5224,172.6883,174.8337,176.9613,179.0741,181.1749
"No targets calculated, so the baseline emissions are put in as target pathways for all un/conditional best/worst pathways.
",BEL,baseline_emissions,unconditional,worst,KYOTOGHG,IPCM0EL,MtCO2eq,AR4,149.1429,151.6762,150.3104,149.3628,154.032,156.2326,159.9459,151.4238,156.5186,149.8055,150.8292,149.2934,148.7061,149.0979,150.4191,146.5845,144.0614,140.545,140.3714,127.5175,134.4336,123.6072,120.7712,120.7777,114.9977,118.6341,117.3127,116.0868,114.8477,116.3364,117.852,119.4273,121.0502,122.7309,124.4801,126.309,128.2132,130.1819,132.2177,134.3232,136.5019,138.7491,141.0439,143.3649,145.6903,147.998,150.3042,152.6284,154.9528,157.2591,159.5291,161.7613,163.9708,166.1634,168.3452,170.5224,172.6883,174.8337,176.9613,179.0741,181.1749
"No targets calculated, so the baseline emissions are put in as target pathways for all un/conditional best/worst pathways.
",BEL,baseline_emissions,unconditional,best,KYOTOGHG,IPCM0EL,MtCO2eq,AR4,149.1429,151.6762,150.3104,149.3628,154.032,156.2326,159.9459,151.4238,156.5186,149.8055,150.8292,149.2934,148.7061,149.0979,150.4191,146.5845,144.0614,140.545,140.3714,127.5175,134.4336,123.6072,120.7712,120.7777,114.9977,118.6341,117.3127,116.0868,114.8477,116.3364,117.852,119.4273,121.0502,122.7309,124.4801,126.309,128.2132,130.1819,132.2177,134.3232,136.5019,138.7491,141.0439,143.3649,145.6903,147.998,150.3042,152.6284,154.9528,157.2591,159.5291,161.7613,163.9708,166.1634,168.3452,170.5224,172.6883,174.8337,176.9613,179.0741,181.1749
,BEL,,emi_bau,emi_bau,KYOTOGHG,IPCM0EL,MtCO2eq,AR4,149.1429,151.6762,150.3104,149.3628,154.032,156.2326,159.9459,151.4238,156.5186,149.8055,150.8292,149.2934,148.7061,149.0979,150.4191,146.5845,144.0614,140.545,140.3714,127.5175,134.4336,123.6072,120.7712,120.7777,114.9977,118.6341,117.3127,116.0868,114.8477,116.3364,117.852,119.4273,121.0502,122.7309,124.4801,126.309,128.2132,130.1819,132.2177,134.3232,136.5019,138.7491,141.0439,143.3649,145.6903,147.998,150.3042,152.6284,154.9528,157.2591,159.5291,161.7613,163.9708,166.1634,168.3452,170.5224,172.6883,174.8337,176.9613,179.0741,181.1749
,BEL,,emi_cov,emi_cov,KYOTOGHG,IPCM0EL,MtCO2eq,AR4,149.1429,151.6762,150.3104,149.3628,154.032,156.2326,159.9459,151.4238,156.5186,149.8055,150.8292,149.2934,148.7061,149.0979,150.4191,146.5845,144.0614,140.545,140.3714,127.5175,134.4336,123.6072,120.7712,120.7777,114.9977,118.6341,117.3127,116.0868,114.8477,116.3364,117.852,119.4273,121.0502,122.7309,124.4801,126.309,128.2132,130.1819,132.2177,134.3232,136.5019,138.7491,141.0439,143.3649,145.6903,147.998,150.3042,152.6284,154.9528,157.2591,159.5291,161.7613,163.9708,166.1634,168.3452,170.5224,172.6883,174.8337,176.9613,179.0741,181.1749
,BEL,,emi_ncov,emi_ncov,KYOTOGHG,IPCM0EL,MtCO2eq,AR4,0.0,0.0,0.0,0.0,0.0,0.0,0.0,0.0,0.0,0.0,0.0,0.0,0.0,0.0,0.0,0.0,0.0,0.0,0.0,0.0,0.0,0.0,0.0,0.0,0.0,0.0,0.0,0.0,0.0,0.0,0.0,0.0,0.0,0.0,0.0,0.0,0.0,0.0,0.0,0.0,0.0,0.0,0.0,0.0,0.0,0.0,0.0,0.0,0.0,0.0,0.0,0.0,0.0,0.0,0.0,0.0,0.0,0.0,0.0,0.0,0.0
,BEL,,pc_cov,pc_cov,KYOTOGHG,IPCM0EL,MtCO2eq/MtCO2eq,AR4,1.0,1.0,1.0,1.0,1.0,1.0,1.0,1.0,1.0,1.0,1.0,1.0,1.0,1.0,1.0,1.0,1.0,1.0,1.0,1.0,1.0,1.0,1.0,1.0,1.0,1.0,1.0,1.0,1.0,1.0,1.0,1.0,1.0,1.0,1.0,1.0,1.0,1.0,1.0,1.0,1.0,1.0,1.0,1.0,1.0,1.0,1.0,1.0,1.0,1.0,1.0,1.0,1.0,1.0,1.0,1.0,1.0,1.0,1.0,1.0,1.0
,BEN,,pop,pop,POP,DEMOGR,Pers,,4978496.0,5149499.0,5331803.0,5521763.0,5714220.0,5905558.0,6094259.0,6281639.0,6470265.0,6664098.0,6865951.0,7076733.0,7295394.0,7520555.0,7750004.0,7982225.0,8216897.0,8454793.0,8696921.0,8944708.0,9199259.0,9460831.0,9729249.0,10004591.0,10286844.0,10575952.0,10872063.0,11175198.0,11417679.7195,11713895.6311,12012107.0874,12313184.467,12617962.158,12926389.7254,13238411.91,13553970.0295,13872314.3407,14192102.347,14512390.6561,14832243.3003,15150730.1797,15469045.3972,15788476.0983,16108233.9452,16427529.1125,16745570.5892,17061831.6289,17376443.809,17689603.325999998,18001506.7327,18312350.8296,18623543.9089,18935669.8203,19247689.1045,19558562.9204,19867253.4173,20172146.0901,20472670.7285,20769354.4912,21062719.4197,21353281.1122
,BEN,,gdp,gdp,GDPPPP,ECO,2011GKD,,5866545410.1563,6148177734.375,6339333007.8125,6648979980.4688,6158776367.1875,6623391113.2813,7195323242.1875,7729488281.25,8069195312.5,8784571289.0625,9752310546.875,10436412109.375,11546254882.8125,12416490234.375,13443246093.75,14232771484.375,14500962890.625,15052317382.8125,15945276367.1875,16255987304.6875,16345984375.0,16737851562.5,17697255859.375,18826501953.125,20363792968.75,20904548828.125,20443193359.375,21813943359.375,22587582393.499,23560148492.4108,24597914459.9876,25723095987.3482,26937572368.1004,28225501388.2823,29571137142.8201,30958738641.565,32380915638.7547,33836452122.6657,35318905253.5439,36821929742.1109,38339284614.3612,39863267304.2483,41403554800.4454,42980015242.1518,44612483037.688,46320796301.3207,48099156150.4483,49933654194.6265,51832116095.9105,53802561840.7824,55853261954.5238,57981977045.1715,60184295971.7379,62465782214.7864,64832484635.0201,67291007603.1951,69847130685.6159,72502113510.6978,75256344536.4569,78110352705.4199,81064803730.6088
"The target value from 'conditional_best' was used for 'conditional_worst' in 2030.
",BEN,ABS,conditional,worst,KYOTOGHG,IPCM0EL,MtCO2eq,AR4,6.0105,6.31,6.4868,6.7926,7.2457,7.1088,7.3502,7.5369,7.8241,8.1495,8.5694,8.5964,9.7783,9.6036,9.4757,10.5634,11.4111,12.3791,11.9033,12.4378,13.1166,13.5639,13.7157,14.2646,14.7982,15.099,16.2077,16.8924,18.554523076923076,20.216646153846156,21.87876923076923,23.17402125874126,24.417466853146855,25.609106013986015,26.74893874125874,27.836965034965026,28.873184895104895,29.857598321678324,30.79020531468532,31.671005874125868,32.5,32.986993506493505,33.47137012987013,33.96266883116883,34.46983766233766,35.00165584415584,35.55584415584416,36.12640909090909,36.71664285714286,37.329499999999996,37.96801948051948,38.63338311688312,39.32424025974026,40.04033766233766,40.78167532467532,41.54825324675324,42.33922727272727,43.15240259740259,43.98550000000001,44.83632467532467,45.7025974025974
,BEN,ABS,conditional,best,KYOTOGHG,IPCM0EL,MtCO2eq,AR4,6.0105,6.31,6.4868,6.7926,7.2457,7.1088,7.3502,7.5369,7.8241,8.1495,8.5694,8.5964,9.7783,9.6036,9.4757,10.5634,11.4111,12.3791,11.9033,12.4378,13.1166,13.5639,13.7157,14.2646,14.7982,15.099,16.2077,16.8924,18.554523076923076,20.216646153846156,21.87876923076923,23.17402125874126,24.417466853146855,25.609106013986015,26.74893874125874,27.836965034965026,28.873184895104895,29.857598321678324,30.79020531468532,31.671005874125868,32.5,32.986993506493505,33.47137012987013,33.96266883116883,34.46983766233766,35.00165584415584,35.55584415584416,36.12640909090909,36.71664285714286,37.329499999999996,37.96801948051948,38.63338311688312,39.32424025974026,40.04033766233766,40.78167532467532,41.54825324675324,42.33922727272727,43.15240259740259,43.98550000000001,44.83632467532467,45.7025974025974
"The target value from 'unconditional_best' was used for 'unconditional_worst' in 2030.
",BEN,ABS,unconditional,worst,KYOTOGHG,IPCM0EL,MtCO2eq,AR4,6.0105,6.31,6.4868,6.7926,7.2457,7.1088,7.3502,7.5369,7.8241,8.1495,8.5694,8.5964,9.7783,9.6036,9.4757,10.5634,11.4111,12.3791,11.9033,12.4378,13.1166,13.5639,13.7157,14.2646,14.7982,15.099,16.2077,16.8924,18.554523076923076,20.216646153846156,21.87876923076923,23.449174545454547,25.006628251748253,26.55113034965035,28.082680839160837,29.601279720279713,31.106926993006994,32.59962265734266,34.07936671328672,35.54615916083916,37.0,37.554423376623376,38.105867532467535,38.66519220779221,39.24258441558442,39.84803896103897,40.47896103896105,41.128527272727275,41.80048571428571,42.4982,43.22512987012987,43.98262077922078,44.769135064935064,45.58438441558442,46.42836883116883,47.30108831168831,48.20158181818182,49.127350649350646,50.07580000000001,51.04443116883117,52.03064935064935
,BEN,ABS,unconditional,best,KYOTOGHG,IPCM0EL,MtCO2eq,AR4,6.0105,6.31,6.4868,6.7926,7.2457,7.1088,7.3502,7.5369,7.8241,8.1495,8.5694,8.5964,9.7783,9.6036,9.4757,10.5634,11.4111,12.3791,11.9033,12.4378,13.1166,13.5639,13.7157,14.2646,14.7982,15.099,16.2077,16.8924,18.554523076923076,20.216646153846156,21.87876923076923,23.449174545454547,25.006628251748253,26.55113034965035,28.082680839160837,29.601279720279713,31.106926993006994,32.59962265734266,34.07936671328672,35.54615916083916,37.0,37.554423376623376,38.105867532467535,38.66519220779221,39.24258441558442,39.84803896103897,40.47896103896105,41.128527272727275,41.80048571428571,42.4982,43.22512987012987,43.98262077922078,44.769135064935064,45.58438441558442,46.42836883116883,47.30108831168831,48.20158181818182,49.127350649350646,50.07580000000001,51.04443116883117,52.03064935064935
"No targets calculated, so the baseline emissions are put in as target pathways for all un/conditional best/worst pathways.
",BEN,baseline_emissions,conditional,worst,KYOTOGHG,IPCM0EL,MtCO2eq,AR4,6.0105,6.31,6.4868,6.7926,7.2457,7.1088,7.3502,7.5369,7.8241,8.1495,8.5694,8.5964,9.7783,9.6036,9.4757,10.5634,11.4111,12.3791,11.9033,12.4378,13.1166,13.5639,13.7157,14.2646,14.7982,15.099,16.2077,16.8924,18.554523076923076,20.216646153846156,21.87876923076923,23.540892307692307,25.203015384615387,26.865138461538464,28.527261538461538,30.189384615384608,31.851507692307692,33.51363076923077,35.17575384615385,36.83787692307692,38.5,39.0769,39.6507,40.2327,40.8335,41.4635,42.12000000000001,42.7959,43.4951,44.2211,44.9775,45.7657,46.5841,47.4324,48.3106,49.2187,50.1557,51.119,52.10590000000001,53.1138,54.14
"No targets calculated, so the baseline emissions are put in as target pathways for all un/conditional best/worst pathways.
",BEN,baseline_emissions,conditional,best,KYOTOGHG,IPCM0EL,MtCO2eq,AR4,6.0105,6.31,6.4868,6.7926,7.2457,7.1088,7.3502,7.5369,7.8241,8.1495,8.5694,8.5964,9.7783,9.6036,9.4757,10.5634,11.4111,12.3791,11.9033,12.4378,13.1166,13.5639,13.7157,14.2646,14.7982,15.099,16.2077,16.8924,18.554523076923076,20.216646153846156,21.87876923076923,23.540892307692307,25.203015384615387,26.865138461538464,28.527261538461538,30.189384615384608,31.851507692307692,33.51363076923077,35.17575384615385,36.83787692307692,38.5,39.0769,39.6507,40.2327,40.8335,41.4635,42.12000000000001,42.7959,43.4951,44.2211,44.9775,45.7657,46.5841,47.4324,48.3106,49.2187,50.1557,51.119,52.10590000000001,53.1138,54.14
"No targets calculated, so the baseline emissions are put in as target pathways for all un/conditional best/worst pathways.
",BEN,baseline_emissions,unconditional,worst,KYOTOGHG,IPCM0EL,MtCO2eq,AR4,6.0105,6.31,6.4868,6.7926,7.2457,7.1088,7.3502,7.5369,7.8241,8.1495,8.5694,8.5964,9.7783,9.6036,9.4757,10.5634,11.4111,12.3791,11.9033,12.4378,13.1166,13.5639,13.7157,14.2646,14.7982,15.099,16.2077,16.8924,18.554523076923076,20.216646153846156,21.87876923076923,23.540892307692307,25.203015384615387,26.865138461538464,28.527261538461538,30.189384615384608,31.851507692307692,33.51363076923077,35.17575384615385,36.83787692307692,38.5,39.0769,39.6507,40.2327,40.8335,41.4635,42.12000000000001,42.7959,43.4951,44.2211,44.9775,45.7657,46.5841,47.4324,48.3106,49.2187,50.1557,51.119,52.10590000000001,53.1138,54.14
"No targets calculated, so the baseline emissions are put in as target pathways for all un/conditional best/worst pathways.
",BEN,baseline_emissions,unconditional,best,KYOTOGHG,IPCM0EL,MtCO2eq,AR4,6.0105,6.31,6.4868,6.7926,7.2457,7.1088,7.3502,7.5369,7.8241,8.1495,8.5694,8.5964,9.7783,9.6036,9.4757,10.5634,11.4111,12.3791,11.9033,12.4378,13.1166,13.5639,13.7157,14.2646,14.7982,15.099,16.2077,16.8924,18.554523076923076,20.216646153846156,21.87876923076923,23.540892307692307,25.203015384615387,26.865138461538464,28.527261538461538,30.189384615384608,31.851507692307692,33.51363076923077,35.17575384615385,36.83787692307692,38.5,39.0769,39.6507,40.2327,40.8335,41.4635,42.12000000000001,42.7959,43.4951,44.2211,44.9775,45.7657,46.5841,47.4324,48.3106,49.2187,50.1557,51.119,52.10590000000001,53.1138,54.14
,BEN,,emi_bau,emi_bau,KYOTOGHG,IPCM0EL,MtCO2eq,AR4,6.0105,6.31,6.4868,6.7926,7.2457,7.1088,7.3502,7.5369,7.8241,8.1495,8.5694,8.5964,9.7783,9.6036,9.4757,10.5634,11.4111,12.3791,11.9033,12.4378,13.1166,13.5639,13.7157,14.2646,14.7982,15.099,16.2077,16.8924,18.554523076923076,20.216646153846156,21.87876923076923,23.540892307692307,25.203015384615387,26.865138461538464,28.527261538461538,30.189384615384608,31.851507692307692,33.51363076923077,35.17575384615385,36.83787692307692,38.5,39.0769,39.6507,40.2327,40.8335,41.4635,42.12000000000001,42.7959,43.4951,44.2211,44.9775,45.7657,46.5841,47.4324,48.3106,49.2187,50.1557,51.119,52.10590000000001,53.1138,54.14
,BEN,,emi_cov,emi_cov,KYOTOGHG,IPCM0EL,MtCO2eq,AR4,5.005608183426001,5.26332970912,5.3848357723212,5.591451968897401,6.0235917280385,5.802860706921599,6.0870383837406,6.3006980237712,6.551744239896099,6.839628289758,7.204925039327399,7.184831688313198,8.315361848642798,8.0907348370308,7.912102386687199,8.943517768479,9.241354180404901,10.130294261520099,9.6816078930119,10.169553078148601,10.7931667801734,11.1229852490505,11.2458445818522,11.734122981002798,12.2240474718858,12.31335468804,13.3672451284583,13.997160481382398,15.30464041422443,16.68589840216945,18.069513429769845,19.455652585286614,20.844010569500682,22.234295869269513,23.626205889236676,25.01943767701215,26.413829893025724,27.809318070742925,29.205754556545113,30.603013280979138,32.000966536,32.4968688249244,32.9897725232373,33.4894046145417,34.004866591474006,34.545067570832,35.107674881760005,35.6865951063888,36.2851635422562,36.906367567608,37.5532757840925,38.22707247920881,38.9263788240171,39.6509299359372,40.400718988968,41.1757405237588,41.9751371579379,42.796689443247,43.63809646115151,44.4971456234238,45.371541905600004
,BEN,,emi_ncov,emi_ncov,KYOTOGHG,IPCM0EL,MtCO2eq,AR4,1.0048918165739997,1.0466702908799996,1.1019642276787998,1.2011480311026,1.2221082719615,1.3059392930784,1.2631616162594006,1.2362019762288006,1.2723557601039006,1.3098717102419999,1.3644749606726005,1.4115683116868005,1.462938151357201,1.5128651629691998,1.5635976133128007,1.6198822315210004,2.1697458195950987,2.2488057384799,2.2216921069881,2.2682469218513988,2.3234332198265997,2.4409147509495006,2.4698554181478003,2.5304770189972006,2.574152528114199,2.7856453119599998,2.840454871541699,2.8952395186175996,3.2498826626986452,3.530747751676707,3.809255800999385,4.085239722405692,4.359004815114705,4.630842592268953,4.90105564922486,5.1699469383724574,5.437677799281968,5.704312698487847,5.969999289608742,6.234863642097783,6.499033464000004,6.580031175075604,6.660927476762699,6.743295385458303,6.828633408525998,6.918432429168002,7.012325118240004,7.1093048936112,7.209936457743801,7.314732432391998,7.424224215907498,7.538627520791197,7.657721175982902,7.781470064062803,7.909881011031999,8.0429594762412,8.1805628420621,8.322310556753001,8.467803538848502,8.616654376576202,8.7684580944
,BEN,,pc_cov,pc_cov,KYOTOGHG,IPCM0EL,MtCO2eq/MtCO2eq,AR4,0.8328106120000001,0.834125152,0.830122059,0.823168149,0.831333305,0.816292582,0.8281459529999999,0.8359800479999999,0.8373799209999999,0.839269684,0.8407735709999999,0.8357954129999999,0.8503893159999999,0.842468953,0.8349886959999999,0.846651435,0.8098565590000001,0.818338511,0.813354943,0.8176327870000001,0.822863149,0.820043295,0.819924946,0.822604418,0.8260496190000001,0.81550796,0.824746579,0.828606976,0.824846877,0.8253544270000001,0.825892592,0.826461985,0.8270443140000001,0.827626327,0.828197472,0.8287495090000001,0.829280364,0.829791265,0.8302808429999999,0.830748562,0.8311939359999999,0.8316132759999999,0.832009839,0.8323926709999999,0.8327688440000001,0.833144032,0.8335155479999999,0.833878832,0.834235662,0.83458728,0.834934707,0.8352777840000001,0.835615131,0.8359461029999999,0.83627028,0.836587324,0.836896647,0.837197313,0.837488585,0.837769951,0.83804104
,BES,,pop,pop,POP,DEMOGR,Pers,,,,,,,,,,,,,,,,,,,,,,,,,,,,,,,,,,,,,,,,,,,,,,,,,,,,,,,,,,,,,,
,BES,,gdp,gdp,GDPPPP,ECO,2011GKD,,,,,,,,,,,,,,,,,,,,,,,,,,,,,,,,,,,,,,,,,,,,,,,,,,,,,,,,,,,,,,
"No targets calculated, so the baseline emissions are put in as target pathways for all un/conditional best/worst pathways.
",BES,baseline_emissions,conditional,worst,KYOTOGHG,IPCM0EL,MtCO2eq,AR4,,,,,,,,,,,,,,,,,,,,,,,,,,,,,,,,,,,,,,,,,,,,,,,,,,,,,,,,,,,,,
"No targets calculated, so the baseline emissions are put in as target pathways for all un/conditional best/worst pathways.
",BES,baseline_emissions,conditional,best,KYOTOGHG,IPCM0EL,MtCO2eq,AR4,,,,,,,,,,,,,,,,,,,,,,,,,,,,,,,,,,,,,,,,,,,,,,,,,,,,,,,,,,,,,
"No targets calculated, so the baseline emissions are put in as target pathways for all un/conditional best/worst pathways.
",BES,baseline_emissions,unconditional,worst,KYOTOGHG,IPCM0EL,MtCO2eq,AR4,,,,,,,,,,,,,,,,,,,,,,,,,,,,,,,,,,,,,,,,,,,,,,,,,,,,,,,,,,,,,
"No targets calculated, so the baseline emissions are put in as target pathways for all un/conditional best/worst pathways.
",BES,baseline_emissions,unconditional,best,KYOTOGHG,IPCM0EL,MtCO2eq,AR4,,,,,,,,,,,,,,,,,,,,,,,,,,,,,,,,,,,,,,,,,,,,,,,,,,,,,,,,,,,,,
,BES,,emi_bau,emi_bau,KYOTOGHG,IPCM0EL,MtCO2eq,AR4,,,,,,,,,,,,,,,,,,,,,,,,,,,,,,,,,,,,,,,,,,,,,,,,,,,,,,,,,,,,,
,BES,,emi_cov,emi_cov,KYOTOGHG,IPCM0EL,MtCO2eq,AR4,,,,,,,,,,,,,,,,,,,,,,,,,,,,,,,,,,,,,,,,,,,,,,,,,,,,,,,,,,,,,
,BES,,emi_ncov,emi_ncov,KYOTOGHG,IPCM0EL,MtCO2eq,AR4,,,,,,,,,,,,,,,,,,,,,,,,,,,,,,,,,,,,,,,,,,,,,,,,,,,,,,,,,,,,,
,BES,,pc_cov,pc_cov,KYOTOGHG,IPCM0EL,MtCO2eq/MtCO2eq,AR4,0.0,0.0,0.0,0.0,0.0,0.0,0.0,0.0,0.0,0.0,0.0,0.0,0.0,0.0,0.0,0.0,0.0,0.0,0.0,0.0,0.0,0.0,0.0,0.0,0.0,0.0,0.0,0.0,0.0,0.0,0.0,0.0,0.0,0.0,0.0,0.0,0.0,0.0,0.0,0.0,0.0,0.0,0.0,0.0,0.0,0.0,0.0,0.0,0.0,0.0,0.0,0.0,0.0,0.0,0.0,0.0,0.0,0.0,0.0,0.0,0.0
,BFA,,pop,pop,POP,DEMOGR,Pers,,8811034.0,9050084.0,9297113.0,9552476.0,9816588.0,10089878.0,10372745.0,10665546.0,10968724.0,11282701.0,11607942.0,11944587.0,12293100.0,12654621.0,13030569.0,13421930.0,13829176.0,14252021.0,14689725.0,15141098.0,15605217.0,16081913.0,16571253.0,17072785.0,17586030.0,18110624.0,18646357.0,19193234.0,19681086.0793,20270947.3505,20873637.436,21491858.2793,22127979.1952,22781289.6491,23451060.8389,24136545.5442,24837945.3562,25554023.4489,26281898.3397,27018741.2016,27761777.0979,28513943.734,29278606.0506,30053659.4871,30836984.8473,31626448.0295,32421869.7976,33224055.6267,34032337.9997,34846050.1114,35664525.8865,36490417.0501,37325688.0664,38168630.3723,39017519.7952,39870617.3478,40725986.8624,41582180.66,42438207.4202,43293107.8013,44145952.342
,BFA,,gdp,gdp,GDPPPP,ECO,2011GKD,,7828164550.7813,8441720703.125,8430670898.4375,8696628906.25,8176389160.1563,8567464843.75,9427762695.3125,9961409179.6875,10871033203.125,11630472656.25,11796857421.875,12598141601.5625,13266878906.25,14350149414.0625,15047606445.3125,16481357421.875,17030714843.75,17338115234.375,18233767578.125,18727917968.75,20548550781.25,22324939453.125,23986253906.25,24812113281.25,26555441406.25,27603187500.0,29277648437.5,31398371093.75,32711670576.5662,34720152844.4653,36820522875.5972,39045360872.5919,41404940144.6672,43880566081.0341,46453284645.2433,49103829558.094,51817100581.912994,54587395353.6675,57409732471.1244,60279649065.7063,63193148699.9417,66138825613.7169,69129649749.6683,72198504174.0234,75378282142.2362,78701944889.1146,82159128540.1052,85728414828.9056,89426693124.3715,93271448395.7403,97280850965.0873,101450968766.964,105774744222.6821,110267075506.3339,114944069094.8346,119823181018.1728,124921809007.5748,130244251790.536,135789679339.6468,141557604589.1267,147547875471.059
"The target value from 'conditional_best' was used for 'conditional_worst' in 2025, 2030.
",BFA,ABS,conditional,worst,KYOTOGHG,IPCM0EL,MtCO2eq,AR4,13.6168,14.1316,14.5005,14.7762,15.1587,15.4802,15.9174,16.7072,16.9664,16.9518,18.1595,18.0018,18.9525,21.7482,22.9081,24.3538,24.1997,25.5968,26.5088,27.4874,28.8139,29.1793,29.7382,31.0541,31.3899,31.8139,33.5942,34.9692,35.4013,35.83340000000001,36.2655,34.41254608504586,32.3257291275688,30.0050491275688,27.45050608504586,24.662100000000002,25.466712600051554,26.27043890007732,27.07327890007732,27.87523260005154,28.676299999999998,29.499547430960607,30.31942791346519,31.14775430057133,31.996111177644707,32.87539832697515,33.78310480395141,34.7132385816602,35.67139221855391,36.66304413923896,37.69361570139878,38.76350637349428,39.87031934476011,41.015081819810014,42.199163404795584,43.4239337058684,44.69036286071922,45.996168192428684,47.33786861869479,48.71209719106154,50.11560109491881
,BFA,ABS,conditional,best,KYOTOGHG,IPCM0EL,MtCO2eq,AR4,13.6168,14.1316,14.5005,14.7762,15.1587,15.4802,15.9174,16.7072,16.9664,16.9518,18.1595,18.0018,18.9525,21.7482,22.9081,24.3538,24.1997,25.5968,26.5088,27.4874,28.8139,29.1793,29.7382,31.0541,31.3899,31.8139,33.5942,34.9692,35.4013,35.83340000000001,36.2655,34.41254608504586,32.3257291275688,30.0050491275688,27.45050608504586,24.662100000000002,25.466712600051554,26.27043890007732,27.07327890007732,27.87523260005154,28.676299999999998,29.499547430960607,30.31942791346519,31.14775430057133,31.996111177644707,32.87539832697515,33.78310480395141,34.7132385816602,35.67139221855391,36.66304413923896,37.69361570139878,38.76350637349428,39.87031934476011,41.015081819810014,42.199163404795584,43.4239337058684,44.69036286071922,45.996168192428684,47.33786861869479,48.71209719106154,50.11560109491881
"The target value from 'unconditional_best' was used for 'unconditional_worst' in 2025, 2030.
",BFA,ABS,unconditional,worst,KYOTOGHG,IPCM0EL,MtCO2eq,AR4,13.6168,14.1316,14.5005,14.7762,15.1587,15.4802,15.9174,16.7072,16.9664,16.9518,18.1595,18.0018,18.9525,21.7482,22.9081,24.3538,24.1997,25.5968,26.5088,27.4874,28.8139,29.1793,29.7382,31.0541,31.3899,31.8139,33.5942,34.9692,35.4013,35.83340000000001,36.2655,36.47825757498416,36.60719636247626,36.652316362476256,36.61361757498416,36.491099999999996,37.683698282567086,38.87511742385063,40.06535742385063,41.25441828256709,42.4423,43.66074570042368,44.87420815557321,46.10017095480027,47.355779840319364,48.65716701293325,50.000616154132416,51.37725877656452,52.79537213509174,54.2630645610076,55.78835992382134,57.371849456023156,59.00998576267205,60.704289155885625,62.45678671848725,64.26950553330028,66.14388145065799,68.07653599918805,70.06231701004769,72.09624123796276,74.17349436122768
,BFA,ABS,unconditional,best,KYOTOGHG,IPCM0EL,MtCO2eq,AR4,13.6168,14.1316,14.5005,14.7762,15.1587,15.4802,15.9174,16.7072,16.9664,16.9518,18.1595,18.0018,18.9525,21.7482,22.9081,24.3538,24.1997,25.5968,26.5088,27.4874,28.8139,29.1793,29.7382,31.0541,31.3899,31.8139,33.5942,34.9692,35.4013,35.83340000000001,36.2655,36.47825757498416,36.60719636247626,36.652316362476256,36.61361757498416,36.491099999999996,37.683698282567086,38.87511742385063,40.06535742385063,41.25441828256709,42.4423,43.66074570042368,44.87420815557321,46.10017095480027,47.355779840319364,48.65716701293325,50.000616154132416,51.37725877656452,52.79537213509174,54.2630645610076,55.78835992382134,57.371849456023156,59.00998576267205,60.704289155885625,62.45678671848725,64.26950553330028,66.14388145065799,68.07653599918805,70.06231701004769,72.09624123796276,74.17349436122768
"The target value from 'conditional_best' was used for 'conditional_worst' in 2025, 2030.
",BFA,ABU,conditional,worst,KYOTOGHG,IPCM0EL,MtCO2eq,AR4,13.6168,14.1316,14.5005,14.7762,15.1587,15.4802,15.9174,16.7072,16.9664,16.9518,18.1595,18.0018,18.9525,21.7482,22.9081,24.3538,24.1997,25.5968,26.5088,27.4874,28.8139,29.1793,29.7382,31.0541,31.3899,31.8139,33.5942,34.9692,35.4013,35.83340000000001,36.2655,34.41254608504586,32.3257291275688,30.0050491275688,27.45050608504586,24.662100000000002,25.46660094505964,26.270208417589455,27.072922417589457,27.874742945059634,28.675669999999997,29.498899344740227,30.318761814994136,31.147070004298474,31.99540824351297,32.874676075466205,33.78236261071078,34.7124759539744,35.670608540844526,36.66223867557009,37.692787596730746,38.76265476401135,39.869443419302954,41.01418074465225,42.19823631612149,43.422979709772854,44.68938104198381,45.99515768598395,47.33682863594842,48.71102701739093,50.114500087163634
,BFA,ABU,conditional,best,KYOTOGHG,IPCM0EL,MtCO2eq,AR4,13.6168,14.1316,14.5005,14.7762,15.1587,15.4802,15.9174,16.7072,16.9664,16.9518,18.1595,18.0018,18.9525,21.7482,22.9081,24.3538,24.1997,25.5968,26.5088,27.4874,28.8139,29.1793,29.7382,31.0541,31.3899,31.8139,33.5942,34.9692,35.4013,35.83340000000001,36.2655,34.41254608504586,32.3257291275688,30.0050491275688,27.45050608504586,24.662100000000002,25.46660094505964,26.270208417589455,27.072922417589457,27.874742945059634,28.675669999999997,29.498899344740227,30.318761814994136,31.147070004298474,31.99540824351297,32.874676075466205,33.78236261071078,34.7124759539744,35.670608540844526,36.66223867557009,37.692787596730746,38.76265476401135,39.869443419302954,41.01418074465225,42.19823631612149,43.422979709772854,44.68938104198381,45.99515768598395,47.33682863594842,48.71102701739093,50.114500087163634
"The target value from 'unconditional_best' was used for 'unconditional_worst' in 2025, 2030.
",BFA,ABU,unconditional,worst,KYOTOGHG,IPCM0EL,MtCO2eq,AR4,13.6168,14.1316,14.5005,14.7762,15.1587,15.4802,15.9174,16.7072,16.9664,16.9518,18.1595,18.0018,18.9525,21.7482,22.9081,24.3538,24.1997,25.5968,26.5088,27.4874,28.8139,29.1793,29.7382,31.0541,31.3899,31.8139,33.5942,34.9692,35.4013,35.83340000000001,36.2655,36.47825757498416,36.60719636247626,36.652316362476256,36.61361757498416,36.491099999999996,37.68364511352332,38.87500767028497,40.06518767028497,41.25418511352331,42.44199999999999,43.66043708793778,44.873890965825076,46.09984509943223,47.35544510978043,48.65682308364327,50.000262728779724,51.37689562052364,52.79499895523011,54.26268100687955,55.787965588265116,57.37144392769793,59.00956865531148,60.703860072477156,62.45634524769005,64.26905124944524,66.14341391792682,68.07605480564293,70.06182178016844,72.09573163145294,74.17297007182043
,BFA,ABU,unconditional,best,KYOTOGHG,IPCM0EL,MtCO2eq,AR4,13.6168,14.1316,14.5005,14.7762,15.1587,15.4802,15.9174,16.7072,16.9664,16.9518,18.1595,18.0018,18.9525,21.7482,22.9081,24.3538,24.1997,25.5968,26.5088,27.4874,28.8139,29.1793,29.7382,31.0541,31.3899,31.8139,33.5942,34.9692,35.4013,35.83340000000001,36.2655,36.47825757498416,36.60719636247626,36.652316362476256,36.61361757498416,36.491099999999996,37.68364511352332,38.87500767028497,40.06518767028497,41.25418511352331,42.44199999999999,43.66043708793778,44.873890965825076,46.09984509943223,47.35544510978043,48.65682308364327,50.000262728779724,51.37689562052364,52.79499895523011,54.26268100687955,55.787965588265116,57.37144392769793,59.00956865531148,60.703860072477156,62.45634524769005,64.26905124944524,66.14341391792682,68.07605480564293,70.06182178016844,72.09573163145294,74.17297007182043
"The target value from 'conditional_best' was used for 'conditional_worst' in 2025, 2030.
",BFA,RBU,conditional,worst,KYOTOGHG,IPCM0EL,MtCO2eq,AR4,13.6168,14.1316,14.5005,14.7762,15.1587,15.4802,15.9174,16.7072,16.9664,16.9518,18.1595,18.0018,18.9525,21.7482,22.9081,24.3538,24.1997,25.5968,26.5088,27.4874,28.8139,29.1793,29.7382,31.0541,31.3899,31.8139,33.5942,34.9692,35.4013,35.83340000000001,36.2655,34.419233548767636,32.33958980315146,30.026568763151467,27.48017042876764,24.700394800000005,25.5053149907601,26.30928700614014,27.112310846140144,27.9143865107601,28.715514000000013,29.539887197700324,30.36088884274125,31.1903479419108,32.0398649221557,32.92035447089869,33.82930220988533,34.76070791828109,35.72017180219821,36.7131797778282,37.745160616402295,38.816514332642804,39.92484083821589,41.071168742407515,42.25686952426554,43.483314662837834,44.751475622450016,46.05906660468893,47.402601766974534,48.77870955664744,50.184132710968896
,BFA,RBU,conditional,best,KYOTOGHG,IPCM0EL,MtCO2eq,AR4,13.6168,14.1316,14.5005,14.7762,15.1587,15.4802,15.9174,16.7072,16.9664,16.9518,18.1595,18.0018,18.9525,21.7482,22.9081,24.3538,24.1997,25.5968,26.5088,27.4874,28.8139,29.1793,29.7382,31.0541,31.3899,31.8139,33.5942,34.9692,35.4013,35.83340000000001,36.2655,34.419233548767636,32.33958980315146,30.026568763151467,27.48017042876764,24.700394800000005,25.5053149907601,26.30928700614014,27.112310846140144,27.9143865107601,28.715514000000013,29.539887197700324,30.36088884274125,31.1903479419108,32.0398649221557,32.92035447089869,33.82930220988533,34.76070791828109,35.72017180219821,36.7131797778282,37.745160616402295,38.816514332642804,39.92484083821589,41.071168742407515,42.25686952426554,43.483314662837834,44.751475622450016,46.05906660468893,47.402601766974534,48.77870955664744,50.184132710968896
"The target value from 'unconditional_best' was used for 'unconditional_worst' in 2025, 2030.
",BFA,RBU,unconditional,worst,KYOTOGHG,IPCM0EL,MtCO2eq,AR4,13.6168,14.1316,14.5005,14.7762,15.1587,15.4802,15.9174,16.7072,16.9664,16.9518,18.1595,18.0018,18.9525,21.7482,22.9081,24.3538,24.1997,25.5968,26.5088,27.4874,28.8139,29.1793,29.7382,31.0541,31.3899,31.8139,33.5942,34.9692,35.4013,35.83340000000001,36.2655,36.47907603610607,36.60889273415912,36.65495009415912,36.61724811610607,36.4957868,37.68733855808511,38.87763395712766,40.06667299712766,41.25445567808511,42.440982000000005,43.659389862902316,44.872814635279795,46.09873936355007,47.354309257485035,48.6556560169193,49.99906343874962,51.37566331102501,52.793732631566385,54.26137947987176,55.78662747627774,57.37006783491442,59.008153271001355,60.70240404944447,62.454847190118265,64.26750971289722,66.14182742352581,68.07442195554653,70.06014130011162,72.09400236669633,74.1711909830986
,BFA,RBU,unconditional,best,KYOTOGHG,IPCM0EL,MtCO2eq,AR4,13.6168,14.1316,14.5005,14.7762,15.1587,15.4802,15.9174,16.7072,16.9664,16.9518,18.1595,18.0018,18.9525,21.7482,22.9081,24.3538,24.1997,25.5968,26.5088,27.4874,28.8139,29.1793,29.7382,31.0541,31.3899,31.8139,33.5942,34.9692,35.4013,35.83340000000001,36.2655,36.47907603610607,36.60889273415912,36.65495009415912,36.61724811610607,36.4957868,37.68733855808511,38.87763395712766,40.06667299712766,41.25445567808511,42.440982000000005,43.659389862902316,44.872814635279795,46.09873936355007,47.354309257485035,48.6556560169193,49.99906343874962,51.37566331102501,52.793732631566385,54.26137947987176,55.78662747627774,57.37006783491442,59.008153271001355,60.70240404944447,62.454847190118265,64.26750971289722,66.14182742352581,68.07442195554653,70.06014130011162,72.09400236669633,74.1711909830986
"No targets calculated, so the baseline emissions are put in as target pathways for all un/conditional best/worst pathways.
",BFA,baseline_emissions,conditional,worst,KYOTOGHG,IPCM0EL,MtCO2eq,AR4,13.6168,14.1316,14.5005,14.7762,15.1587,15.4802,15.9174,16.7072,16.9664,16.9518,18.1595,18.0018,18.9525,21.7482,22.9081,24.3538,24.1997,25.5968,26.5088,27.4874,28.8139,29.1793,29.7382,31.0541,31.3899,31.8139,33.5942,34.9692,35.4013,35.83340000000001,36.2655,37.63222,38.99894000000001,40.36566000000001,41.73238,43.0991,44.529340000000005,45.95958,47.38982,48.82006,50.2503,51.6929,53.1296,54.58109999999999,56.0677,57.60849999999999,59.1991,60.82899999999999,62.508,64.2457,66.05159999999998,67.9264,69.86589999999998,71.87189999999998,73.9468,76.09299999999998,78.31219999999998,80.60039999999998,82.95149999999998,85.3596,87.81899999999997
"No targets calculated, so the baseline emissions are put in as target pathways for all un/conditional best/worst pathways.
",BFA,baseline_emissions,conditional,best,KYOTOGHG,IPCM0EL,MtCO2eq,AR4,13.6168,14.1316,14.5005,14.7762,15.1587,15.4802,15.9174,16.7072,16.9664,16.9518,18.1595,18.0018,18.9525,21.7482,22.9081,24.3538,24.1997,25.5968,26.5088,27.4874,28.8139,29.1793,29.7382,31.0541,31.3899,31.8139,33.5942,34.9692,35.4013,35.83340000000001,36.2655,37.63222,38.99894000000001,40.36566000000001,41.73238,43.0991,44.529340000000005,45.95958,47.38982,48.82006,50.2503,51.6929,53.1296,54.58109999999999,56.0677,57.60849999999999,59.1991,60.82899999999999,62.508,64.2457,66.05159999999998,67.9264,69.86589999999998,71.87189999999998,73.9468,76.09299999999998,78.31219999999998,80.60039999999998,82.95149999999998,85.3596,87.81899999999997
"No targets calculated, so the baseline emissions are put in as target pathways for all un/conditional best/worst pathways.
",BFA,baseline_emissions,unconditional,worst,KYOTOGHG,IPCM0EL,MtCO2eq,AR4,13.6168,14.1316,14.5005,14.7762,15.1587,15.4802,15.9174,16.7072,16.9664,16.9518,18.1595,18.0018,18.9525,21.7482,22.9081,24.3538,24.1997,25.5968,26.5088,27.4874,28.8139,29.1793,29.7382,31.0541,31.3899,31.8139,33.5942,34.9692,35.4013,35.83340000000001,36.2655,37.63222,38.99894000000001,40.36566000000001,41.73238,43.0991,44.529340000000005,45.95958,47.38982,48.82006,50.2503,51.6929,53.1296,54.58109999999999,56.0677,57.60849999999999,59.1991,60.82899999999999,62.508,64.2457,66.05159999999998,67.9264,69.86589999999998,71.87189999999998,73.9468,76.09299999999998,78.31219999999998,80.60039999999998,82.95149999999998,85.3596,87.81899999999997
"No targets calculated, so the baseline emissions are put in as target pathways for all un/conditional best/worst pathways.
",BFA,baseline_emissions,unconditional,best,KYOTOGHG,IPCM0EL,MtCO2eq,AR4,13.6168,14.1316,14.5005,14.7762,15.1587,15.4802,15.9174,16.7072,16.9664,16.9518,18.1595,18.0018,18.9525,21.7482,22.9081,24.3538,24.1997,25.5968,26.5088,27.4874,28.8139,29.1793,29.7382,31.0541,31.3899,31.8139,33.5942,34.9692,35.4013,35.83340000000001,36.2655,37.63222,38.99894000000001,40.36566000000001,41.73238,43.0991,44.529340000000005,45.95958,47.38982,48.82006,50.2503,51.6929,53.1296,54.58109999999999,56.0677,57.60849999999999,59.1991,60.82899999999999,62.508,64.2457,66.05159999999998,67.9264,69.86589999999998,71.87189999999998,73.9468,76.09299999999998,78.31219999999998,80.60039999999998,82.95149999999998,85.3596,87.81899999999997
,BFA,,emi_bau,emi_bau,KYOTOGHG,IPCM0EL,MtCO2eq,AR4,13.6168,14.1316,14.5005,14.7762,15.1587,15.4802,15.9174,16.7072,16.9664,16.9518,18.1595,18.0018,18.9525,21.7482,22.9081,24.3538,24.1997,25.5968,26.5088,27.4874,28.8139,29.1793,29.7382,31.0541,31.3899,31.8139,33.5942,34.9692,35.4013,35.83340000000001,36.2655,37.63222,38.99894000000001,40.36566000000001,41.73238,43.0991,44.529340000000005,45.95958,47.38982,48.82006,50.2503,51.6929,53.1296,54.58109999999999,56.0677,57.60849999999999,59.1991,60.82899999999999,62.508,64.2457,66.05159999999998,67.9264,69.86589999999998,71.87189999999998,73.9468,76.09299999999998,78.31219999999998,80.60039999999998,82.95149999999998,85.3596,87.81899999999997
,BFA,,emi_cov,emi_cov,KYOTOGHG,IPCM0EL,MtCO2eq,AR4,13.6168,14.1316,14.5005,14.7762,15.1587,15.4802,15.9174,16.7072,16.9664,16.9518,18.1595,18.0018,18.9525,21.7482,22.9081,24.3538,24.1997,25.5968,26.5088,27.4874,28.8139,29.1793,29.7382,31.0541,31.3899,31.8139,33.5942,34.9692,35.4013,35.83340000000001,36.2655,37.63222,38.99894000000001,40.36566000000001,41.73238,43.0991,44.529340000000005,45.95958,47.38982,48.82006,50.2503,51.6929,53.1296,54.58109999999999,56.0677,57.60849999999999,59.1991,60.82899999999999,62.508,64.2457,66.05159999999998,67.9264,69.86589999999998,71.87189999999998,73.9468,76.09299999999998,78.31219999999998,80.60039999999998,82.95149999999998,85.3596,87.81899999999997
,BFA,,emi_ncov,emi_ncov,KYOTOGHG,IPCM0EL,MtCO2eq,AR4,0.0,0.0,0.0,0.0,0.0,0.0,0.0,0.0,0.0,0.0,0.0,0.0,0.0,0.0,0.0,0.0,0.0,0.0,0.0,0.0,0.0,0.0,0.0,0.0,0.0,0.0,0.0,0.0,0.0,0.0,0.0,0.0,0.0,0.0,0.0,0.0,0.0,0.0,0.0,0.0,0.0,0.0,0.0,0.0,0.0,0.0,0.0,0.0,0.0,0.0,0.0,0.0,0.0,0.0,0.0,0.0,0.0,0.0,0.0,0.0,0.0
,BFA,,pc_cov,pc_cov,KYOTOGHG,IPCM0EL,MtCO2eq/MtCO2eq,AR4,1.0,1.0,1.0,1.0,1.0,1.0,1.0,1.0,1.0,1.0,1.0,1.0,1.0,1.0,1.0,1.0,1.0,1.0,1.0,1.0,1.0,1.0,1.0,1.0,1.0,1.0,1.0,1.0,1.0,1.0,1.0,1.0,1.0,1.0,1.0,1.0,1.0,1.0,1.0,1.0,1.0,1.0,1.0,1.0,1.0,1.0,1.0,1.0,1.0,1.0,1.0,1.0,1.0,1.0,1.0,1.0,1.0,1.0,1.0,1.0,1.0
,BGD,,pop,pop,POP,DEMOGR,Pers,,103171956.0,105599127.0,107983704.0,110350639.0,112737683.0,115169930.0,117649932.0,120160564.0,122682815.0,125189651.0,127657854.0,130088702.0,132478086.0,134791603.0,136986432.0,139035505.0,140921167.0,142660376.0,144304167.0,145924797.0,147575430.0,149273139.0,151005739.0,152761418.0,154517382.0,156256276.0,157977153.0,159685424.0,161707888.7935,163786443.8893,165864854.1182,167956735.5479,170074775.2372,172207619.8083,174344032.9323,176472892.1129,178580036.7978,180648974.2073,182665189.6194,184614206.4295,186481592.2475,188300003.0692,190102843.3947,191876733.4075,193608139.8845,195283381.5332,196914576.8452,198520702.5687,200098223.3691,201643544.7012,203153017.1849,204637060.6503,206102951.2515,207542268.04,208946565.3519,210307375.7386,211624445.2829,212901109.3088,214134290.9485,215320937.7783,216458018.4745
,BGD,,gdp,gdp,GDPPPP,ECO,2011GKD,,143756078125.0,150662234375.0,154789015625.0,159659187500.0,167250796875.0,174112718750.0,178081171875.0,177834343750.0,177856406250.0,176685218750.0,178697781250.0,183603000000.0,191822937500.0,197213531250.0,202954046875.0,213283093750.0,233027015625.0,259030781250.0,284373781250.0,312150500000.0,350771250000.0,395656718750.0,414495625000.0,435394437500.0,458394750000.0,483063156250.0,513158562500.0,552746562500.0,585446781511.9437,622751244770.3094,660063201772.8925,698369759158.7905,738735857834.2233,780817888908.4412,824282064753.9867,868807094818.5751,913737674312.9633,958341978769.712,1002194912077.224,1044870540620.784,1085941590919.224,1125491038807.8708,1164159529356.809,1202348457485.7542,1240450773119.33,1278850176042.217,1317502324238.403,1356156756236.533,1394885658874.542,1433769091275.184,1472895429347.7268,1512000391050.656,1550933241708.393,1589968830671.508,1629394979326.6382,1669513605955.635,1709815081627.248,1749847814787.7268,1790021662508.627,1830758654602.225,1872494234127.095
"The target value from 'conditional_best' was used for 'conditional_worst' in 2030.
",BGD,ABS,conditional,worst,KYOTOGHG,IPCM0EL,MtCO2eq,AR4,49.5221,49.9081,51.9293,51.6391,53.5831,60.6614,64.4848,67.7389,69.0419,73.9552,78.5126,85.3755,88.5413,92.12200000000001,95.3347,99.363,104.4517,106.366,111.1042,114.2796,120.1434,124.0083,128.3082,132.4228,138.034,151.2776,152.4987,157.8102,173.41681325359184,189.02342650718367,204.6300397607755,217.89875323890737,230.83612588778252,243.44215770740084,255.71684869776237,267.6601988588669,279.2722081907148,290.5528766933059,301.5022043666401,312.1201912107177,322.4068372255383,329.670766273396,336.8781148683302,344.1053068448583,351.42671019165743,358.91481582076716,366.556394811125,374.29656501724065,382.14578443752185,390.1165669162174,398.2236609126199,406.4110222814166,414.6449530277379,422.9772068360122,431.4615038519058,440.1545139129443,448.92636119274846,457.66022001679835,466.43582144987704,475.3348630180073,484.4419025544682
,BGD,ABS,conditional,best,KYOTOGHG,IPCM0EL,MtCO2eq,AR4,49.5221,49.9081,51.9293,51.6391,53.5831,60.6614,64.4848,67.7389,69.0419,73.9552,78.5126,85.3755,88.5413,92.12200000000001,95.3347,99.363,104.4517,106.366,111.1042,114.2796,120.1434,124.0083,128.3082,132.4228,138.034,151.2776,152.4987,157.8102,173.41681325359184,189.02342650718367,204.6300397607755,217.89875323890737,230.83612588778252,243.44215770740084,255.71684869776237,267.6601988588669,279.2722081907148,290.5528766933059,301.5022043666401,312.1201912107177,322.4068372255383,329.670766273396,336.8781148683302,344.1053068448583,351.42671019165743,358.91481582076716,366.556394811125,374.29656501724065,382.14578443752185,390.1165669162174,398.2236609126199,406.4110222814166,414.6449530277379,422.9772068360122,431.4615038519058,440.1545139129443,448.92636119274846,457.66022001679835,466.43582144987704,475.3348630180073,484.4419025544682
"The target value from 'unconditional_best' was used for 'unconditional_worst' in 2030.
",BGD,ABS,unconditional,worst,KYOTOGHG,IPCM0EL,MtCO2eq,AR4,49.5221,49.9081,51.9293,51.6391,53.5831,60.6614,64.4848,67.7389,69.0419,73.9552,78.5126,85.3755,88.5413,92.12200000000001,95.3347,99.363,104.4517,106.366,111.1042,114.2796,120.1434,124.0083,128.3082,132.4228,138.034,151.2776,152.4987,157.8102,173.41681325359184,189.02342650718367,204.6300397607755,219.45735308921402,234.17421947456694,248.78063891683428,263.27661141601607,277.6621369721121,291.9372155851226,306.1018472550475,320.15603198188677,334.09976976564064,347.9330606063087,355.7721036222612,363.55008648723935,371.3494838127487,379.25055159501505,387.33152013805153,395.5781131348376,403.9311032035428,412.4017763436365,421.0036371698684,429.75260183533584,438.5881889582681,447.47403254037516,456.46598380980004,465.6220161484312,475.0032861687774,484.46963526204536,493.8949882033954,503.36538868108823,512.9690025371317,522.7970823826187
,BGD,ABS,unconditional,best,KYOTOGHG,IPCM0EL,MtCO2eq,AR4,49.5221,49.9081,51.9293,51.6391,53.5831,60.6614,64.4848,67.7389,69.0419,73.9552,78.5126,85.3755,88.5413,92.12200000000001,95.3347,99.363,104.4517,106.366,111.1042,114.2796,120.1434,124.0083,128.3082,132.4228,138.034,151.2776,152.4987,157.8102,173.41681325359184,189.02342650718367,204.6300397607755,219.45735308921402,234.17421947456694,248.78063891683428,263.27661141601607,277.6621369721121,291.9372155851226,306.1018472550475,320.15603198188677,334.09976976564064,347.9330606063087,355.7721036222612,363.55008648723935,371.3494838127487,379.25055159501505,387.33152013805153,395.5781131348376,403.9311032035428,412.4017763436365,421.0036371698684,429.75260183533584,438.5881889582681,447.47403254037516,456.46598380980004,465.6220161484312,475.0032861687774,484.46963526204536,493.8949882033954,503.36538868108823,512.9690025371317,522.7970823826187
"The target value from 'conditional_best' was used for 'conditional_worst' in 2030.
",BGD,ABU,conditional,worst,KYOTOGHG,IPCM0EL,MtCO2eq,AR4,49.5221,49.9081,51.9293,51.6391,53.5831,60.6614,64.4848,67.7389,69.0419,73.9552,78.5126,85.3755,88.5413,92.12200000000001,95.3347,99.363,104.4517,106.366,111.1042,114.2796,120.1434,124.0083,128.3082,132.4228,138.034,151.2776,152.4987,157.8102,173.41681325359184,189.02342650718367,204.6300397607755,217.89875323890737,230.83612588778252,243.44215770740084,255.71684869776237,267.6601988588669,279.2722081907148,290.5528766933059,301.5022043666401,312.1201912107177,322.4068372255383,329.670766273396,336.8781148683302,344.1053068448583,351.42671019165743,358.91481582076716,366.556394811125,374.29656501724065,382.14578443752185,390.1165669162174,398.2236609126199,406.4110222814166,414.6449530277379,422.9772068360122,431.4615038519058,440.1545139129443,448.92636119274846,457.66022001679835,466.43582144987704,475.3348630180073,484.4419025544682
,BGD,ABU,conditional,best,KYOTOGHG,IPCM0EL,MtCO2eq,AR4,49.5221,49.9081,51.9293,51.6391,53.5831,60.6614,64.4848,67.7389,69.0419,73.9552,78.5126,85.3755,88.5413,92.12200000000001,95.3347,99.363,104.4517,106.366,111.1042,114.2796,120.1434,124.0083,128.3082,132.4228,138.034,151.2776,152.4987,157.8102,173.41681325359184,189.02342650718367,204.6300397607755,217.89875323890737,230.83612588778252,243.44215770740084,255.71684869776237,267.6601988588669,279.2722081907148,290.5528766933059,301.5022043666401,312.1201912107177,322.4068372255383,329.670766273396,336.8781148683302,344.1053068448583,351.42671019165743,358.91481582076716,366.556394811125,374.29656501724065,382.14578443752185,390.1165669162174,398.2236609126199,406.4110222814166,414.6449530277379,422.9772068360122,431.4615038519058,440.1545139129443,448.92636119274846,457.66022001679835,466.43582144987704,475.3348630180073,484.4419025544682
"The target value from 'unconditional_best' was used for 'unconditional_worst' in 2030.
",BGD,ABU,unconditional,worst,KYOTOGHG,IPCM0EL,MtCO2eq,AR4,49.5221,49.9081,51.9293,51.6391,53.5831,60.6614,64.4848,67.7389,69.0419,73.9552,78.5126,85.3755,88.5413,92.12200000000001,95.3347,99.363,104.4517,106.366,111.1042,114.2796,120.1434,124.0083,128.3082,132.4228,138.034,151.2776,152.4987,157.8102,173.41681325359184,189.02342650718367,204.6300397607755,219.45735308921402,234.17421947456694,248.78063891683428,263.27661141601607,277.6621369721121,291.9372155851226,306.1018472550475,320.15603198188677,334.09976976564064,347.9330606063087,355.7721036222612,363.55008648723935,371.3494838127487,379.25055159501505,387.33152013805153,395.5781131348376,403.9311032035428,412.4017763436365,421.0036371698684,429.75260183533584,438.5881889582681,447.47403254037516,456.46598380980004,465.6220161484312,475.0032861687774,484.46963526204536,493.8949882033954,503.36538868108823,512.9690025371317,522.7970823826187
,BGD,ABU,unconditional,best,KYOTOGHG,IPCM0EL,MtCO2eq,AR4,49.5221,49.9081,51.9293,51.6391,53.5831,60.6614,64.4848,67.7389,69.0419,73.9552,78.5126,85.3755,88.5413,92.12200000000001,95.3347,99.363,104.4517,106.366,111.1042,114.2796,120.1434,124.0083,128.3082,132.4228,138.034,151.2776,152.4987,157.8102,173.41681325359184,189.02342650718367,204.6300397607755,219.45735308921402,234.17421947456694,248.78063891683428,263.27661141601607,277.6621369721121,291.9372155851226,306.1018472550475,320.15603198188677,334.09976976564064,347.9330606063087,355.7721036222612,363.55008648723935,371.3494838127487,379.25055159501505,387.33152013805153,395.5781131348376,403.9311032035428,412.4017763436365,421.0036371698684,429.75260183533584,438.5881889582681,447.47403254037516,456.46598380980004,465.6220161484312,475.0032861687774,484.46963526204536,493.8949882033954,503.36538868108823,512.9690025371317,522.7970823826187
"The target value from 'conditional_best' was used for 'conditional_worst' in 2030.
",BGD,RBU,conditional,worst,KYOTOGHG,IPCM0EL,MtCO2eq,AR4,49.5221,49.9081,51.9293,51.6391,53.5831,60.6614,64.4848,67.7389,69.0419,73.9552,78.5126,85.3755,88.5413,92.12200000000001,95.3347,99.363,104.4517,106.366,111.1042,114.2796,120.1434,124.0083,128.3082,132.4228,138.034,151.2776,152.4987,157.8102,173.41681325359184,189.02342650718367,204.6300397607755,218.0656523339726,231.19357799376579,244.01381674015505,256.5263685731403,268.7312334927215,280.62841149889886,292.21790259167227,303.49970677104164,314.4738240370072,325.14025438956867,332.4657681994264,339.73422185815537,347.0226871338678,354.4061625190428,361.9577535153638,369.66411904484187,377.4699116623058,385.3856780307605,393.4240380888446,401.59986533566723,409.85664047461273,418.16037981377633,426.5632758136697,435.1195040680182,443.8862148703698,452.7324312861427,461.5403371739066,470.39033957127094,479.3648286490603,488.549079135502
,BGD,RBU,conditional,best,KYOTOGHG,IPCM0EL,MtCO2eq,AR4,49.5221,49.9081,51.9293,51.6391,53.5831,60.6614,64.4848,67.7389,69.0419,73.9552,78.5126,85.3755,88.5413,92.12200000000001,95.3347,99.363,104.4517,106.366,111.1042,114.2796,120.1434,124.0083,128.3082,132.4228,138.034,151.2776,152.4987,157.8102,173.41681325359184,189.02342650718367,204.6300397607755,218.0656523339726,231.19357799376579,244.01381674015505,256.5263685731403,268.7312334927215,280.62841149889886,292.21790259167227,303.49970677104164,314.4738240370072,325.14025438956867,332.4657681994264,339.73422185815537,347.0226871338678,354.4061625190428,361.9577535153638,369.66411904484187,377.4699116623058,385.3856780307605,393.4240380888446,401.59986533566723,409.85664047461273,418.16037981377633,426.5632758136697,435.1195040680182,443.8862148703698,452.7324312861427,461.5403371739066,470.39033957127094,479.3648286490603,488.549079135502
"The target value from 'unconditional_best' was used for 'unconditional_worst' in 2030.
",BGD,RBU,unconditional,worst,KYOTOGHG,IPCM0EL,MtCO2eq,AR4,49.5221,49.9081,51.9293,51.6391,53.5831,60.6614,64.4848,67.7389,69.0419,73.9552,78.5126,85.3755,88.5413,92.12200000000001,95.3347,99.363,104.4517,106.366,111.1042,114.2796,120.1434,124.0083,128.3082,132.4228,138.034,151.2776,152.4987,157.8102,173.41681325359184,189.02342650718367,204.6300397607755,219.5129861209024,234.29337017656138,248.97119192775236,263.54645137447534,278.01914851673024,292.38928335451726,306.6568558878363,320.82186611668726,334.8843140410704,348.84419966098545,356.703770930938,364.50212215051437,372.3219439090851,380.2437023708101,388.34583270291705,396.6140212127432,404.9888854185645,413.481740874716,422.1061275607441,430.8780033096849,439.7367283560001,448.6458414690546,457.6613401356858,466.84134955380193,476.2471864879191,485.73832529317673,495.1883605890981,504.6835613882195,514.3123244141493,524.1661412429631
,BGD,RBU,unconditional,best,KYOTOGHG,IPCM0EL,MtCO2eq,AR4,49.5221,49.9081,51.9293,51.6391,53.5831,60.6614,64.4848,67.7389,69.0419,73.9552,78.5126,85.3755,88.5413,92.12200000000001,95.3347,99.363,104.4517,106.366,111.1042,114.2796,120.1434,124.0083,128.3082,132.4228,138.034,151.2776,152.4987,157.8102,173.41681325359184,189.02342650718367,204.6300397607755,219.5129861209024,234.29337017656138,248.97119192775236,263.54645137447534,278.01914851673024,292.38928335451726,306.6568558878363,320.82186611668726,334.8843140410704,348.84419966098545,356.703770930938,364.50212215051437,372.3219439090851,380.2437023708101,388.34583270291705,396.6140212127432,404.9888854185645,413.481740874716,422.1061275607441,430.8780033096849,439.7367283560001,448.6458414690546,457.6613401356858,466.84134955380193,476.2471864879191,485.73832529317673,495.1883605890981,504.6835613882195,514.3123244141493,524.1661412429631
"No targets calculated, so the baseline emissions are put in as target pathways for all un/conditional best/worst pathways.
",BGD,baseline_emissions,conditional,worst,KYOTOGHG,IPCM0EL,MtCO2eq,AR4,49.5221,49.9081,51.9293,51.6391,53.5831,60.6614,64.4848,67.7389,69.0419,73.9552,78.5126,85.3755,88.5413,92.12200000000001,95.3347,99.363,104.4517,106.366,111.1042,114.2796,120.1434,124.0083,128.3082,132.4228,138.034,151.2776,152.4987,157.8102,173.41681325359184,189.02342650718367,204.6300397607755,220.2366530143673,235.84326626795917,251.44987952155103,267.0564927751429,282.6631060287346,298.2697192823265,313.8763325359183,329.4829457895101,345.08955904310204,360.6961722966939,368.8227722966938,376.8860722966939,384.97157229669386,393.1624722966938,401.5398722966937,410.0889722966939,418.7483722966939,427.5297722966938,436.44717229669385,445.5170722966938,454.67677229669385,463.8885722966937,473.2103722966939,482.7022722966939,492.42767229669386,502.2412722966938,512.0123722966939,521.8301722966938,531.7860722966939,541.9746722966938
"No targets calculated, so the baseline emissions are put in as target pathways for all un/conditional best/worst pathways.
",BGD,baseline_emissions,conditional,best,KYOTOGHG,IPCM0EL,MtCO2eq,AR4,49.5221,49.9081,51.9293,51.6391,53.5831,60.6614,64.4848,67.7389,69.0419,73.9552,78.5126,85.3755,88.5413,92.12200000000001,95.3347,99.363,104.4517,106.366,111.1042,114.2796,120.1434,124.0083,128.3082,132.4228,138.034,151.2776,152.4987,157.8102,173.41681325359184,189.02342650718367,204.6300397607755,220.2366530143673,235.84326626795917,251.44987952155103,267.0564927751429,282.6631060287346,298.2697192823265,313.8763325359183,329.4829457895101,345.08955904310204,360.6961722966939,368.8227722966938,376.8860722966939,384.97157229669386,393.1624722966938,401.5398722966937,410.0889722966939,418.7483722966939,427.5297722966938,436.44717229669385,445.5170722966938,454.67677229669385,463.8885722966937,473.2103722966939,482.7022722966939,492.42767229669386,502.2412722966938,512.0123722966939,521.8301722966938,531.7860722966939,541.9746722966938
"No targets calculated, so the baseline emissions are put in as target pathways for all un/conditional best/worst pathways.
",BGD,baseline_emissions,unconditional,worst,KYOTOGHG,IPCM0EL,MtCO2eq,AR4,49.5221,49.9081,51.9293,51.6391,53.5831,60.6614,64.4848,67.7389,69.0419,73.9552,78.5126,85.3755,88.5413,92.12200000000001,95.3347,99.363,104.4517,106.366,111.1042,114.2796,120.1434,124.0083,128.3082,132.4228,138.034,151.2776,152.4987,157.8102,173.41681325359184,189.02342650718367,204.6300397607755,220.2366530143673,235.84326626795917,251.44987952155103,267.0564927751429,282.6631060287346,298.2697192823265,313.8763325359183,329.4829457895101,345.08955904310204,360.6961722966939,368.8227722966938,376.8860722966939,384.97157229669386,393.1624722966938,401.5398722966937,410.0889722966939,418.7483722966939,427.5297722966938,436.44717229669385,445.5170722966938,454.67677229669385,463.8885722966937,473.2103722966939,482.7022722966939,492.42767229669386,502.2412722966938,512.0123722966939,521.8301722966938,531.7860722966939,541.9746722966938
"No targets calculated, so the baseline emissions are put in as target pathways for all un/conditional best/worst pathways.
",BGD,baseline_emissions,unconditional,best,KYOTOGHG,IPCM0EL,MtCO2eq,AR4,49.5221,49.9081,51.9293,51.6391,53.5831,60.6614,64.4848,67.7389,69.0419,73.9552,78.5126,85.3755,88.5413,92.12200000000001,95.3347,99.363,104.4517,106.366,111.1042,114.2796,120.1434,124.0083,128.3082,132.4228,138.034,151.2776,152.4987,157.8102,173.41681325359184,189.02342650718367,204.6300397607755,220.2366530143673,235.84326626795917,251.44987952155103,267.0564927751429,282.6631060287346,298.2697192823265,313.8763325359183,329.4829457895101,345.08955904310204,360.6961722966939,368.8227722966938,376.8860722966939,384.97157229669386,393.1624722966938,401.5398722966937,410.0889722966939,418.7483722966939,427.5297722966938,436.44717229669385,445.5170722966938,454.67677229669385,463.8885722966937,473.2103722966939,482.7022722966939,492.42767229669386,502.2412722966938,512.0123722966939,521.8301722966938,531.7860722966939,541.9746722966938
,BGD,,emi_bau,emi_bau,KYOTOGHG,IPCM0EL,MtCO2eq,AR4,49.5221,49.9081,51.9293,51.6391,53.5831,60.6614,64.4848,67.7389,69.0419,73.9552,78.5126,85.3755,88.5413,92.12200000000001,95.3347,99.363,104.4517,106.366,111.1042,114.2796,120.1434,124.0083,128.3082,132.4228,138.034,151.2776,152.4987,157.8102,173.41681325359184,189.02342650718367,204.6300397607755,220.2366530143673,235.84326626795917,251.44987952155103,267.0564927751429,282.6631060287346,298.2697192823265,313.8763325359183,329.4829457895101,345.08955904310204,360.6961722966939,368.8227722966938,376.8860722966939,384.97157229669386,393.1624722966938,401.5398722966937,410.0889722966939,418.7483722966939,427.5297722966938,436.44717229669385,445.5170722966938,454.67677229669385,463.8885722966937,473.2103722966939,482.7022722966939,492.42767229669386,502.2412722966938,512.0123722966939,521.8301722966938,531.7860722966939,541.9746722966938
,BGD,,emi_cov,emi_cov,KYOTOGHG,IPCM0EL,MtCO2eq,AR4,13.692686678862701,13.899445077766599,15.659276468373198,15.4395901556473,16.7857834446794,21.3592922261182,23.437875747705604,25.085743314577197,25.033526864022097,26.8421986218144,29.469729298494205,34.2589913530095,35.676498506712,37.94006818404401,40.049482265037405,42.171479616783,46.1672293106803,47.203023280036,50.097348973285406,52.7800923425532,57.5219786797422,60.614658575944205,64.5950777051766,66.61461299191481,71.123421753644,83.38567975633201,84.5418950288496,88.16104318703522,97.66964239359937,108.27150006267675,119.09716530315363,130.14530561014675,141.41931943510625,152.90075864168836,164.57163926359488,176.41512760316897,188.38896758207122,200.45138588122148,212.58857772345493,224.7882422720634,237.0394527141682,244.36272743975857,251.5921902835131,258.8080572702428,266.08675003559773,273.5014246086852,281.0396721314613,288.6483801791815,296.3390154338923,304.1248362184617,312.02106658453937,319.9740498653664,327.95224878645644,336.0068483890757,344.19039765940346,352.5578130708249,360.9845438468165,369.3594593674228,377.76010942483975,386.2653263018952,394.956148033139
,BGD,,emi_ncov,emi_ncov,KYOTOGHG,IPCM0EL,MtCO2eq,AR4,35.8294133211373,36.008654922233404,36.270023531626805,36.1995098443527,36.797316555320606,39.3021077738818,41.0469242522944,42.6531566854228,44.0083731359779,47.1130013781856,49.0428707015058,51.1165086469905,52.864801493288,54.181931815956005,55.2852177349626,57.191520383217004,58.284470689319704,59.16297671996399,61.0068510267146,61.4995076574468,62.62142132025781,63.393641424055794,63.7131222948234,65.80818700808518,66.910578246356,67.891920243668,67.95680497115042,69.64915681296479,75.74717085999247,80.75192644450692,85.53287445762187,90.09134740422054,94.42394683285292,98.54912087986267,102.48485351154801,106.24797842556562,109.88075170025527,113.42494665469685,116.89436806605516,120.30131677103864,123.6567195825257,124.46004485693523,125.29388201318079,126.1635150264511,127.07572226109609,128.03844768800846,129.0493001652326,130.0999921175124,131.19075686280152,132.32233607823213,133.49600571215444,134.70272243132743,135.9363235102373,137.2035239076182,138.51187463729045,139.86985922586896,141.25672844987727,142.6529129292711,144.0700628718541,145.5207459947987,147.01852426355484
,BGD,,pc_cov,pc_cov,KYOTOGHG,IPCM0EL,MtCO2eq/MtCO2eq,AR4,0.276496487,0.278500786,0.30154992399999997,0.298990303,0.31326637399999996,0.35210681299999996,0.363463572,0.37032994799999996,0.362584559,0.362952147,0.37535031700000004,0.40127426899999996,0.40293624,0.41184590200000004,0.42009344200000004,0.42441834100000003,0.441995959,0.443779246,0.450904187,0.461850517,0.47877768299999995,0.488795174,0.503436863,0.503044891,0.515260166,0.551209695,0.5543778079999999,0.5586523760000001,0.5632074570000001,0.572794082,0.58201213,0.5909339060000001,0.599632636,0.608076484,0.616242794,0.624117983,0.631606078,0.638631732,0.64521876,0.6513910270000001,0.657172077,0.66254783,0.667555022,0.67227836,0.6767857279999999,0.681131423,0.685313898,0.689312244,0.6931424070000001,0.696819353,0.700357149,0.7037396,0.7069634140000001,0.71005808,0.713049052,0.715958572,0.7187472709999999,0.721387762,0.7239138890000001,0.726354725,0.7287354340000001
,BGR,,pop,pop,POP,DEMOGR,Pers,,8841458.0,8766999.0,8676377.0,8576038.0,8474826.0,8379308.0,8291970.0,8211814.0,8137670.0,8066998.0,7997957.0,7930703.0,7866239.0,7804312.0,7744632.0,7686962.0,7631012.0,7576672.0,7524087.0,7473513.0,7425008.0,7378650.0,7334003.0,7290088.0,7245646.0,7199741.0,7151953.0,7102444.0,7067527.7652,7030481.6368,6991617.0428,6952793.6824,6916177.1916,6881567.1373,6848768.4596,6817590.8752,6787790.4996,6759168.9339,6731610.5034,6705003.313999998,6679238.7887,6652887.0348,6625208.3098,6597125.1778,6569551.7608,6543394.4773,6518437.8648,6494141.2828,6470917.0261,6449175.7719,6429327.1027,6411032.9677,6393603.0261,6376918.2299,6360859.4032,6345306.7787,6330712.2718,6317484.1756,6305437.3356,6294387.1618,6284149.2582
,BGR,,gdp,gdp,GDPPPP,ECO,2011GKD,,82355695312.5,84765562500.0,71115992187.5,65007082031.25,64965597656.25,62822734375.0,55010691406.25,48617171875.0,51106265625.0,58929054687.5,63369332031.25,64520832031.25,68574640625.0,71415335937.5,75493695312.5,82303554687.5,87665859375.0,97531132812.5,106122562500.0,106664093750.0,112952429687.5,117142890625.0,118092296875.0,118068390625.0,122098593750.0,127984273437.5,135844875000.0,141948468750.0,144166099196.9298,150408528728.5809,156025293217.2791,161127855288.41,166179441274.7207,171145576325.7868,175991326774.2815,180681274071.605,185240049201.2824,189675726279.5725,193927670621.2484,197935257066.9733,201637894368.6478,205067077133.9943,208303103513.2501,211358385548.5586,214245077517.7474,216975139025.2917,219560309464.147,222004949892.3904,224309942649.7842,226476292182.6989,228505100430.8959,230381133430.3736,232126982467.3595,233800607869.8604,235460019048.6256,237163348796.2032,238866759912.106,240510073712.2791,242127048232.7835,243751349758.4168,245416524335.9912
"The target value from 'unconditional_best' was used for 'conditional_worst' in 2030.
The target value from 'unconditional_best' was used for 'conditional_best' in 2030.
",BGR,RBY,conditional,worst,KYOTOGHG,IPCM0EL,MtCO2eq,AR4,102.3903,83.928,78.4921,78.3798,74.2972,75.4204,76.0036,72.9985,68.7632,61.901,60.6627,63.5974,60.4745,65.1645,64.0114,64.5813,64.9917,69.2189,67.3221,58.3289,60.9814,66.3566,61.4257,55.8736,58.8424,62.0127,59.391999999999996,61.6766,60.1018,62.2114,64.0773,63.94290770304818,63.67989620864427,63.28457960980389,62.75445809353734,62.08816335098894,61.306476994103825,60.422303720553856,59.42508315142241,58.30676803817796,57.06119249999999,57.86727360694851,58.62645994398796,59.34413168627067,60.02545089374018,60.67557962633994,61.29917100852604,61.898769717735405,62.47626608577834,63.03362314953473,63.57258583067564,64.08493845633326,64.57220783296978,65.0510434215296,65.53809468295722,66.04993837312746,66.57472356569122,67.09565538956475,67.6223309139388,68.16449261814327,68.73173757136887
,BGR,RBY,conditional,best,KYOTOGHG,IPCM0EL,MtCO2eq,AR4,102.3903,83.928,78.4921,78.3798,74.2972,75.4204,76.0036,72.9985,68.7632,61.901,60.6627,63.5974,60.4745,65.1645,64.0114,64.5813,64.9917,69.2189,67.3221,58.3289,60.9814,66.3566,61.4257,55.8736,58.8424,62.0127,59.391999999999996,61.6766,60.1018,62.2114,64.0773,63.94290770304818,63.67989620864427,63.28457960980389,62.75445809353734,62.08816335098894,61.306476994103825,60.422303720553856,59.42508315142241,58.30676803817796,57.06119249999999,57.86727360694851,58.62645994398796,59.34413168627067,60.02545089374018,60.67557962633994,61.29917100852604,61.898769717735405,62.47626608577834,63.03362314953473,63.57258583067564,64.08493845633326,64.57220783296978,65.0510434215296,65.53809468295722,66.04993837312746,66.57472356569122,67.09565538956475,67.6223309139388,68.16449261814327,68.73173757136887
"The target value from 'unconditional_best' was used for 'unconditional_worst' in 2030.
",BGR,RBY,unconditional,worst,KYOTOGHG,IPCM0EL,MtCO2eq,AR4,102.3903,83.928,78.4921,78.3798,74.2972,75.4204,76.0036,72.9985,68.7632,61.901,60.6627,63.5974,60.4745,65.1645,64.0114,64.5813,64.9917,69.2189,67.3221,58.3289,60.9814,66.3566,61.4257,55.8736,58.8424,62.0127,59.391999999999996,61.6766,60.1018,62.2114,64.0773,63.94290770304818,63.67989620864427,63.28457960980389,62.75445809353734,62.08816335098894,61.306476994103825,60.422303720553856,59.42508315142241,58.30676803817796,57.06119249999999,57.86727360694851,58.62645994398796,59.34413168627067,60.02545089374018,60.67557962633994,61.29917100852604,61.898769717735405,62.47626608577834,63.03362314953473,63.57258583067564,64.08493845633326,64.57220783296978,65.0510434215296,65.53809468295722,66.04993837312746,66.57472356569122,67.09565538956475,67.6223309139388,68.16449261814327,68.73173757136887
,BGR,RBY,unconditional,best,KYOTOGHG,IPCM0EL,MtCO2eq,AR4,102.3903,83.928,78.4921,78.3798,74.2972,75.4204,76.0036,72.9985,68.7632,61.901,60.6627,63.5974,60.4745,65.1645,64.0114,64.5813,64.9917,69.2189,67.3221,58.3289,60.9814,66.3566,61.4257,55.8736,58.8424,62.0127,59.391999999999996,61.6766,60.1018,62.2114,64.0773,63.94290770304818,63.67989620864427,63.28457960980389,62.75445809353734,62.08816335098894,61.306476994103825,60.422303720553856,59.42508315142241,58.30676803817796,57.06119249999999,57.86727360694851,58.62645994398796,59.34413168627067,60.02545089374018,60.67557962633994,61.29917100852604,61.898769717735405,62.47626608577834,63.03362314953473,63.57258583067564,64.08493845633326,64.57220783296978,65.0510434215296,65.53809468295722,66.04993837312746,66.57472356569122,67.09565538956475,67.6223309139388,68.16449261814327,68.73173757136887
"No targets calculated, so the baseline emissions are put in as target pathways for all un/conditional best/worst pathways.
",BGR,baseline_emissions,conditional,worst,KYOTOGHG,IPCM0EL,MtCO2eq,AR4,102.3903,83.928,78.4921,78.3798,74.2972,75.4204,76.0036,72.9985,68.7632,61.901,60.6627,63.5974,60.4745,65.1645,64.0114,64.5813,64.9917,69.2189,67.3221,58.3289,60.9814,66.3566,61.4257,55.8736,58.8424,62.0127,59.391999999999996,61.6766,60.1018,62.2114,64.0773,65.7372,67.3569,68.9288,70.4457,71.9008,73.3129,74.6936,76.0261,77.2945,78.4831,79.5918,80.63600000000002,81.6231,82.5602,83.4544,84.3121,85.1368,85.9311,86.6977,87.439,88.1437,88.8139,89.4725,90.1424,90.8464,91.5682,92.2847,93.0091,93.7548,94.535
"No targets calculated, so the baseline emissions are put in as target pathways for all un/conditional best/worst pathways.
",BGR,baseline_emissions,conditional,best,KYOTOGHG,IPCM0EL,MtCO2eq,AR4,102.3903,83.928,78.4921,78.3798,74.2972,75.4204,76.0036,72.9985,68.7632,61.901,60.6627,63.5974,60.4745,65.1645,64.0114,64.5813,64.9917,69.2189,67.3221,58.3289,60.9814,66.3566,61.4257,55.8736,58.8424,62.0127,59.391999999999996,61.6766,60.1018,62.2114,64.0773,65.7372,67.3569,68.9288,70.4457,71.9008,73.3129,74.6936,76.0261,77.2945,78.4831,79.5918,80.63600000000002,81.6231,82.5602,83.4544,84.3121,85.1368,85.9311,86.6977,87.439,88.1437,88.8139,89.4725,90.1424,90.8464,91.5682,92.2847,93.0091,93.7548,94.535
"No targets calculated, so the baseline emissions are put in as target pathways for all un/conditional best/worst pathways.
",BGR,baseline_emissions,unconditional,worst,KYOTOGHG,IPCM0EL,MtCO2eq,AR4,102.3903,83.928,78.4921,78.3798,74.2972,75.4204,76.0036,72.9985,68.7632,61.901,60.6627,63.5974,60.4745,65.1645,64.0114,64.5813,64.9917,69.2189,67.3221,58.3289,60.9814,66.3566,61.4257,55.8736,58.8424,62.0127,59.391999999999996,61.6766,60.1018,62.2114,64.0773,65.7372,67.3569,68.9288,70.4457,71.9008,73.3129,74.6936,76.0261,77.2945,78.4831,79.5918,80.63600000000002,81.6231,82.5602,83.4544,84.3121,85.1368,85.9311,86.6977,87.439,88.1437,88.8139,89.4725,90.1424,90.8464,91.5682,92.2847,93.0091,93.7548,94.535
"No targets calculated, so the baseline emissions are put in as target pathways for all un/conditional best/worst pathways.
",BGR,baseline_emissions,unconditional,best,KYOTOGHG,IPCM0EL,MtCO2eq,AR4,102.3903,83.928,78.4921,78.3798,74.2972,75.4204,76.0036,72.9985,68.7632,61.901,60.6627,63.5974,60.4745,65.1645,64.0114,64.5813,64.9917,69.2189,67.3221,58.3289,60.9814,66.3566,61.4257,55.8736,58.8424,62.0127,59.391999999999996,61.6766,60.1018,62.2114,64.0773,65.7372,67.3569,68.9288,70.4457,71.9008,73.3129,74.6936,76.0261,77.2945,78.4831,79.5918,80.63600000000002,81.6231,82.5602,83.4544,84.3121,85.1368,85.9311,86.6977,87.439,88.1437,88.8139,89.4725,90.1424,90.8464,91.5682,92.2847,93.0091,93.7548,94.535
,BGR,,emi_bau,emi_bau,KYOTOGHG,IPCM0EL,MtCO2eq,AR4,102.3903,83.928,78.4921,78.3798,74.2972,75.4204,76.0036,72.9985,68.7632,61.901,60.6627,63.5974,60.4745,65.1645,64.0114,64.5813,64.9917,69.2189,67.3221,58.3289,60.9814,66.3566,61.4257,55.8736,58.8424,62.0127,59.391999999999996,61.6766,60.1018,62.2114,64.0773,65.7372,67.3569,68.9288,70.4457,71.9008,73.3129,74.6936,76.0261,77.2945,78.4831,79.5918,80.63600000000002,81.6231,82.5602,83.4544,84.3121,85.1368,85.9311,86.6977,87.439,88.1437,88.8139,89.4725,90.1424,90.8464,91.5682,92.2847,93.0091,93.7548,94.535
,BGR,,emi_cov,emi_cov,KYOTOGHG,IPCM0EL,MtCO2eq,AR4,102.3903,83.928,78.4921,78.3798,74.2972,75.4204,76.0036,72.9985,68.7632,61.901,60.6627,63.5974,60.4745,65.1645,64.0114,64.5813,64.9917,69.2189,67.3221,58.3289,60.9814,66.3566,61.4257,55.8736,58.8424,62.0127,59.391999999999996,61.6766,60.1018,62.2114,64.0773,65.7372,67.3569,68.9288,70.4457,71.9008,73.3129,74.6936,76.0261,77.2945,78.4831,79.5918,80.63600000000002,81.6231,82.5602,83.4544,84.3121,85.1368,85.9311,86.6977,87.439,88.1437,88.8139,89.4725,90.1424,90.8464,91.5682,92.2847,93.0091,93.7548,94.535
,BGR,,emi_ncov,emi_ncov,KYOTOGHG,IPCM0EL,MtCO2eq,AR4,0.0,0.0,0.0,0.0,0.0,0.0,0.0,0.0,0.0,0.0,0.0,0.0,0.0,0.0,0.0,0.0,0.0,0.0,0.0,0.0,0.0,0.0,0.0,0.0,0.0,0.0,0.0,0.0,0.0,0.0,0.0,0.0,0.0,0.0,0.0,0.0,0.0,0.0,0.0,0.0,0.0,0.0,0.0,0.0,0.0,0.0,0.0,0.0,0.0,0.0,0.0,0.0,0.0,0.0,0.0,0.0,0.0,0.0,0.0,0.0,0.0
,BGR,,pc_cov,pc_cov,KYOTOGHG,IPCM0EL,MtCO2eq/MtCO2eq,AR4,1.0,1.0,1.0,1.0,1.0,1.0,1.0,1.0,1.0,1.0,1.0,1.0,1.0,1.0,1.0,1.0,1.0,1.0,1.0,1.0,1.0,1.0,1.0,1.0,1.0,1.0,1.0,1.0,1.0,1.0,1.0,1.0,1.0,1.0,1.0,1.0,1.0,1.0,1.0,1.0,1.0,1.0,1.0,1.0,1.0,1.0,1.0,1.0,1.0,1.0,1.0,1.0,1.0,1.0,1.0,1.0,1.0,1.0,1.0,1.0,1.0
,BHR,,pop,pop,POP,DEMOGR,Pers,,495931.0,509760.0,523086.0,536210.0,549583.0,563697.0,578666.0,594931.0,613700.0,636541.0,664611.0,697545.0,735146.0,778708.0,829844.0,889164.0,958418.0,1035919.0,1114641.0,1185076.0,1240860.0,1278151.0,1299944.0,1315028.0,1336075.0,1371851.0,1425792.0,1494076.0,1513755.8484,1547718.6597,1581297.3095,1614438.3316,1646458.4455,1677736.0144,1708649.4237,1739577.8147,1770168.9029,1799996.8252,1829329.9881,1858434.4581,1887573.527,1916740.3287,1945841.5787,1975009.3242,2004376.2844,2034075.8832,2064103.9141,2094324.9413,2124676.0249,2155094.1852,2185516.4128,2216179.2997,2247209.2645,2278378.5314,2309459.9176,2340226.7764,2370543.4433,2400414.2045,2429821.6377,2458746.7742,2487169.0499
,BHR,,gdp,gdp,GDPPPP,ECO,2011GKD,,7602215332.0313,7884369628.9063,8400297851.5625,8963865234.375,8919089843.75,9326956054.6875,9230870117.1875,10117475585.9375,9886842773.4375,11832038085.9375,15940292968.75,17373640625.0,17691994140.625,21642117187.5,25313539062.5,33769960937.5,37855593750.0,42959464843.75,49325175781.25,43805203125.0,49742933593.75,54355785156.25,52772558593.75,57784402343.75,58383980468.75,53667402343.75,53570433593.75,55468703125.0,60087671952.1294,62327937935.5071,64699092958.3417,67252040929.4853,69941392333.2625,72712258616.2799,75509998116.2239,78280034798.2001,80981790585.8417,83615219339.0357,86186307297.8004,88700553771.3406,91162858678.8585,93579027970.8699,95958373300.7471,98310425385.6072,100644510989.7338,102969774789.5596,105273306399.5578,107536992858.136,109761577272.1566,111947160767.0003,114093207191.4299,116163310728.6737,118150601355.991,120097656743.6446,122046080055.0178,124036588149.8801,126027070805.1705,127987203266.8427,129974791685.9954,132047674738.7142,134263835162.8638
"No targets calculated, so the baseline emissions are put in as target pathways for all un/conditional best/worst pathways.
",BHR,baseline_emissions,conditional,worst,KYOTOGHG,IPCM0EL,MtCO2eq,AR4,19.0705,15.7501,15.1484,19.4345,19.3628,19.4466,20.274,22.2739,23.3671,23.1515,23.7094,19.203,21.0584,21.7617,23.4541,26.0756,26.2084,34.330999999999996,37.5488,36.0745,37.1644,36.6606,34.5658,39.9658,40.2458,33.7106,33.4963,33.6601,36.3337,37.1286,37.9975,38.9548,39.9574,40.9777,41.9895,42.9674,43.8955,44.7788,45.6234,46.4345,47.2169,47.967,48.6849,49.3797,50.0598,50.7331,51.3935,52.0311,52.6475,53.2436,53.8199,54.3666,54.8845,55.3886,55.8933,56.4122,56.9206,57.3994,57.8703,58.3545,58.8725
"No targets calculated, so the baseline emissions are put in as target pathways for all un/conditional best/worst pathways.
",BHR,baseline_emissions,conditional,best,KYOTOGHG,IPCM0EL,MtCO2eq,AR4,19.0705,15.7501,15.1484,19.4345,19.3628,19.4466,20.274,22.2739,23.3671,23.1515,23.7094,19.203,21.0584,21.7617,23.4541,26.0756,26.2084,34.330999999999996,37.5488,36.0745,37.1644,36.6606,34.5658,39.9658,40.2458,33.7106,33.4963,33.6601,36.3337,37.1286,37.9975,38.9548,39.9574,40.9777,41.9895,42.9674,43.8955,44.7788,45.6234,46.4345,47.2169,47.967,48.6849,49.3797,50.0598,50.7331,51.3935,52.0311,52.6475,53.2436,53.8199,54.3666,54.8845,55.3886,55.8933,56.4122,56.9206,57.3994,57.8703,58.3545,58.8725
"No targets calculated, so the baseline emissions are put in as target pathways for all un/conditional best/worst pathways.
",BHR,baseline_emissions,unconditional,worst,KYOTOGHG,IPCM0EL,MtCO2eq,AR4,19.0705,15.7501,15.1484,19.4345,19.3628,19.4466,20.274,22.2739,23.3671,23.1515,23.7094,19.203,21.0584,21.7617,23.4541,26.0756,26.2084,34.330999999999996,37.5488,36.0745,37.1644,36.6606,34.5658,39.9658,40.2458,33.7106,33.4963,33.6601,36.3337,37.1286,37.9975,38.9548,39.9574,40.9777,41.9895,42.9674,43.8955,44.7788,45.6234,46.4345,47.2169,47.967,48.6849,49.3797,50.0598,50.7331,51.3935,52.0311,52.6475,53.2436,53.8199,54.3666,54.8845,55.3886,55.8933,56.4122,56.9206,57.3994,57.8703,58.3545,58.8725
"No targets calculated, so the baseline emissions are put in as target pathways for all un/conditional best/worst pathways.
",BHR,baseline_emissions,unconditional,best,KYOTOGHG,IPCM0EL,MtCO2eq,AR4,19.0705,15.7501,15.1484,19.4345,19.3628,19.4466,20.274,22.2739,23.3671,23.1515,23.7094,19.203,21.0584,21.7617,23.4541,26.0756,26.2084,34.330999999999996,37.5488,36.0745,37.1644,36.6606,34.5658,39.9658,40.2458,33.7106,33.4963,33.6601,36.3337,37.1286,37.9975,38.9548,39.9574,40.9777,41.9895,42.9674,43.8955,44.7788,45.6234,46.4345,47.2169,47.967,48.6849,49.3797,50.0598,50.7331,51.3935,52.0311,52.6475,53.2436,53.8199,54.3666,54.8845,55.3886,55.8933,56.4122,56.9206,57.3994,57.8703,58.3545,58.8725
,BHR,,emi_bau,emi_bau,KYOTOGHG,IPCM0EL,MtCO2eq,AR4,19.0705,15.7501,15.1484,19.4345,19.3628,19.4466,20.274,22.2739,23.3671,23.1515,23.7094,19.203,21.0584,21.7617,23.4541,26.0756,26.2084,34.330999999999996,37.5488,36.0745,37.1644,36.6606,34.5658,39.9658,40.2458,33.7106,33.4963,33.6601,36.3337,37.1286,37.9975,38.9548,39.9574,40.9777,41.9895,42.9674,43.8955,44.7788,45.6234,46.4345,47.2169,47.967,48.6849,49.3797,50.0598,50.7331,51.3935,52.0311,52.6475,53.2436,53.8199,54.3666,54.8845,55.3886,55.8933,56.4122,56.9206,57.3994,57.8703,58.3545,58.8725
,BHR,,emi_cov,emi_cov,KYOTOGHG,IPCM0EL,MtCO2eq,AR4,14.31334813719,13.5711177495299,12.7380136015972,16.6279673337755,16.7755914001676,16.828875924865798,17.72873655498,19.5097020382693,20.7058640932995,20.387224883506,21.0991960445838,16.453623782679,18.342871096264,19.1578398456369,20.6909951825688,22.766231053889204,22.561667144005604,30.730827295894,33.8776629859072,32.221333485456505,33.1728102799548,32.5280296856916,30.501098833993204,35.6529306588,35.788695167736,29.174555432406997,28.8423600530262,28.916045842601,31.9775329874585,32.801260407627595,33.701671434895005,34.693688377369604,35.7326481176826,36.78994977309819,37.79055,38.67066,39.50595,40.30092,41.06106,41.79105,42.49521,43.1703,43.81641,44.44173,45.05382,45.65979,46.25415,46.82799,47.38275,47.91924,48.437909999999995,48.92994,49.39605,49.84974,50.30397000000001,50.77098,51.22854,51.65946,52.08327,52.51905,52.98525
,BHR,,emi_ncov,emi_ncov,KYOTOGHG,IPCM0EL,MtCO2eq,AR4,4.757151862809999,2.1789822504700997,2.410386398402801,2.8065326662245,2.5872085998323997,2.6177240751342,2.5452634450200002,2.7641979617307006,2.6612359067005014,2.7642751164939985,2.6102039554162006,2.749376217321,2.7155289037359993,2.6038601543630993,2.7631048174312007,3.309368946110799,3.6467328559943986,3.6001727041059963,3.6711370140927975,3.853166514543498,3.991589720045199,4.132570314308403,4.064701166006798,4.312869341199998,4.457104832264,4.5360445675930015,4.6539399469737965,4.744054157399001,4.3561670125415,4.327339592372403,4.295828565105,4.261111622630398,4.2247518823173955,4.187750226901803,4.198949999999999,4.296739999999999,4.389549999999999,4.477879999999999,4.562339999999999,4.643449999999999,4.721689999999999,4.796699999999999,4.868489999999999,4.937969999999999,5.005979999999999,5.073309999999999,5.139349999999999,5.203109999999999,5.2647499999999985,5.324359999999999,5.381989999999998,5.436659999999999,5.488449999999999,5.538859999999999,5.5893299999999995,5.641219999999999,5.692059999999999,5.739939999999999,5.787029999999999,5.835449999999999,5.887249999999999
,BHR,,pc_cov,pc_cov,KYOTOGHG,IPCM0EL,MtCO2eq/MtCO2eq,AR4,0.75054918,0.861652799,0.8408817829999999,0.855590179,0.866382517,0.865389113,0.87445677,0.875899687,0.886111845,0.8806006040000001,0.889908477,0.856825693,0.87104771,0.880346657,0.882190968,0.873085607,0.8608563340000001,0.8951334740000001,0.9022302440000001,0.8931886370000001,0.892596417,0.8872748859999999,0.8824068540000001,0.892086,0.88925292,0.865441595,0.8610610740000001,0.85906001,0.880106705,0.8834499659999999,0.886944442,0.890613952,0.8942685990000001,0.8978041659999999,0.9,0.9,0.9,0.9,0.9,0.9,0.9,0.9,0.9,0.9,0.9,0.9,0.9,0.9,0.9,0.9,0.9,0.9,0.9,0.9,0.9,0.9,0.9,0.9,0.9,0.9,0.9
,BHS,,pop,pop,POP,DEMOGR,Pers,,256223.0,261008.0,266029.0,271069.0,275846.0,280184.0,283978.0,287358.0,290597.0,294062.0,298051.0,302618.0,307660.0,313129.0,318894.0,324859.0,331033.0,337389.0,343681.0,349604.0,354942.0,359578.0,363584.0,367169.0,370633.0,374206.0,377930.0,381755.0,387937.0065,392481.5377,396906.284,401229.3545,405498.6673,409734.0099,413955.1978,418182.1186,422394.7081,426544.6195,430609.3777,434566.478,438393.3833,442116.2299,445771.6615,449352.8768,452853.0753,456265.4569,459587.4418,462831.901,466015.2616,469154.019,472264.7398,475337.35,478364.3288,481366.2043,484363.611,487377.2906,490388.7583,493374.2349,496346.59,499318.6802,502303.356
,BHS,,gdp,gdp,GDPPPP,ECO,2011GKD,,6536341308.5938,6149021972.6563,6057100585.9375,6066185546.875,6350653808.5938,6609022949.2188,7637997070.3125,8091130371.0938,8970431640.625,9858063476.5625,10313375976.5625,10254656250.0,11304698242.1875,11048073242.1875,10865387695.3125,11796840820.3125,11843569335.9375,12338357421.875,11999172851.5625,11131718750.0,11326032226.5625,11224101562.5,11544865234.375,11242757812.5,11340404296.875,11092138671.875,11018008789.0625,10970416015.625,11171228862.8174,11436588063.7235,11681332312.1482,11911588020.513,12137938693.6751,12360165878.9898,12578002352.5813,12791143177.7465,12995715045.4147,13189156741.0142,13373111720.5638,13549224596.7548,13719139774.2737,13882716360.8032,14039202864.9035,14189358301.9533,14333980267.9511,14473902200.5253,14608821860.5098,14739754966.4873,14869497246.4633,15000793575.6212,15136343935.8676,15275251881.5076,15414033375.4494,15551462817.3657,15686296266.2183,15817272917.1018,15944211364.1066,16068541681.4662,16191407539.7586,16313952584.4166,16437320855.0828
"The target value from 'conditional_best' was used for 'conditional_worst' in 2030.
",BHS,RBU,conditional,worst,KYOTOGHG,IPCM0EL,MtCO2eq,AR4,2.4838,2.322,2.3343,2.2473,2.2485,2.266,2.2806,1.9796,2.3162,2.3133,2.3037,2.2136,2.2234,2.1807,2.4094,2.4292,2.3633,2.4031,2.2289,2.3656,2.3815,2.6353,2.7466,3.585,3.1992,3.2637,3.3465,3.3463,3.3704,3.4159,3.4585,3.364061500980057,3.2667984046750727,3.1665758296240307,3.063020905852166,2.956064639102604,2.844732589678162,2.728470465136266,2.607775927089342,2.483035009996141,2.3547864710355713,2.3734655314690136,2.3914096780493366,2.408680153597634,2.425399443756092,2.441628791345804,2.457123225082397,2.4720052306080573,2.4866422648493445,2.501463027553912,2.516773732827225,2.5325131378481913,2.548191300048064,2.5636857337846566,2.5788739534157834,2.593572230478164,2.6079030506139853,2.6219888994654332,2.6361972339590682,2.6506505397370757,2.6655937880838296
,BHS,RBU,conditional,best,KYOTOGHG,IPCM0EL,MtCO2eq,AR4,2.4838,2.322,2.3343,2.2473,2.2485,2.266,2.2806,1.9796,2.3162,2.3133,2.3037,2.2136,2.2234,2.1807,2.4094,2.4292,2.3633,2.4031,2.2289,2.3656,2.3815,2.6353,2.7466,3.585,3.1992,3.2637,3.3465,3.3463,3.3704,3.4159,3.4585,3.364061500980057,3.2667984046750727,3.1665758296240307,3.063020905852166,2.956064639102604,2.844732589678162,2.728470465136266,2.607775927089342,2.483035009996141,2.3547864710355713,2.3734655314690136,2.3914096780493366,2.408680153597634,2.425399443756092,2.441628791345804,2.457123225082397,2.4720052306080573,2.4866422648493445,2.501463027553912,2.516773732827225,2.5325131378481913,2.548191300048064,2.5636857337846566,2.5788739534157834,2.593572230478164,2.6079030506139853,2.6219888994654332,2.6361972339590682,2.6506505397370757,2.6655937880838296
,BHS,RBU,unconditional,worst,KYOTOGHG,IPCM0EL,MtCO2eq,AR4,2.4838,2.322,2.3343,2.2473,2.2485,2.266,2.2806,1.9796,2.3162,2.3133,2.3037,2.2136,2.2234,2.1807,2.4094,2.4292,2.3633,2.4031,2.2289,2.3656,2.3815,2.6353,2.7466,3.585,3.1992,3.2637,3.3465,3.3463,3.3704,3.4159,3.4585,3.4997,3.5413,3.5832,3.625,3.6666,3.7067,3.7443,3.7797,3.8131,3.845,3.8755,3.9048,3.9330000000000003,3.9603,3.9868,4.0121,4.0364,4.0603,4.0845,4.1095,4.1352,4.1608,4.1861,4.2109,4.2349,4.2583,4.2813,4.3045,4.3281,4.3525
,BHS,RBU,unconditional,best,KYOTOGHG,IPCM0EL,MtCO2eq,AR4,2.4838,2.322,2.3343,2.2473,2.2485,2.266,2.2806,1.9796,2.3162,2.3133,2.3037,2.2136,2.2234,2.1807,2.4094,2.4292,2.3633,2.4031,2.2289,2.3656,2.3815,2.6353,2.7466,3.585,3.1992,3.2637,3.3465,3.3463,3.3704,3.4159,3.4585,3.4997,3.5413,3.5832,3.625,3.6666,3.7067,3.7443,3.7797,3.8131,3.845,3.8755,3.9048,3.9330000000000003,3.9603,3.9868,4.0121,4.0364,4.0603,4.0845,4.1095,4.1352,4.1608,4.1861,4.2109,4.2349,4.2583,4.2813,4.3045,4.3281,4.3525
"No targets calculated, so the baseline emissions are put in as target pathways for all un/conditional best/worst pathways.
",BHS,baseline_emissions,conditional,worst,KYOTOGHG,IPCM0EL,MtCO2eq,AR4,2.4838,2.322,2.3343,2.2473,2.2485,2.266,2.2806,1.9796,2.3162,2.3133,2.3037,2.2136,2.2234,2.1807,2.4094,2.4292,2.3633,2.4031,2.2289,2.3656,2.3815,2.6353,2.7466,3.585,3.1992,3.2637,3.3465,3.3463,3.3704,3.4159,3.4585,3.4997,3.5413,3.5832,3.625,3.6666,3.7067,3.7443,3.7797,3.8131,3.845,3.8755,3.9048,3.9330000000000003,3.9603,3.9868,4.0121,4.0364,4.0603,4.0845,4.1095,4.1352,4.1608,4.1861,4.2109,4.2349,4.2583,4.2813,4.3045,4.3281,4.3525
"No targets calculated, so the baseline emissions are put in as target pathways for all un/conditional best/worst pathways.
",BHS,baseline_emissions,conditional,best,KYOTOGHG,IPCM0EL,MtCO2eq,AR4,2.4838,2.322,2.3343,2.2473,2.2485,2.266,2.2806,1.9796,2.3162,2.3133,2.3037,2.2136,2.2234,2.1807,2.4094,2.4292,2.3633,2.4031,2.2289,2.3656,2.3815,2.6353,2.7466,3.585,3.1992,3.2637,3.3465,3.3463,3.3704,3.4159,3.4585,3.4997,3.5413,3.5832,3.625,3.6666,3.7067,3.7443,3.7797,3.8131,3.845,3.8755,3.9048,3.9330000000000003,3.9603,3.9868,4.0121,4.0364,4.0603,4.0845,4.1095,4.1352,4.1608,4.1861,4.2109,4.2349,4.2583,4.2813,4.3045,4.3281,4.3525
"No targets calculated, so the baseline emissions are put in as target pathways for all un/conditional best/worst pathways.
",BHS,baseline_emissions,unconditional,worst,KYOTOGHG,IPCM0EL,MtCO2eq,AR4,2.4838,2.322,2.3343,2.2473,2.2485,2.266,2.2806,1.9796,2.3162,2.3133,2.3037,2.2136,2.2234,2.1807,2.4094,2.4292,2.3633,2.4031,2.2289,2.3656,2.3815,2.6353,2.7466,3.585,3.1992,3.2637,3.3465,3.3463,3.3704,3.4159,3.4585,3.4997,3.5413,3.5832,3.625,3.6666,3.7067,3.7443,3.7797,3.8131,3.845,3.8755,3.9048,3.9330000000000003,3.9603,3.9868,4.0121,4.0364,4.0603,4.0845,4.1095,4.1352,4.1608,4.1861,4.2109,4.2349,4.2583,4.2813,4.3045,4.3281,4.3525
"No targets calculated, so the baseline emissions are put in as target pathways for all un/conditional best/worst pathways.
",BHS,baseline_emissions,unconditional,best,KYOTOGHG,IPCM0EL,MtCO2eq,AR4,2.4838,2.322,2.3343,2.2473,2.2485,2.266,2.2806,1.9796,2.3162,2.3133,2.3037,2.2136,2.2234,2.1807,2.4094,2.4292,2.3633,2.4031,2.2289,2.3656,2.3815,2.6353,2.7466,3.585,3.1992,3.2637,3.3465,3.3463,3.3704,3.4159,3.4585,3.4997,3.5413,3.5832,3.625,3.6666,3.7067,3.7443,3.7797,3.8131,3.845,3.8755,3.9048,3.9330000000000003,3.9603,3.9868,4.0121,4.0364,4.0603,4.0845,4.1095,4.1352,4.1608,4.1861,4.2109,4.2349,4.2583,4.2813,4.3045,4.3281,4.3525
,BHS,,emi_bau,emi_bau,KYOTOGHG,IPCM0EL,MtCO2eq,AR4,2.4838,2.322,2.3343,2.2473,2.2485,2.266,2.2806,1.9796,2.3162,2.3133,2.3037,2.2136,2.2234,2.1807,2.4094,2.4292,2.3633,2.4031,2.2289,2.3656,2.3815,2.6353,2.7466,3.585,3.1992,3.2637,3.3465,3.3463,3.3704,3.4159,3.4585,3.4997,3.5413,3.5832,3.625,3.6666,3.7067,3.7443,3.7797,3.8131,3.845,3.8755,3.9048,3.9330000000000003,3.9603,3.9868,4.0121,4.0364,4.0603,4.0845,4.1095,4.1352,4.1608,4.1861,4.2109,4.2349,4.2583,4.2813,4.3045,4.3281,4.3525
,BHS,,emi_cov,emi_cov,KYOTOGHG,IPCM0EL,MtCO2eq,AR4,2.4838,2.322,2.3343,2.2473,2.2485,2.266,2.2806,1.9796,2.3162,2.3133,2.3037,2.2136,2.2234,2.1807,2.4094,2.4292,2.3633,2.4031,2.2289,2.3656,2.3815,2.6353,2.7466,3.585,3.1992,3.2637,3.3465,3.3463,3.3703700000696,3.4159,3.4585,3.4996900013570995,3.5413,3.583139999316,3.625,3.6666,3.7066899993234004,3.7442599996431003,3.7796700005211,3.8131,3.84497000131,3.875430000719,3.9048,3.9330000000000003,3.9603,3.9866999990956002,4.0120900018468,4.0363700014752,4.0603,4.084490001144,4.1095,4.1351600002104005,4.1608,4.1860799988142,4.2108200013218,4.2349,4.2582900015116,4.2812899988832,4.304449998928,4.3281,4.352489997955
,BHS,,emi_ncov,emi_ncov,KYOTOGHG,IPCM0EL,MtCO2eq,AR4,0.0,0.0,0.0,0.0,0.0,0.0,0.0,0.0,0.0,0.0,0.0,0.0,0.0,0.0,0.0,0.0,0.0,0.0,0.0,0.0,0.0,0.0,0.0,0.0,0.0,0.0,0.0,0.0,2.9999930399831775e-05,0.0,0.0,9.998642900079645e-06,0.0,6.000068400014405e-05,0.0,0.0,1.0000676599880165e-05,4.0000356899834546e-05,2.999947890005067e-05,0.0,2.9998690000218044e-05,6.999928099994329e-05,0.0,0.0,0.0,0.00010000090439970419,9.998153200082606e-06,2.99985248003428e-05,0.0,9.99885599972522e-06,0.0,3.9999789599949675e-05,0.0,2.0001185799929143e-05,7.999867819973381e-05,0.0,9.998488399937666e-06,1.000111679996437e-05,5.0001071999965897e-05,0.0,1.0002044999809223e-05
,BHS,,pc_cov,pc_cov,KYOTOGHG,IPCM0EL,MtCO2eq/MtCO2eq,AR4,1.0,1.0,1.0,1.0,1.0,1.0,1.0,1.0,1.0,1.0,1.0,1.0,1.0,1.0,1.0,1.0,1.0,1.0,1.0,1.0,1.0,1.0,1.0,1.0,1.0,1.0,1.0,1.0,0.999991099,1.0,1.0,0.999997143,1.0,0.999983255,1.0,1.0,0.999997302,0.999989317,0.999992063,1.0,0.9999921979999999,0.999981938,1.0,1.0,1.0,0.9999749170000001,0.999997508,0.9999925679999999,1.0,0.9999975520000001,1.0,0.999990327,1.0,0.999995222,0.9999810020000001,1.0,0.999997652,0.999997664,0.999988384,1.0,0.999997702
,BIH,,pop,pop,POP,DEMOGR,Pers,,4463423.0,4369319.0,4233676.0,4078937.0,3936524.0,3829050.0,3764425.0,3736070.0,3734337.0,3743354.0,3751176.0,3755512.0,3759387.0,3762173.0,3764194.0,3765331.0,3765424.0,3762786.0,3754271.0,3735938.0,3705472.0,3661175.0,3604972.0,3542606.0,3482105.0,3429361.0,3386266.0,3351525.0,3351870.6658,3347057.192,3340814.4085,3333852.0818,3327023.1957,3320362.6318,3313906.1219,3307690.3167,3301546.006,3295220.6053,3288627.0033,3281678.7886,3274290.1852,3265617.3261,3255197.4307,3243515.6007,3231054.6042,3218294.3902,3205059.4267,3191062.9547,3176615.0761,3162024.6749,3147599.4061,3133176.0661,3118413.6118,3103352.8051,3088035.3157,3072503.6439,3057003.2529,3041737.1628,3026685.1793,3011827.5148,2997144.6851
,BIH,,gdp,gdp,GDPPPP,ECO,2011GKD,,5684102539.0625,5139124511.7188,4843726562.5,4700342773.4375,5172507812.5,6495702636.7188,11597487304.6875,15552369140.625,15848619140.625,17818519531.25,18310751953.125,19085414062.5,20262876953.125,21081974609.375,22768888671.875,24945804687.5,28055863281.25,30518923828.125,32925304687.5,33046609375.0,34013976562.5,35240269531.25,35509187500.0,36650800781.25,36882410156.25,38744898437.5,40419613281.25,42611074218.75,43046342401.2352,44869885455.4192,46604416042.2922,48298744970.4089,50063049693.3008,51860910698.7449,53655937592.9946,55411653100.0766,57127887908.5299,58820868831.0725,60478588931.8646,62089041276.2673,63640222578.2148,65137444165.9211,66593987427.4981,68009665619.8712,69384116728.394,70716821245.3661,72017231247.3088,73286439401.1899,74511366346.3366,75679052336.6953,76776654884.1895,77816572896.485,78816054528.1742,79769822558.0553,80672844538.871,81520285974.526,82310551182.1874,83049058729.1952,83741563433.8934,84393764779.7642,85011314891.5851
"The target value from 'conditional_best' was used for 'conditional_worst' in 2030.
",BIH,ABS,conditional,worst,KYOTOGHG,IPCM0EL,MtCO2eq,AR4,35.7405,33.5304,16.4415,11.6069,11.5161,10.4271,12.0521,15.0794,19.4461,19.8434,21.0718,21.18,21.6975,21.5618,23.0851,23.2916,24.5253,24.2535,26.0366,26.6158,26.9242,28.9406,27.2884,26.811999999999998,28.6035,27.2683,28.0383,28.4031,30.28323,32.163360000000004,34.04349000000001,34.02537312805001,33.979845014062775,33.90690565803826,33.806555059976525,33.678793219877505,33.52362013774124,33.34103581356772,33.13104024735695,32.893633439108925,32.62881538882364,33.15532121769902,33.6609808661532,34.14723200180145,34.615033069720596,35.065422385410564,35.50415061933235,35.93273530952429,36.34614461933298,36.739746064220405,37.108827289225424,37.45714220423232,37.790201868432916,38.106249132519665,38.403526847185034,38.68035773354456,38.93650218032906,39.17467578192286,39.39783374397956,39.60869166088354,39.81028460871143
,BIH,ABS,conditional,best,KYOTOGHG,IPCM0EL,MtCO2eq,AR4,35.7405,33.5304,16.4415,11.6069,11.5161,10.4271,12.0521,15.0794,19.4461,19.8434,21.0718,21.18,21.6975,21.5618,23.0851,23.2916,24.5253,24.2535,26.0366,26.6158,26.9242,28.9406,27.2884,26.811999999999998,28.6035,27.2683,28.0383,28.4031,30.28323,32.163360000000004,34.04349000000001,34.02537312805001,33.979845014062775,33.90690565803826,33.806555059976525,33.678793219877505,33.52362013774124,33.34103581356772,33.13104024735695,32.893633439108925,32.62881538882364,33.15532121769902,33.6609808661532,34.14723200180145,34.615033069720596,35.065422385410564,35.50415061933235,35.93273530952429,36.34614461933298,36.739746064220405,37.108827289225424,37.45714220423232,37.790201868432916,38.106249132519665,38.403526847185034,38.68035773354456,38.93650218032906,39.17467578192286,39.39783374397956,39.60869166088354,39.81028460871143
"The target value from 'unconditional_best' was used for 'unconditional_worst' in 2030.
",BIH,ABS,unconditional,worst,KYOTOGHG,IPCM0EL,MtCO2eq,AR4,35.7405,33.5304,16.4415,11.6069,11.5161,10.4271,12.0521,15.0794,19.4461,19.8434,21.0718,21.18,21.6975,21.5618,23.0851,23.2916,24.5253,24.2535,26.0366,26.6158,26.9242,28.9406,27.2884,26.811999999999998,28.6035,27.2683,28.0383,28.4031,30.28323,32.163360000000004,34.04349000000001,34.64632693691948,35.2461037615613,35.84282047392543,36.43647707401191,37.02707356182071,37.614609937351844,38.19908620060532,38.78050235158112,39.35885839027926,39.934154316699725,40.578540720815184,41.19741364624827,41.79253264325295,42.36507074533186,42.91629873877954,43.45325482461178,43.977796305874456,44.4837647566787,44.96549051509511,45.41720616640238,45.843506091819165,46.25113523398565,46.63794303148031,47.00177892288167,47.34059009956008,47.65408330313993,47.945582128545304,48.21870342907604,48.47677079965626,48.723498846377645
,BIH,ABS,unconditional,best,KYOTOGHG,IPCM0EL,MtCO2eq,AR4,35.7405,33.5304,16.4415,11.6069,11.5161,10.4271,12.0521,15.0794,19.4461,19.8434,21.0718,21.18,21.6975,21.5618,23.0851,23.2916,24.5253,24.2535,26.0366,26.6158,26.9242,28.9406,27.2884,26.811999999999998,28.6035,27.2683,28.0383,28.4031,30.28323,32.163360000000004,34.04349000000001,34.64632693691948,35.2461037615613,35.84282047392543,36.43647707401191,37.02707356182071,37.614609937351844,38.19908620060532,38.78050235158112,39.35885839027926,39.934154316699725,40.578540720815184,41.19741364624827,41.79253264325295,42.36507074533186,42.91629873877954,43.45325482461178,43.977796305874456,44.4837647566787,44.96549051509511,45.41720616640238,45.843506091819165,46.25113523398565,46.63794303148031,47.00177892288167,47.34059009956008,47.65408330313993,47.945582128545304,48.21870342907604,48.47677079965626,48.723498846377645
"The target value from 'conditional_best' was used for 'conditional_worst' in 2030.
",BIH,ABU,conditional,worst,KYOTOGHG,IPCM0EL,MtCO2eq,AR4,35.7405,33.5304,16.4415,11.6069,11.5161,10.4271,12.0521,15.0794,19.4461,19.8434,21.0718,21.18,21.6975,21.5618,23.0851,23.2916,24.5253,24.2535,26.0366,26.6158,26.9242,28.9406,27.2884,26.811999999999998,28.6035,27.2683,28.0383,28.4031,30.28323,32.163360000000004,34.04349000000001,33.96147865532235,33.84955040301029,33.70770524306379,33.53594317548289,33.33426420026756,33.102668317417816,32.84115552693366,32.549725828815085,32.22837922306209,31.877115709674673,32.39149194518543,32.88550225268218,33.36055117892451,33.81757508841881,34.257588376047025,34.686209228847474,35.10492022395529,35.508805447711914,35.89333913833646,36.2539175036725,36.59420797137007,36.919594637340914,37.22836083332333,37.51878989105558,37.78924317265149,38.039486586984474,38.27217316682262,38.49019003606064,38.69619022746665,38.89313889531088
,BIH,ABU,conditional,best,KYOTOGHG,IPCM0EL,MtCO2eq,AR4,35.7405,33.5304,16.4415,11.6069,11.5161,10.4271,12.0521,15.0794,19.4461,19.8434,21.0718,21.18,21.6975,21.5618,23.0851,23.2916,24.5253,24.2535,26.0366,26.6158,26.9242,28.9406,27.2884,26.811999999999998,28.6035,27.2683,28.0383,28.4031,30.28323,32.163360000000004,34.04349000000001,33.96147865532235,33.84955040301029,33.70770524306379,33.53594317548289,33.33426420026756,33.102668317417816,32.84115552693366,32.549725828815085,32.22837922306209,31.877115709674673,32.39149194518543,32.88550225268218,33.36055117892451,33.81757508841881,34.257588376047025,34.686209228847474,35.10492022395529,35.508805447711914,35.89333913833646,36.2539175036725,36.59420797137007,36.919594637340914,37.22836083332333,37.51878989105558,37.78924317265149,38.039486586984474,38.27217316682262,38.49019003606064,38.69619022746665,38.89313889531088
"The target value from 'unconditional_best' was used for 'unconditional_worst' in 2030.
",BIH,ABU,unconditional,worst,KYOTOGHG,IPCM0EL,MtCO2eq,AR4,35.7405,33.5304,16.4415,11.6069,11.5161,10.4271,12.0521,15.0794,19.4461,19.8434,21.0718,21.18,21.6975,21.5618,23.0851,23.2916,24.5253,24.2535,26.0366,26.6158,26.9242,28.9406,27.2884,26.811999999999998,28.6035,27.2683,28.0383,28.4031,30.28323,32.163360000000004,34.04349000000001,34.58243246419182,35.11580915050881,35.64362005895096,36.16586518951829,36.68254454221077,37.19365811702843,37.69920591397126,38.19918793303926,38.69360417423243,39.18245463755077,39.81471144830161,40.42193503277726,41.00585182037603,41.567612764030095,42.10846472941601,42.63531343412693,43.14998122030547,43.64642558505764,44.11908358921118,44.56229638084947,44.98057185895693,45.38052800289367,45.760054732284,46.117041966752225,46.44947553866703,46.757067709795365,47.04307951344508,47.311059721157136,47.56426936623939,47.806353132977115
,BIH,ABU,unconditional,best,KYOTOGHG,IPCM0EL,MtCO2eq,AR4,35.7405,33.5304,16.4415,11.6069,11.5161,10.4271,12.0521,15.0794,19.4461,19.8434,21.0718,21.18,21.6975,21.5618,23.0851,23.2916,24.5253,24.2535,26.0366,26.6158,26.9242,28.9406,27.2884,26.811999999999998,28.6035,27.2683,28.0383,28.4031,30.28323,32.163360000000004,34.04349000000001,34.58243246419182,35.11580915050881,35.64362005895096,36.16586518951829,36.68254454221077,37.19365811702843,37.69920591397126,38.19918793303926,38.69360417423243,39.18245463755077,39.81471144830161,40.42193503277726,41.00585182037603,41.567612764030095,42.10846472941601,42.63531343412693,43.14998122030547,43.64642558505764,44.11908358921118,44.56229638084947,44.98057185895693,45.38052800289367,45.760054732284,46.117041966752225,46.44947553866703,46.757067709795365,47.04307951344508,47.311059721157136,47.56426936623939,47.806353132977115
"The target value from 'conditional_best' was used for 'conditional_worst' in 2030.
",BIH,RBU,conditional,worst,KYOTOGHG,IPCM0EL,MtCO2eq,AR4,35.7405,33.5304,16.4415,11.6069,11.5161,10.4271,12.0521,15.0794,19.4461,19.8434,21.0718,21.18,21.6975,21.5618,23.0851,23.2916,24.5253,24.2535,26.0366,26.6158,26.9242,28.9406,27.2884,26.811999999999998,28.6035,27.2683,28.0383,28.4031,30.28323,32.163360000000004,34.04349000000001,33.970832970826955,33.86862586992164,33.73686869728403,33.575561452914165,33.384704136812,33.16429674897756,32.91433928941086,32.63483175811188,32.32577415508062,31.987166480317082,32.50331851956221,32.999034320602995,33.47572327917767,33.93432499244506,34.37585735732723,34.805957956777085,35.2261144862961,35.63139406080046,36.01725529402254,36.379078499931474,36.720543767399306,37.04705378008926,37.35688594321015,37.64831766197082,37.91970464134332,38.170811982037975,38.404301876004745,38.623071414483334,38.82978278942374,39.02741139182888
,BIH,RBU,conditional,best,KYOTOGHG,IPCM0EL,MtCO2eq,AR4,35.7405,33.5304,16.4415,11.6069,11.5161,10.4271,12.0521,15.0794,19.4461,19.8434,21.0718,21.18,21.6975,21.5618,23.0851,23.2916,24.5253,24.2535,26.0366,26.6158,26.9242,28.9406,27.2884,26.811999999999998,28.6035,27.2683,28.0383,28.4031,30.28323,32.163360000000004,34.04349000000001,33.970832970826955,33.86862586992164,33.73686869728403,33.575561452914165,33.384704136812,33.16429674897756,32.91433928941086,32.63483175811188,32.32577415508062,31.987166480317082,32.50331851956221,32.999034320602995,33.47572327917767,33.93432499244506,34.37585735732723,34.805957956777085,35.2261144862961,35.63139406080046,36.01725529402254,36.379078499931474,36.720543767399306,37.04705378008926,37.35688594321015,37.64831766197082,37.91970464134332,38.170811982037975,38.404301876004745,38.623071414483334,38.82978278942374,39.02741139182888
"The target value from 'unconditional_best' was used for 'unconditional_worst' in 2030.
",BIH,RBU,unconditional,worst,KYOTOGHG,IPCM0EL,MtCO2eq,AR4,35.7405,33.5304,16.4415,11.6069,11.5161,10.4271,12.0521,15.0794,19.4461,19.8434,21.0718,21.18,21.6975,21.5618,23.0851,23.2916,24.5253,24.2535,26.0366,26.6158,26.9242,28.9406,27.2884,26.811999999999998,28.6035,27.2683,28.0383,28.4031,30.28323,32.163360000000004,34.04349000000001,34.658835727898,35.27161188434102,35.88181846932905,36.48945548286211,37.09452292494018,37.69702079556326,38.29694909473138,38.89430782244451,39.48909697870266,40.08131656350583,40.72807761039672,41.34923115831331,41.94654324166762,42.521191216734344,43.07445055281106,43.61338538754583,44.13985986837357,44.64769287485222,45.13119385165414,45.58457413042883,46.01244502325211,46.421576328703416,46.80980956027914,47.17498623147572,47.51504596881246,47.829694433220695,48.12226746747867,48.39639525343333,48.655413633862935,48.9030509036373
,BIH,RBU,unconditional,best,KYOTOGHG,IPCM0EL,MtCO2eq,AR4,35.7405,33.5304,16.4415,11.6069,11.5161,10.4271,12.0521,15.0794,19.4461,19.8434,21.0718,21.18,21.6975,21.5618,23.0851,23.2916,24.5253,24.2535,26.0366,26.6158,26.9242,28.9406,27.2884,26.811999999999998,28.6035,27.2683,28.0383,28.4031,30.28323,32.163360000000004,34.04349000000001,34.658835727898,35.27161188434102,35.88181846932905,36.48945548286211,37.09452292494018,37.69702079556326,38.29694909473138,38.89430782244451,39.48909697870266,40.08131656350583,40.72807761039672,41.34923115831331,41.94654324166762,42.521191216734344,43.07445055281106,43.61338538754583,44.13985986837357,44.64769287485222,45.13119385165414,45.58457413042883,46.01244502325211,46.421576328703416,46.80980956027914,47.17498623147572,47.51504596881246,47.829694433220695,48.12226746747867,48.39639525343333,48.655413633862935,48.9030509036373
"The target value from 'conditional_best' was used for 'conditional_worst' in 2030.
",BIH,RBY,conditional,worst,KYOTOGHG,IPCM0EL,MtCO2eq,AR4,35.7405,33.5304,16.4415,11.6069,11.5161,10.4271,12.0521,15.0794,19.4461,19.8434,21.0718,21.18,21.6975,21.5618,23.0851,23.2916,24.5253,24.2535,26.0366,26.6158,26.9242,28.9406,27.2884,26.811999999999998,28.6035,27.2683,28.0383,28.4031,30.28323,32.163360000000004,34.04349000000001,34.25357259376811,34.445192944154584,34.618351051159394,34.773046914782576,34.9092805350241,35.027051911883994,35.126361045362245,35.20720793545885,35.269592582173814,35.31351498550713,35.88334172473702,36.43060705939485,36.956866948416625,37.46315869775968,37.95060605554447,38.425432857515005,38.8892815047704,39.33670614103465,39.76269312084729,40.16214235658474,40.539116629913245,40.89958045008749,41.24163208951902,41.56336982061939,41.86297835796326,42.1401983750613,42.39796890545928,42.63948830919234,42.867695619806256,43.08587563949925
,BIH,RBY,conditional,best,KYOTOGHG,IPCM0EL,MtCO2eq,AR4,35.7405,33.5304,16.4415,11.6069,11.5161,10.4271,12.0521,15.0794,19.4461,19.8434,21.0718,21.18,21.6975,21.5618,23.0851,23.2916,24.5253,24.2535,26.0366,26.6158,26.9242,28.9406,27.2884,26.811999999999998,28.6035,27.2683,28.0383,28.4031,30.28323,32.163360000000004,34.04349000000001,34.25357259376811,34.445192944154584,34.618351051159394,34.773046914782576,34.9092805350241,35.027051911883994,35.126361045362245,35.20720793545885,35.269592582173814,35.31351498550713,35.88334172473702,36.43060705939485,36.956866948416625,37.46315869775968,37.95060605554447,38.425432857515005,38.8892815047704,39.33670614103465,39.76269312084729,40.16214235658474,40.539116629913245,40.89958045008749,41.24163208951902,41.56336982061939,41.86297835796326,42.1401983750613,42.39796890545928,42.63948830919234,42.867695619806256,43.08587563949925
"The target value from 'unconditional_best' was used for 'unconditional_worst' in 2030.
",BIH,RBY,unconditional,worst,KYOTOGHG,IPCM0EL,MtCO2eq,AR4,35.7405,33.5304,16.4415,11.6069,11.5161,10.4271,12.0521,15.0794,19.4461,19.8434,21.0718,21.18,21.6975,21.5618,23.0851,23.2916,24.5253,24.2535,26.0366,26.6158,26.9242,28.9406,27.2884,26.811999999999998,28.6035,27.2683,28.0383,28.4031,30.28323,32.163360000000004,34.04349000000001,34.878477701255065,35.71950924177504,36.5665846215599,37.419703840609685,38.278866898924356,39.14407379650393,40.015324533348426,40.89261910945781,41.775957524832116,42.66533977947131,43.324539779471316,43.957639779471315,44.56643977947131,45.152139779471305,45.71603977947131,46.26533977947131,46.80193977947131,47.31953977947131,47.812339779471316,48.274439779471315,48.71053977947131,49.12753977947131,49.52323977947131,49.89543977947131,50.242039779471305,50.562739779471315,50.86093977947131,51.14033977947131,51.404339779471314,51.656739779471316
,BIH,RBY,unconditional,best,KYOTOGHG,IPCM0EL,MtCO2eq,AR4,35.7405,33.5304,16.4415,11.6069,11.5161,10.4271,12.0521,15.0794,19.4461,19.8434,21.0718,21.18,21.6975,21.5618,23.0851,23.2916,24.5253,24.2535,26.0366,26.6158,26.9242,28.9406,27.2884,26.811999999999998,28.6035,27.2683,28.0383,28.4031,30.28323,32.163360000000004,34.04349000000001,34.878477701255065,35.71950924177504,36.5665846215599,37.419703840609685,38.278866898924356,39.14407379650393,40.015324533348426,40.89261910945781,41.775957524832116,42.66533977947131,43.324539779471316,43.957639779471315,44.56643977947131,45.152139779471305,45.71603977947131,46.26533977947131,46.80193977947131,47.31953977947131,47.812339779471316,48.274439779471315,48.71053977947131,49.12753977947131,49.52323977947131,49.89543977947131,50.242039779471305,50.562739779471315,50.86093977947131,51.14033977947131,51.404339779471314,51.656739779471316
"No targets calculated, so the baseline emissions are put in as target pathways for all un/conditional best/worst pathways.
",BIH,baseline_emissions,conditional,worst,KYOTOGHG,IPCM0EL,MtCO2eq,AR4,35.7405,33.5304,16.4415,11.6069,11.5161,10.4271,12.0521,15.0794,19.4461,19.8434,21.0718,21.18,21.6975,21.5618,23.0851,23.2916,24.5253,24.2535,26.0366,26.6158,26.9242,28.9406,27.2884,26.811999999999998,28.6035,27.2683,28.0383,28.4031,30.28323,32.163360000000004,34.04349000000001,34.7243598,35.40522960000001,36.0860994,36.76696920000001,37.447839,38.1287088,38.8095786,39.4904484,40.1713182,40.852188,41.511388000000004,42.144488,42.753288,43.33898799999999,43.902888,44.452188,44.988788,45.506388,45.999188000000004,46.461288,46.897388,47.314388,47.710088,48.082288,48.42888799999999,48.749588,49.047788,49.327188,49.591188,49.843588000000004
"No targets calculated, so the baseline emissions are put in as target pathways for all un/conditional best/worst pathways.
",BIH,baseline_emissions,conditional,best,KYOTOGHG,IPCM0EL,MtCO2eq,AR4,35.7405,33.5304,16.4415,11.6069,11.5161,10.4271,12.0521,15.0794,19.4461,19.8434,21.0718,21.18,21.6975,21.5618,23.0851,23.2916,24.5253,24.2535,26.0366,26.6158,26.9242,28.9406,27.2884,26.811999999999998,28.6035,27.2683,28.0383,28.4031,30.28323,32.163360000000004,34.04349000000001,34.7243598,35.40522960000001,36.0860994,36.76696920000001,37.447839,38.1287088,38.8095786,39.4904484,40.1713182,40.852188,41.511388000000004,42.144488,42.753288,43.33898799999999,43.902888,44.452188,44.988788,45.506388,45.999188000000004,46.461288,46.897388,47.314388,47.710088,48.082288,48.42888799999999,48.749588,49.047788,49.327188,49.591188,49.843588000000004
"No targets calculated, so the baseline emissions are put in as target pathways for all un/conditional best/worst pathways.
",BIH,baseline_emissions,unconditional,worst,KYOTOGHG,IPCM0EL,MtCO2eq,AR4,35.7405,33.5304,16.4415,11.6069,11.5161,10.4271,12.0521,15.0794,19.4461,19.8434,21.0718,21.18,21.6975,21.5618,23.0851,23.2916,24.5253,24.2535,26.0366,26.6158,26.9242,28.9406,27.2884,26.811999999999998,28.6035,27.2683,28.0383,28.4031,30.28323,32.163360000000004,34.04349000000001,34.7243598,35.40522960000001,36.0860994,36.76696920000001,37.447839,38.1287088,38.8095786,39.4904484,40.1713182,40.852188,41.511388000000004,42.144488,42.753288,43.33898799999999,43.902888,44.452188,44.988788,45.506388,45.999188000000004,46.461288,46.897388,47.314388,47.710088,48.082288,48.42888799999999,48.749588,49.047788,49.327188,49.591188,49.843588000000004
"No targets calculated, so the baseline emissions are put in as target pathways for all un/conditional best/worst pathways.
",BIH,baseline_emissions,unconditional,best,KYOTOGHG,IPCM0EL,MtCO2eq,AR4,35.7405,33.5304,16.4415,11.6069,11.5161,10.4271,12.0521,15.0794,19.4461,19.8434,21.0718,21.18,21.6975,21.5618,23.0851,23.2916,24.5253,24.2535,26.0366,26.6158,26.9242,28.9406,27.2884,26.811999999999998,28.6035,27.2683,28.0383,28.4031,30.28323,32.163360000000004,34.04349000000001,34.7243598,35.40522960000001,36.0860994,36.76696920000001,37.447839,38.1287088,38.8095786,39.4904484,40.1713182,40.852188,41.511388000000004,42.144488,42.753288,43.33898799999999,43.902888,44.452188,44.988788,45.506388,45.999188000000004,46.461288,46.897388,47.314388,47.710088,48.082288,48.42888799999999,48.749588,49.047788,49.327188,49.591188,49.843588000000004
,BIH,,emi_bau,emi_bau,KYOTOGHG,IPCM0EL,MtCO2eq,AR4,35.7405,33.5304,16.4415,11.6069,11.5161,10.4271,12.0521,15.0794,19.4461,19.8434,21.0718,21.18,21.6975,21.5618,23.0851,23.2916,24.5253,24.2535,26.0366,26.6158,26.9242,28.9406,27.2884,26.811999999999998,28.6035,27.2683,28.0383,28.4031,30.28323,32.163360000000004,34.04349000000001,34.7243598,35.40522960000001,36.0860994,36.76696920000001,37.447839,38.1287088,38.8095786,39.4904484,40.1713182,40.852188,41.511388000000004,42.144488,42.753288,43.33898799999999,43.902888,44.452188,44.988788,45.506388,45.999188000000004,46.461288,46.897388,47.314388,47.710088,48.082288,48.42888799999999,48.749588,49.047788,49.327188,49.591188,49.843588000000004
,BIH,,emi_cov,emi_cov,KYOTOGHG,IPCM0EL,MtCO2eq,AR4,35.0086894950675,32.8875613407936,16.041117857995502,11.412287641617398,11.389594512922201,10.3129021088412,11.941645034440999,14.9261298569642,19.214423189942703,19.394217098360798,20.5898851314506,20.791668470039998,21.376447343295002,21.151159874483604,22.5470329739871,22.6339481415804,23.798687955888,23.462931022227,25.1624602099,25.701329126903204,25.905298587489803,27.91726183103,26.2043671638872,25.667321745691996,27.3980723388795,26.002219551337898,26.711474960034298,27.0156112348914,28.76865274153533,30.513116889512165,32.26942354720969,32.89735601303369,33.52493684501125,34.1525580913775,34.78011784839214,35.40750180550526,36.034842312231234,36.662197151947375,37.289559266076445,37.916717869584055,38.54357182470834,39.149926931092395,39.731815860147584,40.29083016306718,40.82817112046041,41.345140428401514,41.84843162655316,42.339949072411486,42.813792587505766,43.26435292063664,43.686551210856344,44.08467912091834,44.465550515808886,44.8268520668773,45.16690015892731,45.48337716855231,45.77608557637005,46.048329382205594,46.30329424601736,46.54459888993058,46.77521562616107
,BIH,,emi_ncov,emi_ncov,KYOTOGHG,IPCM0EL,MtCO2eq,AR4,0.7318105049324991,0.6428386592063984,0.4003821420045,0.19461235838260063,0.12650548707779902,0.11419789115879944,0.1104549655590004,0.1532701430357997,0.23167681005729904,0.4491829016392001,0.48191486854939913,0.3883315299600006,0.3210526567050005,0.4106401255163983,0.5380670260129008,0.6576518584195976,0.7266120441120012,0.7905689777729993,0.8741397901000009,0.9144708730967972,1.0189014125101978,1.0233381689700007,1.084032836112801,1.1446782543080005,1.2054276611205008,1.266080448662102,1.3268250399657018,1.3874887651085983,1.5145772584646702,1.6502431104878408,1.774066452790319,1.827003786966305,1.880292754988764,1.9335413086225006,1.9868513516078763,2.0403371944947404,2.093866487768762,2.147381448052625,2.2008891339235515,2.254600330415949,2.308616175291662,2.361461068907605,2.4126721398524182,2.4624578369328223,2.5108168795395818,2.55774757159848,2.603756373446841,2.648838927588515,2.6925954124942364,2.7348350793633665,2.7747367891436614,2.812708879081665,2.8488374841911175,2.883235933122697,2.9153878410726866,2.945510831447682,2.9735024236299554,2.9994586177944016,3.02389375398264,3.0465891100694162,3.068372373838936
,BIH,,pc_cov,pc_cov,KYOTOGHG,IPCM0EL,MtCO2eq/MtCO2eq,AR4,0.979524335,0.980828184,0.975648077,0.9832330459999999,0.9890149020000001,0.989047972,0.99083521,0.989835793,0.988086207,0.977363612,0.977129867,0.981665178,0.985203242,0.9809552020000001,0.976692021,0.9717644190000001,0.97037296,0.967403922,0.9664265,0.9656418040000001,0.9621566690000001,0.96464005,0.960274958,0.957307241,0.957857337,0.9535695129999999,0.9526781209999999,0.9511500940000001,0.949986271,0.948691831,0.947888232,0.94738553,0.946892231,0.946418667,0.94596097,0.945515222,0.9450842540000001,0.9446687770000001,0.9442678109999999,0.943875371,0.943488555,0.9431129340000001,0.942752368,0.942403077,0.942065632,0.94174079,0.9414256870000001,0.941122243,0.9408303859999999,0.940546014,0.9402785220000001,0.9400241890000001,0.939789193,0.939567583,0.939366699,0.93917864,0.939004563,0.9388462,0.93869722,0.938565918,0.938439978
,BLR,,pop,pop,POP,DEMOGR,Pers,,10151134.0,10160797.0,10154334.0,10135127.0,10108291.0,10077608.0,10044853.0,10009394.0,9969987.0,9924437.0,9871632.0,9811401.0,9745923.0,9679235.0,9616634.0,9562088.0,9516883.0,9480515.0,9452855.0,9433152.0,9420574.0,9415320.0,9417046.0,9423506.0,9431735.0,9439423.0,9445643.0,9450231.0,9405628.6021,9378584.6944,9349331.0225,9319252.2617,9290013.7972,9261187.0916,9232348.6937,9203079.6757,9173473.0495,9143856.3534,9114167.8617,9084348.6933,9054342.7304,9023958.4872,8993066.9936,8961714.7949,8929957.5971,8897860.4219,8865793.8859,8834096.0369,8802791.4861,8771906.6052,8741469.5667,8712405.6898,8685291.3134,8659636.4971,8634956.3348,8610770.761,8587182.094,8564265.5612,8541508.1141,8518402.0452,8494445.0674
,BLR,,gdp,gdp,GDPPPP,ECO,2011GKD,,131560812500.0,130078546875.0,109796687500.0,86368429687.5,76034593750.0,72421531250.0,73699773437.5,74498539062.5,75629242187.5,75592695312.5,77645359375.0,81083320312.5,83148851562.5,86050007812.5,92079101562.5,102697703125.0,113802148437.5,124174023437.5,142325140625.0,137058265625.0,148411796875.0,175824703125.0,174534671875.0,165423687500.0,163411984375.0,160820031250.0,153790250000.0,161272218750.0,176559413493.4603,183021655973.8086,189003355038.6764,194624755006.1534,200138117539.2284,205525293188.6078,210767266619.2376,215844222538.5448,220713935259.8778,225336685926.10895,229696091456.1396,233776007805.8772,237560464760.8982,241173058939.8189,244735562338.6217,248229883949.6404,251638791745.1527,254946015721.98105,258027843880.6497,260789609470.8409,263257783501.4285,265456463822.215,267407388482.1823,269087935326.9187,270546799486.9812,271908591955.9918,273294958565.7523,274825783492.19,276429579650.0482,277987749864.5311,279549540076.2349,281164532524.9354,282882642830.213
"The target value from 'unconditional_best' was used for 'conditional_worst' in 2030.
The target value from 'unconditional_best' was used for 'conditional_best' in 2030.
",BLR,ABS,conditional,worst,KYOTOGHG,IPCM0EL,MtCO2eq,AR4,140.629,132.245,122.4665,108.6001,92.8255,84.5128,86.5316,90.2277,86.9915,83.5911,82.0192,82.0804,80.8387,83.0256,89.8025,91.4119,97.3351,94.9296,98.8893,94.9638,99.4877,97.2374,98.2594,100.5673,100.10600000000001,95.7898,97.7312,100.4263,100.2557,101.9783,103.4969,103.77715909240926,103.93014203975264,103.98424985170101,103.96261440111306,103.88350869907057,103.74260467081993,103.52790232472225,103.2426927418772,102.88928903219765,102.46943634750656,103.15900598585412,103.85370487767759,104.55344303607386,105.25741057891517,105.96407772884906,106.6307007069097,107.22641400533863,107.76498562030798,108.25793387541277,108.714707395477,109.13044688773405,109.52296975899492,109.93304007635754,110.40025207717974,110.96321014288539,111.58061028495803,112.19405100329489,112.81721030716501,113.46403616654676,114.14892648593386
,BLR,ABS,conditional,best,KYOTOGHG,IPCM0EL,MtCO2eq,AR4,140.629,132.245,122.4665,108.6001,92.8255,84.5128,86.5316,90.2277,86.9915,83.5911,82.0192,82.0804,80.8387,83.0256,89.8025,91.4119,97.3351,94.9296,98.8893,94.9638,99.4877,97.2374,98.2594,100.5673,100.10600000000001,95.7898,97.7312,100.4263,100.2557,101.9783,103.4969,103.77715909240926,103.93014203975264,103.98424985170101,103.96261440111306,103.88350869907057,103.74260467081993,103.52790232472225,103.2426927418772,102.88928903219765,102.46943634750656,103.15900598585412,103.85370487767759,104.55344303607386,105.25741057891517,105.96407772884906,106.6307007069097,107.22641400533863,107.76498562030798,108.25793387541277,108.714707395477,109.13044688773405,109.52296975899492,109.93304007635754,110.40025207717974,110.96321014288539,111.58061028495803,112.19405100329489,112.81721030716501,113.46403616654676,114.14892648593386
"The target value from 'unconditional_best' was used for 'unconditional_worst' in 2030.
",BLR,ABS,unconditional,worst,KYOTOGHG,IPCM0EL,MtCO2eq,AR4,140.629,132.245,122.4665,108.6001,92.8255,84.5128,86.5316,90.2277,86.9915,83.5911,82.0192,82.0804,80.8387,83.0256,89.8025,91.4119,97.3351,94.9296,98.8893,94.9638,99.4877,97.2374,98.2594,100.5673,100.10600000000001,95.7898,97.7312,100.4263,100.2557,101.9783,103.4969,103.77715909240926,103.93014203975264,103.98424985170101,103.96261440111306,103.88350869907057,103.74260467081993,103.52790232472225,103.2426927418772,102.88928903219765,102.46943634750656,103.15900598585412,103.85370487767759,104.55344303607386,105.25741057891517,105.96407772884906,106.6307007069097,107.22641400533863,107.76498562030798,108.25793387541277,108.714707395477,109.13044688773405,109.52296975899492,109.93304007635754,110.40025207717974,110.96321014288539,111.58061028495803,112.19405100329489,112.81721030716501,113.46403616654676,114.14892648593386
,BLR,ABS,unconditional,best,KYOTOGHG,IPCM0EL,MtCO2eq,AR4,140.629,132.245,122.4665,108.6001,92.8255,84.5128,86.5316,90.2277,86.9915,83.5911,82.0192,82.0804,80.8387,83.0256,89.8025,91.4119,97.3351,94.9296,98.8893,94.9638,99.4877,97.2374,98.2594,100.5673,100.10600000000001,95.7898,97.7312,100.4263,100.2557,101.9783,103.4969,103.77715909240926,103.93014203975264,103.98424985170101,103.96261440111306,103.88350869907057,103.74260467081993,103.52790232472225,103.2426927418772,102.88928903219765,102.46943634750656,103.15900598585412,103.85370487767759,104.55344303607386,105.25741057891517,105.96407772884906,106.6307007069097,107.22641400533863,107.76498562030798,108.25793387541277,108.714707395477,109.13044688773405,109.52296975899492,109.93304007635754,110.40025207717974,110.96321014288539,111.58061028495803,112.19405100329489,112.81721030716501,113.46403616654676,114.14892648593386
"The target value from 'unconditional_best' was used for 'conditional_worst' in 2030.
The target value from 'unconditional_best' was used for 'conditional_best' in 2030.
",BLR,RBY,conditional,worst,KYOTOGHG,IPCM0EL,MtCO2eq,AR4,140.629,132.245,122.4665,108.6001,92.8255,84.5128,86.5316,90.2277,86.9915,83.5911,82.0192,82.0804,80.8387,83.0256,89.8025,91.4119,97.3351,94.9296,98.8893,94.9638,99.4877,97.2374,98.2594,100.5673,100.10600000000001,95.7898,97.7312,100.4263,100.2557,101.9783,103.4969,103.66516644374055,103.70353456223901,103.64065087405012,103.49980002736065,103.29933751056234,103.03509229766534,102.69530979907879,102.28345085813744,101.80200069737906,101.25287999999999,101.93426280380955,102.62071396463557,103.3121445639339,104.0077543348072,104.70603166200496,105.36474023705667,105.95338099931939,106.48555848604785,106.97265427089306,107.42400480099057,107.83480847495642,108.22267116453195,108.62787297021642,109.08953805143516,109.64581246362785,110.25588259503034,110.86204031049033,111.47780122871832,112.11694772405737,112.79370676357121
,BLR,RBY,conditional,best,KYOTOGHG,IPCM0EL,MtCO2eq,AR4,140.629,132.245,122.4665,108.6001,92.8255,84.5128,86.5316,90.2277,86.9915,83.5911,82.0192,82.0804,80.8387,83.0256,89.8025,91.4119,97.3351,94.9296,98.8893,94.9638,99.4877,97.2374,98.2594,100.5673,100.10600000000001,95.7898,97.7312,100.4263,100.2557,101.9783,103.4969,103.66516644374055,103.70353456223901,103.64065087405012,103.49980002736065,103.29933751056234,103.03509229766534,102.69530979907879,102.28345085813744,101.80200069737906,101.25287999999999,101.93426280380955,102.62071396463557,103.3121445639339,104.0077543348072,104.70603166200496,105.36474023705667,105.95338099931939,106.48555848604785,106.97265427089306,107.42400480099057,107.83480847495642,108.22267116453195,108.62787297021642,109.08953805143516,109.64581246362785,110.25588259503034,110.86204031049033,111.47780122871832,112.11694772405737,112.79370676357121
"The target value from 'unconditional_best' was used for 'unconditional_worst' in 2030.
",BLR,RBY,unconditional,worst,KYOTOGHG,IPCM0EL,MtCO2eq,AR4,140.629,132.245,122.4665,108.6001,92.8255,84.5128,86.5316,90.2277,86.9915,83.5911,82.0192,82.0804,80.8387,83.0256,89.8025,91.4119,97.3351,94.9296,98.8893,94.9638,99.4877,97.2374,98.2594,100.5673,100.10600000000001,95.7898,97.7312,100.4263,100.2557,101.9783,103.4969,103.66516644374055,103.70353456223901,103.64065087405012,103.49980002736065,103.29933751056234,103.03509229766534,102.69530979907879,102.28345085813744,101.80200069737906,101.25287999999999,101.93426280380955,102.62071396463557,103.3121445639339,104.0077543348072,104.70603166200496,105.36474023705667,105.95338099931939,106.48555848604785,106.97265427089306,107.42400480099057,107.83480847495642,108.22267116453195,108.62787297021642,109.08953805143516,109.64581246362785,110.25588259503034,110.86204031049033,111.47780122871832,112.11694772405737,112.79370676357121
,BLR,RBY,unconditional,best,KYOTOGHG,IPCM0EL,MtCO2eq,AR4,140.629,132.245,122.4665,108.6001,92.8255,84.5128,86.5316,90.2277,86.9915,83.5911,82.0192,82.0804,80.8387,83.0256,89.8025,91.4119,97.3351,94.9296,98.8893,94.9638,99.4877,97.2374,98.2594,100.5673,100.10600000000001,95.7898,97.7312,100.4263,100.2557,101.9783,103.4969,103.66516644374055,103.70353456223901,103.64065087405012,103.49980002736065,103.29933751056234,103.03509229766534,102.69530979907879,102.28345085813744,101.80200069737906,101.25287999999999,101.93426280380955,102.62071396463557,103.3121445639339,104.0077543348072,104.70603166200496,105.36474023705667,105.95338099931939,106.48555848604785,106.97265427089306,107.42400480099057,107.83480847495642,108.22267116453195,108.62787297021642,109.08953805143516,109.64581246362785,110.25588259503034,110.86204031049033,111.47780122871832,112.11694772405737,112.79370676357121
"No targets calculated, so the baseline emissions are put in as target pathways for all un/conditional best/worst pathways.
",BLR,baseline_emissions,conditional,worst,KYOTOGHG,IPCM0EL,MtCO2eq,AR4,140.629,132.245,122.4665,108.6001,92.8255,84.5128,86.5316,90.2277,86.9915,83.5911,82.0192,82.0804,80.8387,83.0256,89.8025,91.4119,97.3351,94.9296,98.8893,94.9638,99.4877,97.2374,98.2594,100.5673,100.10600000000001,95.7898,97.7312,100.4263,100.2557,101.9783,103.4969,104.8268,106.054,107.2046,108.3003,109.3586,110.3737,111.3313,112.2331,113.0798,113.8715,114.6378,115.4098,116.1874,116.9697,117.755,118.4958,119.1578,119.7563,120.3041,120.8117,121.2737,121.7099,122.1656,122.6848,123.3104,123.9965,124.6782,125.3707,126.0895,126.8506
"No targets calculated, so the baseline emissions are put in as target pathways for all un/conditional best/worst pathways.
",BLR,baseline_emissions,conditional,best,KYOTOGHG,IPCM0EL,MtCO2eq,AR4,140.629,132.245,122.4665,108.6001,92.8255,84.5128,86.5316,90.2277,86.9915,83.5911,82.0192,82.0804,80.8387,83.0256,89.8025,91.4119,97.3351,94.9296,98.8893,94.9638,99.4877,97.2374,98.2594,100.5673,100.10600000000001,95.7898,97.7312,100.4263,100.2557,101.9783,103.4969,104.8268,106.054,107.2046,108.3003,109.3586,110.3737,111.3313,112.2331,113.0798,113.8715,114.6378,115.4098,116.1874,116.9697,117.755,118.4958,119.1578,119.7563,120.3041,120.8117,121.2737,121.7099,122.1656,122.6848,123.3104,123.9965,124.6782,125.3707,126.0895,126.8506
"No targets calculated, so the baseline emissions are put in as target pathways for all un/conditional best/worst pathways.
",BLR,baseline_emissions,unconditional,worst,KYOTOGHG,IPCM0EL,MtCO2eq,AR4,140.629,132.245,122.4665,108.6001,92.8255,84.5128,86.5316,90.2277,86.9915,83.5911,82.0192,82.0804,80.8387,83.0256,89.8025,91.4119,97.3351,94.9296,98.8893,94.9638,99.4877,97.2374,98.2594,100.5673,100.10600000000001,95.7898,97.7312,100.4263,100.2557,101.9783,103.4969,104.8268,106.054,107.2046,108.3003,109.3586,110.3737,111.3313,112.2331,113.0798,113.8715,114.6378,115.4098,116.1874,116.9697,117.755,118.4958,119.1578,119.7563,120.3041,120.8117,121.2737,121.7099,122.1656,122.6848,123.3104,123.9965,124.6782,125.3707,126.0895,126.8506
"No targets calculated, so the baseline emissions are put in as target pathways for all un/conditional best/worst pathways.
",BLR,baseline_emissions,unconditional,best,KYOTOGHG,IPCM0EL,MtCO2eq,AR4,140.629,132.245,122.4665,108.6001,92.8255,84.5128,86.5316,90.2277,86.9915,83.5911,82.0192,82.0804,80.8387,83.0256,89.8025,91.4119,97.3351,94.9296,98.8893,94.9638,99.4877,97.2374,98.2594,100.5673,100.10600000000001,95.7898,97.7312,100.4263,100.2557,101.9783,103.4969,104.8268,106.054,107.2046,108.3003,109.3586,110.3737,111.3313,112.2331,113.0798,113.8715,114.6378,115.4098,116.1874,116.9697,117.755,118.4958,119.1578,119.7563,120.3041,120.8117,121.2737,121.7099,122.1656,122.6848,123.3104,123.9965,124.6782,125.3707,126.0895,126.8506
,BLR,,emi_bau,emi_bau,KYOTOGHG,IPCM0EL,MtCO2eq,AR4,140.629,132.245,122.4665,108.6001,92.8255,84.5128,86.5316,90.2277,86.9915,83.5911,82.0192,82.0804,80.8387,83.0256,89.8025,91.4119,97.3351,94.9296,98.8893,94.9638,99.4877,97.2374,98.2594,100.5673,100.10600000000001,95.7898,97.7312,100.4263,100.2557,101.9783,103.4969,104.8268,106.054,107.2046,108.3003,109.3586,110.3737,111.3313,112.2331,113.0798,113.8715,114.6378,115.4098,116.1874,116.9697,117.755,118.4958,119.1578,119.7563,120.3041,120.8117,121.2737,121.7099,122.1656,122.6848,123.3104,123.9965,124.6782,125.3707,126.0895,126.8506
,BLR,,emi_cov,emi_cov,KYOTOGHG,IPCM0EL,MtCO2eq,AR4,140.629,132.245,122.4665,108.6001,92.8255,84.5128,86.5316,90.2277,86.9915,83.5911,82.0192,82.0804,80.8387,83.0256,89.8025,91.4119,97.3351,94.9296,98.8893,94.9638,99.4877,97.2374,98.2594,100.5673,100.10600000000001,95.7898,97.7312,100.4263,100.2557,101.97819995928772,103.4969,104.8268,106.054,107.2046,108.3003,109.3586,110.3737,111.3313,112.2331,113.0798,113.8715,114.6378,115.4098,116.1874,116.9697,117.755,118.4958,119.1578,119.7563,120.3041,120.8117,121.2737,121.7099,122.1656,122.6848,123.3104,123.9965,124.6782,125.3707,126.0895,126.8506
,BLR,,emi_ncov,emi_ncov,KYOTOGHG,IPCM0EL,MtCO2eq,AR4,0.0,0.0,0.0,0.0,0.0,0.0,0.0,0.0,0.0,0.0,0.0,0.0,0.0,0.0,0.0,0.0,0.0,0.0,0.0,0.0,0.0,0.0,0.0,0.0,0.0,0.0,0.0,0.0,0.0,0.00010004071228979999,0.0,0.0,0.0,0.0,0.0,0.0,0.0,0.0,0.0,0.0,0.0,0.0,0.0,0.0,0.0,0.0,0.0,0.0,0.0,0.0,0.0,0.0,0.0,0.0,0.0,0.0,0.0,0.0,0.0,0.0,0.0
,BLR,,pc_cov,pc_cov,KYOTOGHG,IPCM0EL,MtCO2eq/MtCO2eq,AR4,1.0,1.0,1.0,1.0,1.0,1.0,1.0,1.0,1.0,1.0,1.0,1.0,1.0,1.0,1.0,1.0,1.0,1.0,1.0,1.0,1.0,1.0,1.0,1.0,1.0,1.0,1.0,1.0,1.0,0.9999990190000001,1.0,1.0,1.0,1.0,1.0,1.0,1.0,1.0,1.0,1.0,1.0,1.0,1.0,1.0,1.0,1.0,1.0,1.0,1.0,1.0,1.0,1.0,1.0,1.0,1.0,1.0,1.0,1.0,1.0,1.0,1.0
,BLZ,,pop,pop,POP,DEMOGR,Pers,,187552.0,191128.0,194324.0,197622.0,201680.0,206963.0,213664.0,221580.0,230244.0,238988.0,247315.0,255063.0,262378.0,269425.0,276504.0,283800.0,291329.0,299025.0,306823.0,314655.0,322464.0,330237.0,338000.0,345715.0,353366.0,360933.0,368400.0,375769.0,383290.217,390390.9768,397510.9739,404699.6625,411994.5341,419363.1084,426772.9179,434191.4973,441593.885,448963.7321,456281.62,463528.2989,470684.6801,477762.6483,484792.8032,491784.1819,498745.7438,505686.3739,512598.0304,519478.3362,526344.5938,533214.0746,540104.0219,547017.4007,553945.0688,560886.0561,567839.3503,574803.8975,581774.0252,588738.3458,595687.333,602611.6382,609502.0922
,BLZ,,gdp,gdp,GDPPPP,ECO,2011GKD,,1090020996.0938,1025958984.375,1095165039.0625,1210200805.6641,1327792602.5391,1455644653.3203,1338380371.0938,1342866333.0078,1390406005.8594,1449869873.0469,1595539062.5,1711948852.5391,1828173461.9141,1938414428.7109,2009859008.7891,2095394042.9688,2195080322.2656,2278372558.5938,2279641357.4219,2279346435.5469,2437220214.8438,2545388183.5938,2664373779.2969,2696225585.9375,2792202148.4375,2930730712.8906,3010549560.5469,3203599853.5156,3197332251.6308,3279352806.0998,3366022861.4396,3460359031.9913,3563177594.1358,3672894508.5785,3787950917.9952,3906808895.0199,4029021522.7551,4154578877.2977,4282609500.7105,4412240224.0698,4542596878.0009,4673466395.8545,4805385509.3755,4938595544.2813,5073324843.0821,5209787500.0166,5348239094.142,5489135380.370999,5632993158.6035,5780348763.7006,5931759741.1624,6086834672.3579,6244696039.441999,6405195338.6138,6568192881.9035,6733558349.6525,6901481688.3499,7072337128.2726,7246278675.273002,7423461214.3181,7604040459.055
,BLZ,ABU,conditional,worst,KYOTOGHG,IPCM0EL,MtCO2eq,AR4,0.5662,0.60839,0.63042,0.6325,0.62865,0.60144,0.5329999999999999,0.6297,0.62907,0.626,0.6711699999999999,0.74103,0.79101,0.85505,0.68691,0.73745,0.7620899999999999,0.8219200000000001,0.7841199999999999,0.9779200000000001,0.9193899999999999,1.0362,0.8997,1.0218,0.9814700000000001,1.1157,1.1616,1.1539,1.0807,1.0964,1.1147,1.07911909148621,1.0440481469986598,1.0086091246384987,0.9719449559145094,0.9335439373633347,0.8928850955773433,0.8498516865345274,0.804068101855117,0.7552738548352963,0.7030999999999996,0.7208548000282143,0.7389071665373489,0.7572570995274032,0.7759541934118639,0.7949488537772444,0.8142906750370313,0.8339796571912248,0.8540653946533112,0.8745478874232908,0.8955759187416233,0.9170502997813355,0.9388718417154541,0.9610901389574659,0.983655597093884,1.006617810538195,1.029927184876913,1.0536333145235235,1.0777857938915139,1.1024838118078575,1.1276281794455802
,BLZ,ABU,conditional,best,KYOTOGHG,IPCM0EL,MtCO2eq,AR4,0.5662,0.60839,0.63042,0.6325,0.62865,0.60144,0.5329999999999999,0.6297,0.62907,0.626,0.6711699999999999,0.74103,0.79101,0.85505,0.68691,0.73745,0.7620899999999999,0.8219200000000001,0.7841199999999999,0.9779200000000001,0.9193899999999999,1.0362,0.8997,1.0218,0.9814700000000001,1.1157,1.1616,1.1539,1.0807,1.0964,1.1147,1.0758887239895605,1.0374469859631796,0.9984754242787611,0.9581024730196795,0.9158044896663607,0.8710536784933339,0.8237210721591305,0.7734267983353313,0.719906959159201,0.6627999999999994,0.6795371376172668,0.6965547859208571,0.7138529449107703,0.7314783663680603,0.7493842985116732,0.7676174931226627,0.7861779502010291,0.805112421527826,0.8244209071030535,0.844243662269873,0.8644871834661768,0.8850579671298574,0.9060027650419685,0.9272748254214565,0.9489209000493749,0.9708942371446702,0.9932415884883957,1.016009705861606,1.0392920928264082,1.0629952458206944
,BLZ,ABU,unconditional,worst,KYOTOGHG,IPCM0EL,MtCO2eq,AR4,0.5662,0.60839,0.63042,0.6325,0.62865,0.60144,0.5329999999999999,0.6297,0.62907,0.626,0.6711699999999999,0.74103,0.79101,0.85505,0.68691,0.73745,0.7620899999999999,0.8219200000000001,0.7841199999999999,0.9779200000000001,0.9193899999999999,1.0362,0.8997,1.0218,0.9814700000000001,1.1157,1.1616,1.1539,1.0807,1.0964,1.1147,1.1364,1.1611,1.1883,1.2174,1.2481,1.28,1.3132,1.3474,1.3824,1.4177,1.4535,1.4899,1.5269,1.5646,1.6029,1.6419,1.6816,1.7221,1.7634,1.8058,1.8491,1.8931,1.9379,1.9834,2.0297,2.0767,2.1245,2.1732,2.2230000000000003,2.2737
,BLZ,ABU,unconditional,best,KYOTOGHG,IPCM0EL,MtCO2eq,AR4,0.5662,0.60839,0.63042,0.6325,0.62865,0.60144,0.5329999999999999,0.6297,0.62907,0.626,0.6711699999999999,0.74103,0.79101,0.85505,0.68691,0.73745,0.7620899999999999,0.8219200000000001,0.7841199999999999,0.9779200000000001,0.9193899999999999,1.0362,0.8997,1.0218,0.9814700000000001,1.1157,1.1616,1.1539,1.0807,1.0964,1.1147,1.1364,1.1611,1.1883,1.2174,1.2481,1.28,1.3132,1.3474,1.3824,1.4177,1.4535,1.4899,1.5269,1.5646,1.6029,1.6419,1.6816,1.7221,1.7634,1.8058,1.8491,1.8931,1.9379,1.9834,2.0297,2.0767,2.1245,2.1732,2.2230000000000003,2.2737
"No targets calculated, so the baseline emissions are put in as target pathways for all un/conditional best/worst pathways.
",BLZ,baseline_emissions,conditional,worst,KYOTOGHG,IPCM0EL,MtCO2eq,AR4,0.5662,0.60839,0.63042,0.6325,0.62865,0.60144,0.5329999999999999,0.6297,0.62907,0.626,0.6711699999999999,0.74103,0.79101,0.85505,0.68691,0.73745,0.7620899999999999,0.8219200000000001,0.7841199999999999,0.9779200000000001,0.9193899999999999,1.0362,0.8997,1.0218,0.9814700000000001,1.1157,1.1616,1.1539,1.0807,1.0964,1.1147,1.1364,1.1611,1.1883,1.2174,1.2481,1.28,1.3132,1.3474,1.3824,1.4177,1.4535,1.4899,1.5269,1.5646,1.6029,1.6419,1.6816,1.7221,1.7634,1.8058,1.8491,1.8931,1.9379,1.9834,2.0297,2.0767,2.1245,2.1732,2.2230000000000003,2.2737
"No targets calculated, so the baseline emissions are put in as target pathways for all un/conditional best/worst pathways.
",BLZ,baseline_emissions,conditional,best,KYOTOGHG,IPCM0EL,MtCO2eq,AR4,0.5662,0.60839,0.63042,0.6325,0.62865,0.60144,0.5329999999999999,0.6297,0.62907,0.626,0.6711699999999999,0.74103,0.79101,0.85505,0.68691,0.73745,0.7620899999999999,0.8219200000000001,0.7841199999999999,0.9779200000000001,0.9193899999999999,1.0362,0.8997,1.0218,0.9814700000000001,1.1157,1.1616,1.1539,1.0807,1.0964,1.1147,1.1364,1.1611,1.1883,1.2174,1.2481,1.28,1.3132,1.3474,1.3824,1.4177,1.4535,1.4899,1.5269,1.5646,1.6029,1.6419,1.6816,1.7221,1.7634,1.8058,1.8491,1.8931,1.9379,1.9834,2.0297,2.0767,2.1245,2.1732,2.2230000000000003,2.2737
"No targets calculated, so the baseline emissions are put in as target pathways for all un/conditional best/worst pathways.
",BLZ,baseline_emissions,unconditional,worst,KYOTOGHG,IPCM0EL,MtCO2eq,AR4,0.5662,0.60839,0.63042,0.6325,0.62865,0.60144,0.5329999999999999,0.6297,0.62907,0.626,0.6711699999999999,0.74103,0.79101,0.85505,0.68691,0.73745,0.7620899999999999,0.8219200000000001,0.7841199999999999,0.9779200000000001,0.9193899999999999,1.0362,0.8997,1.0218,0.9814700000000001,1.1157,1.1616,1.1539,1.0807,1.0964,1.1147,1.1364,1.1611,1.1883,1.2174,1.2481,1.28,1.3132,1.3474,1.3824,1.4177,1.4535,1.4899,1.5269,1.5646,1.6029,1.6419,1.6816,1.7221,1.7634,1.8058,1.8491,1.8931,1.9379,1.9834,2.0297,2.0767,2.1245,2.1732,2.2230000000000003,2.2737
"No targets calculated, so the baseline emissions are put in as target pathways for all un/conditional best/worst pathways.
",BLZ,baseline_emissions,unconditional,best,KYOTOGHG,IPCM0EL,MtCO2eq,AR4,0.5662,0.60839,0.63042,0.6325,0.62865,0.60144,0.5329999999999999,0.6297,0.62907,0.626,0.6711699999999999,0.74103,0.79101,0.85505,0.68691,0.73745,0.7620899999999999,0.8219200000000001,0.7841199999999999,0.9779200000000001,0.9193899999999999,1.0362,0.8997,1.0218,0.9814700000000001,1.1157,1.1616,1.1539,1.0807,1.0964,1.1147,1.1364,1.1611,1.1883,1.2174,1.2481,1.28,1.3132,1.3474,1.3824,1.4177,1.4535,1.4899,1.5269,1.5646,1.6029,1.6419,1.6816,1.7221,1.7634,1.8058,1.8491,1.8931,1.9379,1.9834,2.0297,2.0767,2.1245,2.1732,2.2230000000000003,2.2737
,BLZ,,emi_bau,emi_bau,KYOTOGHG,IPCM0EL,MtCO2eq,AR4,0.5662,0.60839,0.63042,0.6325,0.62865,0.60144,0.5329999999999999,0.6297,0.62907,0.626,0.6711699999999999,0.74103,0.79101,0.85505,0.68691,0.73745,0.7620899999999999,0.8219200000000001,0.7841199999999999,0.9779200000000001,0.9193899999999999,1.0362,0.8997,1.0218,0.9814700000000001,1.1157,1.1616,1.1539,1.0807,1.0964,1.1147,1.1364,1.1611,1.1883,1.2174,1.2481,1.28,1.3132,1.3474,1.3824,1.4177,1.4535,1.4899,1.5269,1.5646,1.6029,1.6419,1.6816,1.7221,1.7634,1.8058,1.8491,1.8931,1.9379,1.9834,2.0297,2.0767,2.1245,2.1732,2.2230000000000003,2.2737
,BLZ,,emi_cov,emi_cov,KYOTOGHG,IPCM0EL,MtCO2eq,AR4,0.35823387088300007,0.40794252140253995,0.40453916868372,0.4264247986625,0.42324263208810003,0.42854403477983993,0.35998117506,0.44613319341,0.42896373634452,0.40798455251200005,0.45991573160973004,0.51498519655302,0.50143231472202,0.50255359649565,0.46471598133555003,0.49397642535220004,0.5181929920007399,0.55122417321488,0.5091662566279199,0.6606057261312002,0.60885908978306,0.6813116205654001,0.5583447843129001,0.5951704505682001,0.578173573418,0.7052821526201999,0.7335063892992,0.7299761135776999,0.6776952530506,0.6878835319684,0.6997590424735999,0.7138409319516,0.7298696266126,0.7475206583303999,0.7664046657581999,0.7863269697605,0.8070279961600001,0.8285726378495999,0.8507662143974,0.8734789384704,0.8963863430939,0.9196182158985,0.94323945009,0.9672500443250999,0.9917148930378,1.0165691035539,1.0418775670017,1.0676402862527998,1.0939221538606,1.1207231689278,1.1482380123018001,1.1763368971079,1.204890036262,1.2339623228659,1.2634888661698,1.2935345546930999,1.3240345000724,1.3550535931974999,1.3866567251892001,1.4189736892500002,1.4518746910668
,BLZ,,emi_ncov,emi_ncov,KYOTOGHG,IPCM0EL,MtCO2eq,AR4,0.207966129117,0.20044747859746,0.22588083131627998,0.20607520133749996,0.20540736791189998,0.17289596522016001,0.17301882493999995,0.18356680659000002,0.20010626365548,0.21801544748799997,0.21125426839026992,0.22604480344697997,0.28957768527797995,0.35249640350434996,0.22219401866445,0.2434735746478,0.24389700799926003,0.27069582678512,0.27495374337208,0.3173142738688,0.31053091021693996,0.35488837943459994,0.3413552156870999,0.42662954943180004,0.40329642658200004,0.4104178473798,0.4280936107008,0.4239238864223,0.40300474694940003,0.4085164680316,0.4149409575264001,0.4225590680484,0.4312303733874,0.4407793416696,0.4509953342418001,0.4617730302395,0.47297200383999993,0.4846273621504001,0.49663378560259996,0.5089210615296,0.5213136569061,0.5338817841015,0.54666054991,0.5596499556749001,0.5728851069622,0.5863308964461,0.6000224329982999,0.6139597137472,0.6281778461393999,0.6426768310722,0.6575619876982,0.6727631028921001,0.6882099637379999,0.7039376771340999,0.7199111338302,0.7361654453069002,0.7526654999276001,0.7694464068025001,0.7865432748107999,0.80402631075,0.8218253089331999
,BLZ,,pc_cov,pc_cov,KYOTOGHG,IPCM0EL,MtCO2eq/MtCO2eq,AR4,0.632698465,0.670527986,0.641697866,0.674189405,0.673256394,0.712529986,0.67538682,0.7084853,0.681901436,0.651732512,0.6852447690000001,0.694958634,0.633914002,0.587747613,0.676531105,0.669843956,0.6799629859999999,0.670654289,0.649347366,0.675521235,0.662242454,0.6575097670000001,0.6205899570000001,0.582472549,0.5890894,0.632143186,0.631462112,0.632616443,0.627089158,0.627401981,0.6277554879999999,0.628159919,0.628601866,0.629067288,0.6295421929999999,0.630019205,0.6304906220000001,0.6309569279999999,0.631413251,0.631856871,0.632282107,0.632692271,0.6330891,0.6334730789999999,0.633845643,0.634206191,0.634556043,0.6348955079999999,0.6352256860000001,0.635546767,0.635861121,0.636167269,0.63646402,0.636752321,0.637031797,0.6373033229999999,0.637566572,0.637822355,0.638071381,0.63831475,0.638551564
,BOL,,pop,pop,POP,DEMOGR,Pers,,6864842.0,7011453.0,7160920.0,7312850.0,7466793.0,7622338.0,7779267.0,7937458.0,8096761.0,8257066.0,8418264.0,8580235.0,8742814.0,8905823.0,9069039.0,9232306.0,9395446.0,9558439.0,9721454.0,9884781.0,10048590.0,10212954.0,10377676.0,10542377.0,10706517.0,10869730.0,11031814.0,11192855.0,11401126.6254,11610180.9085,11821942.8837,12038278.0049,12260855.8435,12488353.1356,12719448.0304,12952819.4447,13188142.2997,13425191.4447,13662798.3888,13899798.3619,14135030.6381,14368843.5328,14602509.1844,14836253.2887,15070298.3057,15304863.4917,15540116.4243,15776006.1922,16012419.1904,16249238.1349,16486342.0315,16723521.5302,16960930.3369,17198988.8366,17438116.9544,17678734.216,17920996.8246,18164260.3677,18407747.5689,18650687.3278,18892314.885
,BOL,,gdp,gdp,GDPPPP,ECO,2011GKD,,14398026367.1875,15118842773.4375,15788344726.5625,16813681640.625,18485972656.25,20510767578.125,22431205078.125,23030417968.75,23593812500.0,24103527343.75,24793865234.375,25738753906.25,26887248046.875,28844656250.0,31427279296.875,33914480468.75,37635746093.75,39755019531.25,44110714843.75,44863496093.75,50453625000.0,56204390625.0,59886242187.5,62728187500.0,63218062500.0,61380578125.0,63017363281.25,67650093750.0,72744338524.7464,76335710835.4933,80017994485.4757,83863065579.7569,87911085984.9273,92122722938.2602,96459451233.1166,100883411028.8062,105386353886.2822,109966378226.7915,114595566732.6603,119246027418.8139,123889904707.1222,128501888452.9886,133098008193.221,137712022419.8584,142377106858.509,147125808972.1895,151963136755.2366,156884482478.8204,161908126382.7981,167053266070.6463,172340056994.9309,177751868365.8628,183262122482.6259,188877096314.1747,194603470328.0384,200448343896.6513,206420312746.3922,212526462476.3387,218771983624.5079,225162109824.2387,231702116337.0034
"No targets calculated, so the baseline emissions are put in as target pathways for all un/conditional best/worst pathways.
",BOL,baseline_emissions,conditional,worst,KYOTOGHG,IPCM0EL,MtCO2eq,AR4,17.2293,18.1582,19.551,21.5086,23.0389,27.8903,38.8178,50.895,55.7545,53.2913,49.8349,39.7257,36.0016,40.2784,51.6656,57.2577,61.9435,61.7556,64.7567,67.6132,72.3231,74.8494,79.7542,81.9588,84.9771,86.2277,89.5123,91.9917,93.6336,96.0461,98.6255,101.4143,104.3743,107.4479,110.5817,113.726,116.8559,119.9532,122.9819,125.9085,128.7013,131.368,133.9521,136.4764,138.9622,141.4293,143.8758,146.2926,148.6879,151.07,153.4471,155.8353,158.2376,160.644,163.0451,165.4329,167.7994,170.136,172.4343,174.6866,176.8855
"No targets calculated, so the baseline emissions are put in as target pathways for all un/conditional best/worst pathways.
",BOL,baseline_emissions,conditional,best,KYOTOGHG,IPCM0EL,MtCO2eq,AR4,17.2293,18.1582,19.551,21.5086,23.0389,27.8903,38.8178,50.895,55.7545,53.2913,49.8349,39.7257,36.0016,40.2784,51.6656,57.2577,61.9435,61.7556,64.7567,67.6132,72.3231,74.8494,79.7542,81.9588,84.9771,86.2277,89.5123,91.9917,93.6336,96.0461,98.6255,101.4143,104.3743,107.4479,110.5817,113.726,116.8559,119.9532,122.9819,125.9085,128.7013,131.368,133.9521,136.4764,138.9622,141.4293,143.8758,146.2926,148.6879,151.07,153.4471,155.8353,158.2376,160.644,163.0451,165.4329,167.7994,170.136,172.4343,174.6866,176.8855
"No targets calculated, so the baseline emissions are put in as target pathways for all un/conditional best/worst pathways.
",BOL,baseline_emissions,unconditional,worst,KYOTOGHG,IPCM0EL,MtCO2eq,AR4,17.2293,18.1582,19.551,21.5086,23.0389,27.8903,38.8178,50.895,55.7545,53.2913,49.8349,39.7257,36.0016,40.2784,51.6656,57.2577,61.9435,61.7556,64.7567,67.6132,72.3231,74.8494,79.7542,81.9588,84.9771,86.2277,89.5123,91.9917,93.6336,96.0461,98.6255,101.4143,104.3743,107.4479,110.5817,113.726,116.8559,119.9532,122.9819,125.9085,128.7013,131.368,133.9521,136.4764,138.9622,141.4293,143.8758,146.2926,148.6879,151.07,153.4471,155.8353,158.2376,160.644,163.0451,165.4329,167.7994,170.136,172.4343,174.6866,176.8855
"No targets calculated, so the baseline emissions are put in as target pathways for all un/conditional best/worst pathways.
",BOL,baseline_emissions,unconditional,best,KYOTOGHG,IPCM0EL,MtCO2eq,AR4,17.2293,18.1582,19.551,21.5086,23.0389,27.8903,38.8178,50.895,55.7545,53.2913,49.8349,39.7257,36.0016,40.2784,51.6656,57.2577,61.9435,61.7556,64.7567,67.6132,72.3231,74.8494,79.7542,81.9588,84.9771,86.2277,89.5123,91.9917,93.6336,96.0461,98.6255,101.4143,104.3743,107.4479,110.5817,113.726,116.8559,119.9532,122.9819,125.9085,128.7013,131.368,133.9521,136.4764,138.9622,141.4293,143.8758,146.2926,148.6879,151.07,153.4471,155.8353,158.2376,160.644,163.0451,165.4329,167.7994,170.136,172.4343,174.6866,176.8855
,BOL,,emi_bau,emi_bau,KYOTOGHG,IPCM0EL,MtCO2eq,AR4,17.2293,18.1582,19.551,21.5086,23.0389,27.8903,38.8178,50.895,55.7545,53.2913,49.8349,39.7257,36.0016,40.2784,51.6656,57.2577,61.9435,61.7556,64.7567,67.6132,72.3231,74.8494,79.7542,81.9588,84.9771,86.2277,89.5123,91.9917,93.6336,96.0461,98.6255,101.4143,104.3743,107.4479,110.5817,113.726,116.8559,119.9532,122.9819,125.9085,128.7013,131.368,133.9521,136.4764,138.9622,141.4293,143.8758,146.2926,148.6879,151.07,153.4471,155.8353,158.2376,160.644,163.0451,165.4329,167.7994,170.136,172.4343,174.6866,176.8855
,BOL,,emi_cov,emi_cov,KYOTOGHG,IPCM0EL,MtCO2eq,AR4,16.6004514491409,17.399068122208,18.671708516454,20.485925949942402,21.831284884868303,21.570203507738,21.5994545995312,22.740865728750002,22.493000467976,21.6520870026572,21.853671063723098,19.7231650635348,21.949031389152,22.884173644732797,24.156579459891198,25.651639810079402,28.381919767914,26.195214483979203,27.128309921566295,27.885125328650403,30.586394884412698,31.027745130206405,33.943867959300796,33.9099250296576,34.7356689552405,33.9452226158214,35.1875162507586,35.69962691019779,36.4337044588464,37.0524134895407,37.71392568764,38.429140565202395,39.1882613275102,39.9765158630957,40.7802092972085,41.586595606147995,42.3892888858656,43.183621616778,43.9603611372109,44.7109160530275,45.4271568007348,46.11105788683199,46.773775505676596,47.421156780018805,48.058664319236996,48.6913760002119,49.318804786633194,49.938616609364395,50.55291447326141,51.16382728137,51.7734575610266,52.385934636459886,53.0020278120672,53.619172467432,54.23495798429169,54.847332504095995,55.4542443611624,56.05348804488,56.6429094098772,57.2205336284538,57.784463044539
,BOL,,emi_ncov,emi_ncov,KYOTOGHG,IPCM0EL,MtCO2eq,AR4,0.6288485508590995,0.7591318777920009,0.8792914835459998,1.0226740500575977,1.207615115131698,6.3200964922619995,17.2183454004688,28.15413427125,33.261499532024004,31.6392129973428,27.9812289362769,20.002534936465203,14.052568610848002,17.3942263552672,27.5090205401088,31.606060189920598,33.561580232086,35.5603855160208,37.628390078433696,39.7280746713496,41.73670511558729,43.821654869793605,45.81033204069921,48.048874970342396,50.2414310447595,52.2824773841786,54.3247837492414,56.2920730898022,57.1998955411536,58.99368651045929,60.91157431236,62.9851594347976,65.1860386724898,67.47138413690432,69.80149070279151,72.139404393852,74.46661111413441,76.76957838322198,79.0215388627891,81.1975839469725,83.2741431992652,85.256942113168,87.1783244943234,89.0552432199812,90.90353568076299,92.73792399978811,94.5569952133668,96.3539833906356,98.1349855267386,99.90617271862999,101.6736424389734,103.44936536354011,105.2355721879328,107.024827532568,108.8101420157083,110.585567495904,112.34515563883758,114.08251195512,115.79139059012282,117.46606637154619,119.10103695546101
,BOL,,pc_cov,pc_cov,KYOTOGHG,IPCM0EL,MtCO2eq/MtCO2eq,AR4,0.963501213,0.95819344,0.955025754,0.9524527840000001,0.9475836470000001,0.77339446,0.556431704,0.44681925,0.403429328,0.406296844,0.43852141899999997,0.496483764,0.60966822,0.568150017,0.467556352,0.44800332200000004,0.458190444,0.424175532,0.41892668899999996,0.41242132200000003,0.422913217,0.41453565600000003,0.42560602399999997,0.413743552,0.408765055,0.393669582,0.39310258200000003,0.38807443399999997,0.38910929899999996,0.385777387,0.38239528,0.37893216799999996,0.375458914,0.37205488299999995,0.368779005,0.365673598,0.362748384,0.360003915,0.357453911,0.355106415,0.352965796,0.35100677399999997,0.349182846,0.347467817,0.345839835,0.344280683,0.342787354,0.341361194,0.339993466,0.338676291,0.33740264600000003,0.33616218299999995,0.334952172,0.333776378,0.332637767,0.33153824,0.33047939600000004,0.32946283,0.328489804,0.327561093,0.326677218
,BRA,,pop,pop,POP,DEMOGR,Pers,,149003223.0,151648011.0,154259380.0,156849078.0,159432716.0,162019896.0,164614688.0,167209040.0,169785250.0,172318675.0,174790340.0,177196054.0,179537520.0,181809246.0,184006481.0,186127103.0,188167356.0,190130443.0,192030362.0,193886508.0,195713635.0,197514536.0,199287299.0,201035912.0,202763739.0,204471769.0,206163053.0,207833823.0,209944301.135,211870656.6175,213779219.4585,215691256.2139,217623652.1891,219565947.7487,221507667.0097,223438319.0273,225345993.8366,227219089.1417,229047541.3556,230821253.9276,232530095.8092,234185738.8535,235806561.952,237392485.9137,238943454.81,240459435.6564,241944328.9041,243401895.3536,244831923.6883,246234220.8651,247608611.9415,248962058.058,250297418.7096,251608385.0728,252888654.3875,254131929.6405,255338488.263,256509967.1505,257642064.4556,258730413.7644,259770583.4158
,BRA,,gdp,gdp,GDPPPP,ECO,2011GKD,,838785500000.0,916283250000.0,948072375000.0,1019239875000.0,1140545500000.0,1324446250000.0,1572550250000.0,1541034500000.0,1482561000000.0,1429172750000.0,1457373000000.0,1457239750000.0,1486904875000.0,1492127875000.0,1578817125000.0,1643195500000.0,1786441250000.0,1983453000000.0,2212157750000.0,2301531000000.0,2672549750000.0,2984256750000.0,3013859000000.0,3088779750000.0,3090469750000.0,2956147250000.0,2877495750000.0,2927050250000.0,3334188293144.958,3460727193534.922,3578893789619.253,3691322844776.073,3803272769634.435,3913485816404.772,4020697745857.596,4123633048039.472,4222173824280.0337,4316546461446.0864,4405980014270.958,4489702975142.16,4566943126123.449,4637947513884.894,4703982673212.366,4765813159479.28,4824214847736.089,4879974926306.548,4933649214010.895,4985389999674.236,5035376809216.146,5083774908402.203,5130734753211.945,5176015900188.813,5219202501019.752,5260165512959.191,5298769546834.252,5334872723846.508,5368560231194.5,5400390810910.153,5430927645353.104,5460733832293.054,5490372632042.701
"The target value from 'unconditional_best' was used for 'conditional_worst' in 2025, 2030.
The target value from 'unconditional_best' was used for 'conditional_best' in 2025, 2030.
",BRA,ABS,conditional,worst,KYOTOGHG,IPCM0EL,MtCO2eq,AR4,609.0778,633.7114,643.4618,657.4176,677.7683,704.2104,711.1596,738.4007,757.0196,775.3815,805.4803,823.2369,841.4680000000003,867.8152,903.1933,920.1377,925.7024,929.8725,959.0568,945.1708,1009.0299,1045.8348,1075.3144,1120.1361,1148.9333,1132.0831,1107.2593,1119.5129,1239.7398,1269.8402,1297.8434,1243.3129688904187,1185.4332536020727,1123.917538521628,1058.5707955418227,989.2878333333334,972.9431413482748,954.8313576024673,934.8815847711924,913.0436545974711,889.2878333333333,897.9139995208111,905.8054717863135,913.0662817162212,919.8023852480071,926.1216043565688,932.0793953415968,937.6610631583779,942.8693485493787,947.7054177879891,952.1684544828358,956.2606745533602,959.9748471045444,963.2941194859043,966.1998896368707,968.6723892234847,970.7200154141537,972.4329211419179,973.9114059183097,975.2540198447767,976.5577968673598
,BRA,ABS,conditional,best,KYOTOGHG,IPCM0EL,MtCO2eq,AR4,609.0778,633.7114,643.4618,657.4176,677.7683,704.2104,711.1596,738.4007,757.0196,775.3815,805.4803,823.2369,841.4680000000003,867.8152,903.1933,920.1377,925.7024,929.8725,959.0568,945.1708,1009.0299,1045.8348,1075.3144,1120.1361,1148.9333,1132.0831,1107.2593,1119.5129,1239.7398,1269.8402,1297.8434,1243.3129688904187,1185.4332536020727,1123.917538521628,1058.5707955418227,989.2878333333334,972.9431413482748,954.8313576024673,934.8815847711924,913.0436545974711,889.2878333333333,897.9139995208111,905.8054717863135,913.0662817162212,919.8023852480071,926.1216043565688,932.0793953415968,937.6610631583779,942.8693485493787,947.7054177879891,952.1684544828358,956.2606745533602,959.9748471045444,963.2941194859043,966.1998896368707,968.6723892234847,970.7200154141537,972.4329211419179,973.9114059183097,975.2540198447767,976.5577968673598
"The target value from 'unconditional_best' was used for 'unconditional_worst' in 2025, 2030.
",BRA,ABS,unconditional,worst,KYOTOGHG,IPCM0EL,MtCO2eq,AR4,609.0778,633.7114,643.4618,657.4176,677.7683,704.2104,711.1596,738.4007,757.0196,775.3815,805.4803,823.2369,841.4680000000003,867.8152,903.1933,920.1377,925.7024,929.8725,959.0568,945.1708,1009.0299,1045.8348,1075.3144,1120.1361,1148.9333,1132.0831,1107.2593,1119.5129,1239.7398,1269.8402,1297.8434,1243.3129688904187,1185.4332536020727,1123.917538521628,1058.5707955418227,989.2878333333334,972.9431413482748,954.8313576024673,934.8815847711924,913.0436545974711,889.2878333333333,897.9139995208111,905.8054717863135,913.0662817162212,919.8023852480071,926.1216043565688,932.0793953415968,937.6610631583779,942.8693485493787,947.7054177879891,952.1684544828358,956.2606745533602,959.9748471045444,963.2941194859043,966.1998896368707,968.6723892234847,970.7200154141537,972.4329211419179,973.9114059183097,975.2540198447767,976.5577968673598
,BRA,ABS,unconditional,best,KYOTOGHG,IPCM0EL,MtCO2eq,AR4,609.0778,633.7114,643.4618,657.4176,677.7683,704.2104,711.1596,738.4007,757.0196,775.3815,805.4803,823.2369,841.4680000000003,867.8152,903.1933,920.1377,925.7024,929.8725,959.0568,945.1708,1009.0299,1045.8348,1075.3144,1120.1361,1148.9333,1132.0831,1107.2593,1119.5129,1239.7398,1269.8402,1297.8434,1243.3129688904187,1185.4332536020727,1123.917538521628,1058.5707955418227,989.2878333333334,972.9431413482748,954.8313576024673,934.8815847711924,913.0436545974711,889.2878333333333,897.9139995208111,905.8054717863135,913.0662817162212,919.8023852480071,926.1216043565688,932.0793953415968,937.6610631583779,942.8693485493787,947.7054177879891,952.1684544828358,956.2606745533602,959.9748471045444,963.2941194859043,966.1998896368707,968.6723892234847,970.7200154141537,972.4329211419179,973.9114059183097,975.2540198447767,976.5577968673598
"The target value from 'unconditional_best' was used for 'conditional_worst' in 2025, 2030.
The target value from 'unconditional_best' was used for 'conditional_best' in 2025, 2030.
",BRA,RBY,conditional,worst,KYOTOGHG,IPCM0EL,MtCO2eq,AR4,609.0778,633.7114,643.4618,657.4176,677.7683,704.2104,711.1596,738.4007,757.0196,775.3815,805.4803,823.2369,841.4680000000003,867.8152,903.1933,920.1377,925.7024,929.8725,959.0568,945.1708,1009.0299,1045.8348,1075.3144,1120.1361,1148.9333,1132.0831,1107.2593,1119.5129,1239.7398,1269.8402,1297.8434,1247.5855302273615,1194.1491941831077,1137.2430153665864,1076.6624593701806,1012.2879331485804,991.0655120192147,967.9016001197683,942.7368331697631,915.5360150221292,886.2878333333337,894.8848992704848,902.7497497652746,909.9860654549899,916.6994448362389,922.9973461480029,928.9350386089252,934.4978767478196,939.6885920612962,944.508346888338,948.956327591657,953.0347426153209,956.7363854576348,960.0444603202939,962.9404278965189,965.4045865405475,967.4453050930572,969.1524323574367,970.6259294862268,971.9640141234937,973.2633928726257
,BRA,RBY,conditional,best,KYOTOGHG,IPCM0EL,MtCO2eq,AR4,609.0778,633.7114,643.4618,657.4176,677.7683,704.2104,711.1596,738.4007,757.0196,775.3815,805.4803,823.2369,841.4680000000003,867.8152,903.1933,920.1377,925.7024,929.8725,959.0568,945.1708,1009.0299,1045.8348,1075.3144,1120.1361,1148.9333,1132.0831,1107.2593,1119.5129,1239.7398,1269.8402,1297.8434,1247.5855302273615,1194.1491941831077,1137.2430153665864,1076.6624593701806,1012.2879331485804,991.0655120192147,967.9016001197683,942.7368331697631,915.5360150221292,886.2878333333337,894.8848992704848,902.7497497652746,909.9860654549899,916.6994448362389,922.9973461480029,928.9350386089252,934.4978767478196,939.6885920612962,944.508346888338,948.956327591657,953.0347426153209,956.7363854576348,960.0444603202939,962.9404278965189,965.4045865405475,967.4453050930572,969.1524323574367,970.6259294862268,971.9640141234937,973.2633928726257
"The target value from 'unconditional_best' was used for 'unconditional_worst' in 2025, 2030.
",BRA,RBY,unconditional,worst,KYOTOGHG,IPCM0EL,MtCO2eq,AR4,609.0778,633.7114,643.4618,657.4176,677.7683,704.2104,711.1596,738.4007,757.0196,775.3815,805.4803,823.2369,841.4680000000003,867.8152,903.1933,920.1377,925.7024,929.8725,959.0568,945.1708,1009.0299,1045.8348,1075.3144,1120.1361,1148.9333,1132.0831,1107.2593,1119.5129,1239.7398,1269.8402,1297.8434,1247.5855302273615,1194.1491941831077,1137.2430153665864,1076.6624593701806,1012.2879331485804,991.0655120192147,967.9016001197683,942.7368331697631,915.5360150221292,886.2878333333337,894.8848992704848,902.7497497652746,909.9860654549899,916.6994448362389,922.9973461480029,928.9350386089252,934.4978767478196,939.6885920612962,944.508346888338,948.956327591657,953.0347426153209,956.7363854576348,960.0444603202939,962.9404278965189,965.4045865405475,967.4453050930572,969.1524323574367,970.6259294862268,971.9640141234937,973.2633928726257
,BRA,RBY,unconditional,best,KYOTOGHG,IPCM0EL,MtCO2eq,AR4,609.0778,633.7114,643.4618,657.4176,677.7683,704.2104,711.1596,738.4007,757.0196,775.3815,805.4803,823.2369,841.4680000000003,867.8152,903.1933,920.1377,925.7024,929.8725,959.0568,945.1708,1009.0299,1045.8348,1075.3144,1120.1361,1148.9333,1132.0831,1107.2593,1119.5129,1239.7398,1269.8402,1297.8434,1247.5855302273615,1194.1491941831077,1137.2430153665864,1076.6624593701806,1012.2879331485804,991.0655120192147,967.9016001197683,942.7368331697631,915.5360150221292,886.2878333333337,894.8848992704848,902.7497497652746,909.9860654549899,916.6994448362389,922.9973461480029,928.9350386089252,934.4978767478196,939.6885920612962,944.508346888338,948.956327591657,953.0347426153209,956.7363854576348,960.0444603202939,962.9404278965189,965.4045865405475,967.4453050930572,969.1524323574367,970.6259294862268,971.9640141234937,973.2633928726257
"No targets calculated, so the baseline emissions are put in as target pathways for all un/conditional best/worst pathways.
",BRA,baseline_emissions,conditional,worst,KYOTOGHG,IPCM0EL,MtCO2eq,AR4,609.0778,633.7114,643.4618,657.4176,677.7683,704.2104,711.1596,738.4007,757.0196,775.3815,805.4803,823.2369,841.4680000000003,867.8152,903.1933,920.1377,925.7024,929.8725,959.0568,945.1708,1009.0299,1045.8348,1075.3144,1120.1361,1148.9333,1132.0831,1107.2593,1119.5129,1239.7398,1269.8402,1297.8434,1324.4252,1350.9006,1376.8944,1402.0311,1425.9321,1448.578,1470.0464,1490.0997,1508.4998,1525.0075,1539.8002,1553.3329999999999,1565.7843,1577.3358,1588.1724,1598.3892,1607.961,1616.8925,1625.1857,1632.8392,1639.8568,1646.2261,1651.9182,1656.9012,1661.1412,1664.6526,1667.59,1670.1254,1672.4278,1674.6636
"No targets calculated, so the baseline emissions are put in as target pathways for all un/conditional best/worst pathways.
",BRA,baseline_emissions,conditional,best,KYOTOGHG,IPCM0EL,MtCO2eq,AR4,609.0778,633.7114,643.4618,657.4176,677.7683,704.2104,711.1596,738.4007,757.0196,775.3815,805.4803,823.2369,841.4680000000003,867.8152,903.1933,920.1377,925.7024,929.8725,959.0568,945.1708,1009.0299,1045.8348,1075.3144,1120.1361,1148.9333,1132.0831,1107.2593,1119.5129,1239.7398,1269.8402,1297.8434,1324.4252,1350.9006,1376.8944,1402.0311,1425.9321,1448.578,1470.0464,1490.0997,1508.4998,1525.0075,1539.8002,1553.3329999999999,1565.7843,1577.3358,1588.1724,1598.3892,1607.961,1616.8925,1625.1857,1632.8392,1639.8568,1646.2261,1651.9182,1656.9012,1661.1412,1664.6526,1667.59,1670.1254,1672.4278,1674.6636
"No targets calculated, so the baseline emissions are put in as target pathways for all un/conditional best/worst pathways.
",BRA,baseline_emissions,unconditional,worst,KYOTOGHG,IPCM0EL,MtCO2eq,AR4,609.0778,633.7114,643.4618,657.4176,677.7683,704.2104,711.1596,738.4007,757.0196,775.3815,805.4803,823.2369,841.4680000000003,867.8152,903.1933,920.1377,925.7024,929.8725,959.0568,945.1708,1009.0299,1045.8348,1075.3144,1120.1361,1148.9333,1132.0831,1107.2593,1119.5129,1239.7398,1269.8402,1297.8434,1324.4252,1350.9006,1376.8944,1402.0311,1425.9321,1448.578,1470.0464,1490.0997,1508.4998,1525.0075,1539.8002,1553.3329999999999,1565.7843,1577.3358,1588.1724,1598.3892,1607.961,1616.8925,1625.1857,1632.8392,1639.8568,1646.2261,1651.9182,1656.9012,1661.1412,1664.6526,1667.59,1670.1254,1672.4278,1674.6636
"No targets calculated, so the baseline emissions are put in as target pathways for all un/conditional best/worst pathways.
",BRA,baseline_emissions,unconditional,best,KYOTOGHG,IPCM0EL,MtCO2eq,AR4,609.0778,633.7114,643.4618,657.4176,677.7683,704.2104,711.1596,738.4007,757.0196,775.3815,805.4803,823.2369,841.4680000000003,867.8152,903.1933,920.1377,925.7024,929.8725,959.0568,945.1708,1009.0299,1045.8348,1075.3144,1120.1361,1148.9333,1132.0831,1107.2593,1119.5129,1239.7398,1269.8402,1297.8434,1324.4252,1350.9006,1376.8944,1402.0311,1425.9321,1448.578,1470.0464,1490.0997,1508.4998,1525.0075,1539.8002,1553.3329999999999,1565.7843,1577.3358,1588.1724,1598.3892,1607.961,1616.8925,1625.1857,1632.8392,1639.8568,1646.2261,1651.9182,1656.9012,1661.1412,1664.6526,1667.59,1670.1254,1672.4278,1674.6636
,BRA,,emi_bau,emi_bau,KYOTOGHG,IPCM0EL,MtCO2eq,AR4,609.0778,633.7114,643.4618,657.4176,677.7683,704.2104,711.1596,738.4007,757.0196,775.3815,805.4803,823.2369,841.4680000000003,867.8152,903.1933,920.1377,925.7024,929.8725,959.0568,945.1708,1009.0299,1045.8348,1075.3144,1120.1361,1148.9333,1132.0831,1107.2593,1119.5129,1239.7398,1269.8402,1297.8434,1324.4252,1350.9006,1376.8944,1402.0311,1425.9321,1448.578,1470.0464,1490.0997,1508.4998,1525.0075,1539.8002,1553.3329999999999,1565.7843,1577.3358,1588.1724,1598.3892,1607.961,1616.8925,1625.1857,1632.8392,1639.8568,1646.2261,1651.9182,1656.9012,1661.1412,1664.6526,1667.59,1670.1254,1672.4278,1674.6636
,BRA,,emi_cov,emi_cov,KYOTOGHG,IPCM0EL,MtCO2eq,AR4,609.0778,633.7114,643.4618,657.4176,677.7683,704.2104,711.1596,738.4007,757.0196,775.3815,805.4803,823.2369,841.4680000000003,867.8152,903.1933,920.1377,925.7024,929.8725,959.0568,945.1708,1009.0299,1045.8348,1075.3144,1120.1361,1148.9333,1132.0831,1107.2593,1119.5129,1239.7398,1269.8402,1297.8434,1324.4252,1350.9005000333555,1376.8944,1402.0310004557919,1425.932000184753,1448.578,1470.0463000368447,1490.0997,1508.4998,1525.0075,1539.8002,1553.3329999999999,1565.7843,1577.3358,1588.1724,1598.3892,1607.961,1616.8925,1625.1857,1632.8392,1639.8568,1646.2261,1651.9182,1656.9012,1661.1412,1664.652500120844,1667.59,1670.125299792476,1672.4278,1674.6636
,BRA,,emi_ncov,emi_ncov,KYOTOGHG,IPCM0EL,MtCO2eq,AR4,0.0,0.0,0.0,0.0,0.0,0.0,0.0,0.0,0.0,0.0,0.0,0.0,0.0,0.0,0.0,0.0,0.0,0.0,0.0,0.0,0.0,0.0,0.0,0.0,0.0,0.0,0.0,0.0,0.0,0.0,0.0,0.0,9.996664442237202e-05,0.0,9.95442080865185e-05,9.981524702661679e-05,0.0,9.996315514738381e-05,0.0,0.0,0.0,0.0,0.0,0.0,0.0,0.0,0.0,0.0,0.0,0.0,0.0,0.0,0.0,0.0,0.0,0.0,9.987915594742801e-05,0.0,0.00010020752394725518,0.0,0.0
,BRA,,pc_cov,pc_cov,KYOTOGHG,IPCM0EL,MtCO2eq/MtCO2eq,AR4,1.0,1.0,1.0,1.0,1.0,1.0,1.0,1.0,1.0,1.0,1.0,1.0,1.0,1.0,1.0,1.0,1.0,1.0,1.0,1.0,1.0,1.0,1.0,1.0,1.0,1.0,1.0,1.0,1.0,1.0,1.0,1.0,0.999999926,1.0,0.999999929,0.99999993,1.0,0.999999932,1.0,1.0,1.0,1.0,1.0,1.0,1.0,1.0,1.0,1.0,1.0,1.0,1.0,1.0,1.0,1.0,1.0,1.0,0.99999994,1.0,0.99999994,1.0,1.0
,BRB,,pop,pop,POP,DEMOGR,Pers,,260936.0,261905.0,262886.0,263874.0,264893.0,265955.0,267049.0,268187.0,269336.0,270451.0,271515.0,272500.0,273425.0,274329.0,275284.0,276323.0,277477.0,278700.0,279946.0,281104.0,282131.0,282987.0,283701.0,284296.0,284826.0,285324.0,285796.0,286232.0,287591.1094,288314.3319,289001.7099,289689.9194,290405.8326,291125.284,291824.0396,292477.7871,293103.1453,293704.2973,294238.0124,294660.811,294928.9807,295079.052,295182.2468,295246.8211,295281.1631,295293.7905,295204.1974,294958.0754,294603.4958,294188.7581,293762.3987,293295.4176,292743.697,292133.3986,291490.8522,290842.557,290166.9006,289438.6262,288678.775,287908.2301,287147.72
,BRB,,gdp,gdp,GDPPPP,ECO,2011GKD,,4034069824.2188,4280905761.7188,4284547851.5625,4476351074.2188,4725658691.4063,4888077148.4375,5512674316.4063,5740505859.375,5627378417.9688,5762619628.9063,5830501953.125,5417972656.25,5259875000.0,5233551757.8125,5406013183.5938,5659952148.4375,5304615234.375,5727825195.3125,5504844726.5625,4998843261.7188,4738235351.5625,4541323242.1875,4393804687.5,4205116210.9375,4094938476.5625,4152214843.75,4147452636.7188,3966375000.0,3823953198.5894,3893202714.3034,3955317146.3525,4012201720.9975,4068708951.5689,4124758216.0857,4180253149.3694,4235086022.8526,4288501635.036,4339540578.7139,4387780208.577,4432794702.4526,4474155298.5813,4512297624.0709,4547906831.3987,4580939715.2258,4611370010.7777,4639187985.8173,4664528780.7139,4688083748.1153,4710671569.6946,4733087381.2829,4756104605.0595,4779477847.3264,4802209799.1322,4823923917.2737,4844234702.8806,4862748185.1524,4879729717.6098,4895819159.0626,4911177758.426,4925966450.5086,4940345881.776
"The target value from 'conditional_best' was used for 'conditional_worst' in 2025, 2030.
",BRB,ABS,conditional,worst,KYOTOGHG,IPCM0EL,MtCO2eq,AR4,1.2829,1.4169999999999998,1.1896,1.3154,0.9531700000000001,1.0354,1.0599,1.1046,1.3472,1.4163,1.3975,1.419,1.4095,1.4457,1.4792,1.5219,1.5333,1.5562,1.8048,1.794,1.6532,1.7207,1.6669,1.6408,1.4591,1.4880000000000002,1.5243,1.5215,1.50905,1.4966,1.48415,1.2969052211829242,1.1126178317743864,0.9312878317743863,0.7529152211829242,0.5774999999999999,0.5357791558897681,0.49351873383465217,0.4507187338346523,0.40737915588976814,0.36349999999999993,0.3649643247303017,0.36630455414447627,0.3675206882425235,0.36861272702444353,0.3695062133005598,0.3702756042605489,0.37089608084118525,0.37144210023214524,0.37196330055987975,0.37253413901406524,0.3731049774682507,0.3736261777959852,0.37409773999726886,0.37447002594565065,0.3747678547043561,0.3749664072101597,0.37514014065273793,0.3753138740953161,0.3755124266011198,0.37571097910692336
,BRB,ABS,conditional,best,KYOTOGHG,IPCM0EL,MtCO2eq,AR4,1.2829,1.4169999999999998,1.1896,1.3154,0.9531700000000001,1.0354,1.0599,1.1046,1.3472,1.4163,1.3975,1.419,1.4095,1.4457,1.4792,1.5219,1.5333,1.5562,1.8048,1.794,1.6532,1.7207,1.6669,1.6408,1.4591,1.4880000000000002,1.5243,1.5215,1.50905,1.4966,1.48415,1.2969052211829242,1.1126178317743864,0.9312878317743863,0.7529152211829242,0.5774999999999999,0.5357791558897681,0.49351873383465217,0.4507187338346523,0.40737915588976814,0.36349999999999993,0.3649643247303017,0.36630455414447627,0.3675206882425235,0.36861272702444353,0.3695062133005598,0.3702756042605489,0.37089608084118525,0.37144210023214524,0.37196330055987975,0.37253413901406524,0.3731049774682507,0.3736261777959852,0.37409773999726886,0.37447002594565065,0.3747678547043561,0.3749664072101597,0.37514014065273793,0.3753138740953161,0.3755124266011198,0.37571097910692336
,BRB,ABS,unconditional,worst,KYOTOGHG,IPCM0EL,MtCO2eq,AR4,1.2829,1.4169999999999998,1.1896,1.3154,0.9531700000000001,1.0354,1.0599,1.1046,1.3472,1.4163,1.3975,1.419,1.4095,1.4457,1.4792,1.5219,1.5333,1.5562,1.8048,1.794,1.6532,1.7207,1.6669,1.6408,1.4591,1.4880000000000002,1.5243,1.5215,1.50905,1.4966,1.48415,1.4717,1.45925,1.4468,1.43435,1.4219,1.43044,1.43898,1.4475200000000001,1.4560600000000001,1.4646,1.4705,1.4759,1.4808,1.4852,1.4888,1.4919,1.4944,1.4966,1.4987,1.501,1.5033,1.5054,1.5073,1.5088,1.51,1.5108,1.5115,1.5122,1.5130000000000001,1.5138
,BRB,ABS,unconditional,best,KYOTOGHG,IPCM0EL,MtCO2eq,AR4,1.2829,1.4169999999999998,1.1896,1.3154,0.9531700000000001,1.0354,1.0599,1.1046,1.3472,1.4163,1.3975,1.419,1.4095,1.4457,1.4792,1.5219,1.5333,1.5562,1.8048,1.794,1.6532,1.7207,1.6669,1.6408,1.4591,1.4880000000000002,1.5243,1.5215,1.50905,1.4966,1.48415,1.4717,1.45925,1.4468,1.43435,1.4219,1.43044,1.43898,1.4475200000000001,1.4560600000000001,1.4646,1.4705,1.4759,1.4808,1.4852,1.4888,1.4919,1.4944,1.4966,1.4987,1.501,1.5033,1.5054,1.5073,1.5088,1.51,1.5108,1.5115,1.5122,1.5130000000000001,1.5138
"The target value from 'conditional_best' was used for 'conditional_worst' in 2025, 2030.
",BRB,ABU,conditional,worst,KYOTOGHG,IPCM0EL,MtCO2eq,AR4,1.2829,1.4169999999999998,1.1896,1.3154,0.9531700000000001,1.0354,1.0599,1.1046,1.3472,1.4163,1.3975,1.419,1.4095,1.4457,1.4792,1.5219,1.5333,1.5562,1.8048,1.794,1.6532,1.7207,1.6669,1.6408,1.4591,1.4880000000000002,1.5243,1.5215,1.50905,1.4966,1.48415,1.2969052211829242,1.1126178317743864,0.9312878317743863,0.7529152211829242,0.5774999999999999,0.5357791558897681,0.49351873383465217,0.4507187338346523,0.40737915588976814,0.36349999999999993,0.3649643247303017,0.36630455414447627,0.3675206882425235,0.36861272702444353,0.3695062133005598,0.3702756042605489,0.37089608084118525,0.37144210023214524,0.37196330055987975,0.37253413901406524,0.3731049774682507,0.3736261777959852,0.37409773999726886,0.37447002594565065,0.3747678547043561,0.3749664072101597,0.37514014065273793,0.3753138740953161,0.3755124266011198,0.37571097910692336
,BRB,ABU,conditional,best,KYOTOGHG,IPCM0EL,MtCO2eq,AR4,1.2829,1.4169999999999998,1.1896,1.3154,0.9531700000000001,1.0354,1.0599,1.1046,1.3472,1.4163,1.3975,1.419,1.4095,1.4457,1.4792,1.5219,1.5333,1.5562,1.8048,1.794,1.6532,1.7207,1.6669,1.6408,1.4591,1.4880000000000002,1.5243,1.5215,1.50905,1.4966,1.48415,1.2969052211829242,1.1126178317743864,0.9312878317743863,0.7529152211829242,0.5774999999999999,0.5357791558897681,0.49351873383465217,0.4507187338346523,0.40737915588976814,0.36349999999999993,0.3649643247303017,0.36630455414447627,0.3675206882425235,0.36861272702444353,0.3695062133005598,0.3702756042605489,0.37089608084118525,0.37144210023214524,0.37196330055987975,0.37253413901406524,0.3731049774682507,0.3736261777959852,0.37409773999726886,0.37447002594565065,0.3747678547043561,0.3749664072101597,0.37514014065273793,0.3753138740953161,0.3755124266011198,0.37571097910692336
,BRB,ABU,unconditional,worst,KYOTOGHG,IPCM0EL,MtCO2eq,AR4,1.2829,1.4169999999999998,1.1896,1.3154,0.9531700000000001,1.0354,1.0599,1.1046,1.3472,1.4163,1.3975,1.419,1.4095,1.4457,1.4792,1.5219,1.5333,1.5562,1.8048,1.794,1.6532,1.7207,1.6669,1.6408,1.4591,1.4880000000000002,1.5243,1.5215,1.50905,1.4966,1.48415,1.4717,1.45925,1.4468,1.43435,1.4219,1.43044,1.43898,1.4475200000000001,1.4560600000000001,1.4646,1.4705,1.4759,1.4808,1.4852,1.4888,1.4919,1.4944,1.4966,1.4987,1.501,1.5033,1.5054,1.5073,1.5088,1.51,1.5108,1.5115,1.5122,1.5130000000000001,1.5138
,BRB,ABU,unconditional,best,KYOTOGHG,IPCM0EL,MtCO2eq,AR4,1.2829,1.4169999999999998,1.1896,1.3154,0.9531700000000001,1.0354,1.0599,1.1046,1.3472,1.4163,1.3975,1.419,1.4095,1.4457,1.4792,1.5219,1.5333,1.5562,1.8048,1.794,1.6532,1.7207,1.6669,1.6408,1.4591,1.4880000000000002,1.5243,1.5215,1.50905,1.4966,1.48415,1.4717,1.45925,1.4468,1.43435,1.4219,1.43044,1.43898,1.4475200000000001,1.4560600000000001,1.4646,1.4705,1.4759,1.4808,1.4852,1.4888,1.4919,1.4944,1.4966,1.4987,1.501,1.5033,1.5054,1.5073,1.5088,1.51,1.5108,1.5115,1.5122,1.5130000000000001,1.5138
"The target value from 'conditional_best' was used for 'conditional_worst' in 2030.
",BRB,AEI,conditional,worst,KYOTOGHG,IPCM0EL,MtCO2eq,AR4,1.2829,1.4169999999999998,1.1896,1.3154,0.9531700000000001,1.0354,1.0599,1.1046,1.3472,1.4163,1.3975,1.419,1.4095,1.4457,1.4792,1.5219,1.5333,1.5562,1.8048,1.794,1.6532,1.7207,1.6669,1.6408,1.4591,1.4880000000000002,1.5243,1.5215,1.50905,1.4966,1.48415,1.3624890385294082,1.2426758401495397,1.124710404860395,1.0085927326619735,0.8943228235542755,0.7935450034953045,0.6914997218463914,0.5881869786075364,0.48360677377873923,0.37775910735999996,0.3792808735305749,0.3806736764663553,0.38193751616734123,0.3830723926335327,0.38400092792405294,0.3848004999797788,0.38544531615375116,0.3860127543868469,0.3865543999729837,0.3871476308530383,0.38774086173309297,0.3882825073192298,0.38877256761144885,0.3891594573158323,0.38946896907933903,0.3896753102550102,0.38985585878372253,0.3900364073124348,0.390242748488106,0.3904490896637771
,BRB,AEI,conditional,best,KYOTOGHG,IPCM0EL,MtCO2eq,AR4,1.2829,1.4169999999999998,1.1896,1.3154,0.9531700000000001,1.0354,1.0599,1.1046,1.3472,1.4163,1.3975,1.419,1.4095,1.4457,1.4792,1.5219,1.5333,1.5562,1.8048,1.794,1.6532,1.7207,1.6669,1.6408,1.4591,1.4880000000000002,1.5243,1.5215,1.50905,1.4966,1.48415,1.3624890385294082,1.2426758401495397,1.124710404860395,1.0085927326619735,0.8943228235542755,0.7935450034953045,0.6914997218463914,0.5881869786075364,0.48360677377873923,0.37775910735999996,0.3792808735305749,0.3806736764663553,0.38193751616734123,0.3830723926335327,0.38400092792405294,0.3848004999797788,0.38544531615375116,0.3860127543868469,0.3865543999729837,0.3871476308530383,0.38774086173309297,0.3882825073192298,0.38877256761144885,0.3891594573158323,0.38946896907933903,0.3896753102550102,0.38985585878372253,0.3900364073124348,0.390242748488106,0.3904490896637771
,BRB,AEI,unconditional,worst,KYOTOGHG,IPCM0EL,MtCO2eq,AR4,1.2829,1.4169999999999998,1.1896,1.3154,0.9531700000000001,1.0354,1.0599,1.1046,1.3472,1.4163,1.3975,1.419,1.4095,1.4457,1.4792,1.5219,1.5333,1.5562,1.8048,1.794,1.6532,1.7207,1.6669,1.6408,1.4591,1.4880000000000002,1.5243,1.5215,1.50905,1.4966,1.48415,1.4717,1.45925,1.4468,1.43435,1.4219,1.43044,1.43898,1.4475200000000001,1.4560600000000001,1.4646,1.4705,1.4759,1.4808,1.4852,1.4888,1.4919,1.4944,1.4966,1.4987,1.501,1.5033,1.5054,1.5073,1.5088,1.51,1.5108,1.5115,1.5122,1.5130000000000001,1.5138
,BRB,AEI,unconditional,best,KYOTOGHG,IPCM0EL,MtCO2eq,AR4,1.2829,1.4169999999999998,1.1896,1.3154,0.9531700000000001,1.0354,1.0599,1.1046,1.3472,1.4163,1.3975,1.419,1.4095,1.4457,1.4792,1.5219,1.5333,1.5562,1.8048,1.794,1.6532,1.7207,1.6669,1.6408,1.4591,1.4880000000000002,1.5243,1.5215,1.50905,1.4966,1.48415,1.4717,1.45925,1.4468,1.43435,1.4219,1.43044,1.43898,1.4475200000000001,1.4560600000000001,1.4646,1.4705,1.4759,1.4808,1.4852,1.4888,1.4919,1.4944,1.4966,1.4987,1.501,1.5033,1.5054,1.5073,1.5088,1.51,1.5108,1.5115,1.5122,1.5130000000000001,1.5138
"The target value from 'conditional_best' was used for 'conditional_worst' in 2025, 2030.
",BRB,RBU,conditional,worst,KYOTOGHG,IPCM0EL,MtCO2eq,AR4,1.2829,1.4169999999999998,1.1896,1.3154,0.9531700000000001,1.0354,1.0599,1.1046,1.3472,1.4163,1.3975,1.419,1.4095,1.4457,1.4792,1.5219,1.5333,1.5562,1.8048,1.794,1.6532,1.7207,1.6669,1.6408,1.4591,1.4880000000000002,1.5243,1.5215,1.50905,1.4966,1.48415,1.2969051570636838,1.1126177046207524,0.9312876426712056,0.7529149712150435,0.577499690252266,0.5357798520783591,0.4935204479930454,0.45072147799632517,0.40738294208819814,0.36350484026866425,0.3649691844975221,0.3663094317578326,0.36752558204959584,0.36861763537281184,0.3695111335463521,0.37028053475134526,0.37090101959408156,0.3714470462556896,0.3719682535235881,0.3725390995789055,0.373109945634223,0.37363115290212157,0.3741027213826012,0.374475012288243,0.37477284501275643,0.374971400162432,0.37514513591839826,0.3753188716743644,0.3755174268240401,0.3757159819737157
,BRB,RBU,conditional,best,KYOTOGHG,IPCM0EL,MtCO2eq,AR4,1.2829,1.4169999999999998,1.1896,1.3154,0.9531700000000001,1.0354,1.0599,1.1046,1.3472,1.4163,1.3975,1.419,1.4095,1.4457,1.4792,1.5219,1.5333,1.5562,1.8048,1.794,1.6532,1.7207,1.6669,1.6408,1.4591,1.4880000000000002,1.5243,1.5215,1.50905,1.4966,1.48415,1.2969051570636838,1.1126177046207524,0.9312876426712056,0.7529149712150435,0.577499690252266,0.5357798520783591,0.4935204479930454,0.45072147799632517,0.40738294208819814,0.36350484026866425,0.3649691844975221,0.3663094317578326,0.36752558204959584,0.36861763537281184,0.3695111335463521,0.37028053475134526,0.37090101959408156,0.3714470462556896,0.3719682535235881,0.3725390995789055,0.373109945634223,0.37363115290212157,0.3741027213826012,0.374475012288243,0.37477284501275643,0.374971400162432,0.37514513591839826,0.3753188716743644,0.3755174268240401,0.3757159819737157
,BRB,RBU,unconditional,worst,KYOTOGHG,IPCM0EL,MtCO2eq,AR4,1.2829,1.4169999999999998,1.1896,1.3154,0.9531700000000001,1.0354,1.0599,1.1046,1.3472,1.4163,1.3975,1.419,1.4095,1.4457,1.4792,1.5219,1.5333,1.5562,1.8048,1.794,1.6532,1.7207,1.6669,1.6408,1.4591,1.4880000000000002,1.5243,1.5215,1.50905,1.4966,1.48415,1.4717,1.45925,1.4468,1.43435,1.4219,1.43044,1.43898,1.4475200000000001,1.4560600000000001,1.4646,1.4705,1.4759,1.4808,1.4852,1.4888,1.4919,1.4944,1.4966,1.4987,1.501,1.5033,1.5054,1.5073,1.5088,1.51,1.5108,1.5115,1.5122,1.5130000000000001,1.5138
,BRB,RBU,unconditional,best,KYOTOGHG,IPCM0EL,MtCO2eq,AR4,1.2829,1.4169999999999998,1.1896,1.3154,0.9531700000000001,1.0354,1.0599,1.1046,1.3472,1.4163,1.3975,1.419,1.4095,1.4457,1.4792,1.5219,1.5333,1.5562,1.8048,1.794,1.6532,1.7207,1.6669,1.6408,1.4591,1.4880000000000002,1.5243,1.5215,1.50905,1.4966,1.48415,1.4717,1.45925,1.4468,1.43435,1.4219,1.43044,1.43898,1.4475200000000001,1.4560600000000001,1.4646,1.4705,1.4759,1.4808,1.4852,1.4888,1.4919,1.4944,1.4966,1.4987,1.501,1.5033,1.5054,1.5073,1.5088,1.51,1.5108,1.5115,1.5122,1.5130000000000001,1.5138
"The target value from 'conditional_best' was used for 'conditional_worst' in 2025, 2030.
",BRB,RBY,conditional,worst,KYOTOGHG,IPCM0EL,MtCO2eq,AR4,1.2829,1.4169999999999998,1.1896,1.3154,0.9531700000000001,1.0354,1.0599,1.1046,1.3472,1.4163,1.3975,1.419,1.4095,1.4457,1.4792,1.5219,1.5333,1.5562,1.8048,1.794,1.6532,1.7207,1.6669,1.6408,1.4591,1.4880000000000002,1.5243,1.5215,1.50905,1.4966,1.48415,1.2969128804984043,1.1126330208157864,0.9313104209521464,0.7529450809074845,0.5775370006818001,0.5358110830244802,0.4935455241887003,0.45074032417446036,0.40739548298176026,0.36351100061059993,0.36497536965580174,0.36631563962937624,0.3675318105313235,0.3686238823616435,0.3695173956773598,0.3702868099214489,0.37090730527958526,0.3714533411947452,0.37197455729557977,0.3725454130250652,0.3731162687545507,0.3736374848553852,0.3741090613275688,0.3744813585424506,0.3747791963143561,0.3749777548289597,0.37515149352923793,0.3753252322295161,0.37552379074411973,0.37572234925872333
,BRB,RBY,conditional,best,KYOTOGHG,IPCM0EL,MtCO2eq,AR4,1.2829,1.4169999999999998,1.1896,1.3154,0.9531700000000001,1.0354,1.0599,1.1046,1.3472,1.4163,1.3975,1.419,1.4095,1.4457,1.4792,1.5219,1.5333,1.5562,1.8048,1.794,1.6532,1.7207,1.6669,1.6408,1.4591,1.4880000000000002,1.5243,1.5215,1.50905,1.4966,1.48415,1.2969128804984043,1.1126330208157864,0.9313104209521464,0.7529450809074845,0.5775370006818001,0.5358110830244802,0.4935455241887003,0.45074032417446036,0.40739548298176026,0.36351100061059993,0.36497536965580174,0.36631563962937624,0.3675318105313235,0.3686238823616435,0.3695173956773598,0.3702868099214489,0.37090730527958526,0.3714533411947452,0.37197455729557977,0.3725454130250652,0.3731162687545507,0.3736374848553852,0.3741090613275688,0.3744813585424506,0.3747791963143561,0.3749777548289597,0.37515149352923793,0.3753252322295161,0.37552379074411973,0.37572234925872333
,BRB,RBY,unconditional,worst,KYOTOGHG,IPCM0EL,MtCO2eq,AR4,1.2829,1.4169999999999998,1.1896,1.3154,0.9531700000000001,1.0354,1.0599,1.1046,1.3472,1.4163,1.3975,1.419,1.4095,1.4457,1.4792,1.5219,1.5333,1.5562,1.8048,1.794,1.6532,1.7207,1.6669,1.6408,1.4591,1.4880000000000002,1.5243,1.5215,1.50905,1.4966,1.48415,1.4717,1.45925,1.4468,1.43435,1.4219,1.43044,1.43898,1.4475200000000001,1.4560600000000001,1.4646,1.4705,1.4759,1.4808,1.4852,1.4888,1.4919,1.4944,1.4966,1.4987,1.501,1.5033,1.5054,1.5073,1.5088,1.51,1.5108,1.5115,1.5122,1.5130000000000001,1.5138
,BRB,RBY,unconditional,best,KYOTOGHG,IPCM0EL,MtCO2eq,AR4,1.2829,1.4169999999999998,1.1896,1.3154,0.9531700000000001,1.0354,1.0599,1.1046,1.3472,1.4163,1.3975,1.419,1.4095,1.4457,1.4792,1.5219,1.5333,1.5562,1.8048,1.794,1.6532,1.7207,1.6669,1.6408,1.4591,1.4880000000000002,1.5243,1.5215,1.50905,1.4966,1.48415,1.4717,1.45925,1.4468,1.43435,1.4219,1.43044,1.43898,1.4475200000000001,1.4560600000000001,1.4646,1.4705,1.4759,1.4808,1.4852,1.4888,1.4919,1.4944,1.4966,1.4987,1.501,1.5033,1.5054,1.5073,1.5088,1.51,1.5108,1.5115,1.5122,1.5130000000000001,1.5138
"No targets calculated, so the baseline emissions are put in as target pathways for all un/conditional best/worst pathways.
",BRB,baseline_emissions,conditional,worst,KYOTOGHG,IPCM0EL,MtCO2eq,AR4,1.2829,1.4169999999999998,1.1896,1.3154,0.9531700000000001,1.0354,1.0599,1.1046,1.3472,1.4163,1.3975,1.419,1.4095,1.4457,1.4792,1.5219,1.5333,1.5562,1.8048,1.794,1.6532,1.7207,1.6669,1.6408,1.4591,1.4880000000000002,1.5243,1.5215,1.50905,1.4966,1.48415,1.4717,1.45925,1.4468,1.43435,1.4219,1.43044,1.43898,1.4475200000000001,1.4560600000000001,1.4646,1.4705,1.4759,1.4808,1.4852,1.4888,1.4919,1.4944,1.4966,1.4987,1.501,1.5033,1.5054,1.5073,1.5088,1.51,1.5108,1.5115,1.5122,1.5130000000000001,1.5138
"No targets calculated, so the baseline emissions are put in as target pathways for all un/conditional best/worst pathways.
",BRB,baseline_emissions,conditional,best,KYOTOGHG,IPCM0EL,MtCO2eq,AR4,1.2829,1.4169999999999998,1.1896,1.3154,0.9531700000000001,1.0354,1.0599,1.1046,1.3472,1.4163,1.3975,1.419,1.4095,1.4457,1.4792,1.5219,1.5333,1.5562,1.8048,1.794,1.6532,1.7207,1.6669,1.6408,1.4591,1.4880000000000002,1.5243,1.5215,1.50905,1.4966,1.48415,1.4717,1.45925,1.4468,1.43435,1.4219,1.43044,1.43898,1.4475200000000001,1.4560600000000001,1.4646,1.4705,1.4759,1.4808,1.4852,1.4888,1.4919,1.4944,1.4966,1.4987,1.501,1.5033,1.5054,1.5073,1.5088,1.51,1.5108,1.5115,1.5122,1.5130000000000001,1.5138
"No targets calculated, so the baseline emissions are put in as target pathways for all un/conditional best/worst pathways.
",BRB,baseline_emissions,unconditional,worst,KYOTOGHG,IPCM0EL,MtCO2eq,AR4,1.2829,1.4169999999999998,1.1896,1.3154,0.9531700000000001,1.0354,1.0599,1.1046,1.3472,1.4163,1.3975,1.419,1.4095,1.4457,1.4792,1.5219,1.5333,1.5562,1.8048,1.794,1.6532,1.7207,1.6669,1.6408,1.4591,1.4880000000000002,1.5243,1.5215,1.50905,1.4966,1.48415,1.4717,1.45925,1.4468,1.43435,1.4219,1.43044,1.43898,1.4475200000000001,1.4560600000000001,1.4646,1.4705,1.4759,1.4808,1.4852,1.4888,1.4919,1.4944,1.4966,1.4987,1.501,1.5033,1.5054,1.5073,1.5088,1.51,1.5108,1.5115,1.5122,1.5130000000000001,1.5138
"No targets calculated, so the baseline emissions are put in as target pathways for all un/conditional best/worst pathways.
",BRB,baseline_emissions,unconditional,best,KYOTOGHG,IPCM0EL,MtCO2eq,AR4,1.2829,1.4169999999999998,1.1896,1.3154,0.9531700000000001,1.0354,1.0599,1.1046,1.3472,1.4163,1.3975,1.419,1.4095,1.4457,1.4792,1.5219,1.5333,1.5562,1.8048,1.794,1.6532,1.7207,1.6669,1.6408,1.4591,1.4880000000000002,1.5243,1.5215,1.50905,1.4966,1.48415,1.4717,1.45925,1.4468,1.43435,1.4219,1.43044,1.43898,1.4475200000000001,1.4560600000000001,1.4646,1.4705,1.4759,1.4808,1.4852,1.4888,1.4919,1.4944,1.4966,1.4987,1.501,1.5033,1.5054,1.5073,1.5088,1.51,1.5108,1.5115,1.5122,1.5130000000000001,1.5138
,BRB,,emi_bau,emi_bau,KYOTOGHG,IPCM0EL,MtCO2eq,AR4,1.2829,1.4169999999999998,1.1896,1.3154,0.9531700000000001,1.0354,1.0599,1.1046,1.3472,1.4163,1.3975,1.419,1.4095,1.4457,1.4792,1.5219,1.5333,1.5562,1.8048,1.794,1.6532,1.7207,1.6669,1.6408,1.4591,1.4880000000000002,1.5243,1.5215,1.50905,1.4966,1.48415,1.4717,1.45925,1.4468,1.43435,1.4219,1.43044,1.43898,1.4475200000000001,1.4560600000000001,1.4646,1.4705,1.4759,1.4808,1.4852,1.4888,1.4919,1.4944,1.4966,1.4987,1.501,1.5033,1.5054,1.5073,1.5088,1.51,1.5108,1.5115,1.5122,1.5130000000000001,1.5138
,BRB,,emi_cov,emi_cov,KYOTOGHG,IPCM0EL,MtCO2eq,AR4,1.2829,1.4169999999999998,1.1896,1.3154,0.9531700000000001,1.0354,1.0599,1.1046,1.3472,1.4163,1.3975,1.419,1.4095,1.4457,1.4792,1.5219,1.5333,1.5562,1.8048,1.794,1.6532,1.7207,1.6669,1.6408,1.4591,1.4880000000000002,1.5243,1.5215,1.50905,1.4966,1.48415,1.4716436456636,1.4592039037517497,1.4468,1.43435,1.4218629993182,1.43040703121888,1.43898,1.4475200000000001,1.4560600000000001,1.4645889993894,1.4704690003895,1.4758870002728002,1.4808,1.4851239993456,1.4888,1.491829000479,1.4943270000544,1.4966,1.4987,1.500940000527,1.5033,1.5054,1.5072619994597,1.5088,1.51,1.5108,1.5115,1.5122,1.512979999653,1.5138
,BRB,,emi_ncov,emi_ncov,KYOTOGHG,IPCM0EL,MtCO2eq,AR4,0.0,0.0,0.0,0.0,0.0,0.0,0.0,0.0,0.0,0.0,0.0,0.0,0.0,0.0,0.0,0.0,0.0,0.0,0.0,0.0,0.0,0.0,0.0,0.0,0.0,0.0,0.0,0.0,0.0,0.0,0.0,5.6354336400074825e-05,4.609624825015987e-05,0.0,0.0,3.7000681800020506e-05,3.296878111995706e-05,0.0,0.0,0.0,1.1000610599941529e-05,3.0999610499968185e-05,1.2999727199875688e-05,0.0,7.600065440006497e-05,0.0,7.099952099997949e-05,7.29999456000261e-05,0.0,0.0,5.999947299987307e-05,0.0,0.0,3.8000540299953956e-05,0.0,0.0,0.0,0.0,0.0,2.000034700009723e-05,0.0
,BRB,,pc_cov,pc_cov,KYOTOGHG,IPCM0EL,MtCO2eq/MtCO2eq,AR4,1.0,1.0,1.0,1.0,1.0,1.0,1.0,1.0,1.0,1.0,1.0,1.0,1.0,1.0,1.0,1.0,1.0,1.0,1.0,1.0,1.0,1.0,1.0,1.0,1.0,1.0,1.0,1.0,1.0,1.0,1.0,0.999961708,0.9999684109999999,1.0,1.0,0.999973978,0.999976952,1.0,1.0,1.0,0.999992489,0.999978919,0.9999911920000001,1.0,0.999948828,1.0,0.99995241,0.999951151,1.0,1.0,0.9999600270000001,1.0,1.0,0.999974789,1.0,1.0,1.0,1.0,1.0,0.9999867809999999,1.0
,BRN,,pop,pop,POP,DEMOGR,Pers,,258721.0,266210.0,273892.0,281681.0,289454.0,297114.0,304622.0,311958.0,319144.0,326210.0,333165.0,340034.0,346782.0,353293.0,359433.0,365114.0,370263.0,374965.0,379421.0,383906.0,388646.0,393688.0,398989.0,404421.0,409769.0,414907.0,419800.0,424473.0,430292.1942,435889.5963,441406.9803,446833.1568,452171.6094,457468.2857,462769.2844,468120.9104,473462.8341,478699.8728,483826.3246,488836.5467,493724.933,498573.2884,503442.479,508295.2464,513093.9135,517800.3536,522452.5713,527097.5797,531710.3055,536265.4789999999,540737.6326,545142.0598,549506.705,553824.8565,558089.6973,562294.3094,566425.1794,570476.4544,574452.7085,578358.6089,582198.9107
,BRN,,gdp,gdp,GDPPPP,ECO,2011GKD,,13534630859.375,13242967773.4375,13793449218.75,13020916992.1875,12084651367.1875,11089208984.375,14599272460.9375,12603419921.875,11124307617.1875,13161704101.5625,16280771484.375,15982021484.375,16451224609.375,18398988281.25,21228402343.75,25747878906.25,28735302734.375,27364394531.25,31721166015.625,24074201171.875,25588300781.25,31269169921.875,31564703125.0,29570558593.75,29513318359.375,23910697265.625,21491298828.125,23064080078.125,25253269547.972,25855762544.4077,26422730743.1501,26974673754.6187,27538907247.0124,28122081260.1682,28730131917.7405,29368803045.4282,30000790055.376,30589826368.8358,31143339685.8066,31668641837.7555,32172841021.832,32670505711.5882,33167379233.1613,33657365686.6125,34134599262.2807,34593386922.774,35031279148.5271,35453042456.8221,35863806328.8435,36268562305.4331,36672188177.2568,37064329449.329,37439874944.4817,37811350035.1503,38191098366.491,38591340788.8648,39000998105.3048,39405967118.1136,39813854532.4659,40232228940.5958,40668661949.3062
"No targets calculated, so the baseline emissions are put in as target pathways for all un/conditional best/worst pathways.
",BRN,baseline_emissions,conditional,worst,KYOTOGHG,IPCM0EL,MtCO2eq,AR4,10.0307,10.0277,9.9848,9.262,9.1452,9.3697,9.4491,9.6885,9.8647,8.8091,9.874,10.0074,9.6116,10.2281,10.3751,10.290999999999999,10.960999999999999,14.3852,16.0821,13.9643,14.0452,15.7564,15.630999999999998,14.2671,15.6626,15.9487,17.2321,17.6195,17.4716,17.2476,17.0522,16.8738,16.7091,16.5688,16.4605,16.3901,16.3374,16.2846,16.2393,16.2083,16.1974,16.2049,16.2219,16.2439,16.2672,16.288,16.3048,16.319000000000006,16.3325,16.3471,16.3644,16.3798,16.391,16.4032,16.4211,16.4493,16.4815,16.5103,16.5388,16.57,16.6066
"No targets calculated, so the baseline emissions are put in as target pathways for all un/conditional best/worst pathways.
",BRN,baseline_emissions,conditional,best,KYOTOGHG,IPCM0EL,MtCO2eq,AR4,10.0307,10.0277,9.9848,9.262,9.1452,9.3697,9.4491,9.6885,9.8647,8.8091,9.874,10.0074,9.6116,10.2281,10.3751,10.290999999999999,10.960999999999999,14.3852,16.0821,13.9643,14.0452,15.7564,15.630999999999998,14.2671,15.6626,15.9487,17.2321,17.6195,17.4716,17.2476,17.0522,16.8738,16.7091,16.5688,16.4605,16.3901,16.3374,16.2846,16.2393,16.2083,16.1974,16.2049,16.2219,16.2439,16.2672,16.288,16.3048,16.319000000000006,16.3325,16.3471,16.3644,16.3798,16.391,16.4032,16.4211,16.4493,16.4815,16.5103,16.5388,16.57,16.6066
"No targets calculated, so the baseline emissions are put in as target pathways for all un/conditional best/worst pathways.
",BRN,baseline_emissions,unconditional,worst,KYOTOGHG,IPCM0EL,MtCO2eq,AR4,10.0307,10.0277,9.9848,9.262,9.1452,9.3697,9.4491,9.6885,9.8647,8.8091,9.874,10.0074,9.6116,10.2281,10.3751,10.290999999999999,10.960999999999999,14.3852,16.0821,13.9643,14.0452,15.7564,15.630999999999998,14.2671,15.6626,15.9487,17.2321,17.6195,17.4716,17.2476,17.0522,16.8738,16.7091,16.5688,16.4605,16.3901,16.3374,16.2846,16.2393,16.2083,16.1974,16.2049,16.2219,16.2439,16.2672,16.288,16.3048,16.319000000000006,16.3325,16.3471,16.3644,16.3798,16.391,16.4032,16.4211,16.4493,16.4815,16.5103,16.5388,16.57,16.6066
"No targets calculated, so the baseline emissions are put in as target pathways for all un/conditional best/worst pathways.
",BRN,baseline_emissions,unconditional,best,KYOTOGHG,IPCM0EL,MtCO2eq,AR4,10.0307,10.0277,9.9848,9.262,9.1452,9.3697,9.4491,9.6885,9.8647,8.8091,9.874,10.0074,9.6116,10.2281,10.3751,10.290999999999999,10.960999999999999,14.3852,16.0821,13.9643,14.0452,15.7564,15.630999999999998,14.2671,15.6626,15.9487,17.2321,17.6195,17.4716,17.2476,17.0522,16.8738,16.7091,16.5688,16.4605,16.3901,16.3374,16.2846,16.2393,16.2083,16.1974,16.2049,16.2219,16.2439,16.2672,16.288,16.3048,16.319000000000006,16.3325,16.3471,16.3644,16.3798,16.391,16.4032,16.4211,16.4493,16.4815,16.5103,16.5388,16.57,16.6066
,BRN,,emi_bau,emi_bau,KYOTOGHG,IPCM0EL,MtCO2eq,AR4,10.0307,10.0277,9.9848,9.262,9.1452,9.3697,9.4491,9.6885,9.8647,8.8091,9.874,10.0074,9.6116,10.2281,10.3751,10.290999999999999,10.960999999999999,14.3852,16.0821,13.9643,14.0452,15.7564,15.630999999999998,14.2671,15.6626,15.9487,17.2321,17.6195,17.4716,17.2476,17.0522,16.8738,16.7091,16.5688,16.4605,16.3901,16.3374,16.2846,16.2393,16.2083,16.1974,16.2049,16.2219,16.2439,16.2672,16.288,16.3048,16.319000000000006,16.3325,16.3471,16.3644,16.3798,16.391,16.4032,16.4211,16.4493,16.4815,16.5103,16.5388,16.57,16.6066
,BRN,,emi_cov,emi_cov,KYOTOGHG,IPCM0EL,MtCO2eq,AR4,9.853968655349199,9.8456164819042,9.796913891637601,9.080338660822001,8.9561013981828,9.173613410740199,9.1121543635671,9.324489859263,9.500305627142499,8.4181560268131,9.406578387128,9.5045921173008,9.0689266803232,9.639999213710299,9.739170073114,9.609904510654,10.229392271159998,13.6284389919568,15.261110435374201,13.1191757323522,13.1300748393204,14.8153517201008,14.617639956611999,13.204170404269199,14.562530397456,14.822971361206301,16.061417400656598,16.408225377647,16.293948047465598,16.084446364839597,15.901693573860598,15.734840452813799,15.5808005949087,15.449581470236799,15.348291158364502,15.2824477652034,15.2331587609028,15.183776217247202,15.1414082483202,15.1124147116283,15.102220217409197,15.109234774295498,15.1251344535018,15.145710510747001,15.167502435657598,15.186956153216,15.2026687774664,15.215949686129004,15.228575904865,15.242230930126201,15.258411191415602,15.272814426912399,15.283289516080997,15.294699875487998,15.311441310228599,15.3378160616016,15.367931935468,15.3948678633278,15.421523218345598,15.45070380737,15.484934886202202
,BRN,,emi_ncov,emi_ncov,KYOTOGHG,IPCM0EL,MtCO2eq,AR4,0.1767313446508003,0.18208351809580034,0.18788610836239944,0.18166133917800026,0.18909860181719956,0.1960865892598003,0.3369456364329001,0.36401014073699994,0.36439437285750015,0.39094397318690016,0.46742161287199996,0.5028078826991994,0.5426733196767993,0.5881007862897007,0.6359299268860004,0.6810954893459994,0.7316077288399995,0.7567610080431985,0.8209895646257989,0.8451242676477985,0.9151251606795991,0.9410482798992,1.0133600433879995,1.0629295957307998,1.1000696025440007,1.1257286387936989,1.1706825993434014,1.211274622353,1.1776519525344002,1.1631536351604008,1.150506426139401,1.1389595471862008,1.1282994050912996,1.1192185297632002,1.1122088416354985,1.1076522347965994,1.1042412390971998,1.100823782752799,1.0978917516797997,1.095885288371701,1.0951797825908007,1.0956652257045,1.0967655464982005,1.0981894892529995,1.0996975643424005,1.1010438467840005,1.1021312225336009,1.103050313871002,1.1039240951349996,1.1048690698738,1.1059888085843983,1.1069855730876001,1.1077104839190008,1.1085001245119992,1.1096586897714003,1.1114839383983997,1.1135680645320003,1.1154321366722004,1.1172767816543996,1.1192961926300007,1.1216651137977989
,BRN,,pc_cov,pc_cov,KYOTOGHG,IPCM0EL,MtCO2eq/MtCO2eq,AR4,0.982380956,0.981841946,0.9811827870000001,0.980386381,0.979322639,0.979072266,0.964340981,0.962428638,0.963060775,0.955620441,0.952661372,0.9497563920000001,0.9435397520000001,0.9425014629999999,0.93870614,0.933816394,0.93325356,0.9473930840000001,0.9489501020000001,0.9394796540000001,0.9348442770000001,0.940275172,0.935169852,0.925497852,0.92976456,0.9294156490000001,0.9320638459999999,0.931253746,0.932596216,0.932561421,0.9325303229999999,0.932501301,0.932473957,0.932450236,0.9324316490000001,0.932419434,0.932410222,0.9324009320000001,0.932392914,0.932387401,0.932385458,0.932386795,0.932389822,0.93239373,0.932397858,0.932401532,0.932404493,0.9324069909999999,0.932409362,0.932411922,0.9324149490000001,0.932417638,0.9324195909999999,0.932421715,0.932424826,0.932429712,0.932435272,0.932440226,0.932445112,0.932450441,0.9324566670000001
,BTN,,pop,pop,POP,DEMOGR,Pers,,530804.0,534632.0,534516.0,532596.0,531897.0,534620.0,541465.0,551709.0,564377.0,577881.0,591021.0,603640.0,616018.0,627839.0,638815.0,648739.0,657410.0,664876.0,671613.0,678323.0,685503.0,693298.0,701581.0,710237.0,719055.0,727876.0,736708.0,745563.0,756913.2559,769845.8162,782651.94,795312.7063,807887.4453,820450.6296,833077.5865,845844.5894,858662.6114,871363.0617,883903.8395,896243.0524,908339.0136,920300.7206,932260.6704,944211.2938,956143.2586,968045.4232,979960.1169,991933.1747,1003956.7393,1016022.1197,1028119.7627,1040294.2321,1052570.0489,1064906.5996,1077262.8047,1089597.1075,1101920.284,1114236.2432,1126493.1771,1138639.8422,1150625.57
,BTN,,gdp,gdp,GDPPPP,ECO,2011GKD,,1289336181.6406,1280901489.2578,1298874145.5078,1379825927.7344,1392832031.25,1523292602.5391,1601731079.1016,1739592773.4375,1806413085.9375,1980392456.0547,2255844238.2813,2434283691.4063,2784315917.9688,2967604980.4688,3156404785.1563,3448388916.0156,3686973876.9531,4226086914.0625,4141415527.3438,4489283203.125,4717090332.0313,4886525878.9063,4813927734.375,5612781738.2813,5495857421.875,5752144042.9688,6153269531.25,6429973144.5313,7009215358.9976,7722316507.9852,8402155269.9419985,9056267616.7588,9718549542.3221,10394206491.1478,11088452172.6886,11806680970.1344,12537629224.3485,13265110012.3777,13987433529.0299,14702933852.5697,15409931475.4821,16112479457.3993,16816189731.5379,17521518286.3246,18228687129.181,18937678066.1413,19647656796.2424,20358570196.8614,21071532523.7358,21787849827.6893,22509021517.3519,23232586399.1865,23956113093.5871,24681527693.0316,25411067858.161,26147288775.2825,26884108908.2292,27615942134.3525,28346531464.7622,29079879026.0281,29820252259.8669
"The target value from 'conditional_best' was used for 'conditional_worst' in 2030, 2050.
",BTN,ABS,conditional,worst,KYOTOGHG,IPCM0EL,MtCO2eq,AR4,0.99485,1.0512,1.0707,1.0519,1.0664,1.2579,1.3551,1.4380000000000002,1.4397,1.4742,1.4587,1.4055,1.4578,1.4228,1.3628,1.5294,1.5147,1.5511,1.5273,1.7609,1.8779,2.0826,2.1593,2.2606,2.325,2.2836,2.397,2.4512,2.6523,2.8371,3.0079,3.2791286060959037,3.557598804115706,3.8469998252766455,4.150980368860415,4.47376655018443,4.8126445195107745,5.163372248107163,5.526968701223063,5.905361549213745,6.3,6.390830311839672,6.473043627420789,6.546620022216381,6.611280001027702,6.666876909295217,6.7131465283367975,6.749722351864338,6.776819583596055,6.794725161822906,6.803677139982666,6.802739522994205,6.790962631966807,6.768841035706699,6.736702854044339,6.694905167136393,6.641382428447116,6.574157825347887,6.494286249527989,6.402610314151081,6.3
,BTN,ABS,conditional,best,KYOTOGHG,IPCM0EL,MtCO2eq,AR4,0.99485,1.0512,1.0707,1.0519,1.0664,1.2579,1.3551,1.4380000000000002,1.4397,1.4742,1.4587,1.4055,1.4578,1.4228,1.3628,1.5294,1.5147,1.5511,1.5273,1.7609,1.8779,2.0826,2.1593,2.2606,2.325,2.2836,2.397,2.4512,2.6523,2.8371,3.0079,3.2791286060959037,3.557598804115706,3.8469998252766455,4.150980368860415,4.47376655018443,4.8126445195107745,5.163372248107163,5.526968701223063,5.905361549213745,6.3,6.390830311839672,6.473043627420789,6.546620022216381,6.611280001027702,6.666876909295217,6.7131465283367975,6.749722351864338,6.776819583596055,6.794725161822906,6.803677139982666,6.802739522994205,6.790962631966807,6.768841035706699,6.736702854044339,6.694905167136393,6.641382428447116,6.574157825347887,6.494286249527989,6.402610314151081,6.3
,BTN,ABS,unconditional,worst,KYOTOGHG,IPCM0EL,MtCO2eq,AR4,0.99485,1.0512,1.0707,1.0519,1.0664,1.2579,1.3551,1.4380000000000002,1.4397,1.4742,1.4587,1.4055,1.4578,1.4228,1.3628,1.5294,1.5147,1.5511,1.5273,1.7609,1.8779,2.0826,2.1593,2.2606,2.325,2.2836,2.397,2.4512,2.6523,2.8371,3.0079,3.1655,3.3193,3.4730000000000003,3.6298,3.793,3.9598,4.1265,4.2939,4.4634,4.6359,4.8109,4.9875,5.1658,5.3457,5.5272,5.7102,5.8945,6.0804,6.2683,6.4586,6.6506,6.8435,7.0379,7.2343,7.4333,7.6328,7.8305,8.0275,8.2248,8.4236
,BTN,ABS,unconditional,best,KYOTOGHG,IPCM0EL,MtCO2eq,AR4,0.99485,1.0512,1.0707,1.0519,1.0664,1.2579,1.3551,1.4380000000000002,1.4397,1.4742,1.4587,1.4055,1.4578,1.4228,1.3628,1.5294,1.5147,1.5511,1.5273,1.7609,1.8779,2.0826,2.1593,2.2606,2.325,2.2836,2.397,2.4512,2.6523,2.8371,3.0079,3.1655,3.3193,3.4730000000000003,3.6298,3.793,3.9598,4.1265,4.2939,4.4634,4.6359,4.8109,4.9875,5.1658,5.3457,5.5272,5.7102,5.8945,6.0804,6.2683,6.4586,6.6506,6.8435,7.0379,7.2343,7.4333,7.6328,7.8305,8.0275,8.2248,8.4236
"No targets calculated, so the baseline emissions are put in as target pathways for all un/conditional best/worst pathways.
",BTN,baseline_emissions,conditional,worst,KYOTOGHG,IPCM0EL,MtCO2eq,AR4,0.99485,1.0512,1.0707,1.0519,1.0664,1.2579,1.3551,1.4380000000000002,1.4397,1.4742,1.4587,1.4055,1.4578,1.4228,1.3628,1.5294,1.5147,1.5511,1.5273,1.7609,1.8779,2.0826,2.1593,2.2606,2.325,2.2836,2.397,2.4512,2.6523,2.8371,3.0079,3.1655,3.3193,3.4730000000000003,3.6298,3.793,3.9598,4.1265,4.2939,4.4634,4.6359,4.8109,4.9875,5.1658,5.3457,5.5272,5.7102,5.8945,6.0804,6.2683,6.4586,6.6506,6.8435,7.0379,7.2343,7.4333,7.6328,7.8305,8.0275,8.2248,8.4236
"No targets calculated, so the baseline emissions are put in as target pathways for all un/conditional best/worst pathways.
",BTN,baseline_emissions,conditional,best,KYOTOGHG,IPCM0EL,MtCO2eq,AR4,0.99485,1.0512,1.0707,1.0519,1.0664,1.2579,1.3551,1.4380000000000002,1.4397,1.4742,1.4587,1.4055,1.4578,1.4228,1.3628,1.5294,1.5147,1.5511,1.5273,1.7609,1.8779,2.0826,2.1593,2.2606,2.325,2.2836,2.397,2.4512,2.6523,2.8371,3.0079,3.1655,3.3193,3.4730000000000003,3.6298,3.793,3.9598,4.1265,4.2939,4.4634,4.6359,4.8109,4.9875,5.1658,5.3457,5.5272,5.7102,5.8945,6.0804,6.2683,6.4586,6.6506,6.8435,7.0379,7.2343,7.4333,7.6328,7.8305,8.0275,8.2248,8.4236
"No targets calculated, so the baseline emissions are put in as target pathways for all un/conditional best/worst pathways.
",BTN,baseline_emissions,unconditional,worst,KYOTOGHG,IPCM0EL,MtCO2eq,AR4,0.99485,1.0512,1.0707,1.0519,1.0664,1.2579,1.3551,1.4380000000000002,1.4397,1.4742,1.4587,1.4055,1.4578,1.4228,1.3628,1.5294,1.5147,1.5511,1.5273,1.7609,1.8779,2.0826,2.1593,2.2606,2.325,2.2836,2.397,2.4512,2.6523,2.8371,3.0079,3.1655,3.3193,3.4730000000000003,3.6298,3.793,3.9598,4.1265,4.2939,4.4634,4.6359,4.8109,4.9875,5.1658,5.3457,5.5272,5.7102,5.8945,6.0804,6.2683,6.4586,6.6506,6.8435,7.0379,7.2343,7.4333,7.6328,7.8305,8.0275,8.2248,8.4236
"No targets calculated, so the baseline emissions are put in as target pathways for all un/conditional best/worst pathways.
",BTN,baseline_emissions,unconditional,best,KYOTOGHG,IPCM0EL,MtCO2eq,AR4,0.99485,1.0512,1.0707,1.0519,1.0664,1.2579,1.3551,1.4380000000000002,1.4397,1.4742,1.4587,1.4055,1.4578,1.4228,1.3628,1.5294,1.5147,1.5511,1.5273,1.7609,1.8779,2.0826,2.1593,2.2606,2.325,2.2836,2.397,2.4512,2.6523,2.8371,3.0079,3.1655,3.3193,3.4730000000000003,3.6298,3.793,3.9598,4.1265,4.2939,4.4634,4.6359,4.8109,4.9875,5.1658,5.3457,5.5272,5.7102,5.8945,6.0804,6.2683,6.4586,6.6506,6.8435,7.0379,7.2343,7.4333,7.6328,7.8305,8.0275,8.2248,8.4236
,BTN,,emi_bau,emi_bau,KYOTOGHG,IPCM0EL,MtCO2eq,AR4,0.99485,1.0512,1.0707,1.0519,1.0664,1.2579,1.3551,1.4380000000000002,1.4397,1.4742,1.4587,1.4055,1.4578,1.4228,1.3628,1.5294,1.5147,1.5511,1.5273,1.7609,1.8779,2.0826,2.1593,2.2606,2.325,2.2836,2.397,2.4512,2.6523,2.8371,3.0079,3.1655,3.3193,3.4730000000000003,3.6298,3.793,3.9598,4.1265,4.2939,4.4634,4.6359,4.8109,4.9875,5.1658,5.3457,5.5272,5.7102,5.8945,6.0804,6.2683,6.4586,6.6506,6.8435,7.0379,7.2343,7.4333,7.6328,7.8305,8.0275,8.2248,8.4236
,BTN,,emi_cov,emi_cov,KYOTOGHG,IPCM0EL,MtCO2eq,AR4,0.99485,1.0512,1.0707,1.0519,1.0664,1.2579,1.3551,1.4380000000000002,1.4397,1.4742,1.4587,1.4055,1.4578,1.4228,1.3628,1.5294,1.5147,1.5511,1.5273,1.7609,1.8779,2.0826,2.1593,2.2606,2.325,2.2836,2.397,2.4512,2.6522199986751,2.8371,3.0079,3.1655,3.3193,3.472990001233,3.6298,3.792970001163,3.9597799990502005,4.1264199995445,4.2939,4.4634,4.6358600014548,4.8109,4.9875,5.1658,5.3457,5.5272,5.7101699986092,5.894419999846,6.0804,6.2682499977709,6.4585600018902,6.650589997497599,6.8435,7.0379,7.234279997160501,7.433260001412701,7.632759996495199,7.8304700013545006,8.027459998967501,8.224789998643201,8.423539998697201
,BTN,,emi_ncov,emi_ncov,KYOTOGHG,IPCM0EL,MtCO2eq,AR4,0.0,0.0,0.0,0.0,0.0,0.0,0.0,0.0,0.0,0.0,0.0,0.0,0.0,0.0,0.0,0.0,0.0,0.0,0.0,0.0,0.0,0.0,0.0,0.0,0.0,0.0,0.0,0.0,8.00013248997784e-05,0.0,0.0,0.0,0.0,9.998767000231612e-06,0.0,2.999883700010675e-05,2.000094979969369e-05,8.000045550015411e-05,0.0,0.0,3.9998545200048755e-05,0.0,0.0,0.0,0.0,0.0,3.0001390800374564e-05,8.000015400042882e-05,0.0,5.0002229099952056e-05,3.9998109799561904e-05,1.0002502400642044e-05,0.0,0.0,2.0002839499711788e-05,3.9998587299371745e-05,4.0003504799917344e-05,2.99986454992065e-05,4.0001032499666355e-05,1.000135679930141e-05,6.0001302799513616e-05
,BTN,,pc_cov,pc_cov,KYOTOGHG,IPCM0EL,MtCO2eq/MtCO2eq,AR4,1.0,1.0,1.0,1.0,1.0,1.0,1.0,1.0,1.0,1.0,1.0,1.0,1.0,1.0,1.0,1.0,1.0,1.0,1.0,1.0,1.0,1.0,1.0,1.0,1.0,1.0,1.0,1.0,0.9999698370000001,1.0,1.0,1.0,1.0,0.9999971209999999,1.0,0.999992091,0.9999949490000001,0.999980613,1.0,1.0,0.999991372,1.0,1.0,1.0,1.0,1.0,0.9999947459999999,0.9999864279999999,1.0,0.999992023,0.9999938070000001,0.9999984959999999,1.0,1.0,0.999997235,0.9999946190000001,0.999994759,0.9999961690000001,0.999995017,0.9999987840000001,0.9999928770000001
,BVT,,pop,pop,POP,DEMOGR,Pers,,,,,,,,,,,,,,,,,,,,,,,,,,,,,,,,,,,,,,,,,,,,,,,,,,,,,,,,,,,,,,
,BVT,,gdp,gdp,GDPPPP,ECO,2011GKD,,,,,,,,,,,,,,,,,,,,,,,,,,,,,,,,,,,,,,,,,,,,,,,,,,,,,,,,,,,,,,
"No targets calculated, so the baseline emissions are put in as target pathways for all un/conditional best/worst pathways.
",BVT,baseline_emissions,conditional,worst,KYOTOGHG,IPCM0EL,MtCO2eq,AR4,,,,,,,,,,,,,,,,,,,,,,,,,,,,,,,,,,,,,,,,,,,,,,,,,,,,,,,,,,,,,
"No targets calculated, so the baseline emissions are put in as target pathways for all un/conditional best/worst pathways.
",BVT,baseline_emissions,conditional,best,KYOTOGHG,IPCM0EL,MtCO2eq,AR4,,,,,,,,,,,,,,,,,,,,,,,,,,,,,,,,,,,,,,,,,,,,,,,,,,,,,,,,,,,,,
"No targets calculated, so the baseline emissions are put in as target pathways for all un/conditional best/worst pathways.
",BVT,baseline_emissions,unconditional,worst,KYOTOGHG,IPCM0EL,MtCO2eq,AR4,,,,,,,,,,,,,,,,,,,,,,,,,,,,,,,,,,,,,,,,,,,,,,,,,,,,,,,,,,,,,
"No targets calculated, so the baseline emissions are put in as target pathways for all un/conditional best/worst pathways.
",BVT,baseline_emissions,unconditional,best,KYOTOGHG,IPCM0EL,MtCO2eq,AR4,,,,,,,,,,,,,,,,,,,,,,,,,,,,,,,,,,,,,,,,,,,,,,,,,,,,,,,,,,,,,
,BVT,,emi_bau,emi_bau,KYOTOGHG,IPCM0EL,MtCO2eq,AR4,,,,,,,,,,,,,,,,,,,,,,,,,,,,,,,,,,,,,,,,,,,,,,,,,,,,,,,,,,,,,
,BVT,,emi_cov,emi_cov,KYOTOGHG,IPCM0EL,MtCO2eq,AR4,,,,,,,,,,,,,,,,,,,,,,,,,,,,,,,,,,,,,,,,,,,,,,,,,,,,,,,,,,,,,
,BVT,,emi_ncov,emi_ncov,KYOTOGHG,IPCM0EL,MtCO2eq,AR4,,,,,,,,,,,,,,,,,,,,,,,,,,,,,,,,,,,,,,,,,,,,,,,,,,,,,,,,,,,,,
,BVT,,pc_cov,pc_cov,KYOTOGHG,IPCM0EL,MtCO2eq/MtCO2eq,AR4,0.0,0.0,0.0,0.0,0.0,0.0,0.0,0.0,0.0,0.0,0.0,0.0,0.0,0.0,0.0,0.0,0.0,0.0,0.0,0.0,0.0,0.0,0.0,0.0,0.0,0.0,0.0,0.0,0.0,0.0,0.0,0.0,0.0,0.0,0.0,0.0,0.0,0.0,0.0,0.0,0.0,0.0,0.0,0.0,0.0,0.0,0.0,0.0,0.0,0.0,0.0,0.0,0.0,0.0,0.0,0.0,0.0,0.0,0.0,0.0,0.0
,BWA,,pop,pop,POP,DEMOGR,Pers,,1286756.0,1326322.0,1363554.0,1399110.0,1434059.0,1469174.0,1504730.0,1540425.0,1575824.0,1610264.0,1643334.0,1674678.0,1704642.0,1734398.0,1765527.0,1799078.0,1835908.0,1875459.0,1915639.0,1953498.0,1987105.0,2015403.0,2039556.0,2062548.0,2088618.0,2120716.0,2159927.0,2205080.0,2207061.3867,2221344.6835,2235150.6445,2248663.2724,2261884.2173,2274828.5038,2287516.0224,2299971.5028,2311898.4178,2323076.6316,2333640.1788,2343711.4076,2353401.4080000003,2362795.012,2371950.7531,2380934.5753,2389815.4424,2398665.189,2407399.5906,2415917.5346,2424267.4663,2432497.6789,2440656.3104,2448847.079,2457128.9043,2465484.8737,2473900.9773,2482365.946,2490810.1754,2499088.5234,2507073.7182,2514632.6673,2521626.8649
,BWA,,gdp,gdp,GDPPPP,ECO,2011GKD,,8566812500.0,9006427734.375,9110082031.25,9469376953.125,9963929687.5,10891587890.625,12999692382.8125,14085880859.375,13842116210.9375,16177795898.4375,17442148437.5,17367220703.125,18213855468.75,18933027343.75,20422095703.125,23779882812.5,25194083984.375,25758644531.25,25075527343.75,22953556640.625,26015035156.25,28531400390.625,28392164062.5,31791283203.125,34274968750.0,33786910156.25,37066414062.5,36231753906.25,38270774334.2904,39587753736.9609,40880502864.7969,42170348522.244,43466214676.1305,44751267341.0011,46008800448.4803,47222278180.0944,48369151825.8617,49443509233.0615,50453471776.0875,51406460622.8153,52309149759.5165,53160351222.843,53966944325.3832,54746960955.5647,55518205014.0673,56298294221.1661,57075049507.39,57830110557.3101,58571194056.765,59305361716.0887,60039082859.6034,60758228243.6509,61453580861.6027,62137984381.9358,62823534547.9212,63521655230.1348,64231322457.592,64943267071.8549,65656010297.128,66367957730.1747,67077396072.0962
"The target value from 'conditional_best' was used for 'conditional_worst' in 2030.
",BWA,ABS,conditional,worst,KYOTOGHG,IPCM0EL,MtCO2eq,AR4,14.2395,13.6456,13.5581,13.6784,13.949000000000002,14.7936,14.9972,14.5547,14.1919,13.9173,14.1537,17.9504,18.5851,9.7662,10.1925,12.1252,14.3715,12.3605,22.9149,11.174000000000001,27.2441,30.0562,15.2028,14.517999999999999,14.3204,13.3984,13.2758,18.9871,15.8376,16.1219,16.4001,15.643502253784906,14.844872224826384,14.004322794740915,13.12231051059016,12.199490035291506,11.235232368590555,10.233406519835233,9.200610291804468,8.141855727454303,7.061,7.107972178167981,7.149593579327404,7.188272053132121,7.22653010874331,7.266622716471716,7.307326841572529,7.3465021732423255,7.385142427211268,7.424126659702188,7.46425748726637,7.504541194173655,7.544098724201206,7.583847353407633,7.624589698344223,7.667090155726481,7.710469669331572,7.753084786221157,7.794323989022826,7.833575760364173,7.8703432423801205
,BWA,ABS,conditional,best,KYOTOGHG,IPCM0EL,MtCO2eq,AR4,14.2395,13.6456,13.5581,13.6784,13.949000000000002,14.7936,14.9972,14.5547,14.1919,13.9173,14.1537,17.9504,18.5851,9.7662,10.1925,12.1252,14.3715,12.3605,22.9149,11.174000000000001,27.2441,30.0562,15.2028,14.517999999999999,14.3204,13.3984,13.2758,18.9871,15.8376,16.1219,16.4001,15.643502253784906,14.844872224826384,14.004322794740915,13.12231051059016,12.199490035291506,11.235232368590555,10.233406519835233,9.200610291804468,8.141855727454303,7.061,7.107972178167981,7.149593579327404,7.188272053132121,7.22653010874331,7.266622716471716,7.307326841572529,7.3465021732423255,7.385142427211268,7.424126659702188,7.46425748726637,7.504541194173655,7.544098724201206,7.583847353407633,7.624589698344223,7.667090155726481,7.710469669331572,7.753084786221157,7.794323989022826,7.833575760364173,7.8703432423801205
,BWA,ABS,unconditional,worst,KYOTOGHG,IPCM0EL,MtCO2eq,AR4,14.2395,13.6456,13.5581,13.6784,13.949000000000002,14.7936,14.9972,14.5547,14.1919,13.9173,14.1537,17.9504,18.5851,9.7662,10.1925,12.1252,14.3715,12.3605,22.9149,11.174000000000001,27.2441,30.0562,15.2028,14.517999999999999,14.3204,13.3984,13.2758,18.9871,15.8376,16.1219,16.4001,16.6736,16.9377,17.1904,17.4295,17.6523,17.852999999999994,18.0312,18.1917,18.3384,18.4747,18.5976,18.7065,18.8077,18.9078,19.0127,19.1192,19.2217,19.3228,19.4248,19.5298,19.6352,19.7387,19.8427,19.9493,20.0605,20.174,20.2855,20.3934,20.4961,20.5923
,BWA,ABS,unconditional,best,KYOTOGHG,IPCM0EL,MtCO2eq,AR4,14.2395,13.6456,13.5581,13.6784,13.949000000000002,14.7936,14.9972,14.5547,14.1919,13.9173,14.1537,17.9504,18.5851,9.7662,10.1925,12.1252,14.3715,12.3605,22.9149,11.174000000000001,27.2441,30.0562,15.2028,14.517999999999999,14.3204,13.3984,13.2758,18.9871,15.8376,16.1219,16.4001,16.6736,16.9377,17.1904,17.4295,17.6523,17.852999999999994,18.0312,18.1917,18.3384,18.4747,18.5976,18.7065,18.8077,18.9078,19.0127,19.1192,19.2217,19.3228,19.4248,19.5298,19.6352,19.7387,19.8427,19.9493,20.0605,20.174,20.2855,20.3934,20.4961,20.5923
"The target value from 'conditional_best' was used for 'conditional_worst' in 2030.
",BWA,RBY,conditional,worst,KYOTOGHG,IPCM0EL,MtCO2eq,AR4,14.2395,13.6456,13.5581,13.6784,13.949000000000002,14.7936,14.9972,14.5547,14.1919,13.9173,14.1537,17.9504,18.5851,9.7662,10.1925,12.1252,14.3715,12.3605,22.9149,11.174000000000001,27.2441,30.0562,15.2028,14.517999999999999,14.3204,13.3984,13.2758,18.9871,15.8376,16.1219,16.4001,16.49523378694905,16.57531714245357,16.638715921786954,16.683690118421577,16.708120607835365,16.707102772671075,16.680975811741323,16.634851022954162,16.57282096171663,16.498364789696073,16.6081175344039,16.705367932277632,16.79574203939262,16.885133819256357,16.978812118034636,17.073919256451102,17.165454295772108,17.255739100409713,17.34682762734379,17.440595228599456,17.53472003976467,17.627148103859543,17.720022680341348,17.815219121235195,17.914523476088817,18.015881787922325,18.115454050208104,18.211811423307978,18.30352506758376,18.38943405082943
,BWA,RBY,conditional,best,KYOTOGHG,IPCM0EL,MtCO2eq,AR4,14.2395,13.6456,13.5581,13.6784,13.949000000000002,14.7936,14.9972,14.5547,14.1919,13.9173,14.1537,17.9504,18.5851,9.7662,10.1925,12.1252,14.3715,12.3605,22.9149,11.174000000000001,27.2441,30.0562,15.2028,14.517999999999999,14.3204,13.3984,13.2758,18.9871,15.8376,16.1219,16.4001,16.49523378694905,16.57531714245357,16.638715921786954,16.683690118421577,16.708120607835365,16.707102772671075,16.680975811741323,16.634851022954162,16.57282096171663,16.498364789696073,16.6081175344039,16.705367932277632,16.79574203939262,16.885133819256357,16.978812118034636,17.073919256451102,17.165454295772108,17.255739100409713,17.34682762734379,17.440595228599456,17.53472003976467,17.627148103859543,17.720022680341348,17.815219121235195,17.914523476088817,18.015881787922325,18.115454050208104,18.211811423307978,18.30352506758376,18.38943405082943
,BWA,RBY,unconditional,worst,KYOTOGHG,IPCM0EL,MtCO2eq,AR4,14.2395,13.6456,13.5581,13.6784,13.949000000000002,14.7936,14.9972,14.5547,14.1919,13.9173,14.1537,17.9504,18.5851,9.7662,10.1925,12.1252,14.3715,12.3605,22.9149,11.174000000000001,27.2441,30.0562,15.2028,14.517999999999999,14.3204,13.3984,13.2758,18.9871,15.8376,16.1219,16.4001,16.6736,16.9377,17.1904,17.4295,17.6523,17.852999999999994,18.0312,18.1917,18.3384,18.4747,18.5976,18.7065,18.8077,18.9078,19.0127,19.1192,19.2217,19.3228,19.4248,19.5298,19.6352,19.7387,19.8427,19.9493,20.0605,20.174,20.2855,20.3934,20.4961,20.5923
,BWA,RBY,unconditional,best,KYOTOGHG,IPCM0EL,MtCO2eq,AR4,14.2395,13.6456,13.5581,13.6784,13.949000000000002,14.7936,14.9972,14.5547,14.1919,13.9173,14.1537,17.9504,18.5851,9.7662,10.1925,12.1252,14.3715,12.3605,22.9149,11.174000000000001,27.2441,30.0562,15.2028,14.517999999999999,14.3204,13.3984,13.2758,18.9871,15.8376,16.1219,16.4001,16.6736,16.9377,17.1904,17.4295,17.6523,17.852999999999994,18.0312,18.1917,18.3384,18.4747,18.5976,18.7065,18.8077,18.9078,19.0127,19.1192,19.2217,19.3228,19.4248,19.5298,19.6352,19.7387,19.8427,19.9493,20.0605,20.174,20.2855,20.3934,20.4961,20.5923
"No targets calculated, so the baseline emissions are put in as target pathways for all un/conditional best/worst pathways.
",BWA,baseline_emissions,conditional,worst,KYOTOGHG,IPCM0EL,MtCO2eq,AR4,14.2395,13.6456,13.5581,13.6784,13.949000000000002,14.7936,14.9972,14.5547,14.1919,13.9173,14.1537,17.9504,18.5851,9.7662,10.1925,12.1252,14.3715,12.3605,22.9149,11.174000000000001,27.2441,30.0562,15.2028,14.517999999999999,14.3204,13.3984,13.2758,18.9871,15.8376,16.1219,16.4001,16.6736,16.9377,17.1904,17.4295,17.6523,17.852999999999994,18.0312,18.1917,18.3384,18.4747,18.5976,18.7065,18.8077,18.9078,19.0127,19.1192,19.2217,19.3228,19.4248,19.5298,19.6352,19.7387,19.8427,19.9493,20.0605,20.174,20.2855,20.3934,20.4961,20.5923
"No targets calculated, so the baseline emissions are put in as target pathways for all un/conditional best/worst pathways.
",BWA,baseline_emissions,conditional,best,KYOTOGHG,IPCM0EL,MtCO2eq,AR4,14.2395,13.6456,13.5581,13.6784,13.949000000000002,14.7936,14.9972,14.5547,14.1919,13.9173,14.1537,17.9504,18.5851,9.7662,10.1925,12.1252,14.3715,12.3605,22.9149,11.174000000000001,27.2441,30.0562,15.2028,14.517999999999999,14.3204,13.3984,13.2758,18.9871,15.8376,16.1219,16.4001,16.6736,16.9377,17.1904,17.4295,17.6523,17.852999999999994,18.0312,18.1917,18.3384,18.4747,18.5976,18.7065,18.8077,18.9078,19.0127,19.1192,19.2217,19.3228,19.4248,19.5298,19.6352,19.7387,19.8427,19.9493,20.0605,20.174,20.2855,20.3934,20.4961,20.5923
"No targets calculated, so the baseline emissions are put in as target pathways for all un/conditional best/worst pathways.
",BWA,baseline_emissions,unconditional,worst,KYOTOGHG,IPCM0EL,MtCO2eq,AR4,14.2395,13.6456,13.5581,13.6784,13.949000000000002,14.7936,14.9972,14.5547,14.1919,13.9173,14.1537,17.9504,18.5851,9.7662,10.1925,12.1252,14.3715,12.3605,22.9149,11.174000000000001,27.2441,30.0562,15.2028,14.517999999999999,14.3204,13.3984,13.2758,18.9871,15.8376,16.1219,16.4001,16.6736,16.9377,17.1904,17.4295,17.6523,17.852999999999994,18.0312,18.1917,18.3384,18.4747,18.5976,18.7065,18.8077,18.9078,19.0127,19.1192,19.2217,19.3228,19.4248,19.5298,19.6352,19.7387,19.8427,19.9493,20.0605,20.174,20.2855,20.3934,20.4961,20.5923
"No targets calculated, so the baseline emissions are put in as target pathways for all un/conditional best/worst pathways.
",BWA,baseline_emissions,unconditional,best,KYOTOGHG,IPCM0EL,MtCO2eq,AR4,14.2395,13.6456,13.5581,13.6784,13.949000000000002,14.7936,14.9972,14.5547,14.1919,13.9173,14.1537,17.9504,18.5851,9.7662,10.1925,12.1252,14.3715,12.3605,22.9149,11.174000000000001,27.2441,30.0562,15.2028,14.517999999999999,14.3204,13.3984,13.2758,18.9871,15.8376,16.1219,16.4001,16.6736,16.9377,17.1904,17.4295,17.6523,17.852999999999994,18.0312,18.1917,18.3384,18.4747,18.5976,18.7065,18.8077,18.9078,19.0127,19.1192,19.2217,19.3228,19.4248,19.5298,19.6352,19.7387,19.8427,19.9493,20.0605,20.174,20.2855,20.3934,20.4961,20.5923
,BWA,,emi_bau,emi_bau,KYOTOGHG,IPCM0EL,MtCO2eq,AR4,14.2395,13.6456,13.5581,13.6784,13.949000000000002,14.7936,14.9972,14.5547,14.1919,13.9173,14.1537,17.9504,18.5851,9.7662,10.1925,12.1252,14.3715,12.3605,22.9149,11.174000000000001,27.2441,30.0562,15.2028,14.517999999999999,14.3204,13.3984,13.2758,18.9871,15.8376,16.1219,16.4001,16.6736,16.9377,17.1904,17.4295,17.6523,17.852999999999994,18.0312,18.1917,18.3384,18.4747,18.5976,18.7065,18.8077,18.9078,19.0127,19.1192,19.2217,19.3228,19.4248,19.5298,19.6352,19.7387,19.8427,19.9493,20.0605,20.174,20.2855,20.3934,20.4961,20.5923
,BWA,,emi_cov,emi_cov,KYOTOGHG,IPCM0EL,MtCO2eq,AR4,3.1585691093715,3.0995398824528,3.3019227806074,3.7201603800672,3.5600904644370006,3.5744677699008,3.2365227262952,3.2904808451326004,3.8880660726654996,3.7246436048586,4.3354398886392005,4.4153082822784,4.544190576869,4.347494852144401,4.3960293371925,4.614309305438,4.654326842236499,4.7166548015095,5.014465504658999,4.216877373824001,5.1601620856955,4.5319532144242,4.773134666109599,5.602649393936,7.408448258275199,7.577103389996801,7.7421463676104,8.208357061201001,6.70762983444,6.6704192292488,6.634007009415599,6.5982099639600005,6.5636432356092,6.5305685991424,6.499273984632001,6.470112805891801,6.443844199088997,6.420520485456,6.399513446218201,6.3803126142216,6.362472983145099,6.3463872212496,6.332133844399499,6.318888269334401,6.3057866954016,6.292056853936,6.278117596664,6.2647018841617,6.2514694083324,6.238119141024801,6.224376207845401,6.210580929945601,6.1970343254852995,6.1834222959394,6.169469946524501,6.154915548067001,6.14006009001,6.125466419971,6.111343914609001,6.0979020285795995,6.085310903562301
,BWA,,emi_ncov,emi_ncov,KYOTOGHG,IPCM0EL,MtCO2eq,AR4,11.0809308906285,10.5460601175472,10.2561772193926,9.9582396199328,10.388909535563002,11.2191322300992,11.760677273704799,11.264219154867401,10.3038339273345,10.192656395141398,9.8182601113608,13.535091717721597,14.040909423131001,5.418705147855599,5.796470662807501,7.510890694561999,9.717173157763499,7.6438451984905,17.900434495341,6.957122626176,22.0839379143045,25.5242467855758,10.4296653338904,8.915350606063999,6.9119517417248,5.821296610003199,5.5336536323896,10.778742938799002,9.12997016556,9.451480770751202,9.766092990584399,10.07539003604,10.374056764390799,10.6598314008576,10.930226015368,11.1821871941082,11.409155800910996,11.610679514543998,11.7921865537818,11.9580873857784,12.112227016854899,12.2512127787504,12.3743661556005,12.4888117306656,12.602013304598401,12.720643146064,12.841082403336001,12.9569981158383,13.071330591667602,13.186680858975201,13.3054237921546,13.424619070054401,13.5416656745147,13.659277704060601,13.779830053475502,13.905584451933,14.03393990999,14.160033580029,14.282056085390998,14.3981979714204,14.5069890964377
,BWA,,pc_cov,pc_cov,KYOTOGHG,IPCM0EL,MtCO2eq/MtCO2eq,AR4,0.221817417,0.227145738,0.243538754,0.271973358,0.255221913,0.241622578,0.215808466,0.22607685800000002,0.273963745,0.267626882,0.306311416,0.24597269600000002,0.24450719,0.44515726200000005,0.431300401,0.380555315,0.323858111,0.38159093899999996,0.21882991,0.37738297600000004,0.189404755,0.150782641,0.313964182,0.385910552,0.517335288,0.565523002,0.583177388,0.43231231,0.42352565,0.413748952,0.404510156,0.395727975,0.387516796,0.379896256,0.37288929600000004,0.366530866,0.360939013,0.35607838,0.351782046,0.347920899,0.344388433,0.341247646,0.33849912299999996,0.33597347200000005,0.333501872,0.33093968,0.32836717,0.325918201,0.323528133,0.321142001,0.318711723,0.316298328,0.31395351899999996,0.311622022,0.309257465,0.306817654,0.304355115,0.301962802,0.299672635,0.297515236,0.295513901
,CAF,,pop,pop,POP,DEMOGR,Pers,,2806734.0,2878509.0,2959236.0,3046149.0,3135015.0,3222656.0,3308233.0,3392436.0,3475492.0,3558014.0,3640427.0,3722018.0,3802128.0,3881181.0,3959875.0,4038382.0,4118069.0,4198010.0,4273366.0,4337625.0,4386768.0,4418637.0,4436416.0,4447944.0,4464175.0,4493170.0,4537686.0,4596023.0,4673866.7503,4762842.1693,4851747.0099,4941175.8011,5031796.0458,5123184.2963,5214919.3257,5306582.2064,5397709.2924,5488026.8665,5577397.6832,5665677.2416,5752713.3165,5838774.8911,5924239.0352,6009111.2308,6093399.1045,6177112.5204,6260058.6793,6342096.7185,6423316.1282,6503806.3791,6583656.8903,6663294.3026,6742919.6766,6822286.1852,6901149.9102,6979269.8316,7056290.2952,7131943.9282,7206119.1523,7278697.4684,7349553.4809
,CAF,,gdp,gdp,GDPPPP,ECO,2011GKD,,2970200439.4531,2924511474.6094,2807937255.8594,2740769287.1094,3231395019.5313,3288317382.8125,2887304199.2188,3086655273.4375,3229543457.0313,3238239257.8125,3340085205.0781,3402076171.875,3395343750.0,3223351806.6406,3317064453.125,3425207763.6719,3531022460.9375,3667905761.7188,3728617675.7813,3657447265.625,3806516113.2813,4104749511.7188,4240591308.5938,2688336425.7813,2736671386.7188,3041237060.5469,3291197265.625,3362493408.2031,3247253886.6348,3410289642.9294,3577309938.2491,3750860499.8948,3932983026.3582,4121667700.8098,4314896860.3594,4510641174.1677,4706764615.4556,4902511603.4208,5097924436.712,5293050227.0355,5487934425.0529,5680866667.6026,5872473487.7444,6066290549.9917,6265840636.5765,6474639982.7165,6691519610.428,6913781082.8528,7142647828.3877,7379349378.4089,7625128992.6359,7878961492.1935,8139898234.6494,8409334833.4564,8688702387.6405,8979477996.3368,9282288654.3188,9596739613.4029,9922827394.9019,10260562212.782,10609967541.5821
"The target value from 'conditional_best' was used for 'conditional_worst' in 2030, 2050.
",CAF,ABS,conditional,worst,KYOTOGHG,IPCM0EL,MtCO2eq,AR4,19.3474,19.7827,19.9213,20.0172,20.2575,21.7911,22.6681,24.0882,27.3651,25.8623,30.3879,30.6953,27.4744,38.4104,38.5029,38.5512,14.6742,14.8193,15.0547,8.8555,9.2718,9.9912,9.4785,9.6982,9.6372,9.9495,10.55,10.640999999999998,12.298653846153845,13.956307692307695,15.613961538461538,17.18525864905198,18.73997947865651,20.27812402727513,21.79969229490784,23.304684281554643,24.793099987215523,26.264939411890516,27.720202555579586,29.158889418282747,30.581,31.557205867244573,32.505792169516035,33.426758906814385,34.32010607913961,35.18583368649174,36.023941728870746,36.83443020627664,37.617299118709425,38.3725484661691,39.10017824865565,39.800188466169104,40.472579118709426,41.11735020627664,41.73450172887075,42.32403368649174,42.885946079139615,43.42023890681438,43.92691216951604,44.40596586724458,44.8574
,CAF,ABS,conditional,best,KYOTOGHG,IPCM0EL,MtCO2eq,AR4,19.3474,19.7827,19.9213,20.0172,20.2575,21.7911,22.6681,24.0882,27.3651,25.8623,30.3879,30.6953,27.4744,38.4104,38.5029,38.5512,14.6742,14.8193,15.0547,8.8555,9.2718,9.9912,9.4785,9.6982,9.6372,9.9495,10.55,10.640999999999998,12.298653846153845,13.956307692307695,15.613961538461538,17.18525864905198,18.73997947865651,20.27812402727513,21.79969229490784,23.304684281554643,24.793099987215523,26.264939411890516,27.720202555579586,29.158889418282747,30.581,31.557205867244573,32.505792169516035,33.426758906814385,34.32010607913961,35.18583368649174,36.023941728870746,36.83443020627664,37.617299118709425,38.3725484661691,39.10017824865565,39.800188466169104,40.472579118709426,41.11735020627664,41.73450172887075,42.32403368649174,42.885946079139615,43.42023890681438,43.92691216951604,44.40596586724458,44.8574
"The target value from 'unconditional_best' was used for 'unconditional_worst' in 2030, 2050.
",CAF,ABS,unconditional,worst,KYOTOGHG,IPCM0EL,MtCO2eq,AR4,19.3474,19.7827,19.9213,20.0172,20.2575,21.7911,22.6681,24.0882,27.3651,25.8623,30.3879,30.6953,27.4744,38.4104,38.5029,38.5512,14.6742,14.8193,15.0547,8.8555,9.2718,9.9912,9.4785,9.6982,9.6372,9.9495,10.55,10.640999999999998,12.298653846153845,13.956307692307695,15.613961538461538,17.20771300993007,18.789198342439782,20.35841753599067,21.915370590582747,23.460057506216007,24.99247828289043,26.51263292060606,28.020521419362858,29.516143779160842,30.9995,32.29916058751294,33.59633532370872,34.89102420858735,36.18322724214883,37.47294442439316,38.76017575532034,40.04492123493037,41.32718086322324,42.60695464019898,43.884242565857555,45.15904464019898,46.431360863223254,47.70119123493037,48.96853575532034,50.23339442439317,51.49576724214882,52.75565420858736,54.01305532370872,55.267970587512934,56.5204
,CAF,ABS,unconditional,best,KYOTOGHG,IPCM0EL,MtCO2eq,AR4,19.3474,19.7827,19.9213,20.0172,20.2575,21.7911,22.6681,24.0882,27.3651,25.8623,30.3879,30.6953,27.4744,38.4104,38.5029,38.5512,14.6742,14.8193,15.0547,8.8555,9.2718,9.9912,9.4785,9.6982,9.6372,9.9495,10.55,10.640999999999998,12.298653846153845,13.956307692307695,15.613961538461538,17.20771300993007,18.789198342439782,20.35841753599067,21.915370590582747,23.460057506216007,24.99247828289043,26.51263292060606,28.020521419362858,29.516143779160842,30.9995,32.29916058751294,33.59633532370872,34.89102420858735,36.18322724214883,37.47294442439316,38.76017575532034,40.04492123493037,41.32718086322324,42.60695464019898,43.884242565857555,45.15904464019898,46.431360863223254,47.70119123493037,48.96853575532034,50.23339442439317,51.49576724214882,52.75565420858736,54.01305532370872,55.267970587512934,56.5204
"The target value from 'conditional_best' was used for 'conditional_worst' in 2030, 2050.
",CAF,ABU,conditional,worst,KYOTOGHG,IPCM0EL,MtCO2eq,AR4,19.3474,19.7827,19.9213,20.0172,20.2575,21.7911,22.6681,24.0882,27.3651,25.8623,30.3879,30.6953,27.4744,38.4104,38.5029,38.5512,14.6742,14.8193,15.0547,8.8555,9.2718,9.9912,9.4785,9.6982,9.6372,9.9495,10.55,10.640999999999998,12.298653846153845,13.956307692307695,15.613961538461538,17.18525864905198,18.73997947865651,20.27812402727513,21.79969229490784,23.304684281554643,24.793099987215523,26.264939411890516,27.720202555579586,29.158889418282747,30.581,31.557205867244573,32.505792169516035,33.426758906814385,34.32010607913961,35.18583368649174,36.023941728870746,36.83443020627664,37.617299118709425,38.3725484661691,39.10017824865565,39.800188466169104,40.472579118709426,41.11735020627664,41.73450172887075,42.32403368649174,42.885946079139615,43.42023890681438,43.92691216951604,44.40596586724458,44.8574
,CAF,ABU,conditional,best,KYOTOGHG,IPCM0EL,MtCO2eq,AR4,19.3474,19.7827,19.9213,20.0172,20.2575,21.7911,22.6681,24.0882,27.3651,25.8623,30.3879,30.6953,27.4744,38.4104,38.5029,38.5512,14.6742,14.8193,15.0547,8.8555,9.2718,9.9912,9.4785,9.6982,9.6372,9.9495,10.55,10.640999999999998,12.298653846153845,13.956307692307695,15.613961538461538,17.18525864905198,18.73997947865651,20.27812402727513,21.79969229490784,23.304684281554643,24.793099987215523,26.264939411890516,27.720202555579586,29.158889418282747,30.581,31.557205867244573,32.505792169516035,33.426758906814385,34.32010607913961,35.18583368649174,36.023941728870746,36.83443020627664,37.617299118709425,38.3725484661691,39.10017824865565,39.800188466169104,40.472579118709426,41.11735020627664,41.73450172887075,42.32403368649174,42.885946079139615,43.42023890681438,43.92691216951604,44.40596586724458,44.8574
"The target value from 'unconditional_best' was used for 'unconditional_worst' in 2030, 2050.
",CAF,ABU,unconditional,worst,KYOTOGHG,IPCM0EL,MtCO2eq,AR4,19.3474,19.7827,19.9213,20.0172,20.2575,21.7911,22.6681,24.0882,27.3651,25.8623,30.3879,30.6953,27.4744,38.4104,38.5029,38.5512,14.6742,14.8193,15.0547,8.8555,9.2718,9.9912,9.4785,9.6982,9.6372,9.9495,10.55,10.640999999999998,12.298653846153845,13.956307692307695,15.613961538461538,17.20771300993007,18.789198342439782,20.35841753599067,21.915370590582747,23.460057506216007,24.99247828289043,26.51263292060606,28.020521419362858,29.516143779160842,30.9995,32.29916058751294,33.59633532370872,34.89102420858735,36.18322724214883,37.47294442439316,38.76017575532034,40.04492123493037,41.32718086322324,42.60695464019898,43.884242565857555,45.15904464019898,46.431360863223254,47.70119123493037,48.96853575532034,50.23339442439317,51.49576724214882,52.75565420858736,54.01305532370872,55.267970587512934,56.5204
,CAF,ABU,unconditional,best,KYOTOGHG,IPCM0EL,MtCO2eq,AR4,19.3474,19.7827,19.9213,20.0172,20.2575,21.7911,22.6681,24.0882,27.3651,25.8623,30.3879,30.6953,27.4744,38.4104,38.5029,38.5512,14.6742,14.8193,15.0547,8.8555,9.2718,9.9912,9.4785,9.6982,9.6372,9.9495,10.55,10.640999999999998,12.298653846153845,13.956307692307695,15.613961538461538,17.20771300993007,18.789198342439782,20.35841753599067,21.915370590582747,23.460057506216007,24.99247828289043,26.51263292060606,28.020521419362858,29.516143779160842,30.9995,32.29916058751294,33.59633532370872,34.89102420858735,36.18322724214883,37.47294442439316,38.76017575532034,40.04492123493037,41.32718086322324,42.60695464019898,43.884242565857555,45.15904464019898,46.431360863223254,47.70119123493037,48.96853575532034,50.23339442439317,51.49576724214882,52.75565420858736,54.01305532370872,55.267970587512934,56.5204
"The target value from 'conditional_best' was used for 'conditional_worst' in 2030, 2050.
",CAF,AEI,conditional,worst,KYOTOGHG,IPCM0EL,MtCO2eq,AR4,19.3474,19.7827,19.9213,20.0172,20.2575,21.7911,22.6681,24.0882,27.3651,25.8623,30.3879,30.6953,27.4744,38.4104,38.5029,38.5512,14.6742,14.8193,15.0547,8.8555,9.2718,9.9912,9.4785,9.6982,9.6372,9.9495,10.55,10.640999999999998,12.298653846153845,13.956307692307695,15.613961538461538,21.717619955443432,28.674694386241317,36.48518483085519,45.149091289285046,54.666413761530904,65.03715224759272,76.26130674747057,88.33887726116438,101.26986378867419,115.05426632999999,116.46577670492464,117.58734059533514,118.41895800123145,118.96062892261355,119.21235335948154,119.17413131183532,118.84596277967492,118.22784776300036,117.31978626181161,116.12177827610871,114.63382380589164,112.85592285116036,110.78807541191492,108.4302814881553,105.78254107988154,102.84485418709356,99.61722080979145,96.09964094797512,92.29211460164466,88.1946417708
,CAF,AEI,conditional,best,KYOTOGHG,IPCM0EL,MtCO2eq,AR4,19.3474,19.7827,19.9213,20.0172,20.2575,21.7911,22.6681,24.0882,27.3651,25.8623,30.3879,30.6953,27.4744,38.4104,38.5029,38.5512,14.6742,14.8193,15.0547,8.8555,9.2718,9.9912,9.4785,9.6982,9.6372,9.9495,10.55,10.640999999999998,12.298653846153845,13.956307692307695,15.613961538461538,21.717619955443432,28.674694386241317,36.48518483085519,45.149091289285046,54.666413761530904,65.03715224759272,76.26130674747057,88.33887726116438,101.26986378867419,115.05426632999999,116.46577670492464,117.58734059533514,118.41895800123145,118.96062892261355,119.21235335948154,119.17413131183532,118.84596277967492,118.22784776300036,117.31978626181161,116.12177827610871,114.63382380589164,112.85592285116036,110.78807541191492,108.4302814881553,105.78254107988154,102.84485418709356,99.61722080979145,96.09964094797512,92.29211460164466,88.1946417708
,CAF,AEI,unconditional,worst,KYOTOGHG,IPCM0EL,MtCO2eq,AR4,19.3474,19.7827,19.9213,20.0172,20.2575,21.7911,22.6681,24.0882,27.3651,25.8623,30.3879,30.6953,27.4744,38.4104,38.5029,38.5512,14.6742,14.8193,15.0547,8.8555,9.2718,9.9912,9.4785,9.6982,9.6372,9.9495,10.55,10.640999999999998,12.298653846153845,13.956307692307695,15.613961538461538,17.271615384615387,18.929269230769233,20.586923076923078,22.244576923076924,23.902230769230773,25.559884615384608,27.217538461538464,28.87519230769231,30.532846153846155,32.1905,33.57147,34.95244,36.33341,37.71438,39.09535,40.47632,41.85729,43.23826,44.61923,46.0002,47.381170000000004,48.76214,50.14311,51.52408,52.90505,54.28601999999999,55.666990000000006,57.047959999999996,58.42893,59.8099
,CAF,AEI,unconditional,best,KYOTOGHG,IPCM0EL,MtCO2eq,AR4,19.3474,19.7827,19.9213,20.0172,20.2575,21.7911,22.6681,24.0882,27.3651,25.8623,30.3879,30.6953,27.4744,38.4104,38.5029,38.5512,14.6742,14.8193,15.0547,8.8555,9.2718,9.9912,9.4785,9.6982,9.6372,9.9495,10.55,10.640999999999998,12.298653846153845,13.956307692307695,15.613961538461538,17.271615384615387,18.929269230769233,20.586923076923078,22.244576923076924,23.902230769230773,25.559884615384608,27.217538461538464,28.87519230769231,30.532846153846155,32.1905,33.57147,34.95244,36.33341,37.71438,39.09535,40.47632,41.85729,43.23826,44.61923,46.0002,47.381170000000004,48.76214,50.14311,51.52408,52.90505,54.28601999999999,55.666990000000006,57.047959999999996,58.42893,59.8099
"The target value from 'conditional_best' was used for 'conditional_worst' in 2030, 2050.
",CAF,RBU,conditional,worst,KYOTOGHG,IPCM0EL,MtCO2eq,AR4,19.3474,19.7827,19.9213,20.0172,20.2575,21.7911,22.6681,24.0882,27.3651,25.8623,30.3879,30.6953,27.4744,38.4104,38.5029,38.5512,14.6742,14.8193,15.0547,8.8555,9.2718,9.9912,9.4785,9.6982,9.6372,9.9495,10.55,10.640999999999998,12.298653846153845,13.956307692307695,15.613961538461538,17.18525730769231,18.73997653846154,20.27811923076923,21.799685384615383,23.304675,24.793088076923066,26.264924615384615,27.720184615384614,29.158868076923074,30.580974999999995,31.557184605315957,32.50577504142653,33.426746308331715,34.320098406031505,35.18583133452592,36.02394509381494,36.834439683898566,37.6173151047768,38.37257135644966,39.10020843891712,39.800226352179195,40.47262509623588,41.11740467108718,41.734565076733084,42.32410631317361,42.886028380408725,43.42033127843848,43.927015007262824,44.40607956688179,44.85752495729537
,CAF,RBU,conditional,best,KYOTOGHG,IPCM0EL,MtCO2eq,AR4,19.3474,19.7827,19.9213,20.0172,20.2575,21.7911,22.6681,24.0882,27.3651,25.8623,30.3879,30.6953,27.4744,38.4104,38.5029,38.5512,14.6742,14.8193,15.0547,8.8555,9.2718,9.9912,9.4785,9.6982,9.6372,9.9495,10.55,10.640999999999998,12.298653846153845,13.956307692307695,15.613961538461538,17.18525730769231,18.73997653846154,20.27811923076923,21.799685384615383,23.304675,24.793088076923066,26.264924615384615,27.720184615384614,29.158868076923074,30.580974999999995,31.557184605315957,32.50577504142653,33.426746308331715,34.320098406031505,35.18583133452592,36.02394509381494,36.834439683898566,37.6173151047768,38.37257135644966,39.10020843891712,39.800226352179195,40.47262509623588,41.11740467108718,41.734565076733084,42.32410631317361,42.886028380408725,43.42033127843848,43.927015007262824,44.40607956688179,44.85752495729537
"The target value from 'unconditional_best' was used for 'unconditional_worst' in 2030, 2050.
",CAF,RBU,unconditional,worst,KYOTOGHG,IPCM0EL,MtCO2eq,AR4,19.3474,19.7827,19.9213,20.0172,20.2575,21.7911,22.6681,24.0882,27.3651,25.8623,30.3879,30.6953,27.4744,38.4104,38.5029,38.5512,14.6742,14.8193,15.0547,8.8555,9.2718,9.9912,9.4785,9.6982,9.6372,9.9495,10.55,10.640999999999998,12.298653846153845,13.956307692307695,15.613961538461538,17.20771040769231,18.78919263846154,20.35840823076923,21.91535718461538,23.4600395,24.992455176923066,26.512604215384613,28.020486615384613,29.516102376923072,30.999451499999992,32.2991119041695,33.59628661311383,34.89097562683297,36.18317894532692,37.472896568595694,38.76012849663928,40.044874729457675,41.327135267050885,42.60691010941892,43.88419925656176,45.15900270847942,46.431320465171886,47.70115252663917,48.968498892881264,50.23335956389819,51.495734539689906,52.75562382025647,54.01302740559781,55.26794529571399,56.52037749060497
,CAF,RBU,unconditional,best,KYOTOGHG,IPCM0EL,MtCO2eq,AR4,19.3474,19.7827,19.9213,20.0172,20.2575,21.7911,22.6681,24.0882,27.3651,25.8623,30.3879,30.6953,27.4744,38.4104,38.5029,38.5512,14.6742,14.8193,15.0547,8.8555,9.2718,9.9912,9.4785,9.6982,9.6372,9.9495,10.55,10.640999999999998,12.298653846153845,13.956307692307695,15.613961538461538,17.20771040769231,18.78919263846154,20.35840823076923,21.91535718461538,23.4600395,24.992455176923066,26.512604215384613,28.020486615384613,29.516102376923072,30.999451499999992,32.2991119041695,33.59628661311383,34.89097562683297,36.18317894532692,37.472896568595694,38.76012849663928,40.044874729457675,41.327135267050885,42.60691010941892,43.88419925656176,45.15900270847942,46.431320465171886,47.70115252663917,48.968498892881264,50.23335956389819,51.495734539689906,52.75562382025647,54.01302740559781,55.26794529571399,56.52037749060497
"No targets calculated, so the baseline emissions are put in as target pathways for all un/conditional best/worst pathways.
",CAF,baseline_emissions,conditional,worst,KYOTOGHG,IPCM0EL,MtCO2eq,AR4,19.3474,19.7827,19.9213,20.0172,20.2575,21.7911,22.6681,24.0882,27.3651,25.8623,30.3879,30.6953,27.4744,38.4104,38.5029,38.5512,14.6742,14.8193,15.0547,8.8555,9.2718,9.9912,9.4785,9.6982,9.6372,9.9495,10.55,10.640999999999998,12.298653846153845,13.956307692307695,15.613961538461538,17.271615384615387,18.929269230769233,20.586923076923078,22.244576923076924,23.902230769230773,25.559884615384608,27.217538461538464,28.87519230769231,30.532846153846155,32.1905,33.57147,34.95244,36.33341,37.71438,39.09535,40.47632,41.85729,43.23826,44.61923,46.0002,47.381170000000004,48.76214,50.14311,51.52408,52.90505,54.28601999999999,55.666990000000006,57.047959999999996,58.42893,59.8099
"No targets calculated, so the baseline emissions are put in as target pathways for all un/conditional best/worst pathways.
",CAF,baseline_emissions,conditional,best,KYOTOGHG,IPCM0EL,MtCO2eq,AR4,19.3474,19.7827,19.9213,20.0172,20.2575,21.7911,22.6681,24.0882,27.3651,25.8623,30.3879,30.6953,27.4744,38.4104,38.5029,38.5512,14.6742,14.8193,15.0547,8.8555,9.2718,9.9912,9.4785,9.6982,9.6372,9.9495,10.55,10.640999999999998,12.298653846153845,13.956307692307695,15.613961538461538,17.271615384615387,18.929269230769233,20.586923076923078,22.244576923076924,23.902230769230773,25.559884615384608,27.217538461538464,28.87519230769231,30.532846153846155,32.1905,33.57147,34.95244,36.33341,37.71438,39.09535,40.47632,41.85729,43.23826,44.61923,46.0002,47.381170000000004,48.76214,50.14311,51.52408,52.90505,54.28601999999999,55.666990000000006,57.047959999999996,58.42893,59.8099
"No targets calculated, so the baseline emissions are put in as target pathways for all un/conditional best/worst pathways.
",CAF,baseline_emissions,unconditional,worst,KYOTOGHG,IPCM0EL,MtCO2eq,AR4,19.3474,19.7827,19.9213,20.0172,20.2575,21.7911,22.6681,24.0882,27.3651,25.8623,30.3879,30.6953,27.4744,38.4104,38.5029,38.5512,14.6742,14.8193,15.0547,8.8555,9.2718,9.9912,9.4785,9.6982,9.6372,9.9495,10.55,10.640999999999998,12.298653846153845,13.956307692307695,15.613961538461538,17.271615384615387,18.929269230769233,20.586923076923078,22.244576923076924,23.902230769230773,25.559884615384608,27.217538461538464,28.87519230769231,30.532846153846155,32.1905,33.57147,34.95244,36.33341,37.71438,39.09535,40.47632,41.85729,43.23826,44.61923,46.0002,47.381170000000004,48.76214,50.14311,51.52408,52.90505,54.28601999999999,55.666990000000006,57.047959999999996,58.42893,59.8099
"No targets calculated, so the baseline emissions are put in as target pathways for all un/conditional best/worst pathways.
",CAF,baseline_emissions,unconditional,best,KYOTOGHG,IPCM0EL,MtCO2eq,AR4,19.3474,19.7827,19.9213,20.0172,20.2575,21.7911,22.6681,24.0882,27.3651,25.8623,30.3879,30.6953,27.4744,38.4104,38.5029,38.5512,14.6742,14.8193,15.0547,8.8555,9.2718,9.9912,9.4785,9.6982,9.6372,9.9495,10.55,10.640999999999998,12.298653846153845,13.956307692307695,15.613961538461538,17.271615384615387,18.929269230769233,20.586923076923078,22.244576923076924,23.902230769230773,25.559884615384608,27.217538461538464,28.87519230769231,30.532846153846155,32.1905,33.57147,34.95244,36.33341,37.71438,39.09535,40.47632,41.85729,43.23826,44.61923,46.0002,47.381170000000004,48.76214,50.14311,51.52408,52.90505,54.28601999999999,55.666990000000006,57.047959999999996,58.42893,59.8099
,CAF,,emi_bau,emi_bau,KYOTOGHG,IPCM0EL,MtCO2eq,AR4,19.3474,19.7827,19.9213,20.0172,20.2575,21.7911,22.6681,24.0882,27.3651,25.8623,30.3879,30.6953,27.4744,38.4104,38.5029,38.5512,14.6742,14.8193,15.0547,8.8555,9.2718,9.9912,9.4785,9.6982,9.6372,9.9495,10.55,10.640999999999998,12.298653846153845,13.956307692307695,15.613961538461538,17.271615384615387,18.929269230769233,20.586923076923078,22.244576923076924,23.902230769230773,25.559884615384608,27.217538461538464,28.87519230769231,30.532846153846155,32.1905,33.57147,34.95244,36.33341,37.71438,39.09535,40.47632,41.85729,43.23826,44.61923,46.0002,47.381170000000004,48.76214,50.14311,51.52408,52.90505,54.28601999999999,55.666990000000006,57.047959999999996,58.42893,59.8099
,CAF,,emi_cov,emi_cov,KYOTOGHG,IPCM0EL,MtCO2eq,AR4,19.3474,19.7827,19.9213,20.0172,20.2575,21.7911,22.6681,24.0882,27.3651,25.8623,30.3879,30.6953,27.4744,38.4104,38.5029,38.5512,14.6742,14.8193,15.0547,8.8555,9.2718,9.9912,9.4785,9.6982,9.6372,9.9495,10.55,10.640999999999998,12.298653846153845,13.956307692307695,15.613961538461538,17.271615384615387,18.929269230769233,20.586923076923078,22.24446060618419,23.902206293346463,25.559782043567647,27.217538461538464,28.87519230769231,30.53270115335977,32.1905,33.57147,34.95244,36.33341,37.71438,39.09535,40.47632,41.85729,43.23826,44.61923,46.0002,47.381170000000004,48.76176360504134,50.14311,51.52408,52.90505,54.28562968351619,55.666990000000006,57.04756454354128,58.42893,59.809500170818495
,CAF,,emi_ncov,emi_ncov,KYOTOGHG,IPCM0EL,MtCO2eq,AR4,0.0,0.0,0.0,0.0,0.0,0.0,0.0,0.0,0.0,0.0,0.0,0.0,0.0,0.0,0.0,0.0,0.0,0.0,0.0,0.0,0.0,0.0,0.0,0.0,0.0,0.0,0.0,0.0,0.0,0.0,0.0,0.0,0.0,0.0,0.0001163168927331385,2.447588430807769e-05,0.00010257181696075635,0.0,0.0,0.0001450004863854121,0.0,0.0,0.0,0.0,0.0,0.0,0.0,0.0,0.0,0.0,0.0,0.0,0.0003763949586635421,0.0,0.0,0.0,0.00039031648380248465,0.0,0.0003954564587208578,0.0,0.00039982918150037493
,CAF,,pc_cov,pc_cov,KYOTOGHG,IPCM0EL,MtCO2eq/MtCO2eq,AR4,1.0,1.0,1.0,1.0,1.0,1.0,1.0,1.0,1.0,1.0,1.0,1.0,1.0,1.0,1.0,1.0,1.0,1.0,1.0,1.0,1.0,1.0,1.0,1.0,1.0,1.0,1.0,1.0,1.0,1.0,1.0,1.0,1.0,1.0,0.9999947709999999,0.999998976,0.999995987,1.0,1.0,0.999995251,1.0,1.0,1.0,1.0,1.0,1.0,1.0,1.0,1.0,1.0,1.0,1.0,0.9999922809999999,1.0,1.0,1.0,0.99999281,1.0,0.999993068,1.0,0.999993315
,CAN,,pop,pop,POP,DEMOGR,Pers,,27541319.0,27888810.0,28224409.0,28547967.0,28860734.0,29164152.0,29457817.0,29742382.0,30022073.0,30302515.0,30588383.0,30880073.0,31178263.0,31488048.0,31815494.0,32164309.0,32536987.0,32930794.0,33337638.0,33746093.0,34147564.0,34539159.0,34922030.0,35296528.0,35664337.0,36026676.0,36382944.0,36732095.0,37027281.2781,37239514.995,37413257.9031,37563432.3338,37709089.9275,37847883.5865,37977458.5785,38095449.4559,38206445.4316,38314240.7733,38415259.2709,38505910.8363,38582589.8807,38645969.8058,38697900.9981,38736544.6557,38760084.3167,38766727.2552,38762745.9078,38756504.9291,38749370.8984,38742717.7143,38737927.0821,38725865.7455,38698687.2762,38659705.5044,38612229.1374,38559561.1556,38501295.3592,38436207.4149,38366365.5284,38293835.5569,38220681.6937
,CAN,,gdp,gdp,GDPPPP,ECO,2011GKD,,835768750000.0,814601812500.0,822100062500.0,846281000000.0,887385375000.0,924156750000.0,946441937500.0,993100500000.0,1015193187500.0,1082279750000.0,1149054875000.0,1150438875000.0,1160419750000.0,1200164875000.0,1252366000000.0,1326924750000.0,1340594125000.0,1358959000000.0,1382668500000.0,1289737125000.0,1358793375000.0,1425045625000.0,1460425875000.0,1513226000000.0,1573313500000.0,1535818125000.0,1540241875000.0,1603831875000.0,1634088513108.309,1665848880298.212,1694334296654.65,1720084618910.56,1744605850849.1392,1768657679306.0342,1792997353820.272,1818382646822.72,1844102135258.719,1869319595989.0056,1894607653468.43,1920538923069.646,1947685637923.694,1976423118250.4656,2006525529405.1768,2037661345179.016,2069496333381.528,2101692994151.7869,2134648341104.098,2168595445668.2568,2202949715161.376,2237129176249.859,2270555056891.852,2303523154854.517,2336504428022.59,2369192786008.101,2401291912271.377,2432514738557.444,2462901810395.452,2492502552809.446,2521047202226.228,2548262997239.756,2573874528594.456
"The target value from 'unconditional_best' was used for 'conditional_worst' in 2030.
The target value from 'unconditional_best' was used for 'conditional_best' in 2030.
",CAN,ABS,conditional,worst,KYOTOGHG,IPCM0EL,MtCO2eq,AR4,609.0678,600.2213,617.0832,619.3192,640.8868,657.4751,678.5577,693.7686,701.1502,714.0323,737.1631,726.3384,730.6818,747.1831,749.13,736.3004,727.6668,750.5125,730.1257,687.7322,699.3821,709.3876,717.0581,728.265,729.2702,728.1482,713.8603,721.8594,728.4135230769231,734.9676461538463,741.5217692307692,727.7765327266702,713.6755983516872,699.2189661058202,684.4066359890691,669.2386080014343,653.7148821429155,637.8354584135126,621.6003368132255,605.0095173420548,588.063,594.2255940339229,600.8696042944603,607.9062817330246,615.248188863323,622.8091997613567,630.719523417131,639.0600395054661,647.6740891967542,656.4084382962668,665.1126214630084,673.8334906167177,682.6608877745604,691.5134960742841,700.3132046948008,708.9844530750388,717.5442186602533,726.0099160831311,734.3078063968984,742.3631305507748,750.1001093899732
,CAN,ABS,conditional,best,KYOTOGHG,IPCM0EL,MtCO2eq,AR4,609.0678,600.2213,617.0832,619.3192,640.8868,657.4751,678.5577,693.7686,701.1502,714.0323,737.1631,726.3384,730.6818,747.1831,749.13,736.3004,727.6668,750.5125,730.1257,687.7322,699.3821,709.3876,717.0581,728.265,729.2702,728.1482,713.8603,721.8594,728.4135230769231,734.9676461538463,741.5217692307692,727.7765327266702,713.6755983516872,699.2189661058202,684.4066359890691,669.2386080014343,653.7148821429155,637.8354584135126,621.6003368132255,605.0095173420548,588.063,594.2255940339229,600.8696042944603,607.9062817330246,615.248188863323,622.8091997613567,630.719523417131,639.0600395054661,647.6740891967542,656.4084382962668,665.1126214630084,673.8334906167177,682.6608877745604,691.5134960742841,700.3132046948008,708.9844530750388,717.5442186602533,726.0099160831311,734.3078063968984,742.3631305507748,750.1001093899732
"The target value from 'unconditional_best' was used for 'unconditional_worst' in 2030.
",CAN,ABS,unconditional,worst,KYOTOGHG,IPCM0EL,MtCO2eq,AR4,609.0678,600.2213,617.0832,619.3192,640.8868,657.4751,678.5577,693.7686,701.1502,714.0323,737.1631,726.3384,730.6818,747.1831,749.13,736.3004,727.6668,750.5125,730.1257,687.7322,699.3821,709.3876,717.0581,728.265,729.2702,728.1482,713.8603,721.8594,728.4135230769231,734.9676461538463,741.5217692307692,727.7765327266702,713.6755983516872,699.2189661058202,684.4066359890691,669.2386080014343,653.7148821429155,637.8354584135126,621.6003368132255,605.0095173420548,588.063,594.2255940339229,600.8696042944603,607.9062817330246,615.248188863323,622.8091997613567,630.719523417131,639.0600395054661,647.6740891967542,656.4084382962668,665.1126214630084,673.8334906167177,682.6608877745604,691.5134960742841,700.3132046948008,708.9844530750388,717.5442186602533,726.0099160831311,734.3078063968984,742.3631305507748,750.1001093899732
,CAN,ABS,unconditional,best,KYOTOGHG,IPCM0EL,MtCO2eq,AR4,609.0678,600.2213,617.0832,619.3192,640.8868,657.4751,678.5577,693.7686,701.1502,714.0323,737.1631,726.3384,730.6818,747.1831,749.13,736.3004,727.6668,750.5125,730.1257,687.7322,699.3821,709.3876,717.0581,728.265,729.2702,728.1482,713.8603,721.8594,728.4135230769231,734.9676461538463,741.5217692307692,727.7765327266702,713.6755983516872,699.2189661058202,684.4066359890691,669.2386080014343,653.7148821429155,637.8354584135126,621.6003368132255,605.0095173420548,588.063,594.2255940339229,600.8696042944603,607.9062817330246,615.248188863323,622.8091997613567,630.719523417131,639.0600395054661,647.6740891967542,656.4084382962668,665.1126214630084,673.8334906167177,682.6608877745604,691.5134960742841,700.3132046948008,708.9844530750388,717.5442186602533,726.0099160831311,734.3078063968984,742.3631305507748,750.1001093899732
"The target value from 'unconditional_best' was used for 'conditional_worst' in 2030.
The target value from 'unconditional_best' was used for 'conditional_best' in 2030.
",CAN,RBY,conditional,worst,KYOTOGHG,IPCM0EL,MtCO2eq,AR4,609.0678,600.2213,617.0832,619.3192,640.8868,657.4751,678.5577,693.7686,701.1502,714.0323,737.1631,726.3384,730.6818,747.1831,749.13,736.3004,727.6668,750.5125,730.1257,687.7322,699.3821,709.3876,717.0581,728.265,729.2702,728.1482,713.8603,721.8594,728.4135230769231,734.9676461538463,741.5217692307692,727.7672636127063,713.6568977046401,699.190671506571,684.3685850184985,669.1906382404234,653.6568311723449,637.7671638142633,621.5216361661785,604.9202482280908,587.963,594.1245460859932,600.7674265338642,607.8029073867839,615.1435660271875,622.7032911767728,630.6122696835314,638.9513674687105,647.563952342506,656.2968161676349,664.9995191897038,673.7189053612915,682.544801421946,691.3959043373318,700.1941165690906,708.86389040521,717.4222004039336,725.8864582365936,734.1829374957097,742.2368918432637,749.9725550106991
,CAN,RBY,conditional,best,KYOTOGHG,IPCM0EL,MtCO2eq,AR4,609.0678,600.2213,617.0832,619.3192,640.8868,657.4751,678.5577,693.7686,701.1502,714.0323,737.1631,726.3384,730.6818,747.1831,749.13,736.3004,727.6668,750.5125,730.1257,687.7322,699.3821,709.3876,717.0581,728.265,729.2702,728.1482,713.8603,721.8594,728.4135230769231,734.9676461538463,741.5217692307692,727.7672636127063,713.6568977046401,699.190671506571,684.3685850184985,669.1906382404234,653.6568311723449,637.7671638142633,621.5216361661785,604.9202482280908,587.963,594.1245460859932,600.7674265338642,607.8029073867839,615.1435660271875,622.7032911767728,630.6122696835314,638.9513674687105,647.563952342506,656.2968161676349,664.9995191897038,673.7189053612915,682.544801421946,691.3959043373318,700.1941165690906,708.86389040521,717.4222004039336,725.8864582365936,734.1829374957097,742.2368918432637,749.9725550106991
"The target value from 'unconditional_best' was used for 'unconditional_worst' in 2030.
",CAN,RBY,unconditional,worst,KYOTOGHG,IPCM0EL,MtCO2eq,AR4,609.0678,600.2213,617.0832,619.3192,640.8868,657.4751,678.5577,693.7686,701.1502,714.0323,737.1631,726.3384,730.6818,747.1831,749.13,736.3004,727.6668,750.5125,730.1257,687.7322,699.3821,709.3876,717.0581,728.265,729.2702,728.1482,713.8603,721.8594,728.4135230769231,734.9676461538463,741.5217692307692,727.7672636127063,713.6568977046401,699.190671506571,684.3685850184985,669.1906382404234,653.6568311723449,637.7671638142633,621.5216361661785,604.9202482280908,587.963,594.1245460859932,600.7674265338642,607.8029073867839,615.1435660271875,622.7032911767728,630.6122696835314,638.9513674687105,647.563952342506,656.2968161676349,664.9995191897038,673.7189053612915,682.544801421946,691.3959043373318,700.1941165690906,708.86389040521,717.4222004039336,725.8864582365936,734.1829374957097,742.2368918432637,749.9725550106991
,CAN,RBY,unconditional,best,KYOTOGHG,IPCM0EL,MtCO2eq,AR4,609.0678,600.2213,617.0832,619.3192,640.8868,657.4751,678.5577,693.7686,701.1502,714.0323,737.1631,726.3384,730.6818,747.1831,749.13,736.3004,727.6668,750.5125,730.1257,687.7322,699.3821,709.3876,717.0581,728.265,729.2702,728.1482,713.8603,721.8594,728.4135230769231,734.9676461538463,741.5217692307692,727.7672636127063,713.6568977046401,699.190671506571,684.3685850184985,669.1906382404234,653.6568311723449,637.7671638142633,621.5216361661785,604.9202482280908,587.963,594.1245460859932,600.7674265338642,607.8029073867839,615.1435660271875,622.7032911767728,630.6122696835314,638.9513674687105,647.563952342506,656.2968161676349,664.9995191897038,673.7189053612915,682.544801421946,691.3959043373318,700.1941165690906,708.86389040521,717.4222004039336,725.8864582365936,734.1829374957097,742.2368918432637,749.9725550106991
"No targets calculated, so the baseline emissions are put in as target pathways for all un/conditional best/worst pathways.
",CAN,baseline_emissions,conditional,worst,KYOTOGHG,IPCM0EL,MtCO2eq,AR4,609.0678,600.2213,617.0832,619.3192,640.8868,657.4751,678.5577,693.7686,701.1502,714.0323,737.1631,726.3384,730.6818,747.1831,749.13,736.3004,727.6668,750.5125,730.1257,687.7322,699.3821,709.3876,717.0581,728.265,729.2702,728.1482,713.8603,721.8594,728.4135230769231,734.9676461538463,741.5217692307692,748.0758923076924,754.6300153846154,761.1841384615385,767.7382615384614,774.2923846153847,780.8465076923078,787.4006307692308,793.9547538461537,800.508876923077,807.063,815.5206,824.6389,834.2961,844.3722,854.7489999999997,865.6052,877.0518,888.8738,900.8609,912.8066,924.7752,936.89,949.0394,961.1162,973.0167,984.7642,996.3826,1007.7707,1018.8259,1029.4442
"No targets calculated, so the baseline emissions are put in as target pathways for all un/conditional best/worst pathways.
",CAN,baseline_emissions,conditional,best,KYOTOGHG,IPCM0EL,MtCO2eq,AR4,609.0678,600.2213,617.0832,619.3192,640.8868,657.4751,678.5577,693.7686,701.1502,714.0323,737.1631,726.3384,730.6818,747.1831,749.13,736.3004,727.6668,750.5125,730.1257,687.7322,699.3821,709.3876,717.0581,728.265,729.2702,728.1482,713.8603,721.8594,728.4135230769231,734.9676461538463,741.5217692307692,748.0758923076924,754.6300153846154,761.1841384615385,767.7382615384614,774.2923846153847,780.8465076923078,787.4006307692308,793.9547538461537,800.508876923077,807.063,815.5206,824.6389,834.2961,844.3722,854.7489999999997,865.6052,877.0518,888.8738,900.8609,912.8066,924.7752,936.89,949.0394,961.1162,973.0167,984.7642,996.3826,1007.7707,1018.8259,1029.4442
"No targets calculated, so the baseline emissions are put in as target pathways for all un/conditional best/worst pathways.
",CAN,baseline_emissions,unconditional,worst,KYOTOGHG,IPCM0EL,MtCO2eq,AR4,609.0678,600.2213,617.0832,619.3192,640.8868,657.4751,678.5577,693.7686,701.1502,714.0323,737.1631,726.3384,730.6818,747.1831,749.13,736.3004,727.6668,750.5125,730.1257,687.7322,699.3821,709.3876,717.0581,728.265,729.2702,728.1482,713.8603,721.8594,728.4135230769231,734.9676461538463,741.5217692307692,748.0758923076924,754.6300153846154,761.1841384615385,767.7382615384614,774.2923846153847,780.8465076923078,787.4006307692308,793.9547538461537,800.508876923077,807.063,815.5206,824.6389,834.2961,844.3722,854.7489999999997,865.6052,877.0518,888.8738,900.8609,912.8066,924.7752,936.89,949.0394,961.1162,973.0167,984.7642,996.3826,1007.7707,1018.8259,1029.4442
"No targets calculated, so the baseline emissions are put in as target pathways for all un/conditional best/worst pathways.
",CAN,baseline_emissions,unconditional,best,KYOTOGHG,IPCM0EL,MtCO2eq,AR4,609.0678,600.2213,617.0832,619.3192,640.8868,657.4751,678.5577,693.7686,701.1502,714.0323,737.1631,726.3384,730.6818,747.1831,749.13,736.3004,727.6668,750.5125,730.1257,687.7322,699.3821,709.3876,717.0581,728.265,729.2702,728.1482,713.8603,721.8594,728.4135230769231,734.9676461538463,741.5217692307692,748.0758923076924,754.6300153846154,761.1841384615385,767.7382615384614,774.2923846153847,780.8465076923078,787.4006307692308,793.9547538461537,800.508876923077,807.063,815.5206,824.6389,834.2961,844.3722,854.7489999999997,865.6052,877.0518,888.8738,900.8609,912.8066,924.7752,936.89,949.0394,961.1162,973.0167,984.7642,996.3826,1007.7707,1018.8259,1029.4442
,CAN,,emi_bau,emi_bau,KYOTOGHG,IPCM0EL,MtCO2eq,AR4,609.0678,600.2213,617.0832,619.3192,640.8868,657.4751,678.5577,693.7686,701.1502,714.0323,737.1631,726.3384,730.6818,747.1831,749.13,736.3004,727.6668,750.5125,730.1257,687.7322,699.3821,709.3876,717.0581,728.265,729.2702,728.1482,713.8603,721.8594,728.4135230769231,734.9676461538463,741.5217692307692,748.0758923076924,754.6300153846154,761.1841384615385,767.7382615384614,774.2923846153847,780.8465076923078,787.4006307692308,793.9547538461537,800.508876923077,807.063,815.5206,824.6389,834.2961,844.3722,854.7489999999997,865.6052,877.0518,888.8738,900.8609,912.8066,924.7752,936.89,949.0394,961.1162,973.0167,984.7642,996.3826,1007.7707,1018.8259,1029.4442
,CAN,,emi_cov,emi_cov,KYOTOGHG,IPCM0EL,MtCO2eq,AR4,609.0678,600.2213,617.0832,619.3192,640.8868,657.4751,678.5577,693.7686,701.1502,714.0323,737.1631,726.3384,730.6818,747.1831,749.13,736.3004,727.6668,750.5125,730.1257,687.7322,699.3821,709.3876,717.0581,728.265,729.2702,728.1482,713.8603,721.8594,728.4135230769231,734.9676461538463,741.5217692307692,748.0758923076924,754.6300153846154,761.1841384615385,767.7382615384614,774.2923846153847,780.8465076923078,787.4006307692308,793.9547538461537,800.508876923077,807.063,815.5206,824.6389,834.2961,844.3722,854.7489999999997,865.6052,877.0518,888.8738,900.8609,912.8066,924.7752,936.89,949.0394,961.1162,973.0167,984.7642,996.3826,1007.7707,1018.8259,1029.4442
,CAN,,emi_ncov,emi_ncov,KYOTOGHG,IPCM0EL,MtCO2eq,AR4,0.0,0.0,0.0,0.0,0.0,0.0,0.0,0.0,0.0,0.0,0.0,0.0,0.0,0.0,0.0,0.0,0.0,0.0,0.0,0.0,0.0,0.0,0.0,0.0,0.0,0.0,0.0,0.0,0.0,0.0,0.0,0.0,0.0,0.0,0.0,0.0,0.0,0.0,0.0,0.0,0.0,0.0,0.0,0.0,0.0,0.0,0.0,0.0,0.0,0.0,0.0,0.0,0.0,0.0,0.0,0.0,0.0,0.0,0.0,0.0,0.0
,CAN,,pc_cov,pc_cov,KYOTOGHG,IPCM0EL,MtCO2eq/MtCO2eq,AR4,1.0,1.0,1.0,1.0,1.0,1.0,1.0,1.0,1.0,1.0,1.0,1.0,1.0,1.0,1.0,1.0,1.0,1.0,1.0,1.0,1.0,1.0,1.0,1.0,1.0,1.0,1.0,1.0,1.0,1.0,1.0,1.0,1.0,1.0,1.0,1.0,1.0,1.0,1.0,1.0,1.0,1.0,1.0,1.0,1.0,1.0,1.0,1.0,1.0,1.0,1.0,1.0,1.0,1.0,1.0,1.0,1.0,1.0,1.0,1.0,1.0
,CHE,,pop,pop,POP,DEMOGR,Pers,,6652868.0,6718828.0,6792906.0,6868931.0,6938415.0,6995521.0,7038033.0,7068508.0,7091770.0,7115027.0,7143761.0,7179169.0,7220377.0,7268359.0,7323737.0,7386816.0,7457958.0,7536982.0,7622821.0,7713898.0,7808675.0,7906992.0,8008012.0,8108878.0,8206002.0,8296775.0,8379917.0,8455804.0,8497243.8751,8513913.0672,8524407.1737,8532603.1303,8542025.6708,8551224.7003,8558752.809,8563162.6712,8565973.2519,8569521.2747,8573585.4669,8577945.1369,8582379.7363,8583184.2787,8578054.3413,8568873.8147,8557528.1649,8545902.1353,8533009.1036,8517208.922,8499405.0917,8480500.4636,8461397.0114,8441431.6264,8419364.3521,8395231.6631,8369070.6457,8340919.2002,8311017.9364,8279745.542,8247347.8423,8214070.7036,8180160.0723
,CHE,,gdp,gdp,GDPPPP,ECO,2011GKD,,263971406250.0,261793484375.0,261003390625.0,263984406250.0,268294187500.0,270558500000.0,273837218750.0,287081156250.0,299065625000.0,305943687500.0,313534750000.0,313793937500.0,311667343750.0,310052281250.0,317118250000.0,338562937500.0,366424312500.0,401859750000.0,420987406250.0,413857468750.0,423415562500.0,450059937500.0,463703125000.0,469859031250.0,483251906250.0,502535531250.0,503161750000.0,518338718750.0,527863930230.0546,536003174193.0444,543344637036.9812,550266137471.6011,557146752668.5117,563882373556.8998,570369326562.0885,576504128272.3456,582201262486.9869,587490175047.6956,592439923116.1351,597119618762.0223,601598373087.9314,605829859328.9817,609807987323.7693,613662467016.7789,617523369763.3206,621520998218.4263,625670413455.6224,629882259372.7146,634130067167.9878,638387222185.2115,642627055975.7063,646877922915.6459,651182605201.7656,655536285500.224,659934572241.6837,664373694203.0507,668829905104.5514,673243145935.6019,677555579869.9879,681709107871.933,685645373148.7599
"The target value from 'unconditional_best' was used for 'conditional_worst' in 2025, 2030, 2050.
The target value from 'unconditional_best' was used for 'conditional_best' in 2025, 2030, 2050.
",CHE,ABS,conditional,worst,KYOTOGHG,IPCM0EL,MtCO2eq,AR4,53.2806,55.1435,54.9068,52.352,51.3503,52.2284,52.8639,51.6708,53.3244,53.0039,52.3802,53.922,52.2939,53.4288,54.0565,54.7446,54.3645,52.4703,53.9361,52.5845,54.1393,50.0397,51.4642,52.2356,48.3679,47.8193,48.1861,47.1623,50.4864,52.5804,54.6341,51.39987596087342,47.78827610821559,43.7937121470828,39.41291222137141,34.645,33.33066807436134,31.867636054628658,30.262897988757384,28.52225243247576,26.65,26.248731707416447,25.784419034027508,25.263259859557554,24.69091508336364,24.072250255342,23.40701520391657,22.690954245865626,21.92229927415576,21.099339658812543,20.22035137244854,19.283512718378283,18.287266297151003,17.230364446686156,16.111453255645646,14.929142882561981,13.681505471812688,12.366023070518489,10.980700017425612,9.524030344839465,7.995
,CHE,ABS,conditional,best,KYOTOGHG,IPCM0EL,MtCO2eq,AR4,53.2806,55.1435,54.9068,52.352,51.3503,52.2284,52.8639,51.6708,53.3244,53.0039,52.3802,53.922,52.2939,53.4288,54.0565,54.7446,54.3645,52.4703,53.9361,52.5845,54.1393,50.0397,51.4642,52.2356,48.3679,47.8193,48.1861,47.1623,50.4864,52.5804,54.6341,51.39987596087342,47.78827610821559,43.7937121470828,39.41291222137141,34.645,33.33066807436134,31.867636054628658,30.262897988757384,28.52225243247576,26.65,26.248731707416447,25.784419034027508,25.263259859557554,24.69091508336364,24.072250255342,23.40701520391657,22.690954245865626,21.92229927415576,21.099339658812543,20.22035137244854,19.283512718378283,18.287266297151003,17.230364446686156,16.111453255645646,14.929142882561981,13.681505471812688,12.366023070518489,10.980700017425612,9.524030344839465,7.995
"The target value from 'unconditional_best' was used for 'unconditional_worst' in 2025, 2030.
",CHE,ABS,unconditional,worst,KYOTOGHG,IPCM0EL,MtCO2eq,AR4,53.2806,55.1435,54.9068,52.352,51.3503,52.2284,52.8639,51.6708,53.3244,53.0039,52.3802,53.922,52.2939,53.4288,54.0565,54.7446,54.3645,52.4703,53.9361,52.5845,54.1393,50.0397,51.4642,52.2356,48.3679,47.8193,48.1861,47.1623,50.4864,52.5804,54.6341,51.39987596087342,47.78827610821559,43.7937121470828,39.41291222137141,34.645,33.33066807436134,31.867636054628658,30.262897988757384,28.52225243247576,26.65,26.505315947106972,26.31079803251433,26.07265619361815,25.796819278035844,25.48869509595551,25.148552960490854,24.772394083814742,24.35880907462731,23.906440994657785,23.41390611080938,22.87968785247809,22.302555382155454,21.681656261444928,21.016039841140245,20.304744327119813,19.546089046031337,18.73739527603933,17.876386010216645,16.961127903393443,15.99
,CHE,ABS,unconditional,best,KYOTOGHG,IPCM0EL,MtCO2eq,AR4,53.2806,55.1435,54.9068,52.352,51.3503,52.2284,52.8639,51.6708,53.3244,53.0039,52.3802,53.922,52.2939,53.4288,54.0565,54.7446,54.3645,52.4703,53.9361,52.5845,54.1393,50.0397,51.4642,52.2356,48.3679,47.8193,48.1861,47.1623,50.4864,52.5804,54.6341,51.39987596087342,47.78827610821559,43.7937121470828,39.41291222137141,34.645,33.33066807436134,31.867636054628658,30.262897988757384,28.52225243247576,26.65,26.248731707416447,25.784419034027508,25.263259859557554,24.69091508336364,24.072250255342,23.40701520391657,22.690954245865626,21.92229927415576,21.099339658812543,20.22035137244854,19.283512718378283,18.287266297151003,17.230364446686156,16.111453255645646,14.929142882561981,13.681505471812688,12.366023070518489,10.980700017425612,9.524030344839465,7.995
"The target value from 'unconditional_best' was used for 'conditional_worst' in 2025, 2030, 2050.
The target value from 'unconditional_best' was used for 'conditional_best' in 2025, 2030, 2050.
",CHE,RBY,conditional,worst,KYOTOGHG,IPCM0EL,MtCO2eq,AR4,53.2806,55.1435,54.9068,52.352,51.3503,52.2284,52.8639,51.6708,53.3244,53.0039,52.3802,53.922,52.2939,53.4288,54.0565,54.7446,54.3645,52.4703,53.9361,52.5845,54.1393,50.0397,51.4642,52.2356,48.3679,47.8193,48.1861,47.1623,50.4864,52.5804,54.6341,51.397669428910184,47.78370418115181,43.786616510766606,39.403136247542236,34.63239,33.31853646159131,31.856036952575,30.251882975230522,28.511870974742365,26.6403,26.239177760040764,25.775034086011374,25.254064601747512,24.68192814616632,24.06348849821341,23.39849557736955,22.682695249385894,21.914320050780177,21.091659974208774,20.212991619791403,19.276493953899173,18.280610143939658,17.22409298195322,16.105589049395,14.923709010668517,13.676525711847338,12.361522116530349,10.976703289839532,9.520563812218638,7.992090000000001
,CHE,RBY,conditional,best,KYOTOGHG,IPCM0EL,MtCO2eq,AR4,53.2806,55.1435,54.9068,52.352,51.3503,52.2284,52.8639,51.6708,53.3244,53.0039,52.3802,53.922,52.2939,53.4288,54.0565,54.7446,54.3645,52.4703,53.9361,52.5845,54.1393,50.0397,51.4642,52.2356,48.3679,47.8193,48.1861,47.1623,50.4864,52.5804,54.6341,51.397669428910184,47.78370418115181,43.786616510766606,39.403136247542236,34.63239,33.31853646159131,31.856036952575,30.251882975230522,28.511870974742365,26.6403,26.239177760040764,25.775034086011374,25.254064601747512,24.68192814616632,24.06348849821341,23.39849557736955,22.682695249385894,21.914320050780177,21.091659974208774,20.212991619791403,19.276493953899173,18.280610143939658,17.22409298195322,16.105589049395,14.923709010668517,13.676525711847338,12.361522116530349,10.976703289839532,9.520563812218638,7.992090000000001
"The target value from 'unconditional_best' was used for 'unconditional_worst' in 2025, 2030.
",CHE,RBY,unconditional,worst,KYOTOGHG,IPCM0EL,MtCO2eq,AR4,53.2806,55.1435,54.9068,52.352,51.3503,52.2284,52.8639,51.6708,53.3244,53.0039,52.3802,53.922,52.2939,53.4288,54.0565,54.7446,54.3645,52.4703,53.9361,52.5845,54.1393,50.0397,51.4642,52.2356,48.3679,47.8193,48.1861,47.1623,50.4864,52.5804,54.6341,51.397669428910184,47.78370418115181,43.786616510766606,39.403136247542236,34.63239,33.31853646159131,31.856036952575,30.251882975230522,28.511870974742365,26.6403,26.4956686088448,26.301221494393676,26.063166333765317,25.78742981661007,25.479417784794883,25.139399453409553,24.763377490095685,24.34994301654011,23.897739588367045,23.405383976127396,22.871360161214714,22.29443775411767,21.673764626708117,21.00839047579469,20.29735385732721,19.538974709680627,18.730575286013906,17.869879408179155,16.954954434700657,15.984180000000002
,CHE,RBY,unconditional,best,KYOTOGHG,IPCM0EL,MtCO2eq,AR4,53.2806,55.1435,54.9068,52.352,51.3503,52.2284,52.8639,51.6708,53.3244,53.0039,52.3802,53.922,52.2939,53.4288,54.0565,54.7446,54.3645,52.4703,53.9361,52.5845,54.1393,50.0397,51.4642,52.2356,48.3679,47.8193,48.1861,47.1623,50.4864,52.5804,54.6341,51.397669428910184,47.78370418115181,43.786616510766606,39.403136247542236,34.63239,33.31853646159131,31.856036952575,30.251882975230522,28.511870974742365,26.6403,26.239177760040764,25.775034086011374,25.254064601747512,24.68192814616632,24.06348849821341,23.39849557736955,22.682695249385894,21.914320050780177,21.091659974208774,20.212991619791403,19.276493953899173,18.280610143939658,17.22409298195322,16.105589049395,14.923709010668517,13.676525711847338,12.361522116530349,10.976703289839532,9.520563812218638,7.992090000000001
"No targets calculated, so the baseline emissions are put in as target pathways for all un/conditional best/worst pathways.
",CHE,baseline_emissions,conditional,worst,KYOTOGHG,IPCM0EL,MtCO2eq,AR4,53.2806,55.1435,54.9068,52.352,51.3503,52.2284,52.8639,51.6708,53.3244,53.0039,52.3802,53.922,52.2939,53.4288,54.0565,54.7446,54.3645,52.4703,53.9361,52.5845,54.1393,50.0397,51.4642,52.2356,48.3679,47.8193,48.1861,47.1623,50.4864,52.5804,54.6341,56.672,58.7121,60.7475,62.7709,64.7744,66.7528,68.7138,70.6694,72.6329,74.6187,76.6071,78.5792,80.5525,82.5461,84.5802,86.6604,88.7779,90.9321,93.1225,95.3484,97.6084,99.9021,102.2308,104.5956,106.9978,109.435,111.8982,114.3784,116.8662,119.3514
"No targets calculated, so the baseline emissions are put in as target pathways for all un/conditional best/worst pathways.
",CHE,baseline_emissions,conditional,best,KYOTOGHG,IPCM0EL,MtCO2eq,AR4,53.2806,55.1435,54.9068,52.352,51.3503,52.2284,52.8639,51.6708,53.3244,53.0039,52.3802,53.922,52.2939,53.4288,54.0565,54.7446,54.3645,52.4703,53.9361,52.5845,54.1393,50.0397,51.4642,52.2356,48.3679,47.8193,48.1861,47.1623,50.4864,52.5804,54.6341,56.672,58.7121,60.7475,62.7709,64.7744,66.7528,68.7138,70.6694,72.6329,74.6187,76.6071,78.5792,80.5525,82.5461,84.5802,86.6604,88.7779,90.9321,93.1225,95.3484,97.6084,99.9021,102.2308,104.5956,106.9978,109.435,111.8982,114.3784,116.8662,119.3514
"No targets calculated, so the baseline emissions are put in as target pathways for all un/conditional best/worst pathways.
",CHE,baseline_emissions,unconditional,worst,KYOTOGHG,IPCM0EL,MtCO2eq,AR4,53.2806,55.1435,54.9068,52.352,51.3503,52.2284,52.8639,51.6708,53.3244,53.0039,52.3802,53.922,52.2939,53.4288,54.0565,54.7446,54.3645,52.4703,53.9361,52.5845,54.1393,50.0397,51.4642,52.2356,48.3679,47.8193,48.1861,47.1623,50.4864,52.5804,54.6341,56.672,58.7121,60.7475,62.7709,64.7744,66.7528,68.7138,70.6694,72.6329,74.6187,76.6071,78.5792,80.5525,82.5461,84.5802,86.6604,88.7779,90.9321,93.1225,95.3484,97.6084,99.9021,102.2308,104.5956,106.9978,109.435,111.8982,114.3784,116.8662,119.3514
"No targets calculated, so the baseline emissions are put in as target pathways for all un/conditional best/worst pathways.
",CHE,baseline_emissions,unconditional,best,KYOTOGHG,IPCM0EL,MtCO2eq,AR4,53.2806,55.1435,54.9068,52.352,51.3503,52.2284,52.8639,51.6708,53.3244,53.0039,52.3802,53.922,52.2939,53.4288,54.0565,54.7446,54.3645,52.4703,53.9361,52.5845,54.1393,50.0397,51.4642,52.2356,48.3679,47.8193,48.1861,47.1623,50.4864,52.5804,54.6341,56.672,58.7121,60.7475,62.7709,64.7744,66.7528,68.7138,70.6694,72.6329,74.6187,76.6071,78.5792,80.5525,82.5461,84.5802,86.6604,88.7779,90.9321,93.1225,95.3484,97.6084,99.9021,102.2308,104.5956,106.9978,109.435,111.8982,114.3784,116.8662,119.3514
,CHE,,emi_bau,emi_bau,KYOTOGHG,IPCM0EL,MtCO2eq,AR4,53.2806,55.1435,54.9068,52.352,51.3503,52.2284,52.8639,51.6708,53.3244,53.0039,52.3802,53.922,52.2939,53.4288,54.0565,54.7446,54.3645,52.4703,53.9361,52.5845,54.1393,50.0397,51.4642,52.2356,48.3679,47.8193,48.1861,47.1623,50.4864,52.5804,54.6341,56.672,58.7121,60.7475,62.7709,64.7744,66.7528,68.7138,70.6694,72.6329,74.6187,76.6071,78.5792,80.5525,82.5461,84.5802,86.6604,88.7779,90.9321,93.1225,95.3484,97.6084,99.9021,102.2308,104.5956,106.9978,109.435,111.8982,114.3784,116.8662,119.3514
,CHE,,emi_cov,emi_cov,KYOTOGHG,IPCM0EL,MtCO2eq,AR4,53.2806,55.1435,54.9068,52.352,51.3503,52.2284,52.8639,51.6708,53.3244,53.0039,52.3802,53.922,52.2939,53.4288,54.0565,54.7446,54.3645,52.4703,53.9361,52.5845,54.1393,50.0397,51.4642,52.2356,48.3679,47.8193,48.1861,47.1623,50.4864,52.5804,54.6341,56.672,58.7121,60.7475,62.7709,64.7744,66.7528,68.7138,70.6694,72.6329,74.6187,76.6071,78.5792,80.5525,82.5461,84.5802,86.6604,88.7779,90.9321,93.1225,95.3484,97.6084,99.9021,102.2308,104.5956,106.9978,109.435,111.8982,114.3784,116.8662,119.3514
,CHE,,emi_ncov,emi_ncov,KYOTOGHG,IPCM0EL,MtCO2eq,AR4,0.0,0.0,0.0,0.0,0.0,0.0,0.0,0.0,0.0,0.0,0.0,0.0,0.0,0.0,0.0,0.0,0.0,0.0,0.0,0.0,0.0,0.0,0.0,0.0,0.0,0.0,0.0,0.0,0.0,0.0,0.0,0.0,0.0,0.0,0.0,0.0,0.0,0.0,0.0,0.0,0.0,0.0,0.0,0.0,0.0,0.0,0.0,0.0,0.0,0.0,0.0,0.0,0.0,0.0,0.0,0.0,0.0,0.0,0.0,0.0,0.0
,CHE,,pc_cov,pc_cov,KYOTOGHG,IPCM0EL,MtCO2eq/MtCO2eq,AR4,1.0,1.0,1.0,1.0,1.0,1.0,1.0,1.0,1.0,1.0,1.0,1.0,1.0,1.0,1.0,1.0,1.0,1.0,1.0,1.0,1.0,1.0,1.0,1.0,1.0,1.0,1.0,1.0,1.0,1.0,1.0,1.0,1.0,1.0,1.0,1.0,1.0,1.0,1.0,1.0,1.0,1.0,1.0,1.0,1.0,1.0,1.0,1.0,1.0,1.0,1.0,1.0,1.0,1.0,1.0,1.0,1.0,1.0,1.0,1.0,1.0
,CHL,,pop,pop,POP,DEMOGR,Pers,,13274623.0,13495258.0,13719819.0,13944937.0,14166340.0,14380866.0,14587370.0,14786220.0,14977733.0,15162800.0,15342353.0,15516113.0,15684409.0,15849652.0,16014971.0,16182721.0,16354504.0,16530195.0,16708258.0,16886186.0,17062536.0,17233576.0,17400347.0,17571507.0,17758959.0,17969353.0,18209068.0,18470439.0,18548812.7403,18718863.1298,18886205.7764,19052654.4131,19219893.4382,19387158.5306,19553683.7027,19718701.5586,19881420.1877,20040768.5237,20195556.5882,20344590.4425,20486672.1108,20623088.4434,20755834.7562,20884774.2165,21009772.0145,21130695.3707,21247943.0099,21362083.9326,21473244.1477,21581552.115,21687138.7746,21790260.4698,21891138.677,21989856.1365,22086498.5778,22181154.7222,22273376.6513,22362800.4862,22449639.5156,22534102.0296,22616391.4001
,CHL,,gdp,gdp,GDPPPP,ECO,2011GKD,,100658906250.0,108568882812.5,119801867187.5,126720289062.5,138398421875.0,158926250000.0,163851203125.0,167908671875.0,165693765625.0,161274609375.0,166271718750.0,166442656250.0,169004953125.0,176157812500.0,197930093750.0,218377562500.0,255943750000.0,277551093750.0,273340093750.0,279140843750.0,323270500000.0,355087468750.0,373007906250.0,386491250000.0,402410500000.0,403243625000.0,414756281250.0,427225531250.0,460294328965.4974,478785515045.5372,496470460265.173,513666623791.7499,530771667274.4575,547675055988.3441,564265440063.4995,580430359991.7109,596076600019.3754,611161021050.0797,625645447463.7935,639491884729.1,652662459798.316,665092035716.2542,676856425038.6426,688129956872.8074,699087930410.5743,709906480698.1106,720584404212.8467,731077066288.0653,741495206358.1824,751948637995.9167,762546362797.6113,773236020031.9059,783861594222.8668,794375825542.7454,804731121281.8783,814879569957.745,824832825584.3796,834652406280.7401,844364900759.2572,853996848746.7455,863574742841.5897
"The target value from 'unconditional_best' was used for 'conditional_worst' in 2025, 2030.
The target value from 'unconditional_best' was used for 'conditional_best' in 2025, 2030.
",CHL,ABS,conditional,worst,KYOTOGHG,IPCM0EL,MtCO2eq,AR4,52.5898,50.6064,52.4855,54.9667,58.7915,62.1666,68.2802,75.4853,75.9245,80.1167,77.1984,72.0107,73.8671,74.3697,79.4048,80.8241,83.71700000000001,90.8004,92.5363,87.8734,92.4099,99.8892,103.2675,104.9387,107.5347,109.6827,112.4264,111.178,115.6583,119.3902,123.0203,119.08514458407622,114.73918765208897,109.95564182563567,104.71388914475851,99.0,98.61474779660419,98.0245748221557,97.22650280653086,96.21861397262936,94.99999999999999,94.99999999999999,94.99999999999999,94.99999999999999,94.99999999999999,94.99999999999999,94.99999999999999,94.99999999999999,94.99999999999999,94.99999999999999,94.99999999999999,94.99999999999999,94.99999999999999,94.99999999999999,94.99999999999999,94.99999999999999,94.99999999999999,94.99999999999999,94.99999999999999,94.99999999999999,94.99999999999999
,CHL,ABS,conditional,best,KYOTOGHG,IPCM0EL,MtCO2eq,AR4,52.5898,50.6064,52.4855,54.9667,58.7915,62.1666,68.2802,75.4853,75.9245,80.1167,77.1984,72.0107,73.8671,74.3697,79.4048,80.8241,83.71700000000001,90.8004,92.5363,87.8734,92.4099,99.8892,103.2675,104.9387,107.5347,109.6827,112.4264,111.178,115.6583,119.3902,123.0203,119.08514458407622,114.73918765208897,109.95564182563567,104.71388914475851,99.0,98.61474779660419,98.0245748221557,97.22650280653086,96.21861397262936,94.99999999999999,94.99999999999999,94.99999999999999,94.99999999999999,94.99999999999999,94.99999999999999,94.99999999999999,94.99999999999999,94.99999999999999,94.99999999999999,94.99999999999999,94.99999999999999,94.99999999999999,94.99999999999999,94.99999999999999,94.99999999999999,94.99999999999999,94.99999999999999,94.99999999999999,94.99999999999999,94.99999999999999
"The target value from 'unconditional_best' was used for 'unconditional_worst' in 2025, 2030.
",CHL,ABS,unconditional,worst,KYOTOGHG,IPCM0EL,MtCO2eq,AR4,52.5898,50.6064,52.4855,54.9667,58.7915,62.1666,68.2802,75.4853,75.9245,80.1167,77.1984,72.0107,73.8671,74.3697,79.4048,80.8241,83.71700000000001,90.8004,92.5363,87.8734,92.4099,99.8892,103.2675,104.9387,107.5347,109.6827,112.4264,111.178,115.6583,119.3902,123.0203,119.08514458407622,114.73918765208897,109.95564182563567,104.71388914475851,99.0,98.61474779660419,98.0245748221557,97.22650280653086,96.21861397262936,94.99999999999999,94.99999999999999,94.99999999999999,94.99999999999999,94.99999999999999,94.99999999999999,94.99999999999999,94.99999999999999,94.99999999999999,94.99999999999999,94.99999999999999,94.99999999999999,94.99999999999999,94.99999999999999,94.99999999999999,94.99999999999999,94.99999999999999,94.99999999999999,94.99999999999999,94.99999999999999,94.99999999999999
,CHL,ABS,unconditional,best,KYOTOGHG,IPCM0EL,MtCO2eq,AR4,52.5898,50.6064,52.4855,54.9667,58.7915,62.1666,68.2802,75.4853,75.9245,80.1167,77.1984,72.0107,73.8671,74.3697,79.4048,80.8241,83.71700000000001,90.8004,92.5363,87.8734,92.4099,99.8892,103.2675,104.9387,107.5347,109.6827,112.4264,111.178,115.6583,119.3902,123.0203,119.08514458407622,114.73918765208897,109.95564182563567,104.71388914475851,99.0,98.61474779660419,98.0245748221557,97.22650280653086,96.21861397262936,94.99999999999999,94.99999999999999,94.99999999999999,94.99999999999999,94.99999999999999,94.99999999999999,94.99999999999999,94.99999999999999,94.99999999999999,94.99999999999999,94.99999999999999,94.99999999999999,94.99999999999999,94.99999999999999,94.99999999999999,94.99999999999999,94.99999999999999,94.99999999999999,94.99999999999999,94.99999999999999,94.99999999999999
"No targets calculated, so the baseline emissions are put in as target pathways for all un/conditional best/worst pathways.
",CHL,baseline_emissions,conditional,worst,KYOTOGHG,IPCM0EL,MtCO2eq,AR4,52.5898,50.6064,52.4855,54.9667,58.7915,62.1666,68.2802,75.4853,75.9245,80.1167,77.1984,72.0107,73.8671,74.3697,79.4048,80.8241,83.71700000000001,90.8004,92.5363,87.8734,92.4099,99.8892,103.2675,104.9387,107.5347,109.6827,112.4264,111.178,115.6583,119.3902,123.0203,126.6144,130.2274,133.8308,137.3953,140.8912,144.2919,147.58100000000005,150.7439,153.7659,156.6321,159.341,161.9247,164.4193,166.8606,169.2847,171.683,174.0366,176.3658,178.6905,181.0306,183.37900000000002,185.7101,188.0158,190.2877,192.5173,194.7075,196.8729,199.0217,201.1621,203.3019
"No targets calculated, so the baseline emissions are put in as target pathways for all un/conditional best/worst pathways.
",CHL,baseline_emissions,conditional,best,KYOTOGHG,IPCM0EL,MtCO2eq,AR4,52.5898,50.6064,52.4855,54.9667,58.7915,62.1666,68.2802,75.4853,75.9245,80.1167,77.1984,72.0107,73.8671,74.3697,79.4048,80.8241,83.71700000000001,90.8004,92.5363,87.8734,92.4099,99.8892,103.2675,104.9387,107.5347,109.6827,112.4264,111.178,115.6583,119.3902,123.0203,126.6144,130.2274,133.8308,137.3953,140.8912,144.2919,147.58100000000005,150.7439,153.7659,156.6321,159.341,161.9247,164.4193,166.8606,169.2847,171.683,174.0366,176.3658,178.6905,181.0306,183.37900000000002,185.7101,188.0158,190.2877,192.5173,194.7075,196.8729,199.0217,201.1621,203.3019
"No targets calculated, so the baseline emissions are put in as target pathways for all un/conditional best/worst pathways.
",CHL,baseline_emissions,unconditional,worst,KYOTOGHG,IPCM0EL,MtCO2eq,AR4,52.5898,50.6064,52.4855,54.9667,58.7915,62.1666,68.2802,75.4853,75.9245,80.1167,77.1984,72.0107,73.8671,74.3697,79.4048,80.8241,83.71700000000001,90.8004,92.5363,87.8734,92.4099,99.8892,103.2675,104.9387,107.5347,109.6827,112.4264,111.178,115.6583,119.3902,123.0203,126.6144,130.2274,133.8308,137.3953,140.8912,144.2919,147.58100000000005,150.7439,153.7659,156.6321,159.341,161.9247,164.4193,166.8606,169.2847,171.683,174.0366,176.3658,178.6905,181.0306,183.37900000000002,185.7101,188.0158,190.2877,192.5173,194.7075,196.8729,199.0217,201.1621,203.3019
"No targets calculated, so the baseline emissions are put in as target pathways for all un/conditional best/worst pathways.
",CHL,baseline_emissions,unconditional,best,KYOTOGHG,IPCM0EL,MtCO2eq,AR4,52.5898,50.6064,52.4855,54.9667,58.7915,62.1666,68.2802,75.4853,75.9245,80.1167,77.1984,72.0107,73.8671,74.3697,79.4048,80.8241,83.71700000000001,90.8004,92.5363,87.8734,92.4099,99.8892,103.2675,104.9387,107.5347,109.6827,112.4264,111.178,115.6583,119.3902,123.0203,126.6144,130.2274,133.8308,137.3953,140.8912,144.2919,147.58100000000005,150.7439,153.7659,156.6321,159.341,161.9247,164.4193,166.8606,169.2847,171.683,174.0366,176.3658,178.6905,181.0306,183.37900000000002,185.7101,188.0158,190.2877,192.5173,194.7075,196.8729,199.0217,201.1621,203.3019
,CHL,,emi_bau,emi_bau,KYOTOGHG,IPCM0EL,MtCO2eq,AR4,52.5898,50.6064,52.4855,54.9667,58.7915,62.1666,68.2802,75.4853,75.9245,80.1167,77.1984,72.0107,73.8671,74.3697,79.4048,80.8241,83.71700000000001,90.8004,92.5363,87.8734,92.4099,99.8892,103.2675,104.9387,107.5347,109.6827,112.4264,111.178,115.6583,119.3902,123.0203,126.6144,130.2274,133.8308,137.3953,140.8912,144.2919,147.58100000000005,150.7439,153.7659,156.6321,159.341,161.9247,164.4193,166.8606,169.2847,171.683,174.0366,176.3658,178.6905,181.0306,183.37900000000002,185.7101,188.0158,190.2877,192.5173,194.7075,196.8729,199.0217,201.1621,203.3019
,CHL,,emi_cov,emi_cov,KYOTOGHG,IPCM0EL,MtCO2eq,AR4,52.5898,50.6064,52.4855,54.9667,58.7915,62.1666,68.2802,75.4853,75.9245,80.1167,77.1984,72.0107,73.8671,74.3697,79.4048,80.8241,83.71700000000001,90.8004,92.5363,87.8734,92.4099,99.8892,103.2675,104.9387,107.5347,109.6827,112.4264,111.178,115.6583,119.3902,123.0203,126.6144,130.2274,133.8308,137.3953,140.8912,144.2919,147.58100000000005,150.7439,153.7659,156.6321,159.341,161.9247,164.4193,166.8606,169.2847,171.683,174.0366,176.3658,178.6905,181.0306,183.37900000000002,185.7101,188.0158,190.2877,192.5173,194.7075,196.8729,199.0217,201.1621,203.3019
,CHL,,emi_ncov,emi_ncov,KYOTOGHG,IPCM0EL,MtCO2eq,AR4,0.0,0.0,0.0,0.0,0.0,0.0,0.0,0.0,0.0,0.0,0.0,0.0,0.0,0.0,0.0,0.0,0.0,0.0,0.0,0.0,0.0,0.0,0.0,0.0,0.0,0.0,0.0,0.0,0.0,0.0,0.0,0.0,0.0,0.0,0.0,0.0,0.0,0.0,0.0,0.0,0.0,0.0,0.0,0.0,0.0,0.0,0.0,0.0,0.0,0.0,0.0,0.0,0.0,0.0,0.0,0.0,0.0,0.0,0.0,0.0,0.0
,CHL,,pc_cov,pc_cov,KYOTOGHG,IPCM0EL,MtCO2eq/MtCO2eq,AR4,1.0,1.0,1.0,1.0,1.0,1.0,1.0,1.0,1.0,1.0,1.0,1.0,1.0,1.0,1.0,1.0,1.0,1.0,1.0,1.0,1.0,1.0,1.0,1.0,1.0,1.0,1.0,1.0,1.0,1.0,1.0,1.0,1.0,1.0,1.0,1.0,1.0,1.0,1.0,1.0,1.0,1.0,1.0,1.0,1.0,1.0,1.0,1.0,1.0,1.0,1.0,1.0,1.0,1.0,1.0,1.0,1.0,1.0,1.0,1.0,1.0
,CHN,,pop,pop,POP,DEMOGR,Pers,,1176883674.0,1192897284.0,1206711244.0,1218817055.0,1230020031.0,1240920535.0,1251636186.0,1261996012.0,1271982350.0,1281514832.0,1290550765.0,1299129752.0,1307352257.0,1315303521.0,1323084641.0,1330776380.0,1338408647.0,1345993888.0,1353569484.0,1361169419.0,1368810615.0,1376497639.0,1384206401.0,1391883330.0,1399453965.0,1406847870.0,1414049351.0,1421021791.0,1425493722.8996,1428839546.6915,1431698624.6778,1434352224.702,1436982494.3889,1439381037.1485,1441337605.8621,1442639898.9173,1443396209.1086,1443853737.7826,1444006499.2256,1443848048.5533,1443371445.0076,1442253105.3045,1440313162.4315,1437762253.8608,1434814547.2356,1431687904.2819,1428210100.9511,1424147588.7119,1419630128.5128,1414789140.8036,1409757758.2115,1404462859.9261,1398789273.6322,1392808989.4893,1386594905.8601,1380220838.9325,1373591668.021,1366613369.4017,1359361270.9836,1351909586.6374,1344331405.6738
,CHN,,gdp,gdp,GDPPPP,ECO,2011GKD,,2977409750000.0,3145690250000.0,3387507750000.0,3726906250000.0,3955345500000.0,4191757250000.0,4462026000000.0,4582080500000.0,4643295500000.0,4963690000000.0,5360184000000.0,5831706000000.0,6387773000000.0,6754248000000.0,7397977500000.0,8456687000000.0,9290428000000.0,9953018000000.0,10467276000000.0,11240166000000.0,12856674000000.0,14015385000000.0,14455423000000.0,15209321000000.0,16030692000000.0,16251012000000.0,16745152000000.0,17562612000000.0,19298538233537.2,20603977694668.84,21860950308333.65,23109640123999.54,24390380065184.86,25680348437358.13,26956664330025.65,28196241351477.84,29391044758352.12,30532782896211.88,31597746228762.26,32562264231116.3,33402740259393.24,34144216104650.52,34829198482468.55,35460441515082.29,36040823200993.59,36573366268590.59,37062229301390.94,37512036795618.93,37926539160209.23,38309358336148.21,38663981261752.54,38996879897919.82,39308570548825.75,39593362498994.1,39845378238336.61,40058533208758.71,40244899320514.77,40414573596567.04,40558196348897.34,40666231825517.53,40728944208133.19
"The target value from 'unconditional_best' was used for 'conditional_worst' in 2030.
The target value from 'unconditional_best' was used for 'conditional_best' in 2030.
",CHN,REI,conditional,worst,KYOTOGHG,IPCM0EL,MtCO2eq,AR4,3627.3725,3767.8442,3897.485,4078.6184,4333.2711,4682.0469,4874.6176,4851.3636,4709.9324,4796.2031,4922.4501,5027.7604,5451.2209,6224.5119,7050.2596,7808.0066,8557.444,9087.3472,9684.52,10161.0383,11029.6326,12079.6658,12428.9881,12546.8774,12672.6489,12682.5306,12754.1024,12950.3744,14161.0444,14563.3402,14936.5452,14794.23092440324,14625.449482677812,14423.98078632745,14184.91293943582,13904.438189943676,13585.052869739531,13229.010312196031,12833.706610264278,12397.586426703061,11920.065584548212,11920.065584548212,11920.065584548212,11920.065584548212,11920.065584548212,11920.065584548212,11920.065584548212,11920.065584548212,11920.065584548212,11920.065584548212,11920.065584548212,11920.065584548212,11920.065584548212,11920.065584548212,11920.065584548212,11920.065584548212,11920.065584548212,11920.065584548212,11920.065584548212,11920.065584548212,11920.065584548212
,CHN,REI,conditional,best,KYOTOGHG,IPCM0EL,MtCO2eq,AR4,3627.3725,3767.8442,3897.485,4078.6184,4333.2711,4682.0469,4874.6176,4851.3636,4709.9324,4796.2031,4922.4501,5027.7604,5451.2209,6224.5119,7050.2596,7808.0066,8557.444,9087.3472,9684.52,10161.0383,11029.6326,12079.6658,12428.9881,12546.8774,12672.6489,12682.5306,12754.1024,12950.3744,14161.0444,14563.3402,14936.5452,14794.23092440324,14625.449482677812,14423.98078632745,14184.91293943582,13904.438189943676,13585.052869739531,13229.010312196031,12833.706610264278,12397.586426703061,11920.065584548212,11920.065584548212,11920.065584548212,11920.065584548212,11920.065584548212,11920.065584548212,11920.065584548212,11920.065584548212,11920.065584548212,11920.065584548212,11920.065584548212,11920.065584548212,11920.065584548212,11920.065584548212,11920.065584548212,11920.065584548212,11920.065584548212,11920.065584548212,11920.065584548212,11920.065584548212,11920.065584548212
,CHN,REI,unconditional,worst,KYOTOGHG,IPCM0EL,MtCO2eq,AR4,3627.3725,3767.8442,3897.485,4078.6184,4333.2711,4682.0469,4874.6176,4851.3636,4709.9324,4796.2031,4922.4501,5027.7604,5451.2209,6224.5119,7050.2596,7808.0066,8557.444,9087.3472,9684.52,10161.0383,11029.6326,12079.6658,12428.9881,12546.8774,12672.6489,12682.5306,12754.1024,12950.3744,14161.0444,14563.3402,14936.5452,14898.028514978752,14837.86144888693,14749.610253857376,14627.963782248036,14468.537931250487,14273.349609815648,14044.164265586534,13777.529255589563,13470.873648496012,13122.435317948251,13122.435317948251,13122.435317948251,13122.435317948251,13122.435317948251,13122.435317948251,13122.435317948251,13122.435317948251,13122.435317948251,13122.435317948251,13122.435317948251,13122.435317948251,13122.435317948251,13122.435317948251,13122.435317948251,13122.435317948251,13122.435317948251,13122.435317948251,13122.435317948251,13122.435317948251,13122.435317948251
,CHN,REI,unconditional,best,KYOTOGHG,IPCM0EL,MtCO2eq,AR4,3627.3725,3767.8442,3897.485,4078.6184,4333.2711,4682.0469,4874.6176,4851.3636,4709.9324,4796.2031,4922.4501,5027.7604,5451.2209,6224.5119,7050.2596,7808.0066,8557.444,9087.3472,9684.52,10161.0383,11029.6326,12079.6658,12428.9881,12546.8774,12672.6489,12682.5306,12754.1024,12950.3744,14161.0444,14563.3402,14936.5452,14794.23092440324,14625.449482677812,14423.98078632745,14184.91293943582,13904.438189943676,13585.052869739531,13229.010312196031,12833.706610264278,12397.586426703061,11920.065584548212,11920.065584548212,11920.065584548212,11920.065584548212,11920.065584548212,11920.065584548212,11920.065584548212,11920.065584548212,11920.065584548212,11920.065584548212,11920.065584548212,11920.065584548212,11920.065584548212,11920.065584548212,11920.065584548212,11920.065584548212,11920.065584548212,11920.065584548212,11920.065584548212,11920.065584548212,11920.065584548212
"No targets calculated, so the baseline emissions are put in as target pathways for all un/conditional best/worst pathways.
",CHN,baseline_emissions,conditional,worst,KYOTOGHG,IPCM0EL,MtCO2eq,AR4,3627.3725,3767.8442,3897.485,4078.6184,4333.2711,4682.0469,4874.6176,4851.3636,4709.9324,4796.2031,4922.4501,5027.7604,5451.2209,6224.5119,7050.2596,7808.0066,8557.444,9087.3472,9684.52,10161.0383,11029.6326,12079.6658,12428.9881,12546.8774,12672.6489,12682.5306,12754.1024,12950.3744,14161.0444,14563.3402,14936.5452,15294.6681,15649.5469,15993.9314,16320.9848,16624.1206,16903.5237,17159.0952,17384.1392,17572.2039,17717.0259,17826.2064,17912.5439,17977.6672,18023.2023,18050.7823,18062.3956,18060.1215,18045.6761,18020.6904,17986.7112,17947.1417,17902.4087,17849.5582,17785.6689,17707.8418,17619.7481,17524.3344,17417.6611,17295.8451,17155.0529
"No targets calculated, so the baseline emissions are put in as target pathways for all un/conditional best/worst pathways.
",CHN,baseline_emissions,conditional,best,KYOTOGHG,IPCM0EL,MtCO2eq,AR4,3627.3725,3767.8442,3897.485,4078.6184,4333.2711,4682.0469,4874.6176,4851.3636,4709.9324,4796.2031,4922.4501,5027.7604,5451.2209,6224.5119,7050.2596,7808.0066,8557.444,9087.3472,9684.52,10161.0383,11029.6326,12079.6658,12428.9881,12546.8774,12672.6489,12682.5306,12754.1024,12950.3744,14161.0444,14563.3402,14936.5452,15294.6681,15649.5469,15993.9314,16320.9848,16624.1206,16903.5237,17159.0952,17384.1392,17572.2039,17717.0259,17826.2064,17912.5439,17977.6672,18023.2023,18050.7823,18062.3956,18060.1215,18045.6761,18020.6904,17986.7112,17947.1417,17902.4087,17849.5582,17785.6689,17707.8418,17619.7481,17524.3344,17417.6611,17295.8451,17155.0529
"No targets calculated, so the baseline emissions are put in as target pathways for all un/conditional best/worst pathways.
",CHN,baseline_emissions,unconditional,worst,KYOTOGHG,IPCM0EL,MtCO2eq,AR4,3627.3725,3767.8442,3897.485,4078.6184,4333.2711,4682.0469,4874.6176,4851.3636,4709.9324,4796.2031,4922.4501,5027.7604,5451.2209,6224.5119,7050.2596,7808.0066,8557.444,9087.3472,9684.52,10161.0383,11029.6326,12079.6658,12428.9881,12546.8774,12672.6489,12682.5306,12754.1024,12950.3744,14161.0444,14563.3402,14936.5452,15294.6681,15649.5469,15993.9314,16320.9848,16624.1206,16903.5237,17159.0952,17384.1392,17572.2039,17717.0259,17826.2064,17912.5439,17977.6672,18023.2023,18050.7823,18062.3956,18060.1215,18045.6761,18020.6904,17986.7112,17947.1417,17902.4087,17849.5582,17785.6689,17707.8418,17619.7481,17524.3344,17417.6611,17295.8451,17155.0529
"No targets calculated, so the baseline emissions are put in as target pathways for all un/conditional best/worst pathways.
",CHN,baseline_emissions,unconditional,best,KYOTOGHG,IPCM0EL,MtCO2eq,AR4,3627.3725,3767.8442,3897.485,4078.6184,4333.2711,4682.0469,4874.6176,4851.3636,4709.9324,4796.2031,4922.4501,5027.7604,5451.2209,6224.5119,7050.2596,7808.0066,8557.444,9087.3472,9684.52,10161.0383,11029.6326,12079.6658,12428.9881,12546.8774,12672.6489,12682.5306,12754.1024,12950.3744,14161.0444,14563.3402,14936.5452,15294.6681,15649.5469,15993.9314,16320.9848,16624.1206,16903.5237,17159.0952,17384.1392,17572.2039,17717.0259,17826.2064,17912.5439,17977.6672,18023.2023,18050.7823,18062.3956,18060.1215,18045.6761,18020.6904,17986.7112,17947.1417,17902.4087,17849.5582,17785.6689,17707.8418,17619.7481,17524.3344,17417.6611,17295.8451,17155.0529
,CHN,,emi_bau,emi_bau,KYOTOGHG,IPCM0EL,MtCO2eq,AR4,3627.3725,3767.8442,3897.485,4078.6184,4333.2711,4682.0469,4874.6176,4851.3636,4709.9324,4796.2031,4922.4501,5027.7604,5451.2209,6224.5119,7050.2596,7808.0066,8557.444,9087.3472,9684.52,10161.0383,11029.6326,12079.6658,12428.9881,12546.8774,12672.6489,12682.5306,12754.1024,12950.3744,14161.0444,14563.3402,14936.5452,15294.6681,15649.5469,15993.9314,16320.9848,16624.1206,16903.5237,17159.0952,17384.1392,17572.2039,17717.0259,17826.2064,17912.5439,17977.6672,18023.2023,18050.7823,18062.3956,18060.1215,18045.6761,18020.6904,17986.7112,17947.1417,17902.4087,17849.5582,17785.6689,17707.8418,17619.7481,17524.3344,17417.6611,17295.8451,17155.0529
,CHN,,emi_cov,emi_cov,KYOTOGHG,IPCM0EL,MtCO2eq,AR4,2517.824552209745,2647.5632089366354,2768.5097531919655,2943.9776811260904,3155.9256710678287,3411.83600073673,3546.4689398908354,3585.9639873275923,3420.235471425538,3426.4170007145444,3555.9463402654574,3635.8021926997108,4009.8904290939327,4723.600163325211,5427.423195740334,6088.161878143041,6725.806914849091,7234.4815430478075,7747.458452228641,8155.112216368141,8926.6732151373,9823.254012789328,10093.47604948371,10220.038672775489,10283.358334091725,10218.685893805112,10225.336415902899,10380.418962660353,11434.668495993688,11759.84329801458,12062.624806959837,12355.032707643983,12646.71889877365,12931.167892687079,13202.216905356534,13453.93439892773,13685.646293403559,13896.502399931394,14080.614399977256,14232.332404851957,14346.205706394927,14428.790599722435,14491.290306616147,14535.323206044919,14562.479705706633,14574.330908722834,14572.633100139828,14559.178993326042,14535.518706557086,14503.117193191674,14463.355407916526,14418.891702256953,14369.927596400381,14314.11860852154,14249.148994825802,14172.72470780105,14087.580594246665,13995.87720734478,13894.50479831015,13780.406192651943,13650.574999668263
,CHN,,emi_ncov,emi_ncov,KYOTOGHG,IPCM0EL,MtCO2eq,AR4,1109.5479477902547,1120.2809910633646,1128.9752468080349,1134.6407188739097,1177.345428932171,1270.2108992632704,1328.1486601091644,1265.3996126724073,1289.696928574462,1369.7860992854555,1366.5037597345427,1391.9582073002894,1441.3304709060676,1500.9117366747894,1622.836404259666,1719.844721856959,1831.6370851509082,1852.8656569521925,1937.0615477713595,2005.926083631859,2102.9593848627005,2256.4117872106726,2335.51205051629,2326.8387272245113,2389.2905659082758,2463.8447061948887,2528.765984097102,2569.955437339648,2726.3759040063123,2803.4969019854207,2873.9203930401627,2939.6353923560177,3002.8280012263485,3062.76350731292,3118.7678946434658,3170.1862010722684,3217.877406596443,3262.592800068606,3303.5248000227452,3339.8714951480424,3370.8201936050737,3397.415800277563,3421.253593383854,3442.3439939550804,3460.7225942933674,3476.451391277166,3489.7624998601714,3500.942506673959,3510.157393442915,3517.573206808325,3523.355792083476,3528.249997743047,3532.481103599619,3535.4395914784595,3536.519905174199,3535.117092198949,3532.167505753336,3528.4571926552203,3523.156301689851,3515.438907348056,3504.4779003317367
,CHN,,pc_cov,pc_cov,KYOTOGHG,IPCM0EL,MtCO2eq/MtCO2eq,AR4,0.6941180020000001,0.7026732179999999,0.7103323690000001,0.721807581,0.728300999,0.728706071,0.727537877,0.7391661979999999,0.7261750659999999,0.714401982,0.7223935779999999,0.723145477,0.735594925,0.758870774,0.769818915,0.779733188,0.785959793,0.79610489,0.7999837320000001,0.802586505,0.8093355,0.8132057770000001,0.812091537,0.8145483809999999,0.8114608409999999,0.805729252,0.8017292079999999,0.80155358,0.807473529,0.807496298,0.8075913570000001,0.807799988,0.808120451,0.8085046490000001,0.808910557,0.8093020209999999,0.809632745,0.8098621890000001,0.809969032,0.8099343990000001,0.8097411940000001,0.809414537,0.8090023609999999,0.8085210970000001,0.8079851440000001,0.8074071620000001,0.806794039,0.806150667,0.80548485,0.804803638,0.804113395,0.8034088070000001,0.8026812390000001,0.801931255,0.801159016,0.800364317,0.799533598,0.7986538540000001,0.797725063,0.7967466240000001,0.795717453
,CIV,,pop,pop,POP,DEMOGR,Pers,,11924877.0,12362407.0,12812421.0,13271643.0,13735433.0,14199762.0,14665127.0,15130663.0,15589414.0,16032573.0,16454668.0,16853026.0,17231539.0,17599610.0,17970494.0,18354514.0,18754916.0,19171237.0,19605569.0,20059147.0,20532950.0,21028655.0,21547188.0,22087504.0,22647684.0,23226143.0,23822714.0,24437470.0,24794354.2312,25309056.7769,25828506.8967,26356764.8818,26897710.2198,27448123.8401,28004792.5551,28564507.8583,29125231.5705,29686157.2355,30245914.983000007,30803116.9083,31356355.3915,31906938.1888,32457189.3607,33007213.8271,33557122.0758,34107030.7352,34656097.3201,35203418.9022,35749026.3819,36292950.7137,36835222.8116,37377980.6792,37922623.6455,38468080.8069,39013289.9711,39557197.9131,40097797.4254,40633247.5946,41162735.8489,41685428.2699,42200469.3515
,CIV,,gdp,gdp,GDPPPP,ECO,2011GKD,,27218505859.375,27718900390.625,28995769531.25,29128302734.375,30785925781.25,33689300781.25,36906156250.0,36916035156.25,37362750000.0,37158519531.25,36010214843.75,36437390625.0,36883796875.0,39849601562.5,37677273437.5,37229132812.5,39183980468.75,41001781250.0,44516343750.0,48671964843.75,52697824218.75,53532144531.25,57340960937.5,62130300781.25,68150742187.5,75618640625.0,82654640625.0,86714609375.0,90509249788.5796,97628136650.4988,105187746670.8307,113534338295.9955,122931622962.4189,133127548928.6266,143870105198.6975,154905592206.164,166289048798.8438,178157237785.6989,190380266336.8427,202832550374.8678,215392716776.6046,228062835145.2351,240959997391.4133,254138695990.4369,267653951002.1982,281561361445.6829,295834115820.7811,310418656887.5678,325333508459.8398,340600485890.2388,356244629068.3192,372245986478.1173,388571258400.7281,405231443224.8234,422242215126.132,439623823569.2582,457373412341.1047,475486327024.2551,493984071542.4432,512888895330.2864,532223747175.0111
"The target value from 'conditional_best' was used for 'conditional_worst' in 2030.
",CIV,ABS,conditional,worst,KYOTOGHG,IPCM0EL,MtCO2eq,AR4,14.5021,14.3105,14.1142,15.5079,15.1955,17.9151,19.355999999999998,19.5386,18.8945,18.3715,19.2117,20.9959,22.2363,18.9923,20.5014,22.7689,21.7212,21.4951,21.38,19.9143,21.5236,23.218000000000004,25.5048,27.5031,27.1459,27.7921,29.7595,30.5388,31.01400812783769,31.48921625567539,31.964424383513087,31.523161100961204,31.055047041786285,30.560082205988305,30.03826659356729,29.489600204523217,28.91408303885609,28.311715096565933,27.68249637765273,27.026426882116475,26.343506609957174,28.73509614169504,31.15667650606923,33.620588428470754,36.139172634290645,38.72512859093708,41.37601685269327,44.083729849970894,46.8528594805899,49.68871512640452,52.597251904899984,55.58291821708935,58.643633359272926,61.77631215010301,64.97815640184554,68.2468701655906,71.57413062653956,74.95183021510414,78.3778882275847,81.85022396028161,85.36603922546082
,CIV,ABS,conditional,best,KYOTOGHG,IPCM0EL,MtCO2eq,AR4,14.5021,14.3105,14.1142,15.5079,15.1955,17.9151,19.355999999999998,19.5386,18.8945,18.3715,19.2117,20.9959,22.2363,18.9923,20.5014,22.7689,21.7212,21.4951,21.38,19.9143,21.5236,23.218000000000004,25.5048,27.5031,27.1459,27.7921,29.7595,30.5388,31.01400812783769,31.48921625567539,31.964424383513087,31.523161100961204,31.055047041786285,30.560082205988305,30.03826659356729,29.489600204523217,28.91408303885609,28.311715096565933,27.68249637765273,27.026426882116475,26.343506609957174,28.73509614169504,31.15667650606923,33.620588428470754,36.139172634290645,38.72512859093708,41.37601685269327,44.083729849970894,46.8528594805899,49.68871512640452,52.597251904899984,55.58291821708935,58.643633359272926,61.77631215010301,64.97815640184554,68.2468701655906,71.57413062653956,74.95183021510414,78.3778882275847,81.85022396028161,85.36603922546082
,CIV,ABS,unconditional,worst,KYOTOGHG,IPCM0EL,MtCO2eq,AR4,14.5021,14.3105,14.1142,15.5079,15.1955,17.9151,19.355999999999998,19.5386,18.8945,18.3715,19.2117,20.9959,22.2363,18.9923,20.5014,22.7689,21.7212,21.4951,21.38,19.9143,21.5236,23.218000000000004,25.5048,27.5031,27.1459,27.7921,29.7595,30.5388,31.01400812783769,31.48921625567539,31.964424383513087,32.43963251135078,32.91484063918848,33.39004876702617,33.865256894863876,34.340465022701565,34.81567315053925,35.29088127837695,35.76608940621465,36.24129753405234,36.71650566189004,40.04980566189004,43.42490566189005,46.85900566189005,50.36930566189006,53.97350566189004,57.66820566189004,61.44210566189003,65.30160566189005,69.25410566189004,73.30790566189003,77.46920566189004,81.73510566189003,86.10130566189005,90.56390566189005,95.11970566189005,99.75710566189005,104.46480566189005,109.23990566189005,114.07950566189005,118.97970566189005
,CIV,ABS,unconditional,best,KYOTOGHG,IPCM0EL,MtCO2eq,AR4,14.5021,14.3105,14.1142,15.5079,15.1955,17.9151,19.355999999999998,19.5386,18.8945,18.3715,19.2117,20.9959,22.2363,18.9923,20.5014,22.7689,21.7212,21.4951,21.38,19.9143,21.5236,23.218000000000004,25.5048,27.5031,27.1459,27.7921,29.7595,30.5388,31.01400812783769,31.48921625567539,31.964424383513087,32.43963251135078,32.91484063918848,33.39004876702617,33.865256894863876,34.340465022701565,34.81567315053925,35.29088127837695,35.76608940621465,36.24129753405234,36.71650566189004,40.04980566189004,43.42490566189005,46.85900566189005,50.36930566189006,53.97350566189004,57.66820566189004,61.44210566189003,65.30160566189005,69.25410566189004,73.30790566189003,77.46920566189004,81.73510566189003,86.10130566189005,90.56390566189005,95.11970566189005,99.75710566189005,104.46480566189005,109.23990566189005,114.07950566189005,118.97970566189005
"The target value from 'conditional_best' was used for 'conditional_worst' in 2030.
",CIV,ABU,conditional,worst,KYOTOGHG,IPCM0EL,MtCO2eq,AR4,14.5021,14.3105,14.1142,15.5079,15.1955,17.9151,19.355999999999998,19.5386,18.8945,18.3715,19.2117,20.9959,22.2363,18.9923,20.5014,22.7689,21.7212,21.4951,21.38,19.9143,21.5236,23.218000000000004,25.5048,27.5031,27.1459,27.7921,29.7595,30.5388,31.01400812783769,31.48921625567539,31.964424383513087,31.523161100961204,31.055047041786285,30.560082205988305,30.03826659356729,29.489600204523217,28.91408303885609,28.311715096565933,27.68249637765273,27.026426882116475,26.343506609957174,28.73509614169504,31.15667650606923,33.620588428470754,36.139172634290645,38.72512859093708,41.37601685269327,44.083729849970894,46.8528594805899,49.68871512640452,52.597251904899984,55.58291821708935,58.643633359272926,61.77631215010301,64.97815640184554,68.2468701655906,71.57413062653956,74.95183021510414,78.3778882275847,81.85022396028161,85.36603922546082
,CIV,ABU,conditional,best,KYOTOGHG,IPCM0EL,MtCO2eq,AR4,14.5021,14.3105,14.1142,15.5079,15.1955,17.9151,19.355999999999998,19.5386,18.8945,18.3715,19.2117,20.9959,22.2363,18.9923,20.5014,22.7689,21.7212,21.4951,21.38,19.9143,21.5236,23.218000000000004,25.5048,27.5031,27.1459,27.7921,29.7595,30.5388,31.01400812783769,31.48921625567539,31.964424383513087,31.523161100961204,31.055047041786285,30.560082205988305,30.03826659356729,29.489600204523217,28.91408303885609,28.311715096565933,27.68249637765273,27.026426882116475,26.343506609957174,28.73509614169504,31.15667650606923,33.620588428470754,36.139172634290645,38.72512859093708,41.37601685269327,44.083729849970894,46.8528594805899,49.68871512640452,52.597251904899984,55.58291821708935,58.643633359272926,61.77631215010301,64.97815640184554,68.2468701655906,71.57413062653956,74.95183021510414,78.3778882275847,81.85022396028161,85.36603922546082
,CIV,ABU,unconditional,worst,KYOTOGHG,IPCM0EL,MtCO2eq,AR4,14.5021,14.3105,14.1142,15.5079,15.1955,17.9151,19.355999999999998,19.5386,18.8945,18.3715,19.2117,20.9959,22.2363,18.9923,20.5014,22.7689,21.7212,21.4951,21.38,19.9143,21.5236,23.218000000000004,25.5048,27.5031,27.1459,27.7921,29.7595,30.5388,31.01400812783769,31.48921625567539,31.964424383513087,32.43963251135078,32.91484063918848,33.39004876702617,33.865256894863876,34.340465022701565,34.81567315053925,35.29088127837695,35.76608940621465,36.24129753405234,36.71650566189004,40.04980566189004,43.42490566189005,46.85900566189005,50.36930566189006,53.97350566189004,57.66820566189004,61.44210566189003,65.30160566189005,69.25410566189004,73.30790566189003,77.46920566189004,81.73510566189003,86.10130566189005,90.56390566189005,95.11970566189005,99.75710566189005,104.46480566189005,109.23990566189005,114.07950566189005,118.97970566189005
,CIV,ABU,unconditional,best,KYOTOGHG,IPCM0EL,MtCO2eq,AR4,14.5021,14.3105,14.1142,15.5079,15.1955,17.9151,19.355999999999998,19.5386,18.8945,18.3715,19.2117,20.9959,22.2363,18.9923,20.5014,22.7689,21.7212,21.4951,21.38,19.9143,21.5236,23.218000000000004,25.5048,27.5031,27.1459,27.7921,29.7595,30.5388,31.01400812783769,31.48921625567539,31.964424383513087,32.43963251135078,32.91484063918848,33.39004876702617,33.865256894863876,34.340465022701565,34.81567315053925,35.29088127837695,35.76608940621465,36.24129753405234,36.71650566189004,40.04980566189004,43.42490566189005,46.85900566189005,50.36930566189006,53.97350566189004,57.66820566189004,61.44210566189003,65.30160566189005,69.25410566189004,73.30790566189003,77.46920566189004,81.73510566189003,86.10130566189005,90.56390566189005,95.11970566189005,99.75710566189005,104.46480566189005,109.23990566189005,114.07950566189005,118.97970566189005
"The target value from 'conditional_best' was used for 'conditional_worst' in 2030.
",CIV,RBU,conditional,worst,KYOTOGHG,IPCM0EL,MtCO2eq,AR4,14.5021,14.3105,14.1142,15.5079,15.1955,17.9151,19.355999999999998,19.5386,18.8945,18.3715,19.2117,20.9959,22.2363,18.9923,20.5014,22.7689,21.7212,21.4951,21.38,19.9143,21.5236,23.218000000000004,25.5048,27.5031,27.1459,27.7921,29.7595,30.5388,31.01400812783769,31.48921625567539,31.964424383513087,31.531322801032957,31.071609563393928,30.58528467059597,30.072348122639124,29.532799919523345,28.96664006124865,28.373868547815064,27.754485379222565,27.108490555471153,26.43588407656083,28.835860076560827,31.265932076560837,33.73848407656084,36.26590007656084,38.86092407656083,41.52110807656083,44.23831607656082,47.01715607656084,49.86295607656083,52.78169207656082,55.77782807656083,58.84927607656082,61.992940076560835,65.20601207656082,68.48618807656084,71.82511607656083,75.21466007656083,78.65273207656084,82.13724407656083,85.66538807656083
,CIV,RBU,conditional,best,KYOTOGHG,IPCM0EL,MtCO2eq,AR4,14.5021,14.3105,14.1142,15.5079,15.1955,17.9151,19.355999999999998,19.5386,18.8945,18.3715,19.2117,20.9959,22.2363,18.9923,20.5014,22.7689,21.7212,21.4951,21.38,19.9143,21.5236,23.218000000000004,25.5048,27.5031,27.1459,27.7921,29.7595,30.5388,31.01400812783769,31.48921625567539,31.964424383513087,31.531322801032957,31.071609563393928,30.58528467059597,30.072348122639124,29.532799919523345,28.96664006124865,28.373868547815064,27.754485379222565,27.108490555471153,26.43588407656083,28.835860076560827,31.265932076560837,33.73848407656084,36.26590007656084,38.86092407656083,41.52110807656083,44.23831607656082,47.01715607656084,49.86295607656083,52.78169207656082,55.77782807656083,58.84927607656082,61.992940076560835,65.20601207656082,68.48618807656084,71.82511607656083,75.21466007656083,78.65273207656084,82.13724407656083,85.66538807656083
,CIV,RBU,unconditional,worst,KYOTOGHG,IPCM0EL,MtCO2eq,AR4,14.5021,14.3105,14.1142,15.5079,15.1955,17.9151,19.355999999999998,19.5386,18.8945,18.3715,19.2117,20.9959,22.2363,18.9923,20.5014,22.7689,21.7212,21.4951,21.38,19.9143,21.5236,23.218000000000004,25.5048,27.5031,27.1459,27.7921,29.7595,30.5388,31.01400812783769,31.48921625567539,31.964424383513087,32.43963251135078,32.91484063918848,33.39004876702617,33.865256894863876,34.340465022701565,34.81567315053925,35.29088127837695,35.76608940621465,36.24129753405234,36.71650566189004,40.04980566189004,43.42490566189005,46.85900566189005,50.36930566189006,53.97350566189004,57.66820566189004,61.44210566189003,65.30160566189005,69.25410566189004,73.30790566189003,77.46920566189004,81.73510566189003,86.10130566189005,90.56390566189005,95.11970566189005,99.75710566189005,104.46480566189005,109.23990566189005,114.07950566189005,118.97970566189005
,CIV,RBU,unconditional,best,KYOTOGHG,IPCM0EL,MtCO2eq,AR4,14.5021,14.3105,14.1142,15.5079,15.1955,17.9151,19.355999999999998,19.5386,18.8945,18.3715,19.2117,20.9959,22.2363,18.9923,20.5014,22.7689,21.7212,21.4951,21.38,19.9143,21.5236,23.218000000000004,25.5048,27.5031,27.1459,27.7921,29.7595,30.5388,31.01400812783769,31.48921625567539,31.964424383513087,32.43963251135078,32.91484063918848,33.39004876702617,33.865256894863876,34.340465022701565,34.81567315053925,35.29088127837695,35.76608940621465,36.24129753405234,36.71650566189004,40.04980566189004,43.42490566189005,46.85900566189005,50.36930566189006,53.97350566189004,57.66820566189004,61.44210566189003,65.30160566189005,69.25410566189004,73.30790566189003,77.46920566189004,81.73510566189003,86.10130566189005,90.56390566189005,95.11970566189005,99.75710566189005,104.46480566189005,109.23990566189005,114.07950566189005,118.97970566189005
"No targets calculated, so the baseline emissions are put in as target pathways for all un/conditional best/worst pathways.
",CIV,baseline_emissions,conditional,worst,KYOTOGHG,IPCM0EL,MtCO2eq,AR4,14.5021,14.3105,14.1142,15.5079,15.1955,17.9151,19.355999999999998,19.5386,18.8945,18.3715,19.2117,20.9959,22.2363,18.9923,20.5014,22.7689,21.7212,21.4951,21.38,19.9143,21.5236,23.218000000000004,25.5048,27.5031,27.1459,27.7921,29.7595,30.5388,31.01400812783769,31.48921625567539,31.964424383513087,32.43963251135078,32.91484063918848,33.39004876702617,33.865256894863876,34.340465022701565,34.81567315053925,35.29088127837695,35.76608940621465,36.24129753405234,36.71650566189004,40.04980566189004,43.42490566189005,46.85900566189005,50.36930566189006,53.97350566189004,57.66820566189004,61.44210566189003,65.30160566189005,69.25410566189004,73.30790566189003,77.46920566189004,81.73510566189003,86.10130566189005,90.56390566189005,95.11970566189005,99.75710566189005,104.46480566189005,109.23990566189005,114.07950566189005,118.97970566189005
"No targets calculated, so the baseline emissions are put in as target pathways for all un/conditional best/worst pathways.
",CIV,baseline_emissions,conditional,best,KYOTOGHG,IPCM0EL,MtCO2eq,AR4,14.5021,14.3105,14.1142,15.5079,15.1955,17.9151,19.355999999999998,19.5386,18.8945,18.3715,19.2117,20.9959,22.2363,18.9923,20.5014,22.7689,21.7212,21.4951,21.38,19.9143,21.5236,23.218000000000004,25.5048,27.5031,27.1459,27.7921,29.7595,30.5388,31.01400812783769,31.48921625567539,31.964424383513087,32.43963251135078,32.91484063918848,33.39004876702617,33.865256894863876,34.340465022701565,34.81567315053925,35.29088127837695,35.76608940621465,36.24129753405234,36.71650566189004,40.04980566189004,43.42490566189005,46.85900566189005,50.36930566189006,53.97350566189004,57.66820566189004,61.44210566189003,65.30160566189005,69.25410566189004,73.30790566189003,77.46920566189004,81.73510566189003,86.10130566189005,90.56390566189005,95.11970566189005,99.75710566189005,104.46480566189005,109.23990566189005,114.07950566189005,118.97970566189005
"No targets calculated, so the baseline emissions are put in as target pathways for all un/conditional best/worst pathways.
",CIV,baseline_emissions,unconditional,worst,KYOTOGHG,IPCM0EL,MtCO2eq,AR4,14.5021,14.3105,14.1142,15.5079,15.1955,17.9151,19.355999999999998,19.5386,18.8945,18.3715,19.2117,20.9959,22.2363,18.9923,20.5014,22.7689,21.7212,21.4951,21.38,19.9143,21.5236,23.218000000000004,25.5048,27.5031,27.1459,27.7921,29.7595,30.5388,31.01400812783769,31.48921625567539,31.964424383513087,32.43963251135078,32.91484063918848,33.39004876702617,33.865256894863876,34.340465022701565,34.81567315053925,35.29088127837695,35.76608940621465,36.24129753405234,36.71650566189004,40.04980566189004,43.42490566189005,46.85900566189005,50.36930566189006,53.97350566189004,57.66820566189004,61.44210566189003,65.30160566189005,69.25410566189004,73.30790566189003,77.46920566189004,81.73510566189003,86.10130566189005,90.56390566189005,95.11970566189005,99.75710566189005,104.46480566189005,109.23990566189005,114.07950566189005,118.97970566189005
"No targets calculated, so the baseline emissions are put in as target pathways for all un/conditional best/worst pathways.
",CIV,baseline_emissions,unconditional,best,KYOTOGHG,IPCM0EL,MtCO2eq,AR4,14.5021,14.3105,14.1142,15.5079,15.1955,17.9151,19.355999999999998,19.5386,18.8945,18.3715,19.2117,20.9959,22.2363,18.9923,20.5014,22.7689,21.7212,21.4951,21.38,19.9143,21.5236,23.218000000000004,25.5048,27.5031,27.1459,27.7921,29.7595,30.5388,31.01400812783769,31.48921625567539,31.964424383513087,32.43963251135078,32.91484063918848,33.39004876702617,33.865256894863876,34.340465022701565,34.81567315053925,35.29088127837695,35.76608940621465,36.24129753405234,36.71650566189004,40.04980566189004,43.42490566189005,46.85900566189005,50.36930566189006,53.97350566189004,57.66820566189004,61.44210566189003,65.30160566189005,69.25410566189004,73.30790566189003,77.46920566189004,81.73510566189003,86.10130566189005,90.56390566189005,95.11970566189005,99.75710566189005,104.46480566189005,109.23990566189005,114.07950566189005,118.97970566189005
,CIV,,emi_bau,emi_bau,KYOTOGHG,IPCM0EL,MtCO2eq,AR4,14.5021,14.3105,14.1142,15.5079,15.1955,17.9151,19.355999999999998,19.5386,18.8945,18.3715,19.2117,20.9959,22.2363,18.9923,20.5014,22.7689,21.7212,21.4951,21.38,19.9143,21.5236,23.218000000000004,25.5048,27.5031,27.1459,27.7921,29.7595,30.5388,31.01400812783769,31.48921625567539,31.964424383513087,32.43963251135078,32.91484063918848,33.39004876702617,33.865256894863876,34.340465022701565,34.81567315053925,35.29088127837695,35.76608940621465,36.24129753405234,36.71650566189004,40.04980566189004,43.42490566189005,46.85900566189005,50.36930566189006,53.97350566189004,57.66820566189004,61.44210566189003,65.30160566189005,69.25410566189004,73.30790566189003,77.46920566189004,81.73510566189003,86.10130566189005,90.56390566189005,95.11970566189005,99.75710566189005,104.46480566189005,109.23990566189005,114.07950566189005,118.97970566189005
,CIV,,emi_cov,emi_cov,KYOTOGHG,IPCM0EL,MtCO2eq,AR4,14.5021,14.3105,14.1142,15.5079,15.1955,17.9151,19.355999999999998,19.5386,18.8945,18.3715,19.2117,20.9959,22.2363,18.9923,20.5014,22.7689,21.7212,21.4951,21.38,19.9143,21.5236,23.218000000000004,25.5048,27.5031,27.1459,27.7921,29.7595,30.5388,31.01400812783769,31.489118639105,31.964424383513087,32.43963251135078,32.91484063918848,33.39004876702617,33.865256894863876,34.340465022701565,34.81567315053925,35.29088127837695,35.76608940621465,36.24123773591141,36.71650566189004,40.04980566189004,43.42490566189005,46.85900566189005,50.36930566189006,53.97350566189004,57.66820566189004,61.44210566189003,65.30160566189005,69.25410566189004,73.30790566189003,77.46920566189004,81.73510566189003,86.10130566189005,90.56390566189005,95.11970566189005,99.75710566189005,104.46472637310255,109.23990566189005,114.07950566189005,118.97962427977137
,CIV,,emi_ncov,emi_ncov,KYOTOGHG,IPCM0EL,MtCO2eq,AR4,0.0,0.0,0.0,0.0,0.0,0.0,0.0,0.0,0.0,0.0,0.0,0.0,0.0,0.0,0.0,0.0,0.0,0.0,0.0,0.0,0.0,0.0,0.0,0.0,0.0,0.0,0.0,0.0,0.0,9.761657039015673e-05,0.0,0.0,0.0,0.0,0.0,0.0,0.0,0.0,0.0,5.979814092988821e-05,0.0,0.0,0.0,0.0,0.0,0.0,0.0,0.0,0.0,0.0,0.0,0.0,0.0,0.0,0.0,0.0,0.0,7.92887875049316e-05,0.0,0.0,8.138211868273444e-05
,CIV,,pc_cov,pc_cov,KYOTOGHG,IPCM0EL,MtCO2eq/MtCO2eq,AR4,1.0,1.0,1.0,1.0,1.0,1.0,1.0,1.0,1.0,1.0,1.0,1.0,1.0,1.0,1.0,1.0,1.0,1.0,1.0,1.0,1.0,1.0,1.0,1.0,1.0,1.0,1.0,1.0,1.0,0.9999969000000001,1.0,1.0,1.0,1.0,1.0,1.0,1.0,1.0,1.0,0.99999835,1.0,1.0,1.0,1.0,1.0,1.0,1.0,1.0,1.0,1.0,1.0,1.0,1.0,1.0,1.0,1.0,1.0,0.9999992409999999,1.0,1.0,0.9999993159999999
,CMR,,pop,pop,POP,DEMOGR,Pers,,11780088.0,12137912.0,12499499.0,12864090.0,13230984.0,13599988.0,13970813.0,14344449.0,14723768.0,15112592.0,15513945.0,15928910.0,16357602.0,16800865.0,17259322.0,17733410.0,18223674.0,18730282.0,19252666.0,19789919.0,20341241.0,20906388.0,21485265.0,22077294.0,22681852.0,23298368.0,23926551.0,24566073.0,24971435.626,25471063.9743,25968510.8297,26465028.1944,26963259.04,27463825.0745,27967358.0294,28474502.7323,28982865.1333,29489051.8508,29992196.097,30491397.6937,30985721.4396,31476969.7815,31967165.8736,32455685.9594,32941915.8939,33425251.3428,33905601.0955,34382612.6155,34855297.0245,35322665.4504,35783729.1196,36240322.9377,36694599.353,37146055.8927,37594204.0343,38038569.8125,38477090.8911,38907753.7602,39330143.5443,39743810.9062,40148271.7519
,CMR,,gdp,gdp,GDPPPP,ECO,2011GKD,,27860416015.625,27072886718.75,26596150390.625,27975851562.5,28834619140.625,30600046875.0,32749609375.0,33899019531.25,35422597656.25,37026468750.0,38215726562.5,38552250000.0,39907675781.25,42354105468.75,43425171875.0,44825011718.75,46445351562.5,48696679687.5,50907691406.25,51519769531.25,53753265625.0,56873328125.0,59572515625.0,62763773437.5,66308585937.5,68676234375.0,71503601562.5,74722437500.0,77599636100.6331,81473172645.8199,85544403889.755,89880808848.3363,94496950641.0538,99349233570.9256,104393974006.7274,109587227987.1898,114899784263.7645,120317467298.474,125819105464.9532,131384114428.931,136992453897.9962,142630655024.0125,148330945307.713,154142147826.9218,160113040356.5394,166292443356.2027,172661859894.5103,179177750539.3057,185851947342.8595,192696964314.3293,199726085823.5178,206906159768.1684,214218036204.4933,221697538374.2192,229381733378.1725,237309068607.5315,245480044738.483,253875907603.9265,262507615923.326,271386451766.9295,280524016294.2245
"The target value from 'conditional_best' was used for 'conditional_worst' in 2035.
",CMR,ABS,conditional,worst,KYOTOGHG,IPCM0EL,MtCO2eq,AR4,27.5353,26.8963,29.6808,31.2045,56.5906,54.9384,50.8165,47.5066,46.6946,44.9681,44.2039,43.0301,40.9539,42.3474,41.7367,43.7252,42.9253,44.5545,44.1678,45.0583,43.0861,40.685,40.9122,42.0359,41.5374,42.2268,42.7917,43.516999999999996,46.87716666666667,50.23733333333334,53.5975,55.752792948717946,57.765925,59.63689615384616,61.36570641025641,62.95235576923078,64.39684423076923,65.69917179487179,66.85933846153847,67.87734423076922,68.75318910256411,69.48687307692309,70.07839615384616,70.52775833333334,70.8349596153846,71.0,72.34401634615385,73.7173201923077,75.12298365384615,76.56401057692308,78.04374615384616,79.55877692307692,81.10650865384615,82.69178846153847,84.31932692307693,85.9939028846154,87.70950865384617,89.4562451923077,91.23281538461538,93.03764903846155,94.86917596153846
,CMR,ABS,conditional,best,KYOTOGHG,IPCM0EL,MtCO2eq,AR4,27.5353,26.8963,29.6808,31.2045,56.5906,54.9384,50.8165,47.5066,46.6946,44.9681,44.2039,43.0301,40.9539,42.3474,41.7367,43.7252,42.9253,44.5545,44.1678,45.0583,43.0861,40.685,40.9122,42.0359,41.5374,42.2268,42.7917,43.516999999999996,46.87716666666667,50.23733333333334,53.5975,55.752792948717946,57.765925,59.63689615384616,61.36570641025641,62.95235576923078,64.39684423076923,65.69917179487179,66.85933846153847,67.87734423076922,68.75318910256411,69.48687307692309,70.07839615384616,70.52775833333334,70.8349596153846,71.0,72.34401634615385,73.7173201923077,75.12298365384615,76.56401057692308,78.04374615384616,79.55877692307692,81.10650865384615,82.69178846153847,84.31932692307693,85.9939028846154,87.70950865384617,89.4562451923077,91.23281538461538,93.03764903846155,94.86917596153846
,CMR,ABS,unconditional,worst,KYOTOGHG,IPCM0EL,MtCO2eq,AR4,27.5353,26.8963,29.6808,31.2045,56.5906,54.9384,50.8165,47.5066,46.6946,44.9681,44.2039,43.0301,40.9539,42.3474,41.7367,43.7252,42.9253,44.5545,44.1678,45.0583,43.0861,40.685,40.9122,42.0359,41.5374,42.2268,42.7917,43.516999999999996,46.87716666666667,50.23733333333334,53.5975,56.95766666666667,60.31783333333333,63.678000000000004,67.03816666666667,70.39833333333334,73.7585,77.11866666666666,80.47883333333334,83.839,87.19916666666666,90.55933333333334,93.9195,97.27966666666666,100.63983333333331,104.0,105.9687,107.9803,110.0393,112.1501,114.3176,116.5368,118.8039,121.126,123.51,125.9629,128.47590000000002,131.0345,133.6368,136.28050000000002,138.9633
,CMR,ABS,unconditional,best,KYOTOGHG,IPCM0EL,MtCO2eq,AR4,27.5353,26.8963,29.6808,31.2045,56.5906,54.9384,50.8165,47.5066,46.6946,44.9681,44.2039,43.0301,40.9539,42.3474,41.7367,43.7252,42.9253,44.5545,44.1678,45.0583,43.0861,40.685,40.9122,42.0359,41.5374,42.2268,42.7917,43.516999999999996,46.87716666666667,50.23733333333334,53.5975,56.95766666666667,60.31783333333333,63.678000000000004,67.03816666666667,70.39833333333334,73.7585,77.11866666666666,80.47883333333334,83.839,87.19916666666666,90.55933333333334,93.9195,97.27966666666666,100.63983333333331,104.0,105.9687,107.9803,110.0393,112.1501,114.3176,116.5368,118.8039,121.126,123.51,125.9629,128.47590000000002,131.0345,133.6368,136.28050000000002,138.9633
"The target value from 'conditional_best' was used for 'conditional_worst' in 2035.
",CMR,ABU,conditional,worst,KYOTOGHG,IPCM0EL,MtCO2eq,AR4,27.5353,26.8963,29.6808,31.2045,56.5906,54.9384,50.8165,47.5066,46.6946,44.9681,44.2039,43.0301,40.9539,42.3474,41.7367,43.7252,42.9253,44.5545,44.1678,45.0583,43.0861,40.685,40.9122,42.0359,41.5374,42.2268,42.7917,43.516999999999996,46.87716666666667,50.23733333333334,53.5975,55.752792948717946,57.765925,59.63689615384616,61.36570641025641,62.95235576923078,64.39684423076923,65.69917179487179,66.85933846153847,67.87734423076922,68.75318910256411,69.48687307692309,70.07839615384616,70.52775833333334,70.8349596153846,71.0,72.34401634615385,73.7173201923077,75.12298365384615,76.56401057692308,78.04374615384616,79.55877692307692,81.10650865384615,82.69178846153847,84.31932692307693,85.9939028846154,87.70950865384617,89.4562451923077,91.23281538461538,93.03764903846155,94.86917596153846
,CMR,ABU,conditional,best,KYOTOGHG,IPCM0EL,MtCO2eq,AR4,27.5353,26.8963,29.6808,31.2045,56.5906,54.9384,50.8165,47.5066,46.6946,44.9681,44.2039,43.0301,40.9539,42.3474,41.7367,43.7252,42.9253,44.5545,44.1678,45.0583,43.0861,40.685,40.9122,42.0359,41.5374,42.2268,42.7917,43.516999999999996,46.87716666666667,50.23733333333334,53.5975,55.752792948717946,57.765925,59.63689615384616,61.36570641025641,62.95235576923078,64.39684423076923,65.69917179487179,66.85933846153847,67.87734423076922,68.75318910256411,69.48687307692309,70.07839615384616,70.52775833333334,70.8349596153846,71.0,72.34401634615385,73.7173201923077,75.12298365384615,76.56401057692308,78.04374615384616,79.55877692307692,81.10650865384615,82.69178846153847,84.31932692307693,85.9939028846154,87.70950865384617,89.4562451923077,91.23281538461538,93.03764903846155,94.86917596153846
,CMR,ABU,unconditional,worst,KYOTOGHG,IPCM0EL,MtCO2eq,AR4,27.5353,26.8963,29.6808,31.2045,56.5906,54.9384,50.8165,47.5066,46.6946,44.9681,44.2039,43.0301,40.9539,42.3474,41.7367,43.7252,42.9253,44.5545,44.1678,45.0583,43.0861,40.685,40.9122,42.0359,41.5374,42.2268,42.7917,43.516999999999996,46.87716666666667,50.23733333333334,53.5975,56.95766666666667,60.31783333333333,63.678000000000004,67.03816666666667,70.39833333333334,73.7585,77.11866666666666,80.47883333333334,83.839,87.19916666666666,90.55933333333334,93.9195,97.27966666666666,100.63983333333331,104.0,105.9687,107.9803,110.0393,112.1501,114.3176,116.5368,118.8039,121.126,123.51,125.9629,128.47590000000002,131.0345,133.6368,136.28050000000002,138.9633
,CMR,ABU,unconditional,best,KYOTOGHG,IPCM0EL,MtCO2eq,AR4,27.5353,26.8963,29.6808,31.2045,56.5906,54.9384,50.8165,47.5066,46.6946,44.9681,44.2039,43.0301,40.9539,42.3474,41.7367,43.7252,42.9253,44.5545,44.1678,45.0583,43.0861,40.685,40.9122,42.0359,41.5374,42.2268,42.7917,43.516999999999996,46.87716666666667,50.23733333333334,53.5975,56.95766666666667,60.31783333333333,63.678000000000004,67.03816666666667,70.39833333333334,73.7585,77.11866666666666,80.47883333333334,83.839,87.19916666666666,90.55933333333334,93.9195,97.27966666666666,100.63983333333331,104.0,105.9687,107.9803,110.0393,112.1501,114.3176,116.5368,118.8039,121.126,123.51,125.9629,128.47590000000002,131.0345,133.6368,136.28050000000002,138.9633
"The target value from 'conditional_best' was used for 'conditional_worst' in 2035.
",CMR,RBU,conditional,worst,KYOTOGHG,IPCM0EL,MtCO2eq,AR4,27.5353,26.8963,29.6808,31.2045,56.5906,54.9384,50.8165,47.5066,46.6946,44.9681,44.2039,43.0301,40.9539,42.3474,41.7367,43.7252,42.9253,44.5545,44.1678,45.0583,43.0861,40.685,40.9122,42.0359,41.5374,42.2268,42.7917,43.516999999999996,46.87716666666667,50.23733333333334,53.5975,55.75406981075761,57.76862937875023,59.64117870397786,61.371717786440485,62.960246626138144,64.40676522307078,65.71127357723843,66.87377168864111,67.89425955727877,68.77273718315145,69.50920456625916,70.10366170660186,70.55610860417956,70.86654525899226,71.03497167104,72.3796500242013,73.75363030317692,75.15998613654875,76.60172285004137,78.08218728366617,79.59796429455436,81.14645837412566,82.73251902525375,84.36085914509759,86.03625993367349,87.75271073953239,89.50030764835472,91.27775290585035,93.08347554629968,94.915904603983
,CMR,RBU,conditional,best,KYOTOGHG,IPCM0EL,MtCO2eq,AR4,27.5353,26.8963,29.6808,31.2045,56.5906,54.9384,50.8165,47.5066,46.6946,44.9681,44.2039,43.0301,40.9539,42.3474,41.7367,43.7252,42.9253,44.5545,44.1678,45.0583,43.0861,40.685,40.9122,42.0359,41.5374,42.2268,42.7917,43.516999999999996,46.87716666666667,50.23733333333334,53.5975,55.75406981075761,57.76862937875023,59.64117870397786,61.371717786440485,62.960246626138144,64.40676522307078,65.71127357723843,66.87377168864111,67.89425955727877,68.77273718315145,69.50920456625916,70.10366170660186,70.55610860417956,70.86654525899226,71.03497167104,72.3796500242013,73.75363030317692,75.15998613654875,76.60172285004137,78.08218728366617,79.59796429455436,81.14645837412566,82.73251902525375,84.36085914509759,86.03625993367349,87.75271073953239,89.50030764835472,91.27775290585035,93.08347554629968,94.915904603983
,CMR,RBU,unconditional,worst,KYOTOGHG,IPCM0EL,MtCO2eq,AR4,27.5353,26.8963,29.6808,31.2045,56.5906,54.9384,50.8165,47.5066,46.6946,44.9681,44.2039,43.0301,40.9539,42.3474,41.7367,43.7252,42.9253,44.5545,44.1678,45.0583,43.0861,40.685,40.9122,42.0359,41.5374,42.2268,42.7917,43.516999999999996,46.87716666666667,50.23733333333334,53.5975,56.95766666666667,60.31783333333333,63.678000000000004,67.03816666666667,70.39833333333334,73.7585,77.11866666666666,80.47883333333334,83.839,87.19916666666666,90.55933333333334,93.9195,97.27966666666666,100.63983333333331,104.0,105.9687,107.9803,110.0393,112.1501,114.3176,116.5368,118.8039,121.126,123.51,125.9629,128.47590000000002,131.0345,133.6368,136.28050000000002,138.9633
,CMR,RBU,unconditional,best,KYOTOGHG,IPCM0EL,MtCO2eq,AR4,27.5353,26.8963,29.6808,31.2045,56.5906,54.9384,50.8165,47.5066,46.6946,44.9681,44.2039,43.0301,40.9539,42.3474,41.7367,43.7252,42.9253,44.5545,44.1678,45.0583,43.0861,40.685,40.9122,42.0359,41.5374,42.2268,42.7917,43.516999999999996,46.87716666666667,50.23733333333334,53.5975,56.95766666666667,60.31783333333333,63.678000000000004,67.03816666666667,70.39833333333334,73.7585,77.11866666666666,80.47883333333334,83.839,87.19916666666666,90.55933333333334,93.9195,97.27966666666666,100.63983333333331,104.0,105.9687,107.9803,110.0393,112.1501,114.3176,116.5368,118.8039,121.126,123.51,125.9629,128.47590000000002,131.0345,133.6368,136.28050000000002,138.9633
"No targets calculated, so the baseline emissions are put in as target pathways for all un/conditional best/worst pathways.
",CMR,baseline_emissions,conditional,worst,KYOTOGHG,IPCM0EL,MtCO2eq,AR4,27.5353,26.8963,29.6808,31.2045,56.5906,54.9384,50.8165,47.5066,46.6946,44.9681,44.2039,43.0301,40.9539,42.3474,41.7367,43.7252,42.9253,44.5545,44.1678,45.0583,43.0861,40.685,40.9122,42.0359,41.5374,42.2268,42.7917,43.516999999999996,46.87716666666667,50.23733333333334,53.5975,56.95766666666667,60.31783333333333,63.678000000000004,67.03816666666667,70.39833333333334,73.7585,77.11866666666666,80.47883333333334,83.839,87.19916666666666,90.55933333333334,93.9195,97.27966666666666,100.63983333333331,104.0,105.9687,107.9803,110.0393,112.1501,114.3176,116.5368,118.8039,121.126,123.51,125.9629,128.47590000000002,131.0345,133.6368,136.28050000000002,138.9633
"No targets calculated, so the baseline emissions are put in as target pathways for all un/conditional best/worst pathways.
",CMR,baseline_emissions,conditional,best,KYOTOGHG,IPCM0EL,MtCO2eq,AR4,27.5353,26.8963,29.6808,31.2045,56.5906,54.9384,50.8165,47.5066,46.6946,44.9681,44.2039,43.0301,40.9539,42.3474,41.7367,43.7252,42.9253,44.5545,44.1678,45.0583,43.0861,40.685,40.9122,42.0359,41.5374,42.2268,42.7917,43.516999999999996,46.87716666666667,50.23733333333334,53.5975,56.95766666666667,60.31783333333333,63.678000000000004,67.03816666666667,70.39833333333334,73.7585,77.11866666666666,80.47883333333334,83.839,87.19916666666666,90.55933333333334,93.9195,97.27966666666666,100.63983333333331,104.0,105.9687,107.9803,110.0393,112.1501,114.3176,116.5368,118.8039,121.126,123.51,125.9629,128.47590000000002,131.0345,133.6368,136.28050000000002,138.9633
"No targets calculated, so the baseline emissions are put in as target pathways for all un/conditional best/worst pathways.
",CMR,baseline_emissions,unconditional,worst,KYOTOGHG,IPCM0EL,MtCO2eq,AR4,27.5353,26.8963,29.6808,31.2045,56.5906,54.9384,50.8165,47.5066,46.6946,44.9681,44.2039,43.0301,40.9539,42.3474,41.7367,43.7252,42.9253,44.5545,44.1678,45.0583,43.0861,40.685,40.9122,42.0359,41.5374,42.2268,42.7917,43.516999999999996,46.87716666666667,50.23733333333334,53.5975,56.95766666666667,60.31783333333333,63.678000000000004,67.03816666666667,70.39833333333334,73.7585,77.11866666666666,80.47883333333334,83.839,87.19916666666666,90.55933333333334,93.9195,97.27966666666666,100.63983333333331,104.0,105.9687,107.9803,110.0393,112.1501,114.3176,116.5368,118.8039,121.126,123.51,125.9629,128.47590000000002,131.0345,133.6368,136.28050000000002,138.9633
"No targets calculated, so the baseline emissions are put in as target pathways for all un/conditional best/worst pathways.
",CMR,baseline_emissions,unconditional,best,KYOTOGHG,IPCM0EL,MtCO2eq,AR4,27.5353,26.8963,29.6808,31.2045,56.5906,54.9384,50.8165,47.5066,46.6946,44.9681,44.2039,43.0301,40.9539,42.3474,41.7367,43.7252,42.9253,44.5545,44.1678,45.0583,43.0861,40.685,40.9122,42.0359,41.5374,42.2268,42.7917,43.516999999999996,46.87716666666667,50.23733333333334,53.5975,56.95766666666667,60.31783333333333,63.678000000000004,67.03816666666667,70.39833333333334,73.7585,77.11866666666666,80.47883333333334,83.839,87.19916666666666,90.55933333333334,93.9195,97.27966666666666,100.63983333333331,104.0,105.9687,107.9803,110.0393,112.1501,114.3176,116.5368,118.8039,121.126,123.51,125.9629,128.47590000000002,131.0345,133.6368,136.28050000000002,138.9633
,CMR,,emi_bau,emi_bau,KYOTOGHG,IPCM0EL,MtCO2eq,AR4,27.5353,26.8963,29.6808,31.2045,56.5906,54.9384,50.8165,47.5066,46.6946,44.9681,44.2039,43.0301,40.9539,42.3474,41.7367,43.7252,42.9253,44.5545,44.1678,45.0583,43.0861,40.685,40.9122,42.0359,41.5374,42.2268,42.7917,43.516999999999996,46.87716666666667,50.23733333333334,53.5975,56.95766666666667,60.31783333333333,63.678000000000004,67.03816666666667,70.39833333333334,73.7585,77.11866666666666,80.47883333333334,83.839,87.19916666666666,90.55933333333334,93.9195,97.27966666666666,100.63983333333331,104.0,105.9687,107.9803,110.0393,112.1501,114.3176,116.5368,118.8039,121.126,123.51,125.9629,128.47590000000002,131.0345,133.6368,136.28050000000002,138.9633
,CMR,,emi_cov,emi_cov,KYOTOGHG,IPCM0EL,MtCO2eq,AR4,26.441797597530897,25.8452992398295,28.685880736692,30.180202083628497,55.648009423314,54.164461058532,49.99189028793399,46.6627520933434,45.998430161905404,44.2744906207844,43.6058205699415,42.5333398281219,40.5949709286342,41.9348898689022,41.2759805471329,43.243050746014,42.4538705747838,44.088419296295996,43.6802902664706,44.667220990980006,42.678949970207604,40.371329919745,40.626740688559195,41.7786601329448,41.308369920832796,42.0259798536732,42.619099250133,43.372609897728,46.717852037505835,50.05161545709334,53.3831285983325,56.712139993416336,60.03860796846033,63.36290692845,66.68462587820066,70.00357862147334,73.3198622572175,76.633192629488,79.9435463201965,83.25046363423999,86.55418791531332,89.85413068895267,93.1502907483255,96.44246122051032,99.73092088159648,103.015713528,104.9188980782421,106.8623360061179,108.8502960930462,110.8875314453154,112.9785697147528,115.11800012026079,117.3017670115722,119.53705483913201,121.83056672301,124.1896619358773,126.60539483300313,129.063630264813,131.56274991488638,134.1008573479415,136.67591099801942
,CMR,,emi_ncov,emi_ncov,KYOTOGHG,IPCM0EL,MtCO2eq,AR4,1.0935024024691014,1.0510007601705003,0.9949192633080006,1.0242979163715022,0.9425905766860004,0.7739389414680001,0.8246097120660053,0.8438479066565957,0.6961698380945963,0.6936093792155984,0.5980794300584978,0.4967601718780974,0.35892907136580177,0.4125101310978014,0.46071945286709676,0.48214925398599884,0.4714294252162014,0.46608070370399945,0.48750973352940113,0.3910790090200002,0.4071500297924006,0.3136700802549978,0.28545931144080167,0.257239867055197,0.22903007916719992,0.20082014632679657,0.1726007498669984,0.14439010227199667,0.15931462916083192,0.18571787623999977,0.21437140166749657,0.24552667325033534,0.27922536487300226,0.3150930715500018,0.35354078846600234,0.3947547118600012,0.4386377427825027,0.48547403717866416,0.5352870131368342,0.5885363657599999,0.6449787513533304,0.7052026443806743,0.7692092516744905,0.8372054461563274,0.9089124517368414,0.9842864719999955,1.0498019217579009,1.117963993882098,1.1890039069537979,1.2625685546845893,1.339030285247198,1.4187998797392047,1.5021329884278045,1.5889451608679948,1.6794332769900122,1.7732380641227017,1.8705051669968895,1.970869735186985,2.0740500851136083,2.179642652058505,2.2873890019805994
,CMR,,pc_cov,pc_cov,KYOTOGHG,IPCM0EL,MtCO2eq/MtCO2eq,AR4,0.960287253,0.960923965,0.966479365,0.9671746729999999,0.98334369,0.985912605,0.9837727959999999,0.9822372490000001,0.9850909990000001,0.984575524,0.986469985,0.9884555190000001,0.991235778,0.990258903,0.9889612870000001,0.988973195,0.989017446,0.989539088,0.988962327,0.9913206,0.990550316,0.992290277,0.993022636,0.9938804720000001,0.994486172,0.9952442490000001,0.99596649,0.9966819840000001,0.996601445,0.99630319,0.9960003470000001,0.995689313,0.995370766,0.995051775,0.994726276,0.994392556,0.994053055,0.993704844,0.993348723,0.99298016,0.992603384,0.9922128109999999,0.9918099090000001,0.9913938290000001,0.9909686609999999,0.990535707,0.990093283,0.989646593,0.989194734,0.9887421540000001,0.988286753,0.987825306,0.987356198,0.986881882,0.9864024509999999,0.985922537,0.9854408090000001,0.9849591540000001,0.9844799479999999,0.984006203,0.983539618
,COD,,pop,pop,POP,DEMOGR,Pers,,34612023.0,35908244.0,37333914.0,38815834.0,40252975.0,41576234.0,42757243.0,43827180.0,44849967.0,45919613.0,47105826.0,48428545.0,49871666.0,51425580.0,53068880.0,54785903.0,56578037.0,58453683.0,60411195.0,62448574.0,64563854.0,66755153.0,69020747.0,71358807.0,73767447.0,76244544.0,78789127.0,81398764.0,83184594.9672,85530217.3504,87896264.6049,90292660.9929,92730687.6621,95205471.0487,97712076.1358,100245513.3782,102804199.8313,105381299.2369,107963999.425,110539609.5074,113095545.7488,115636882.9486,118177078.9339,120716168.3649,123254160.0706,125791043.2446,128325127.1577,130853386.2798,133373798.4656,135884344.6453,138383008.64200002,140879280.6924,143379946.9765,145878929.4303,148370143.2452,150847501.3239,153303809.6001,155733447.8105,158132690.215,160497801.665,162825028.2468
,COD,,gdp,gdp,GDPPPP,ECO,2011GKD,,46940769531.25,36779500000.0,50322585937.5,38748714843.75,29313857421.875,30784316406.25,27373488281.25,28049332031.25,24658332031.25,25808359375.0,23414951171.875,23203089843.75,24237917968.75,26093552734.375,28624037109.375,31356927734.375,32752996093.75,35781625000.0,35796750000.0,36675726562.5,41802316406.25,45069652343.75,51525964843.75,57247710937.5,61003179687.5,63747265625.0,61427289062.5,64317011718.75,72880872387.8408,78789462419.22,85408730660.0895,93206023534.5827,102329876063.5645,112465334557.0284,123298311588.0741,134513127149.3589,146237398560.0284,158699292849.759,171735392759.7936,185187551171.1559,198903075656.9736,212869639822.6984,227245800271.6559,242139682721.7817,257660220868.7876,273917318277.9341,290924443382.7003,308645229322.4807,327119565605.553,346392669792.6315,366515356029.9769,387544389927.2804,409499424614.1323,432386345933.4944,456219911831.4155,481024177970.0555,506915951269.5635,533970481094.4562,562158213320.0804,591451597548.4792,621824980330.9
"The target value from 'conditional_best' was used for 'conditional_worst' in 2030.
",COD,ABS,conditional,worst,KYOTOGHG,IPCM0EL,MtCO2eq,AR4,38.8914,37.9633,38.3203,38.3769,42.9958,43.0952,38.8756,38.239000000000004,38.3488,35.6427,35.9378,41.3238,43.9852,46.9504,48.5358,49.0923,51.0406,48.1545,50.6108,50.3465,52.1229,51.597,51.6952,54.8073,55.8578,56.3177,56.1633,55.3876,53.43470769230769,51.48181538461538,49.52892307692307,53.919501538461546,57.789308717948714,61.13834461538462,63.96660923076924,66.27410256410256,68.06082461538462,69.32677538461539,70.07195487179489,70.29636307692307,70.0,76.49520000000001,83.0368,89.6782,96.4701,103.46110000000002,110.66470000000002,118.07050000000002,125.6919,133.5444,141.6457,150.0355,158.72310000000002,167.68540000000002,176.9027,186.3588,196.0814,206.08330000000004,216.3285,226.782,237.4097
,COD,ABS,conditional,best,KYOTOGHG,IPCM0EL,MtCO2eq,AR4,38.8914,37.9633,38.3203,38.3769,42.9958,43.0952,38.8756,38.239000000000004,38.3488,35.6427,35.9378,41.3238,43.9852,46.9504,48.5358,49.0923,51.0406,48.1545,50.6108,50.3465,52.1229,51.597,51.6952,54.8073,55.8578,56.3177,56.1633,55.3876,53.43470769230769,51.48181538461538,49.52892307692307,53.919501538461546,57.789308717948714,61.13834461538462,63.96660923076924,66.27410256410256,68.06082461538462,69.32677538461539,70.07195487179489,70.29636307692307,70.0,76.49520000000001,83.0368,89.6782,96.4701,103.46110000000002,110.66470000000002,118.07050000000002,125.6919,133.5444,141.6457,150.0355,158.72310000000002,167.68540000000002,176.9027,186.3588,196.0814,206.08330000000004,216.3285,226.782,237.4097
,COD,ABS,unconditional,worst,KYOTOGHG,IPCM0EL,MtCO2eq,AR4,38.8914,37.9633,38.3203,38.3769,42.9958,43.0952,38.8756,38.239000000000004,38.3488,35.6427,35.9378,41.3238,43.9852,46.9504,48.5358,49.0923,51.0406,48.1545,50.6108,50.3465,52.1229,51.597,51.6952,54.8073,55.8578,56.3177,56.1633,55.3876,53.43470769230769,51.48181538461538,49.52892307692307,47.576030769230776,45.62313846153846,43.67024615384615,41.71735384615385,39.76446153846154,37.81156923076923,35.85867692307692,33.90578461538462,31.952892307692302,30.0,36.49520000000001,43.0368,49.6782,56.4701,63.461100000000016,70.66470000000002,78.07050000000002,85.6919,93.5444,101.6457,110.0355,118.72310000000002,127.68540000000002,136.9027,146.3588,156.0814,166.08330000000004,176.3285,186.782,197.4097
,COD,ABS,unconditional,best,KYOTOGHG,IPCM0EL,MtCO2eq,AR4,38.8914,37.9633,38.3203,38.3769,42.9958,43.0952,38.8756,38.239000000000004,38.3488,35.6427,35.9378,41.3238,43.9852,46.9504,48.5358,49.0923,51.0406,48.1545,50.6108,50.3465,52.1229,51.597,51.6952,54.8073,55.8578,56.3177,56.1633,55.3876,53.43470769230769,51.48181538461538,49.52892307692307,47.576030769230776,45.62313846153846,43.67024615384615,41.71735384615385,39.76446153846154,37.81156923076923,35.85867692307692,33.90578461538462,31.952892307692302,30.0,36.49520000000001,43.0368,49.6782,56.4701,63.461100000000016,70.66470000000002,78.07050000000002,85.6919,93.5444,101.6457,110.0355,118.72310000000002,127.68540000000002,136.9027,146.3588,156.0814,166.08330000000004,176.3285,186.782,197.4097
"The target value from 'conditional_best' was used for 'conditional_worst' in 2030.
",COD,ABU,conditional,worst,KYOTOGHG,IPCM0EL,MtCO2eq,AR4,38.8914,37.9633,38.3203,38.3769,42.9958,43.0952,38.8756,38.239000000000004,38.3488,35.6427,35.9378,41.3238,43.9852,46.9504,48.5358,49.0923,51.0406,48.1545,50.6108,50.3465,52.1229,51.597,51.6952,54.8073,55.8578,56.3177,56.1633,55.3876,53.43470769230769,51.48181538461538,49.52892307692307,53.919501538461546,57.789308717948714,61.13834461538462,63.96660923076924,66.27410256410256,68.06082461538462,69.32677538461539,70.07195487179489,70.29636307692307,70.0,76.49520000000001,83.0368,89.6782,96.4701,103.46110000000002,110.66470000000002,118.07050000000002,125.6919,133.5444,141.6457,150.0355,158.72310000000002,167.68540000000002,176.9027,186.3588,196.0814,206.08330000000004,216.3285,226.782,237.4097
,COD,ABU,conditional,best,KYOTOGHG,IPCM0EL,MtCO2eq,AR4,38.8914,37.9633,38.3203,38.3769,42.9958,43.0952,38.8756,38.239000000000004,38.3488,35.6427,35.9378,41.3238,43.9852,46.9504,48.5358,49.0923,51.0406,48.1545,50.6108,50.3465,52.1229,51.597,51.6952,54.8073,55.8578,56.3177,56.1633,55.3876,53.43470769230769,51.48181538461538,49.52892307692307,53.919501538461546,57.789308717948714,61.13834461538462,63.96660923076924,66.27410256410256,68.06082461538462,69.32677538461539,70.07195487179489,70.29636307692307,70.0,76.49520000000001,83.0368,89.6782,96.4701,103.46110000000002,110.66470000000002,118.07050000000002,125.6919,133.5444,141.6457,150.0355,158.72310000000002,167.68540000000002,176.9027,186.3588,196.0814,206.08330000000004,216.3285,226.782,237.4097
,COD,ABU,unconditional,worst,KYOTOGHG,IPCM0EL,MtCO2eq,AR4,38.8914,37.9633,38.3203,38.3769,42.9958,43.0952,38.8756,38.239000000000004,38.3488,35.6427,35.9378,41.3238,43.9852,46.9504,48.5358,49.0923,51.0406,48.1545,50.6108,50.3465,52.1229,51.597,51.6952,54.8073,55.8578,56.3177,56.1633,55.3876,53.43470769230769,51.48181538461538,49.52892307692307,47.576030769230776,45.62313846153846,43.67024615384615,41.71735384615385,39.76446153846154,37.81156923076923,35.85867692307692,33.90578461538462,31.952892307692302,30.0,36.49520000000001,43.0368,49.6782,56.4701,63.461100000000016,70.66470000000002,78.07050000000002,85.6919,93.5444,101.6457,110.0355,118.72310000000002,127.68540000000002,136.9027,146.3588,156.0814,166.08330000000004,176.3285,186.782,197.4097
,COD,ABU,unconditional,best,KYOTOGHG,IPCM0EL,MtCO2eq,AR4,38.8914,37.9633,38.3203,38.3769,42.9958,43.0952,38.8756,38.239000000000004,38.3488,35.6427,35.9378,41.3238,43.9852,46.9504,48.5358,49.0923,51.0406,48.1545,50.6108,50.3465,52.1229,51.597,51.6952,54.8073,55.8578,56.3177,56.1633,55.3876,53.43470769230769,51.48181538461538,49.52892307692307,47.576030769230776,45.62313846153846,43.67024615384615,41.71735384615385,39.76446153846154,37.81156923076923,35.85867692307692,33.90578461538462,31.952892307692302,30.0,36.49520000000001,43.0368,49.6782,56.4701,63.461100000000016,70.66470000000002,78.07050000000002,85.6919,93.5444,101.6457,110.0355,118.72310000000002,127.68540000000002,136.9027,146.3588,156.0814,166.08330000000004,176.3285,186.782,197.4097
"The target value from 'conditional_best' was used for 'conditional_worst' in 2030.
",COD,RBU,conditional,worst,KYOTOGHG,IPCM0EL,MtCO2eq,AR4,38.8914,37.9633,38.3203,38.3769,42.9958,43.0952,38.8756,38.239000000000004,38.3488,35.6427,35.9378,41.3238,43.9852,46.9504,48.5358,49.0923,51.0406,48.1545,50.6108,50.3465,52.1229,51.597,51.6952,54.8073,55.8578,56.3177,56.1633,55.3876,53.43470769230769,51.48181538461538,49.52892307692307,48.67661225591506,47.73394849521941,46.70093179483615,45.577562154765275,44.36383957500677,43.059764055560656,41.66533559642693,40.180554197605574,38.60541985909659,36.939932580900006,43.43513258090002,49.976732580900006,56.6181325809,63.41003258090001,70.40103258090002,77.60463258090003,85.01043258090003,92.63183258090001,100.4843325809,108.58563258090001,116.9754325809,125.66303258090002,134.62533258090002,143.84263258090002,153.2987325809,163.0213325809,173.02323258090004,183.2684325809,193.72193258090002,204.3496325809
,COD,RBU,conditional,best,KYOTOGHG,IPCM0EL,MtCO2eq,AR4,38.8914,37.9633,38.3203,38.3769,42.9958,43.0952,38.8756,38.239000000000004,38.3488,35.6427,35.9378,41.3238,43.9852,46.9504,48.5358,49.0923,51.0406,48.1545,50.6108,50.3465,52.1229,51.597,51.6952,54.8073,55.8578,56.3177,56.1633,55.3876,53.43470769230769,51.48181538461538,49.52892307692307,48.67661225591506,47.73394849521941,46.70093179483615,45.577562154765275,44.36383957500677,43.059764055560656,41.66533559642693,40.180554197605574,38.60541985909659,36.939932580900006,43.43513258090002,49.976732580900006,56.6181325809,63.41003258090001,70.40103258090002,77.60463258090003,85.01043258090003,92.63183258090001,100.4843325809,108.58563258090001,116.9754325809,125.66303258090002,134.62533258090002,143.84263258090002,153.2987325809,163.0213325809,173.02323258090004,183.2684325809,193.72193258090002,204.3496325809
,COD,RBU,unconditional,worst,KYOTOGHG,IPCM0EL,MtCO2eq,AR4,38.8914,37.9633,38.3203,38.3769,42.9958,43.0952,38.8756,38.239000000000004,38.3488,35.6427,35.9378,41.3238,43.9852,46.9504,48.5358,49.0923,51.0406,48.1545,50.6108,50.3465,52.1229,51.597,51.6952,54.8073,55.8578,56.3177,56.1633,55.3876,53.43470769230769,51.48181538461538,49.52892307692307,47.576030769230776,45.62313846153846,43.67024615384615,41.71735384615385,39.76446153846154,37.81156923076923,35.85867692307692,33.90578461538462,31.952892307692302,30.0,36.49520000000001,43.0368,49.6782,56.4701,63.461100000000016,70.66470000000002,78.07050000000002,85.6919,93.5444,101.6457,110.0355,118.72310000000002,127.68540000000002,136.9027,146.3588,156.0814,166.08330000000004,176.3285,186.782,197.4097
,COD,RBU,unconditional,best,KYOTOGHG,IPCM0EL,MtCO2eq,AR4,38.8914,37.9633,38.3203,38.3769,42.9958,43.0952,38.8756,38.239000000000004,38.3488,35.6427,35.9378,41.3238,43.9852,46.9504,48.5358,49.0923,51.0406,48.1545,50.6108,50.3465,52.1229,51.597,51.6952,54.8073,55.8578,56.3177,56.1633,55.3876,53.43470769230769,51.48181538461538,49.52892307692307,47.576030769230776,45.62313846153846,43.67024615384615,41.71735384615385,39.76446153846154,37.81156923076923,35.85867692307692,33.90578461538462,31.952892307692302,30.0,36.49520000000001,43.0368,49.6782,56.4701,63.461100000000016,70.66470000000002,78.07050000000002,85.6919,93.5444,101.6457,110.0355,118.72310000000002,127.68540000000002,136.9027,146.3588,156.0814,166.08330000000004,176.3285,186.782,197.4097
"No targets calculated, so the baseline emissions are put in as target pathways for all un/conditional best/worst pathways.
",COD,baseline_emissions,conditional,worst,KYOTOGHG,IPCM0EL,MtCO2eq,AR4,38.8914,37.9633,38.3203,38.3769,42.9958,43.0952,38.8756,38.239000000000004,38.3488,35.6427,35.9378,41.3238,43.9852,46.9504,48.5358,49.0923,51.0406,48.1545,50.6108,50.3465,52.1229,51.597,51.6952,54.8073,55.8578,56.3177,56.1633,55.3876,53.43470769230769,51.48181538461538,49.52892307692307,47.576030769230776,45.62313846153846,43.67024615384615,41.71735384615385,39.76446153846154,37.81156923076923,35.85867692307692,33.90578461538462,31.952892307692302,30.0,36.49520000000001,43.0368,49.6782,56.4701,63.461100000000016,70.66470000000002,78.07050000000002,85.6919,93.5444,101.6457,110.0355,118.72310000000002,127.68540000000002,136.9027,146.3588,156.0814,166.08330000000004,176.3285,186.782,197.4097
"No targets calculated, so the baseline emissions are put in as target pathways for all un/conditional best/worst pathways.
",COD,baseline_emissions,conditional,best,KYOTOGHG,IPCM0EL,MtCO2eq,AR4,38.8914,37.9633,38.3203,38.3769,42.9958,43.0952,38.8756,38.239000000000004,38.3488,35.6427,35.9378,41.3238,43.9852,46.9504,48.5358,49.0923,51.0406,48.1545,50.6108,50.3465,52.1229,51.597,51.6952,54.8073,55.8578,56.3177,56.1633,55.3876,53.43470769230769,51.48181538461538,49.52892307692307,47.576030769230776,45.62313846153846,43.67024615384615,41.71735384615385,39.76446153846154,37.81156923076923,35.85867692307692,33.90578461538462,31.952892307692302,30.0,36.49520000000001,43.0368,49.6782,56.4701,63.461100000000016,70.66470000000002,78.07050000000002,85.6919,93.5444,101.6457,110.0355,118.72310000000002,127.68540000000002,136.9027,146.3588,156.0814,166.08330000000004,176.3285,186.782,197.4097
"No targets calculated, so the baseline emissions are put in as target pathways for all un/conditional best/worst pathways.
",COD,baseline_emissions,unconditional,worst,KYOTOGHG,IPCM0EL,MtCO2eq,AR4,38.8914,37.9633,38.3203,38.3769,42.9958,43.0952,38.8756,38.239000000000004,38.3488,35.6427,35.9378,41.3238,43.9852,46.9504,48.5358,49.0923,51.0406,48.1545,50.6108,50.3465,52.1229,51.597,51.6952,54.8073,55.8578,56.3177,56.1633,55.3876,53.43470769230769,51.48181538461538,49.52892307692307,47.576030769230776,45.62313846153846,43.67024615384615,41.71735384615385,39.76446153846154,37.81156923076923,35.85867692307692,33.90578461538462,31.952892307692302,30.0,36.49520000000001,43.0368,49.6782,56.4701,63.461100000000016,70.66470000000002,78.07050000000002,85.6919,93.5444,101.6457,110.0355,118.72310000000002,127.68540000000002,136.9027,146.3588,156.0814,166.08330000000004,176.3285,186.782,197.4097
"No targets calculated, so the baseline emissions are put in as target pathways for all un/conditional best/worst pathways.
",COD,baseline_emissions,unconditional,best,KYOTOGHG,IPCM0EL,MtCO2eq,AR4,38.8914,37.9633,38.3203,38.3769,42.9958,43.0952,38.8756,38.239000000000004,38.3488,35.6427,35.9378,41.3238,43.9852,46.9504,48.5358,49.0923,51.0406,48.1545,50.6108,50.3465,52.1229,51.597,51.6952,54.8073,55.8578,56.3177,56.1633,55.3876,53.43470769230769,51.48181538461538,49.52892307692307,47.576030769230776,45.62313846153846,43.67024615384615,41.71735384615385,39.76446153846154,37.81156923076923,35.85867692307692,33.90578461538462,31.952892307692302,30.0,36.49520000000001,43.0368,49.6782,56.4701,63.461100000000016,70.66470000000002,78.07050000000002,85.6919,93.5444,101.6457,110.0355,118.72310000000002,127.68540000000002,136.9027,146.3588,156.0814,166.08330000000004,176.3285,186.782,197.4097
,COD,,emi_bau,emi_bau,KYOTOGHG,IPCM0EL,MtCO2eq,AR4,38.8914,37.9633,38.3203,38.3769,42.9958,43.0952,38.8756,38.239000000000004,38.3488,35.6427,35.9378,41.3238,43.9852,46.9504,48.5358,49.0923,51.0406,48.1545,50.6108,50.3465,52.1229,51.597,51.6952,54.8073,55.8578,56.3177,56.1633,55.3876,53.43470769230769,51.48181538461538,49.52892307692307,47.576030769230776,45.62313846153846,43.67024615384615,41.71735384615385,39.76446153846154,37.81156923076923,35.85867692307692,33.90578461538462,31.952892307692302,30.0,36.49520000000001,43.0368,49.6782,56.4701,63.461100000000016,70.66470000000002,78.07050000000002,85.6919,93.5444,101.6457,110.0355,118.72310000000002,127.68540000000002,136.9027,146.3588,156.0814,166.08330000000004,176.3285,186.782,197.4097
,COD,,emi_cov,emi_cov,KYOTOGHG,IPCM0EL,MtCO2eq,AR4,32.474209131795,31.381839190358995,31.4893043917718,31.2752336244588,35.58152874737521,35.3961406860424,30.9273988700676,30.123071546653005,30.015715092428795,27.081656042033696,27.032320512351603,32.1089768700162,34.444996529277596,37.037413206528,38.2459610230596,38.4049239141357,39.9804387969194,36.668769944796,38.7415444038996,38.040030012417,39.3683183192283,38.384937873009,38.060048458876004,40.991973247054794,41.7132397077946,41.7706043152273,41.3147646352554,40.1633254834328,39.20568849459619,37.60762681320735,36.01955111452061,34.434641636874005,32.8596834287616,31.306344054910646,29.77922059410794,28.27870526838431,26.798797538553103,25.334712310699842,23.88601505913274,22.451609289408978,21.03009873,25.52932864786081,30.0472735296192,34.622213966425804,39.290014786849405,44.08468670124901,49.01592073571282,54.07699650565051,59.277441578206606,64.6281381383908,70.14139460258191,75.8444018100825,81.7436040957191,87.82346058196381,94.07079447641041,100.4748371676476,107.054540337624,113.81872104263162,120.743196321829,127.80450632820599,134.97983349493458
,COD,,emi_ncov,emi_ncov,KYOTOGHG,IPCM0EL,MtCO2eq,AR4,6.417190868204998,6.581460809641,6.830995608228204,7.101666375541199,7.414271252624796,7.699059313957599,7.9482011299324,8.115928453346998,8.333084907571202,8.561043957966302,8.905479487648398,9.214823129983797,9.540203470722401,9.912986793472,10.2898389769404,10.687376085864297,11.060161203080595,11.485730055204003,11.869255596100395,12.306469987583,12.754581680771702,13.212062126990997,13.635151541124,13.815326752945204,14.1445602922054,14.547095684772696,14.8485353647446,15.224274516567199,14.229019197711503,13.874188571408034,13.509371962402462,13.14138913235677,12.763455032776863,12.363902098935503,11.938133252045906,11.48575627007723,11.012771692216127,10.523964612377076,10.019769556251878,9.501283018283324,8.969901270000003,10.9658713521392,12.989526470380799,15.055986033574193,17.1800852131506,19.376413298751004,21.648779264287203,23.99350349434951,26.414458421793398,28.9162618616092,31.504305397418097,34.191098189917504,36.9794959042809,39.86193941803621,42.831905523589604,45.88396283235239,49.026859662376,52.264578957368414,55.58530367817099,58.977493671794015,62.42986650506541
,COD,,pc_cov,pc_cov,KYOTOGHG,IPCM0EL,MtCO2eq/MtCO2eq,AR4,0.834997175,0.82663623,0.8217395059999999,0.814949452,0.8275582440000001,0.821347637,0.795547821,0.7877578270000001,0.7827028509999999,0.7598093309999999,0.7521974220000001,0.777009299,0.783104238,0.78886257,0.787994862,0.7823003590000001,0.7833065990000001,0.7614816879999999,0.7654797870000001,0.755564538,0.755297927,0.7439373970000001,0.736239505,0.7479290759999999,0.746775557,0.7416958490000001,0.735618538,0.725132078,0.7337120420000001,0.7305031209999999,0.727242768,0.723781305,0.720241626,0.7168804120000001,0.713832922,0.711155242,0.7087459759999999,0.706515535,0.704482003,0.7026471679999999,0.7010032909999999,0.6995256540000001,0.698176294,0.6969297190000001,0.695766694,0.69467259,0.693640824,0.692668761,0.691750814,0.690881957,0.690057667,0.689272115,0.688523161,0.687811297,0.687136152,0.6864967270000001,0.68588916,0.685311052,0.6847627940000001,0.6842442329999999,0.6837548179999999
,COG,,pop,pop,POP,DEMOGR,Pers,,2356737.0,2422305.0,2489952.0,2559873.0,2632345.0,2707537.0,2785810.0,2867280.0,2951647.0,3038433.0,3127411.0,3217933.0,3310387.0,3406922.0,3510468.0,3622775.0,3745141.0,3876119.0,4011486.0,4145391.0,4273731.0,4394844.0,4510199.0,4622762.0,4736976.0,4856095.0,4980996.0,5110695.0,5226280.4410000015,5344667.5471,5463078.2833,5581722.0962,5701011.5351,5821166.0096,5942405.1807,6064949.7452,6188323.7049,6311754.1418,6435015.8645,6557881.109,6680119.0779,6802119.3297,6924328.6345,7046600.1303,7168787.7853,7290746.4772,7412302.561000002,7533377.7213,7653970.6162,7774079.9513,7893704.4575,8013320.4885,8133235.0093,8253193.7688,8372944.0783,8492234.9068,8610372.4337,8726980.1164,8842281.2061,8956494.5307,9069834.2382
,COG,,gdp,gdp,GDPPPP,ECO,2011GKD,,5244270507.8125,5963842773.4375,4366150390.625,4579959472.6563,4202789550.7813,3969525878.9063,4655941406.25,4424280761.7188,3609039306.6406,4686532226.5625,7440250976.5625,6967434570.3125,7444678222.6563,7630689453.125,9392217773.4375,12337357421.875,13453157226.5625,11358126953.125,15250811523.4375,13636946289.0625,20696900390.625,24946111328.125,25511285156.25,22194433593.75,24073068359.375,18380437500.0,18074832031.25,23309599609.375,25024145180.4006,26257802759.3602,27595832713.2624,29066401583.5717,30635120014.9607,32277957752.0381,33970834084.0607,35689520765.9358,37418345716.9164,39157430149.621,40906286721.6202,42664609813.3009,44432220221.3119,46205637403.3607,47990591015.6157,49800768801.93,51649833865.3888,53551448117.9654,55495853189.0649,57468888443.0104,59477730175.9441,61529689626.08901,63632234611.9228,65772775793.4761,67942082516.9749,70152996397.1518,72418631224.9769,74752413631.9619,77154195121.1104,79616156854.7276,82140546809.7685,84729683790.7022,87385953648.1306
"The target value from 'conditional_best' was used for 'conditional_worst' in 2025, 2030.
",COG,ABS,conditional,worst,KYOTOGHG,IPCM0EL,MtCO2eq,AR4,11.5025,11.3452,11.6655,11.7834,12.1251,12.6441,13.6163,14.2326,13.6238,12.8935,12.2959,11.5766,9.0103,11.0095,10.9892,12.8324,14.0185,12.4492,12.1865,13.672,14.7795,13.5632,13.9157,14.2637,13.7889,13.8011,13.8128,13.1374,13.860385976417131,14.583371952834261,15.306357929251387,14.48322572465897,13.520621590419054,12.41854552653164,11.176997532996733,9.795977609814326,11.552865010415273,13.218395959815467,14.792570458014902,16.27538850501358,17.66685010081151,17.913949588169228,18.159257833889967,18.405346877247343,18.654926545333186,18.910431089602888,19.170574490419643,19.43338178905549,19.700184934419987,19.972361804695428,20.251198419518612,20.535454688525473,20.823936450624704,21.117929725453095,21.418812391192947,21.72777860893559,22.043496429771455,22.363577531517915,22.687700409265766,23.015451699560312,23.346372109674142
,COG,ABS,conditional,best,KYOTOGHG,IPCM0EL,MtCO2eq,AR4,11.5025,11.3452,11.6655,11.7834,12.1251,12.6441,13.6163,14.2326,13.6238,12.8935,12.2959,11.5766,9.0103,11.0095,10.9892,12.8324,14.0185,12.4492,12.1865,13.672,14.7795,13.5632,13.9157,14.2637,13.7889,13.8011,13.8128,13.1374,13.860385976417131,14.583371952834261,15.306357929251387,14.48322572465897,13.520621590419054,12.41854552653164,11.176997532996733,9.795977609814326,11.552865010415273,13.218395959815467,14.792570458014902,16.27538850501358,17.66685010081151,17.913949588169228,18.159257833889967,18.405346877247343,18.654926545333186,18.910431089602888,19.170574490419643,19.43338178905549,19.700184934419987,19.972361804695428,20.251198419518612,20.535454688525473,20.823936450624704,21.117929725453095,21.418812391192947,21.72777860893559,22.043496429771455,22.363577531517915,22.687700409265766,23.015451699560312,23.346372109674142
,COG,ABS,unconditional,worst,KYOTOGHG,IPCM0EL,MtCO2eq,AR4,11.5025,11.3452,11.6655,11.7834,12.1251,12.6441,13.6163,14.2326,13.6238,12.8935,12.2959,11.5766,9.0103,11.0095,10.9892,12.8324,14.0185,12.4492,12.1865,13.672,14.7795,13.5632,13.9157,14.2637,13.7889,13.8011,13.8128,13.1374,13.860385976417131,14.583371952834261,15.306357929251387,16.02934390566852,16.752329882085647,17.475315858502775,18.198301834919906,18.921287811337034,22.830097892287174,26.73890797323731,30.647718054187447,34.556528135137576,38.465338216087716,39.00333821608771,39.537438216087715,40.07323821608772,40.616638216087715,41.172938216087715,41.73933821608772,42.31153821608771,42.89243821608771,43.48503821608772,44.092138216087726,44.71103821608772,45.339138216087726,45.97923821608772,46.63433821608771,47.307038216087726,47.99443821608772,48.69133821608772,49.39703821608772,50.110638216087715,50.83113821608772
,COG,ABS,unconditional,best,KYOTOGHG,IPCM0EL,MtCO2eq,AR4,11.5025,11.3452,11.6655,11.7834,12.1251,12.6441,13.6163,14.2326,13.6238,12.8935,12.2959,11.5766,9.0103,11.0095,10.9892,12.8324,14.0185,12.4492,12.1865,13.672,14.7795,13.5632,13.9157,14.2637,13.7889,13.8011,13.8128,13.1374,13.860385976417131,14.583371952834261,15.306357929251387,16.02934390566852,16.752329882085647,17.475315858502775,18.198301834919906,18.921287811337034,22.830097892287174,26.73890797323731,30.647718054187447,34.556528135137576,38.465338216087716,39.00333821608771,39.537438216087715,40.07323821608772,40.616638216087715,41.172938216087715,41.73933821608772,42.31153821608771,42.89243821608771,43.48503821608772,44.092138216087726,44.71103821608772,45.339138216087726,45.97923821608772,46.63433821608771,47.307038216087726,47.99443821608772,48.69133821608772,49.39703821608772,50.110638216087715,50.83113821608772
"The target value from 'conditional_best' was used for 'conditional_worst' in 2025, 2030.
",COG,ABU,conditional,worst,KYOTOGHG,IPCM0EL,MtCO2eq,AR4,11.5025,11.3452,11.6655,11.7834,12.1251,12.6441,13.6163,14.2326,13.6238,12.8935,12.2959,11.5766,9.0103,11.0095,10.9892,12.8324,14.0185,12.4492,12.1865,13.672,14.7795,13.5632,13.9157,14.2637,13.7889,13.8011,13.8128,13.1374,13.860385976417131,14.583371952834261,15.306357929251387,14.483225724658972,13.520621590419054,12.418545526531641,11.176997532996733,9.795977609814328,11.552865010415276,13.218395959815469,14.792570458014904,16.27538850501358,17.66685010081151,17.913949588169228,18.159257833889967,18.405346877247343,18.654926545333186,18.910431089602888,19.170574490419643,19.43338178905549,19.700184934419987,19.972361804695428,20.251198419518612,20.535454688525473,20.823936450624704,21.117929725453095,21.418812391192947,21.72777860893559,22.043496429771455,22.363577531517915,22.687700409265766,23.015451699560312,23.346372109674142
,COG,ABU,conditional,best,KYOTOGHG,IPCM0EL,MtCO2eq,AR4,11.5025,11.3452,11.6655,11.7834,12.1251,12.6441,13.6163,14.2326,13.6238,12.8935,12.2959,11.5766,9.0103,11.0095,10.9892,12.8324,14.0185,12.4492,12.1865,13.672,14.7795,13.5632,13.9157,14.2637,13.7889,13.8011,13.8128,13.1374,13.860385976417131,14.583371952834261,15.306357929251387,14.483225724658972,13.520621590419054,12.418545526531641,11.176997532996733,9.795977609814328,11.552865010415276,13.218395959815469,14.792570458014904,16.27538850501358,17.66685010081151,17.913949588169228,18.159257833889967,18.405346877247343,18.654926545333186,18.910431089602888,19.170574490419643,19.43338178905549,19.700184934419987,19.972361804695428,20.251198419518612,20.535454688525473,20.823936450624704,21.117929725453095,21.418812391192947,21.72777860893559,22.043496429771455,22.363577531517915,22.687700409265766,23.015451699560312,23.346372109674142
,COG,ABU,unconditional,worst,KYOTOGHG,IPCM0EL,MtCO2eq,AR4,11.5025,11.3452,11.6655,11.7834,12.1251,12.6441,13.6163,14.2326,13.6238,12.8935,12.2959,11.5766,9.0103,11.0095,10.9892,12.8324,14.0185,12.4492,12.1865,13.672,14.7795,13.5632,13.9157,14.2637,13.7889,13.8011,13.8128,13.1374,13.860385976417131,14.583371952834261,15.306357929251387,16.02934390566852,16.752329882085647,17.475315858502775,18.198301834919906,18.921287811337034,22.830097892287174,26.73890797323731,30.647718054187447,34.556528135137576,38.465338216087716,39.00333821608771,39.537438216087715,40.07323821608772,40.616638216087715,41.172938216087715,41.73933821608772,42.31153821608771,42.89243821608771,43.48503821608772,44.092138216087726,44.71103821608772,45.339138216087726,45.97923821608772,46.63433821608771,47.307038216087726,47.99443821608772,48.69133821608772,49.39703821608772,50.110638216087715,50.83113821608772
,COG,ABU,unconditional,best,KYOTOGHG,IPCM0EL,MtCO2eq,AR4,11.5025,11.3452,11.6655,11.7834,12.1251,12.6441,13.6163,14.2326,13.6238,12.8935,12.2959,11.5766,9.0103,11.0095,10.9892,12.8324,14.0185,12.4492,12.1865,13.672,14.7795,13.5632,13.9157,14.2637,13.7889,13.8011,13.8128,13.1374,13.860385976417131,14.583371952834261,15.306357929251387,16.02934390566852,16.752329882085647,17.475315858502775,18.198301834919906,18.921287811337034,22.830097892287174,26.73890797323731,30.647718054187447,34.556528135137576,38.465338216087716,39.00333821608771,39.537438216087715,40.07323821608772,40.616638216087715,41.172938216087715,41.73933821608772,42.31153821608771,42.89243821608771,43.48503821608772,44.092138216087726,44.71103821608772,45.339138216087726,45.97923821608772,46.63433821608771,47.307038216087726,47.99443821608772,48.69133821608772,49.39703821608772,50.110638216087715,50.83113821608772
"The target value from 'conditional_best' was used for 'conditional_worst' in 2025, 2030.
",COG,AEI,conditional,worst,KYOTOGHG,IPCM0EL,MtCO2eq,AR4,11.5025,11.3452,11.6655,11.7834,12.1251,12.6441,13.6163,14.2326,13.6238,12.8935,12.2959,11.5766,9.0103,11.0095,10.9892,12.8324,14.0185,12.4492,12.1865,13.672,14.7795,13.5632,13.9157,14.2637,13.7889,13.8011,13.8128,13.1374,13.860385976417131,14.583371952834261,15.306357929251387,14.179901382531574,12.886610682612925,11.426485829495448,9.799526823179141,8.005733663664,9.091558346965941,9.982877803649309,10.67969203371411,11.182001037160338,11.489804813987998,11.650508327244516,11.810046889382635,11.970093250726208,12.132409773223593,12.298579595574152,12.467766342615962,12.638685581064621,12.812203556623565,12.98921638553772,13.170560442969009,13.355429224297,13.543046095442762,13.734247431568221,13.929929348918304,14.130868481571952,14.336198583825725,14.544366387521762,14.75516279886958,14.968318982995697,15.183536234485146
,COG,AEI,conditional,best,KYOTOGHG,IPCM0EL,MtCO2eq,AR4,11.5025,11.3452,11.6655,11.7834,12.1251,12.6441,13.6163,14.2326,13.6238,12.8935,12.2959,11.5766,9.0103,11.0095,10.9892,12.8324,14.0185,12.4492,12.1865,13.672,14.7795,13.5632,13.9157,14.2637,13.7889,13.8011,13.8128,13.1374,13.860385976417131,14.583371952834261,15.306357929251387,14.179901382531574,12.886610682612925,11.426485829495448,9.799526823179141,8.005733663664,9.091558346965941,9.982877803649309,10.67969203371411,11.182001037160338,11.489804813987998,11.650508327244516,11.810046889382635,11.970093250726208,12.132409773223593,12.298579595574152,12.467766342615962,12.638685581064621,12.812203556623565,12.98921638553772,13.170560442969009,13.355429224297,13.543046095442762,13.734247431568221,13.929929348918304,14.130868481571952,14.336198583825725,14.544366387521762,14.75516279886958,14.968318982995697,15.183536234485146
,COG,AEI,unconditional,worst,KYOTOGHG,IPCM0EL,MtCO2eq,AR4,11.5025,11.3452,11.6655,11.7834,12.1251,12.6441,13.6163,14.2326,13.6238,12.8935,12.2959,11.5766,9.0103,11.0095,10.9892,12.8324,14.0185,12.4492,12.1865,13.672,14.7795,13.5632,13.9157,14.2637,13.7889,13.8011,13.8128,13.1374,13.860385976417131,14.583371952834261,15.306357929251387,16.02934390566852,16.752329882085647,17.475315858502775,18.198301834919906,18.921287811337034,22.830097892287174,26.73890797323731,30.647718054187447,34.556528135137576,38.465338216087716,39.00333821608771,39.537438216087715,40.07323821608772,40.616638216087715,41.172938216087715,41.73933821608772,42.31153821608771,42.89243821608771,43.48503821608772,44.092138216087726,44.71103821608772,45.339138216087726,45.97923821608772,46.63433821608771,47.307038216087726,47.99443821608772,48.69133821608772,49.39703821608772,50.110638216087715,50.83113821608772
,COG,AEI,unconditional,best,KYOTOGHG,IPCM0EL,MtCO2eq,AR4,11.5025,11.3452,11.6655,11.7834,12.1251,12.6441,13.6163,14.2326,13.6238,12.8935,12.2959,11.5766,9.0103,11.0095,10.9892,12.8324,14.0185,12.4492,12.1865,13.672,14.7795,13.5632,13.9157,14.2637,13.7889,13.8011,13.8128,13.1374,13.860385976417131,14.583371952834261,15.306357929251387,16.02934390566852,16.752329882085647,17.475315858502775,18.198301834919906,18.921287811337034,22.830097892287174,26.73890797323731,30.647718054187447,34.556528135137576,38.465338216087716,39.00333821608771,39.537438216087715,40.07323821608772,40.616638216087715,41.172938216087715,41.73933821608772,42.31153821608771,42.89243821608771,43.48503821608772,44.092138216087726,44.71103821608772,45.339138216087726,45.97923821608772,46.63433821608771,47.307038216087726,47.99443821608772,48.69133821608772,49.39703821608772,50.110638216087715,50.83113821608772
"The target value from 'conditional_best' was used for 'conditional_worst' in 2025, 2035.
",COG,RBU,conditional,worst,KYOTOGHG,IPCM0EL,MtCO2eq,AR4,11.5025,11.3452,11.6655,11.7834,12.1251,12.6441,13.6163,14.2326,13.6238,12.8935,12.2959,11.5766,9.0103,11.0095,10.9892,12.8324,14.0185,12.4492,12.1865,13.672,14.7795,13.5632,13.9157,14.2637,13.7889,13.8011,13.8128,13.1374,13.860385976417131,14.583371952834261,15.306357929251387,14.493786619126876,13.542696054479142,12.453086235308191,11.224957161614023,9.858308833396636,11.760912344165934,13.617647129020275,15.428513187959663,17.19351052098409,18.912639128093574,18.948316693308417,18.975809201412652,18.99784013715117,19.017142019784593,19.036031493105774,19.297902729525873,19.562455556996877,19.831030771044254,20.10501540152192,20.385704009626867,20.67184826849056,20.962246085572946,21.25819202207101,21.56107310783867,21.872091435416003,22.189906209277538,22.512113244343155,22.838388900313603,23.168317068232703,23.501435404815826
,COG,RBU,conditional,best,KYOTOGHG,IPCM0EL,MtCO2eq,AR4,11.5025,11.3452,11.6655,11.7834,12.1251,12.6441,13.6163,14.2326,13.6238,12.8935,12.2959,11.5766,9.0103,11.0095,10.9892,12.8324,14.0185,12.4492,12.1865,13.672,14.7795,13.5632,13.9157,14.2637,13.7889,13.8011,13.8128,13.1374,13.860385976417131,14.583371952834261,15.306357929251387,14.493786619126876,13.542696054479142,12.453086235308191,11.224957161614023,9.858308833396636,11.760912344165934,13.617647129020275,15.428513187959663,17.19351052098409,18.912639128093574,18.948316693308417,18.975809201412652,18.99784013715117,19.017142019784593,19.036031493105774,19.297902729525873,19.562455556996877,19.831030771044254,20.10501540152192,20.385704009626867,20.67184826849056,20.962246085572946,21.25819202207101,21.56107310783867,21.872091435416003,22.189906209277538,22.512113244343155,22.838388900313603,23.168317068232703,23.501435404815826
,COG,RBU,unconditional,worst,KYOTOGHG,IPCM0EL,MtCO2eq,AR4,11.5025,11.3452,11.6655,11.7834,12.1251,12.6441,13.6163,14.2326,13.6238,12.8935,12.2959,11.5766,9.0103,11.0095,10.9892,12.8324,14.0185,12.4492,12.1865,13.672,14.7795,13.5632,13.9157,14.2637,13.7889,13.8011,13.8128,13.1374,13.860385976417131,14.583371952834261,15.306357929251387,16.02934390566852,16.752329882085647,17.475315858502775,18.198301834919906,18.921287811337034,22.830097892287174,26.73890797323731,30.647718054187447,34.556528135137576,38.465338216087716,39.00333821608771,39.537438216087715,40.07323821608772,40.616638216087715,41.172938216087715,41.73933821608772,42.31153821608771,42.89243821608771,43.48503821608772,44.092138216087726,44.71103821608772,45.339138216087726,45.97923821608772,46.63433821608771,47.307038216087726,47.99443821608772,48.69133821608772,49.39703821608772,50.110638216087715,50.83113821608772
,COG,RBU,unconditional,best,KYOTOGHG,IPCM0EL,MtCO2eq,AR4,11.5025,11.3452,11.6655,11.7834,12.1251,12.6441,13.6163,14.2326,13.6238,12.8935,12.2959,11.5766,9.0103,11.0095,10.9892,12.8324,14.0185,12.4492,12.1865,13.672,14.7795,13.5632,13.9157,14.2637,13.7889,13.8011,13.8128,13.1374,13.860385976417131,14.583371952834261,15.306357929251387,16.02934390566852,16.752329882085647,17.475315858502775,18.198301834919906,18.921287811337034,22.830097892287174,26.73890797323731,30.647718054187447,34.556528135137576,38.465338216087716,39.00333821608771,39.537438216087715,40.07323821608772,40.616638216087715,41.172938216087715,41.73933821608772,42.31153821608771,42.89243821608771,43.48503821608772,44.092138216087726,44.71103821608772,45.339138216087726,45.97923821608772,46.63433821608771,47.307038216087726,47.99443821608772,48.69133821608772,49.39703821608772,50.110638216087715,50.83113821608772
"No targets calculated, so the baseline emissions are put in as target pathways for all un/conditional best/worst pathways.
",COG,baseline_emissions,conditional,worst,KYOTOGHG,IPCM0EL,MtCO2eq,AR4,11.5025,11.3452,11.6655,11.7834,12.1251,12.6441,13.6163,14.2326,13.6238,12.8935,12.2959,11.5766,9.0103,11.0095,10.9892,12.8324,14.0185,12.4492,12.1865,13.672,14.7795,13.5632,13.9157,14.2637,13.7889,13.8011,13.8128,13.1374,13.860385976417131,14.583371952834261,15.306357929251387,16.02934390566852,16.752329882085647,17.475315858502775,18.198301834919906,18.921287811337034,22.830097892287174,26.73890797323731,30.647718054187447,34.556528135137576,38.465338216087716,39.00333821608771,39.537438216087715,40.07323821608772,40.616638216087715,41.172938216087715,41.73933821608772,42.31153821608771,42.89243821608771,43.48503821608772,44.092138216087726,44.71103821608772,45.339138216087726,45.97923821608772,46.63433821608771,47.307038216087726,47.99443821608772,48.69133821608772,49.39703821608772,50.110638216087715,50.83113821608772
"No targets calculated, so the baseline emissions are put in as target pathways for all un/conditional best/worst pathways.
",COG,baseline_emissions,conditional,best,KYOTOGHG,IPCM0EL,MtCO2eq,AR4,11.5025,11.3452,11.6655,11.7834,12.1251,12.6441,13.6163,14.2326,13.6238,12.8935,12.2959,11.5766,9.0103,11.0095,10.9892,12.8324,14.0185,12.4492,12.1865,13.672,14.7795,13.5632,13.9157,14.2637,13.7889,13.8011,13.8128,13.1374,13.860385976417131,14.583371952834261,15.306357929251387,16.02934390566852,16.752329882085647,17.475315858502775,18.198301834919906,18.921287811337034,22.830097892287174,26.73890797323731,30.647718054187447,34.556528135137576,38.465338216087716,39.00333821608771,39.537438216087715,40.07323821608772,40.616638216087715,41.172938216087715,41.73933821608772,42.31153821608771,42.89243821608771,43.48503821608772,44.092138216087726,44.71103821608772,45.339138216087726,45.97923821608772,46.63433821608771,47.307038216087726,47.99443821608772,48.69133821608772,49.39703821608772,50.110638216087715,50.83113821608772
"No targets calculated, so the baseline emissions are put in as target pathways for all un/conditional best/worst pathways.
",COG,baseline_emissions,unconditional,worst,KYOTOGHG,IPCM0EL,MtCO2eq,AR4,11.5025,11.3452,11.6655,11.7834,12.1251,12.6441,13.6163,14.2326,13.6238,12.8935,12.2959,11.5766,9.0103,11.0095,10.9892,12.8324,14.0185,12.4492,12.1865,13.672,14.7795,13.5632,13.9157,14.2637,13.7889,13.8011,13.8128,13.1374,13.860385976417131,14.583371952834261,15.306357929251387,16.02934390566852,16.752329882085647,17.475315858502775,18.198301834919906,18.921287811337034,22.830097892287174,26.73890797323731,30.647718054187447,34.556528135137576,38.465338216087716,39.00333821608771,39.537438216087715,40.07323821608772,40.616638216087715,41.172938216087715,41.73933821608772,42.31153821608771,42.89243821608771,43.48503821608772,44.092138216087726,44.71103821608772,45.339138216087726,45.97923821608772,46.63433821608771,47.307038216087726,47.99443821608772,48.69133821608772,49.39703821608772,50.110638216087715,50.83113821608772
"No targets calculated, so the baseline emissions are put in as target pathways for all un/conditional best/worst pathways.
",COG,baseline_emissions,unconditional,best,KYOTOGHG,IPCM0EL,MtCO2eq,AR4,11.5025,11.3452,11.6655,11.7834,12.1251,12.6441,13.6163,14.2326,13.6238,12.8935,12.2959,11.5766,9.0103,11.0095,10.9892,12.8324,14.0185,12.4492,12.1865,13.672,14.7795,13.5632,13.9157,14.2637,13.7889,13.8011,13.8128,13.1374,13.860385976417131,14.583371952834261,15.306357929251387,16.02934390566852,16.752329882085647,17.475315858502775,18.198301834919906,18.921287811337034,22.830097892287174,26.73890797323731,30.647718054187447,34.556528135137576,38.465338216087716,39.00333821608771,39.537438216087715,40.07323821608772,40.616638216087715,41.172938216087715,41.73933821608772,42.31153821608771,42.89243821608771,43.48503821608772,44.092138216087726,44.71103821608772,45.339138216087726,45.97923821608772,46.63433821608771,47.307038216087726,47.99443821608772,48.69133821608772,49.39703821608772,50.110638216087715,50.83113821608772
,COG,,emi_bau,emi_bau,KYOTOGHG,IPCM0EL,MtCO2eq,AR4,11.5025,11.3452,11.6655,11.7834,12.1251,12.6441,13.6163,14.2326,13.6238,12.8935,12.2959,11.5766,9.0103,11.0095,10.9892,12.8324,14.0185,12.4492,12.1865,13.672,14.7795,13.5632,13.9157,14.2637,13.7889,13.8011,13.8128,13.1374,13.860385976417131,14.583371952834261,15.306357929251387,16.02934390566852,16.752329882085647,17.475315858502775,18.198301834919906,18.921287811337034,22.830097892287174,26.73890797323731,30.647718054187447,34.556528135137576,38.465338216087716,39.00333821608771,39.537438216087715,40.07323821608772,40.616638216087715,41.172938216087715,41.73933821608772,42.31153821608771,42.89243821608771,43.48503821608772,44.092138216087726,44.71103821608772,45.339138216087726,45.97923821608772,46.63433821608771,47.307038216087726,47.99443821608772,48.69133821608772,49.39703821608772,50.110638216087715,50.83113821608772
,COG,,emi_cov,emi_cov,KYOTOGHG,IPCM0EL,MtCO2eq,AR4,11.502498826744999,11.3451968460344,11.665492347432,11.7833708243016,12.1250428786539,12.643975240665299,13.6160605028993,14.232276777654,13.6233284666582,12.892920334027,12.294945420099399,11.5750976930414,9.0080746811575,11.006613727460998,10.9853629340036,12.826935874253198,14.0125537027625,12.442373344238801,12.178792916178,13.663545139496,14.770297573884001,13.553790719884802,13.905586055324301,14.2528819392179,13.777377981371101,13.788874033344099,13.7998689953392,13.123764955288,13.845183489266617,14.565717993583268,15.285739132450198,16.005463597499325,16.72496649243761,17.444031757756672,18.162748777135022,18.881206204042492,22.777685489580076,26.672469193601323,30.565615361280877,34.456738557711176,38.34609909103295,38.87363803631413,39.39654995522437,39.92046648908443,40.451321756186296,40.99427170922581,41.5467048675804,42.10397164547258,42.669694696176016,43.24569199981737,43.83582594287096,44.43688944491519,45.04612451414724,45.66669360864606,46.30097045753611,46.952403795216085,47.61712672442459,48.29089670660022,48.97222610788424,49.66101244688112,50.356096779680904
,COG,,emi_ncov,emi_ncov,KYOTOGHG,IPCM0EL,MtCO2eq,AR4,1.1732550000209673e-06,3.1539656002292473e-06,7.652567999857418e-06,2.9175698399033624e-05,5.712134609988583e-05,0.00012475933470066066,0.0002394971007005453,0.00032322234599973463,0.0004715333417987287,0.000579665972999076,0.0009545799006005977,0.0015023069585987233,0.002225318842500344,0.0028862725390007235,0.0038370659963998196,0.005464125746800716,0.005946297237500373,0.0068266557611985825,0.007707083821999546,0.008454860504000588,0.009202426116000051,0.009409280115198499,0.010113944675698443,0.01081806078210004,0.011522018628898734,0.012225966655901305,0.012931004660799108,0.01363504471200061,0.015202487150514275,0.01765395925099177,0.020618796801190137,0.02388030816919451,0.0273633896480378,0.03128410074610085,0.03555305778488582,0.04008160729454187,0.0524124027070995,0.06643877963598672,0.08210269290656975,0.0997895774264008,0.11923912505476897,0.12970017977358436,0.14088826086334366,0.15277172700328626,0.1653164599014203,0.17866650686190186,0.19263334850731478,0.20756657061512962,0.22274351991169833,0.2393462162703587,0.256312273216767,0.274148771172537,0.29301370194049153,0.3125446074416628,0.3333677585515994,0.3546344208716426,0.37731149166313743,0.40044150948749796,0.42481210820348153,0.4496257692065967,0.4750414364068211
,COG,,pc_cov,pc_cov,KYOTOGHG,IPCM0EL,MtCO2eq/MtCO2eq,AR4,0.999999898,0.999999722,0.999999344,0.9999975240000001,0.999995289,0.999990133,0.999982411,0.99997729,0.9999653890000001,0.9999550420000001,0.999922366,0.9998702290000001,0.999753025,0.9997378379999999,0.999650833,0.9995741929999999,0.999575825,0.9994516390000001,0.999367572,0.999381593,0.999377352,0.9993062640000001,0.9992731990000001,0.999241567,0.9991643990000001,0.9991141309999999,0.9990638390000001,0.99896212,0.99890317,0.998789446,0.9986529259999999,0.998510213,0.998366592,0.998209812,0.998046353,0.997881666,0.997704241,0.997515277,0.997321083,0.99711228,0.996900089,0.9966746390000001,0.996436586,0.996187687,0.995929834,0.995660584,0.995384849,0.995094327,0.9948069279999999,0.994495895,0.994186894,0.9938684320000001,0.99353729,0.9932024840000001,0.992851453,0.9925035590000001,0.9921384329999999,0.9917759190000001,0.991400049,0.9910273390000001,0.990654519
,COK,,pop,pop,POP,DEMOGR,Pers,,18191.0,18420.0,18682.0,18926.0,19077.0,19097.0,18946.0,18658.0,18313.0,18041.0,17930.0,18025.0,18278.0,18608.0,18904.0,19074.0,19092.0,19001.0,18818.0,18602.0,18391.0,18195.0,18011.0,17833.0,17691.0,17586.0,17524.0,17507.0,17692.0,17692.0,17692.0,17692.0,17692.0,17692.0,17692.0,17692.0,17692.0,17692.0,17692.0,17692.0,17692.0,17692.0,17692.0,17692.0,17692.0,17692.0,17692.0,17692.0,17692.0,17692.0,17692.0,17692.0,17692.0,17692.0,17692.0,17692.0,17692.0,17692.0,17692.0,17692.0,17692.0
,COK,,gdp,gdp,GDPPPP,ECO,2011GKD,,,,,,,,,,,,,,,,,,,,,,,,,,,,,,,,,,,,,,,,,,,,,,,,,,,,,,,,,,,,,,
"The target value from 'conditional_best' was used for 'conditional_worst' in 2030.
",COK,ABS,conditional,worst,KYOTOGHG,IPCM0EL,MtCO2eq,AR4,0.047810000000000005,0.047917,0.048621,0.055635000000000004,0.057325,0.058575999999999996,0.069299,0.070326,0.07147300000000001,0.067785,0.066726,0.049716,0.045336,0.048847,0.071573,0.079056,0.08287699999999999,0.08282300000000001,0.086651,0.08665199999999999,0.086564,0.08656799999999999,0.086621,0.086487,0.086478,0.089783,0.10074,0.10300000000000001,0.09218483333333333,0.09218483333333333,0.09218483333333333,0.08800764999999999,0.08383046666666666,0.07965328333333332,0.0754761,0.07129891666666666,0.06712173333333332,0.06294455,0.05876736666666667,0.054590183333333334,0.050413,0.050413,0.050413,0.050413,0.050413,0.050413,0.050413,0.050413,0.050413,0.050413,0.050413,0.050413,0.050413,0.050413,0.050413,0.050413,0.050413,0.050413,0.050413,0.050413,0.050413
,COK,ABS,conditional,best,KYOTOGHG,IPCM0EL,MtCO2eq,AR4,0.047810000000000005,0.047917,0.048621,0.055635000000000004,0.057325,0.058575999999999996,0.069299,0.070326,0.07147300000000001,0.067785,0.066726,0.049716,0.045336,0.048847,0.071573,0.079056,0.08287699999999999,0.08282300000000001,0.086651,0.08665199999999999,0.086564,0.08656799999999999,0.086621,0.086487,0.086478,0.089783,0.10074,0.10300000000000001,0.09218483333333333,0.09218483333333333,0.09218483333333333,0.08800764999999999,0.08383046666666666,0.07965328333333332,0.0754761,0.07129891666666666,0.06712173333333332,0.06294455,0.05876736666666667,0.054590183333333334,0.050413,0.050413,0.050413,0.050413,0.050413,0.050413,0.050413,0.050413,0.050413,0.050413,0.050413,0.050413,0.050413,0.050413,0.050413,0.050413,0.050413,0.050413,0.050413,0.050413,0.050413
,COK,ABS,unconditional,worst,KYOTOGHG,IPCM0EL,MtCO2eq,AR4,0.047810000000000005,0.047917,0.048621,0.055635000000000004,0.057325,0.058575999999999996,0.069299,0.070326,0.07147300000000001,0.067785,0.066726,0.049716,0.045336,0.048847,0.071573,0.079056,0.08287699999999999,0.08282300000000001,0.086651,0.08665199999999999,0.086564,0.08656799999999999,0.086621,0.086487,0.086478,0.089783,0.10074,0.10300000000000001,0.09218483333333333,0.09218483333333333,0.09218483333333333,0.09218483333333333,0.09218483333333333,0.09218483333333333,0.09218483333333333,0.09218483333333333,0.09218483333333333,0.09218483333333333,0.09218483333333333,0.09218483333333333,0.09218483333333333,0.09218483333333333,0.09218483333333333,0.09218483333333333,0.09218483333333333,0.09218483333333333,0.09218483333333333,0.09218483333333333,0.09218483333333333,0.09218483333333333,0.09218483333333333,0.09218483333333333,0.09218483333333333,0.09218483333333333,0.09218483333333333,0.09218483333333333,0.09218483333333333,0.09218483333333333,0.09218483333333333,0.09218483333333333,0.09218483333333333
,COK,ABS,unconditional,best,KYOTOGHG,IPCM0EL,MtCO2eq,AR4,0.047810000000000005,0.047917,0.048621,0.055635000000000004,0.057325,0.058575999999999996,0.069299,0.070326,0.07147300000000001,0.067785,0.066726,0.049716,0.045336,0.048847,0.071573,0.079056,0.08287699999999999,0.08282300000000001,0.086651,0.08665199999999999,0.086564,0.08656799999999999,0.086621,0.086487,0.086478,0.089783,0.10074,0.10300000000000001,0.09218483333333333,0.09218483333333333,0.09218483333333333,0.09218483333333333,0.09218483333333333,0.09218483333333333,0.09218483333333333,0.09218483333333333,0.09218483333333333,0.09218483333333333,0.09218483333333333,0.09218483333333333,0.09218483333333333,0.09218483333333333,0.09218483333333333,0.09218483333333333,0.09218483333333333,0.09218483333333333,0.09218483333333333,0.09218483333333333,0.09218483333333333,0.09218483333333333,0.09218483333333333,0.09218483333333333,0.09218483333333333,0.09218483333333333,0.09218483333333333,0.09218483333333333,0.09218483333333333,0.09218483333333333,0.09218483333333333,0.09218483333333333,0.09218483333333333
"The target value from 'conditional_best' was used for 'conditional_worst' in 2030.
",COK,RBY,conditional,worst,KYOTOGHG,IPCM0EL,MtCO2eq,AR4,0.047810000000000005,0.047917,0.048621,0.055635000000000004,0.057325,0.058575999999999996,0.069299,0.070326,0.07147300000000001,0.067785,0.066726,0.049716,0.045336,0.048847,0.071573,0.079056,0.08287699999999999,0.08282300000000001,0.086651,0.08665199999999999,0.086564,0.08656799999999999,0.086621,0.086487,0.086478,0.089783,0.10074,0.10300000000000001,0.09218483333333333,0.09218483333333333,0.09218483333333333,0.08897266783781647,0.08576050234229964,0.08254833684678278,0.07933617135126593,0.07612400585574908,0.07291184036023224,0.06969967486471539,0.06648750936919853,0.06327534387368168,0.060063178378164835,0.060063178378164835,0.060063178378164835,0.060063178378164835,0.060063178378164835,0.060063178378164835,0.060063178378164835,0.060063178378164835,0.060063178378164835,0.060063178378164835,0.060063178378164835,0.060063178378164835,0.060063178378164835,0.060063178378164835,0.060063178378164835,0.060063178378164835,0.060063178378164835,0.060063178378164835,0.060063178378164835,0.060063178378164835,0.060063178378164835
,COK,RBY,conditional,best,KYOTOGHG,IPCM0EL,MtCO2eq,AR4,0.047810000000000005,0.047917,0.048621,0.055635000000000004,0.057325,0.058575999999999996,0.069299,0.070326,0.07147300000000001,0.067785,0.066726,0.049716,0.045336,0.048847,0.071573,0.079056,0.08287699999999999,0.08282300000000001,0.086651,0.08665199999999999,0.086564,0.08656799999999999,0.086621,0.086487,0.086478,0.089783,0.10074,0.10300000000000001,0.09218483333333333,0.09218483333333333,0.09218483333333333,0.08897266783781647,0.08576050234229964,0.08254833684678278,0.07933617135126593,0.07612400585574908,0.07291184036023224,0.06969967486471539,0.06648750936919853,0.06327534387368168,0.060063178378164835,0.060063178378164835,0.060063178378164835,0.060063178378164835,0.060063178378164835,0.060063178378164835,0.060063178378164835,0.060063178378164835,0.060063178378164835,0.060063178378164835,0.060063178378164835,0.060063178378164835,0.060063178378164835,0.060063178378164835,0.060063178378164835,0.060063178378164835,0.060063178378164835,0.060063178378164835,0.060063178378164835,0.060063178378164835,0.060063178378164835
,COK,RBY,unconditional,worst,KYOTOGHG,IPCM0EL,MtCO2eq,AR4,0.047810000000000005,0.047917,0.048621,0.055635000000000004,0.057325,0.058575999999999996,0.069299,0.070326,0.07147300000000001,0.067785,0.066726,0.049716,0.045336,0.048847,0.071573,0.079056,0.08287699999999999,0.08282300000000001,0.086651,0.08665199999999999,0.086564,0.08656799999999999,0.086621,0.086487,0.086478,0.089783,0.10074,0.10300000000000001,0.09218483333333333,0.09218483333333333,0.09218483333333333,0.09218483333333333,0.09218483333333333,0.09218483333333333,0.09218483333333333,0.09218483333333333,0.09218483333333333,0.09218483333333333,0.09218483333333333,0.09218483333333333,0.09218483333333333,0.09218483333333333,0.09218483333333333,0.09218483333333333,0.09218483333333333,0.09218483333333333,0.09218483333333333,0.09218483333333333,0.09218483333333333,0.09218483333333333,0.09218483333333333,0.09218483333333333,0.09218483333333333,0.09218483333333333,0.09218483333333333,0.09218483333333333,0.09218483333333333,0.09218483333333333,0.09218483333333333,0.09218483333333333,0.09218483333333333
,COK,RBY,unconditional,best,KYOTOGHG,IPCM0EL,MtCO2eq,AR4,0.047810000000000005,0.047917,0.048621,0.055635000000000004,0.057325,0.058575999999999996,0.069299,0.070326,0.07147300000000001,0.067785,0.066726,0.049716,0.045336,0.048847,0.071573,0.079056,0.08287699999999999,0.08282300000000001,0.086651,0.08665199999999999,0.086564,0.08656799999999999,0.086621,0.086487,0.086478,0.089783,0.10074,0.10300000000000001,0.09218483333333333,0.09218483333333333,0.09218483333333333,0.09218483333333333,0.09218483333333333,0.09218483333333333,0.09218483333333333,0.09218483333333333,0.09218483333333333,0.09218483333333333,0.09218483333333333,0.09218483333333333,0.09218483333333333,0.09218483333333333,0.09218483333333333,0.09218483333333333,0.09218483333333333,0.09218483333333333,0.09218483333333333,0.09218483333333333,0.09218483333333333,0.09218483333333333,0.09218483333333333,0.09218483333333333,0.09218483333333333,0.09218483333333333,0.09218483333333333,0.09218483333333333,0.09218483333333333,0.09218483333333333,0.09218483333333333,0.09218483333333333,0.09218483333333333
"No targets calculated, so the baseline emissions are put in as target pathways for all un/conditional best/worst pathways.
",COK,baseline_emissions,conditional,worst,KYOTOGHG,IPCM0EL,MtCO2eq,AR4,0.047810000000000005,0.047917,0.048621,0.055635000000000004,0.057325,0.058575999999999996,0.069299,0.070326,0.07147300000000001,0.067785,0.066726,0.049716,0.045336,0.048847,0.071573,0.079056,0.08287699999999999,0.08282300000000001,0.086651,0.08665199999999999,0.086564,0.08656799999999999,0.086621,0.086487,0.086478,0.089783,0.10074,0.10300000000000001,0.09218483333333333,0.09218483333333333,0.09218483333333333,0.09218483333333333,0.09218483333333333,0.09218483333333333,0.09218483333333333,0.09218483333333333,0.09218483333333333,0.09218483333333333,0.09218483333333333,0.09218483333333333,0.09218483333333333,0.09218483333333333,0.09218483333333333,0.09218483333333333,0.09218483333333333,0.09218483333333333,0.09218483333333333,0.09218483333333333,0.09218483333333333,0.09218483333333333,0.09218483333333333,0.09218483333333333,0.09218483333333333,0.09218483333333333,0.09218483333333333,0.09218483333333333,0.09218483333333333,0.09218483333333333,0.09218483333333333,0.09218483333333333,0.09218483333333333
"No targets calculated, so the baseline emissions are put in as target pathways for all un/conditional best/worst pathways.
",COK,baseline_emissions,conditional,best,KYOTOGHG,IPCM0EL,MtCO2eq,AR4,0.047810000000000005,0.047917,0.048621,0.055635000000000004,0.057325,0.058575999999999996,0.069299,0.070326,0.07147300000000001,0.067785,0.066726,0.049716,0.045336,0.048847,0.071573,0.079056,0.08287699999999999,0.08282300000000001,0.086651,0.08665199999999999,0.086564,0.08656799999999999,0.086621,0.086487,0.086478,0.089783,0.10074,0.10300000000000001,0.09218483333333333,0.09218483333333333,0.09218483333333333,0.09218483333333333,0.09218483333333333,0.09218483333333333,0.09218483333333333,0.09218483333333333,0.09218483333333333,0.09218483333333333,0.09218483333333333,0.09218483333333333,0.09218483333333333,0.09218483333333333,0.09218483333333333,0.09218483333333333,0.09218483333333333,0.09218483333333333,0.09218483333333333,0.09218483333333333,0.09218483333333333,0.09218483333333333,0.09218483333333333,0.09218483333333333,0.09218483333333333,0.09218483333333333,0.09218483333333333,0.09218483333333333,0.09218483333333333,0.09218483333333333,0.09218483333333333,0.09218483333333333,0.09218483333333333
"No targets calculated, so the baseline emissions are put in as target pathways for all un/conditional best/worst pathways.
",COK,baseline_emissions,unconditional,worst,KYOTOGHG,IPCM0EL,MtCO2eq,AR4,0.047810000000000005,0.047917,0.048621,0.055635000000000004,0.057325,0.058575999999999996,0.069299,0.070326,0.07147300000000001,0.067785,0.066726,0.049716,0.045336,0.048847,0.071573,0.079056,0.08287699999999999,0.08282300000000001,0.086651,0.08665199999999999,0.086564,0.08656799999999999,0.086621,0.086487,0.086478,0.089783,0.10074,0.10300000000000001,0.09218483333333333,0.09218483333333333,0.09218483333333333,0.09218483333333333,0.09218483333333333,0.09218483333333333,0.09218483333333333,0.09218483333333333,0.09218483333333333,0.09218483333333333,0.09218483333333333,0.09218483333333333,0.09218483333333333,0.09218483333333333,0.09218483333333333,0.09218483333333333,0.09218483333333333,0.09218483333333333,0.09218483333333333,0.09218483333333333,0.09218483333333333,0.09218483333333333,0.09218483333333333,0.09218483333333333,0.09218483333333333,0.09218483333333333,0.09218483333333333,0.09218483333333333,0.09218483333333333,0.09218483333333333,0.09218483333333333,0.09218483333333333,0.09218483333333333
"No targets calculated, so the baseline emissions are put in as target pathways for all un/conditional best/worst pathways.
",COK,baseline_emissions,unconditional,best,KYOTOGHG,IPCM0EL,MtCO2eq,AR4,0.047810000000000005,0.047917,0.048621,0.055635000000000004,0.057325,0.058575999999999996,0.069299,0.070326,0.07147300000000001,0.067785,0.066726,0.049716,0.045336,0.048847,0.071573,0.079056,0.08287699999999999,0.08282300000000001,0.086651,0.08665199999999999,0.086564,0.08656799999999999,0.086621,0.086487,0.086478,0.089783,0.10074,0.10300000000000001,0.09218483333333333,0.09218483333333333,0.09218483333333333,0.09218483333333333,0.09218483333333333,0.09218483333333333,0.09218483333333333,0.09218483333333333,0.09218483333333333,0.09218483333333333,0.09218483333333333,0.09218483333333333,0.09218483333333333,0.09218483333333333,0.09218483333333333,0.09218483333333333,0.09218483333333333,0.09218483333333333,0.09218483333333333,0.09218483333333333,0.09218483333333333,0.09218483333333333,0.09218483333333333,0.09218483333333333,0.09218483333333333,0.09218483333333333,0.09218483333333333,0.09218483333333333,0.09218483333333333,0.09218483333333333,0.09218483333333333,0.09218483333333333,0.09218483333333333
,COK,,emi_bau,emi_bau,KYOTOGHG,IPCM0EL,MtCO2eq,AR4,0.047810000000000005,0.047917,0.048621,0.055635000000000004,0.057325,0.058575999999999996,0.069299,0.070326,0.07147300000000001,0.067785,0.066726,0.049716,0.045336,0.048847,0.071573,0.079056,0.08287699999999999,0.08282300000000001,0.086651,0.08665199999999999,0.086564,0.08656799999999999,0.086621,0.086487,0.086478,0.089783,0.10074,0.10300000000000001,0.09218483333333333,0.09218483333333333,0.09218483333333333,0.09218483333333333,0.09218483333333333,0.09218483333333333,0.09218483333333333,0.09218483333333333,0.09218483333333333,0.09218483333333333,0.09218483333333333,0.09218483333333333,0.09218483333333333,0.09218483333333333,0.09218483333333333,0.09218483333333333,0.09218483333333333,0.09218483333333333,0.09218483333333333,0.09218483333333333,0.09218483333333333,0.09218483333333333,0.09218483333333333,0.09218483333333333,0.09218483333333333,0.09218483333333333,0.09218483333333333,0.09218483333333333,0.09218483333333333,0.09218483333333333,0.09218483333333333,0.09218483333333333,0.09218483333333333
,COK,,emi_cov,emi_cov,KYOTOGHG,IPCM0EL,MtCO2eq,AR4,0.036716496245940006,0.03672315563032,0.036736646423253,0.040406051868045,0.040409783032525,0.040398446966304,0.04780049388923,0.047770854837192,0.047762146659727,0.04777465027458,0.04782178761168599,0.03314443468356,0.02944450634124,0.033111753229490004,0.055118162529647005,0.062475935417135996,0.06617121044466999,0.06614438867418201,0.069835466907238,0.06983866227567599,0.069852917703884,0.06985939830100799,0.069858929664751,0.06986359431533098,0.06986933591752799,0.07307573134283,0.08300466980928,0.085600025115,0.07519911295464866,0.07519911295464866,0.07519911295464866,0.07519911295464866,0.07519911295464866,0.07519911295464866,0.07519911295464866,0.07519911295464866,0.07519911295464866,0.07519911295464866,0.07519911295464866,0.07519911295464866,0.07519911295464866,0.07519911295464866,0.07519911295464866,0.07519911295464866,0.07519911295464866,0.07519911295464866,0.07519911295464866,0.07519911295464866,0.07519911295464866,0.07519911295464866,0.07519911295464866,0.07519911295464866,0.07519911295464866,0.07519911295464866,0.07519911295464866,0.07519911295464866,0.07519911295464866,0.07519911295464866,0.07519911295464866,0.07519911295464866,0.07519911295464866
,COK,,emi_ncov,emi_ncov,KYOTOGHG,IPCM0EL,MtCO2eq,AR4,0.011093503754059998,0.011193844369680003,0.011884353576747,0.015228948131955,0.016915216967474996,0.018177553033695996,0.021498506110769998,0.022555145162808002,0.023710853340273008,0.02001034972542,0.018904212388314006,0.016571565316440003,0.01589149365876,0.01573524677051,0.016454837470352993,0.016580064582864006,0.01670578955533,0.016678611325818,0.016815533092762004,0.016813337724323998,0.016711082296116005,0.016708601698992003,0.016762070335249003,0.016623405684669003,0.016608664082472004,0.01670726865717,0.01773533019072,0.017399974885000002,0.016985720378684666,0.016985720378684666,0.016985720378684666,0.016985720378684666,0.016985720378684666,0.016985720378684666,0.016985720378684666,0.016985720378684666,0.016985720378684666,0.016985720378684666,0.016985720378684666,0.016985720378684666,0.016985720378684666,0.016985720378684666,0.016985720378684666,0.016985720378684666,0.016985720378684666,0.016985720378684666,0.016985720378684666,0.016985720378684666,0.016985720378684666,0.016985720378684666,0.016985720378684666,0.016985720378684666,0.016985720378684666,0.016985720378684666,0.016985720378684666,0.016985720378684666,0.016985720378684666,0.016985720378684666,0.016985720378684666,0.016985720378684666,0.016985720378684666
,COK,,pc_cov,pc_cov,KYOTOGHG,IPCM0EL,MtCO2eq/MtCO2eq,AR4,0.7679668740000001,0.76639096,0.755571593,0.726270367,0.704924257,0.689675754,0.68977177,0.679277292,0.6682543989999999,0.704796788,0.7166889609999999,0.66667541,0.649472965,0.67786667,0.7700971390000001,0.7902744309999999,0.79842671,0.798623434,0.805939538,0.805967113,0.8069511309999999,0.806988706,0.806489531,0.807793013,0.8079434759999999,0.81391501,0.823949472,0.831068205,0.815742788,0.815742788,0.815742788,0.815742788,0.815742788,0.815742788,0.815742788,0.815742788,0.815742788,0.815742788,0.815742788,0.815742788,0.815742788,0.815742788,0.815742788,0.815742788,0.815742788,0.815742788,0.815742788,0.815742788,0.815742788,0.815742788,0.815742788,0.815742788,0.815742788,0.815742788,0.815742788,0.815742788,0.815742788,0.815742788,0.815742788,0.815742788,0.815742788
,COL,,pop,pop,POP,DEMOGR,Pers,,33102575.0,33758337.0,34422569.0,35091275.0,35758979.0,36421438.0,37076387.0,37723800.0,38364309.0,38999471.0,39629968.0,40255967.0,40875360.0,41483869.0,42075955.0,42647723.0,43200897.0,43737516.0,44254975.0,44750054.0,45222700.0,45662748.0,46075718.0,46495493.0,46967696.0,47520667.0,48175052.0,48909839.0,49307279.6085,49990884.0178,50673608.6747,51359608.7356,52052897.2051,52752369.6859,53456925.6825,54165470.4704,54875264.7412,55582273.8951,56283469.6291,56975828.7878,57656333.3497,58326943.8418,58991925.2533,59651717.4803,60306757.0575,60957477.2621,61604058.9706,62246692.4127,62885820.4807,63521883.442,64155319.0042,64786589.4586,65415731.9337,66042543.9349,66666822.3198,67288363.3805,67906020.6778,68518585.8323,69125767.9738,69727284.2993,70322860.0377
,COL,,gdp,gdp,GDPPPP,ECO,2011GKD,,233717015625.0,237186828125.0,244283062500.0,256264984375.0,269976093750.0,281719093750.0,282918406250.0,288778968750.0,280504781250.0,267742843750.0,277385906250.0,276561718750.0,282274937500.0,291715656250.0,308195500000.0,330182656250.0,361470656250.0,397824593750.0,431743718750.0,441794531250.0,480454656250.0,537573437500.0,558578250000.0,580197062500.0,598554062500.0,598344687500.0,606601062500.0,629047375000.0,678397780468.4518,704400117357.2823,728624640098.6321,751068966055.295,772521984094.1838,793628831972.1971,815029618727.6893,837363930297.223,860513945146.9519,883792151557.0627,906985734054.0259,929881475931.744,952265863829.8468,974007475824.6804,995242595521.6844,1016159032200.96,1036944414854.535,1057785937275.591,1078749611534.4692,1099812915692.523,1121030293740.243,1142457102654.593,1164149702771.4958,1185923693778.331,1207614403205.7158,1229308886914.055,1251094620047.913,1273059513433.29,1295181974813.636,1317439954687.122,1339921097431.262,1362713156293.208,1385904020797.532
"The target value from 'conditional_best' was used for 'conditional_worst' in 2030.
",COL,ABS,conditional,worst,KYOTOGHG,IPCM0EL,MtCO2eq,AR4,100.0052,103.3243,108.3673,109.9991,111.4432,113.0649,116.3869,120.8503,120.6721,115.4761,117.7676,116.6155,117.1489,121.38,125.0654,130.0685,138.6201,140.1527,138.3157,145.7016,146.9671,142.9275,148.7596,156.8218,159.8163,160.7913,168.3775,166.6983,171.243,175.7877,180.3324,176.79113849706602,172.79171504868165,168.33412965484695,163.41838231556193,158.04447303082654,152.21240180064075,145.9221686250047,139.17377350391823,131.9672164373814,124.30249742539428,127.09409455533668,129.85841628090228,132.61334014436574,135.3767436880018,138.16661247548865,140.9837566673523,143.8181302730699,146.6714076243952,149.5452090423802,152.44142490158583,155.34179958482517,158.23509886613704,161.13331312130688,164.04859475822545,166.99288014197637,169.96174039501733,172.94993647927987,175.96864861002342,179.02894898110395,182.14196379707906
,COL,ABS,conditional,best,KYOTOGHG,IPCM0EL,MtCO2eq,AR4,100.0052,103.3243,108.3673,109.9991,111.4432,113.0649,116.3869,120.8503,120.6721,115.4761,117.7676,116.6155,117.1489,121.38,125.0654,130.0685,138.6201,140.1527,138.3157,145.7016,146.9671,142.9275,148.7596,156.8218,159.8163,160.7913,168.3775,166.6983,171.243,175.7877,180.3324,176.79113849706602,172.79171504868165,168.33412965484695,163.41838231556193,158.04447303082654,152.21240180064075,145.9221686250047,139.17377350391823,131.9672164373814,124.30249742539428,127.09409455533668,129.85841628090228,132.61334014436574,135.3767436880018,138.16661247548865,140.9837566673523,143.8181302730699,146.6714076243952,149.5452090423802,152.44142490158583,155.34179958482517,158.23509886613704,161.13331312130688,164.04859475822545,166.99288014197637,169.96174039501733,172.94993647927987,175.96864861002342,179.02894898110395,182.14196379707906
"The target value from 'unconditional_best' was used for 'unconditional_worst' in 2030.
",COL,ABS,unconditional,worst,KYOTOGHG,IPCM0EL,MtCO2eq,AR4,100.0052,103.3243,108.3673,109.9991,111.4432,113.0649,116.3869,120.8503,120.6721,115.4761,117.7676,116.6155,117.1489,121.38,125.0654,130.0685,138.6201,140.1527,138.3157,145.7016,146.9671,142.9275,148.7596,156.8218,159.8163,160.7913,168.3775,166.6983,171.243,175.7877,180.3324,179.63195233137733,178.62606336578776,177.3147331032313,175.69796154370792,173.77574868721769,171.5480945337605,169.01499908333645,166.17646233594547,163.0324842915876,159.58306495026284,163.16699637022444,166.71591085393484,170.2527600962438,173.8004957920012,177.38220831699243,180.99893777823485,184.63778684871326,188.30090508293011,191.99037269492013,195.70861660105723,199.43219972321677,203.14669924409134,206.86750874753793,210.61022983881693,214.39018676131758,218.2016935966782,222.0380243195199,225.91353240668226,229.84243265406928,233.83900919805268
,COL,ABS,unconditional,best,KYOTOGHG,IPCM0EL,MtCO2eq,AR4,100.0052,103.3243,108.3673,109.9991,111.4432,113.0649,116.3869,120.8503,120.6721,115.4761,117.7676,116.6155,117.1489,121.38,125.0654,130.0685,138.6201,140.1527,138.3157,145.7016,146.9671,142.9275,148.7596,156.8218,159.8163,160.7913,168.3775,166.6983,171.243,175.7877,180.3324,179.63195233137733,178.62606336578776,177.3147331032313,175.69796154370792,173.77574868721769,171.5480945337605,169.01499908333645,166.17646233594547,163.0324842915876,159.58306495026284,163.16699637022444,166.71591085393484,170.2527600962438,173.8004957920012,177.38220831699243,180.99893777823485,184.63778684871326,188.30090508293011,191.99037269492013,195.70861660105723,199.43219972321677,203.14669924409134,206.86750874753793,210.61022983881693,214.39018676131758,218.2016935966782,222.0380243195199,225.91353240668226,229.84243265406928,233.83900919805268
"The target value from 'conditional_best' was used for 'conditional_worst' in 2030.
",COL,ABU,conditional,worst,KYOTOGHG,IPCM0EL,MtCO2eq,AR4,100.0052,103.3243,108.3673,109.9991,111.4432,113.0649,116.3869,120.8503,120.6721,115.4761,117.7676,116.6155,117.1489,121.38,125.0654,130.0685,138.6201,140.1527,138.3157,145.7016,146.9671,142.9275,148.7596,156.8218,159.8163,160.7913,168.3775,166.6983,171.243,175.7877,180.3324,176.79113849706602,172.79171504868165,168.33412965484695,163.41838231556193,158.04447303082654,152.21240180064075,145.9221686250047,139.17377350391823,131.9672164373814,124.30249742539428,127.09409455533668,129.85841628090228,132.61334014436574,135.3767436880018,138.16661247548865,140.9837566673523,143.8181302730699,146.6714076243952,149.5452090423802,152.44142490158583,155.34179958482517,158.23509886613704,161.13331312130688,164.04859475822545,166.99288014197637,169.96174039501733,172.94993647927987,175.96864861002342,179.02894898110395,182.14196379707906
,COL,ABU,conditional,best,KYOTOGHG,IPCM0EL,MtCO2eq,AR4,100.0052,103.3243,108.3673,109.9991,111.4432,113.0649,116.3869,120.8503,120.6721,115.4761,117.7676,116.6155,117.1489,121.38,125.0654,130.0685,138.6201,140.1527,138.3157,145.7016,146.9671,142.9275,148.7596,156.8218,159.8163,160.7913,168.3775,166.6983,171.243,175.7877,180.3324,176.79113849706602,172.79171504868165,168.33412965484695,163.41838231556193,158.04447303082654,152.21240180064075,145.9221686250047,139.17377350391823,131.9672164373814,124.30249742539428,127.09409455533668,129.85841628090228,132.61334014436574,135.3767436880018,138.16661247548865,140.9837566673523,143.8181302730699,146.6714076243952,149.5452090423802,152.44142490158583,155.34179958482517,158.23509886613704,161.13331312130688,164.04859475822545,166.99288014197637,169.96174039501733,172.94993647927987,175.96864861002342,179.02894898110395,182.14196379707906
"The target value from 'unconditional_best' was used for 'unconditional_worst' in 2030.
",COL,ABU,unconditional,worst,KYOTOGHG,IPCM0EL,MtCO2eq,AR4,100.0052,103.3243,108.3673,109.9991,111.4432,113.0649,116.3869,120.8503,120.6721,115.4761,117.7676,116.6155,117.1489,121.38,125.0654,130.0685,138.6201,140.1527,138.3157,145.7016,146.9671,142.9275,148.7596,156.8218,159.8163,160.7913,168.3775,166.6983,171.243,175.7877,180.3324,179.63195233137733,178.62606336578776,177.3147331032313,175.69796154370792,173.77574868721769,171.5480945337605,169.01499908333645,166.17646233594547,163.0324842915876,159.58306495026284,163.16699637022444,166.71591085393484,170.2527600962438,173.8004957920012,177.38220831699243,180.99893777823485,184.63778684871326,188.30090508293011,191.99037269492013,195.70861660105723,199.43219972321677,203.14669924409134,206.86750874753793,210.61022983881693,214.39018676131758,218.2016935966782,222.0380243195199,225.91353240668226,229.84243265406928,233.83900919805268
,COL,ABU,unconditional,best,KYOTOGHG,IPCM0EL,MtCO2eq,AR4,100.0052,103.3243,108.3673,109.9991,111.4432,113.0649,116.3869,120.8503,120.6721,115.4761,117.7676,116.6155,117.1489,121.38,125.0654,130.0685,138.6201,140.1527,138.3157,145.7016,146.9671,142.9275,148.7596,156.8218,159.8163,160.7913,168.3775,166.6983,171.243,175.7877,180.3324,179.63195233137733,178.62606336578776,177.3147331032313,175.69796154370792,173.77574868721769,171.5480945337605,169.01499908333645,166.17646233594547,163.0324842915876,159.58306495026284,163.16699637022444,166.71591085393484,170.2527600962438,173.8004957920012,177.38220831699243,180.99893777823485,184.63778684871326,188.30090508293011,191.99037269492013,195.70861660105723,199.43219972321677,203.14669924409134,206.86750874753793,210.61022983881693,214.39018676131758,218.2016935966782,222.0380243195199,225.91353240668226,229.84243265406928,233.83900919805268
"The target value from 'conditional_best' was used for 'conditional_worst' in 2030.
",COL,AEI,conditional,worst,KYOTOGHG,IPCM0EL,MtCO2eq,AR4,100.0052,103.3243,108.3673,109.9991,111.4432,113.0649,116.3869,120.8503,120.6721,115.4761,117.7676,116.6155,117.1489,121.38,125.0654,130.0685,138.6201,140.1527,138.3157,145.7016,146.9671,142.9275,148.7596,156.8218,159.8163,160.7913,168.3775,166.6983,171.243,175.7877,180.3324,179.39613369602907,178.14174861004108,176.56924474203595,174.67862209201374,172.46988065997445,169.94302044591805,167.09804144984457,163.93494367175396,160.4537271116463,156.6543917695215,160.17255077287658,163.6563354718418,167.12827635107664,170.6109038952406,174.12688472485215,177.67723985885354,181.24930866236065,184.84520124118743,188.46695963321847,192.1169662159857,195.77221402932332,199.41854494389838,203.07107004005658,206.745104601932,210.4556916419408,214.19724958986524,217.96317585654523,221.76756050338417,225.62435745592649,229.547588707646
,COL,AEI,conditional,best,KYOTOGHG,IPCM0EL,MtCO2eq,AR4,100.0052,103.3243,108.3673,109.9991,111.4432,113.0649,116.3869,120.8503,120.6721,115.4761,117.7676,116.6155,117.1489,121.38,125.0654,130.0685,138.6201,140.1527,138.3157,145.7016,146.9671,142.9275,148.7596,156.8218,159.8163,160.7913,168.3775,166.6983,171.243,175.7877,180.3324,179.39613369602907,178.14174861004108,176.56924474203595,174.67862209201374,172.46988065997445,169.94302044591805,167.09804144984457,163.93494367175396,160.4537271116463,156.6543917695215,160.17255077287658,163.6563354718418,167.12827635107664,170.6109038952406,174.12688472485215,177.67723985885354,181.24930866236065,184.84520124118743,188.46695963321847,192.1169662159857,195.77221402932332,199.41854494389838,203.07107004005658,206.745104601932,210.4556916419408,214.19724958986524,217.96317585654523,221.76756050338417,225.62435745592649,229.547588707646
,COL,AEI,unconditional,worst,KYOTOGHG,IPCM0EL,MtCO2eq,AR4,100.0052,103.3243,108.3673,109.9991,111.4432,113.0649,116.3869,120.8503,120.6721,115.4761,117.7676,116.6155,117.1489,121.38,125.0654,130.0685,138.6201,140.1527,138.3157,145.7016,146.9671,142.9275,148.7596,156.8218,159.8163,160.7913,168.3775,166.6983,171.243,175.7877,180.3324,185.31358,190.29476,195.27594,200.25712,205.2383,210.21947999999998,215.20066,220.18184,225.16302,230.1442,235.3128,240.4309,245.5316,250.648,255.8134,261.0293,266.2771,271.5599,276.8807,282.243,287.613,292.9699,298.3359,303.7335,309.1848,314.6816,320.2142,325.8033,331.4694,337.2331
,COL,AEI,unconditional,best,KYOTOGHG,IPCM0EL,MtCO2eq,AR4,100.0052,103.3243,108.3673,109.9991,111.4432,113.0649,116.3869,120.8503,120.6721,115.4761,117.7676,116.6155,117.1489,121.38,125.0654,130.0685,138.6201,140.1527,138.3157,145.7016,146.9671,142.9275,148.7596,156.8218,159.8163,160.7913,168.3775,166.6983,171.243,175.7877,180.3324,185.31358,190.29476,195.27594,200.25712,205.2383,210.21947999999998,215.20066,220.18184,225.16302,230.1442,235.3128,240.4309,245.5316,250.648,255.8134,261.0293,266.2771,271.5599,276.8807,282.243,287.613,292.9699,298.3359,303.7335,309.1848,314.6816,320.2142,325.8033,331.4694,337.2331
"The target value from 'conditional_best' was used for 'conditional_worst' in 2030.
",COL,RBU,conditional,worst,KYOTOGHG,IPCM0EL,MtCO2eq,AR4,100.0052,103.3243,108.3673,109.9991,111.4432,113.0649,116.3869,120.8503,120.6721,115.4761,117.7676,116.6155,117.1489,121.38,125.0654,130.0685,138.6201,140.1527,138.3157,145.7016,146.9671,142.9275,148.7596,156.8218,159.8163,160.7913,168.3775,166.6983,171.243,175.7877,180.3324,176.79113849706602,172.79171504868165,168.33412965484695,163.41838231556193,158.04447303082654,152.21240180064075,145.9221686250047,139.17377350391823,131.9672164373814,124.30249742539428,127.09409455533668,129.85841628090228,132.61334014436574,135.3767436880018,138.16661247548865,140.9837566673523,143.8181302730699,146.6714076243952,149.5452090423802,152.44142490158583,155.34179958482517,158.23509886613704,161.13331312130688,164.04859475822545,166.99288014197637,169.96174039501733,172.94993647927987,175.96864861002342,179.02894898110395,182.14196379707906
,COL,RBU,conditional,best,KYOTOGHG,IPCM0EL,MtCO2eq,AR4,100.0052,103.3243,108.3673,109.9991,111.4432,113.0649,116.3869,120.8503,120.6721,115.4761,117.7676,116.6155,117.1489,121.38,125.0654,130.0685,138.6201,140.1527,138.3157,145.7016,146.9671,142.9275,148.7596,156.8218,159.8163,160.7913,168.3775,166.6983,171.243,175.7877,180.3324,176.79113849706602,172.79171504868165,168.33412965484695,163.41838231556193,158.04447303082654,152.21240180064075,145.9221686250047,139.17377350391823,131.9672164373814,124.30249742539428,127.09409455533668,129.85841628090228,132.61334014436574,135.3767436880018,138.16661247548865,140.9837566673523,143.8181302730699,146.6714076243952,149.5452090423802,152.44142490158583,155.34179958482517,158.23509886613704,161.13331312130688,164.04859475822545,166.99288014197637,169.96174039501733,172.94993647927987,175.96864861002342,179.02894898110395,182.14196379707906
"The target value from 'unconditional_best' was used for 'unconditional_worst' in 2030.
",COL,RBU,unconditional,worst,KYOTOGHG,IPCM0EL,MtCO2eq,AR4,100.0052,103.3243,108.3673,109.9991,111.4432,113.0649,116.3869,120.8503,120.6721,115.4761,117.7676,116.6155,117.1489,121.38,125.0654,130.0685,138.6201,140.1527,138.3157,145.7016,146.9671,142.9275,148.7596,156.8218,159.8163,160.7913,168.3775,166.6983,171.243,175.7877,180.3324,179.63195233137733,178.6260633657878,177.31473310323133,175.69796154370795,173.7757486872177,171.54809453376052,169.01499908333648,166.1764623359455,163.03248429158765,159.5830649502629,163.1669963702245,166.7159108539349,170.25276009624386,173.80049579200124,177.3822083169925,180.9989377782349,184.63778684871332,188.30090508293017,191.99037269492018,195.7086166010573,199.43219972321683,203.14669924409142,206.86750874753798,210.61022983881702,214.39018676131764,218.20169359667827,222.03802431952,225.91353240668232,229.84243265406937,233.83900919805276
,COL,RBU,unconditional,best,KYOTOGHG,IPCM0EL,MtCO2eq,AR4,100.0052,103.3243,108.3673,109.9991,111.4432,113.0649,116.3869,120.8503,120.6721,115.4761,117.7676,116.6155,117.1489,121.38,125.0654,130.0685,138.6201,140.1527,138.3157,145.7016,146.9671,142.9275,148.7596,156.8218,159.8163,160.7913,168.3775,166.6983,171.243,175.7877,180.3324,179.63195233137733,178.6260633657878,177.31473310323133,175.69796154370795,173.7757486872177,171.54809453376052,169.01499908333648,166.1764623359455,163.03248429158765,159.5830649502629,163.1669963702245,166.7159108539349,170.25276009624386,173.80049579200124,177.3822083169925,180.9989377782349,184.63778684871332,188.30090508293017,191.99037269492018,195.7086166010573,199.43219972321683,203.14669924409142,206.86750874753798,210.61022983881702,214.39018676131764,218.20169359667827,222.03802431952,225.91353240668232,229.84243265406937,233.83900919805276
"No targets calculated, so the baseline emissions are put in as target pathways for all un/conditional best/worst pathways.
",COL,baseline_emissions,conditional,worst,KYOTOGHG,IPCM0EL,MtCO2eq,AR4,100.0052,103.3243,108.3673,109.9991,111.4432,113.0649,116.3869,120.8503,120.6721,115.4761,117.7676,116.6155,117.1489,121.38,125.0654,130.0685,138.6201,140.1527,138.3157,145.7016,146.9671,142.9275,148.7596,156.8218,159.8163,160.7913,168.3775,166.6983,171.243,175.7877,180.3324,185.31358,190.29476,195.27594,200.25712,205.2383,210.21947999999998,215.20066,220.18184,225.16302,230.1442,235.3128,240.4309,245.5316,250.648,255.8134,261.0293,266.2771,271.5599,276.8807,282.243,287.613,292.9699,298.3359,303.7335,309.1848,314.6816,320.2142,325.8033,331.4694,337.2331
"No targets calculated, so the baseline emissions are put in as target pathways for all un/conditional best/worst pathways.
",COL,baseline_emissions,conditional,best,KYOTOGHG,IPCM0EL,MtCO2eq,AR4,100.0052,103.3243,108.3673,109.9991,111.4432,113.0649,116.3869,120.8503,120.6721,115.4761,117.7676,116.6155,117.1489,121.38,125.0654,130.0685,138.6201,140.1527,138.3157,145.7016,146.9671,142.9275,148.7596,156.8218,159.8163,160.7913,168.3775,166.6983,171.243,175.7877,180.3324,185.31358,190.29476,195.27594,200.25712,205.2383,210.21947999999998,215.20066,220.18184,225.16302,230.1442,235.3128,240.4309,245.5316,250.648,255.8134,261.0293,266.2771,271.5599,276.8807,282.243,287.613,292.9699,298.3359,303.7335,309.1848,314.6816,320.2142,325.8033,331.4694,337.2331
"No targets calculated, so the baseline emissions are put in as target pathways for all un/conditional best/worst pathways.
",COL,baseline_emissions,unconditional,worst,KYOTOGHG,IPCM0EL,MtCO2eq,AR4,100.0052,103.3243,108.3673,109.9991,111.4432,113.0649,116.3869,120.8503,120.6721,115.4761,117.7676,116.6155,117.1489,121.38,125.0654,130.0685,138.6201,140.1527,138.3157,145.7016,146.9671,142.9275,148.7596,156.8218,159.8163,160.7913,168.3775,166.6983,171.243,175.7877,180.3324,185.31358,190.29476,195.27594,200.25712,205.2383,210.21947999999998,215.20066,220.18184,225.16302,230.1442,235.3128,240.4309,245.5316,250.648,255.8134,261.0293,266.2771,271.5599,276.8807,282.243,287.613,292.9699,298.3359,303.7335,309.1848,314.6816,320.2142,325.8033,331.4694,337.2331
"No targets calculated, so the baseline emissions are put in as target pathways for all un/conditional best/worst pathways.
",COL,baseline_emissions,unconditional,best,KYOTOGHG,IPCM0EL,MtCO2eq,AR4,100.0052,103.3243,108.3673,109.9991,111.4432,113.0649,116.3869,120.8503,120.6721,115.4761,117.7676,116.6155,117.1489,121.38,125.0654,130.0685,138.6201,140.1527,138.3157,145.7016,146.9671,142.9275,148.7596,156.8218,159.8163,160.7913,168.3775,166.6983,171.243,175.7877,180.3324,185.31358,190.29476,195.27594,200.25712,205.2383,210.21947999999998,215.20066,220.18184,225.16302,230.1442,235.3128,240.4309,245.5316,250.648,255.8134,261.0293,266.2771,271.5599,276.8807,282.243,287.613,292.9699,298.3359,303.7335,309.1848,314.6816,320.2142,325.8033,331.4694,337.2331
,COL,,emi_bau,emi_bau,KYOTOGHG,IPCM0EL,MtCO2eq,AR4,100.0052,103.3243,108.3673,109.9991,111.4432,113.0649,116.3869,120.8503,120.6721,115.4761,117.7676,116.6155,117.1489,121.38,125.0654,130.0685,138.6201,140.1527,138.3157,145.7016,146.9671,142.9275,148.7596,156.8218,159.8163,160.7913,168.3775,166.6983,171.243,175.7877,180.3324,185.31358,190.29476,195.27594,200.25712,205.2383,210.21947999999998,215.20066,220.18184,225.16302,230.1442,235.3128,240.4309,245.5316,250.648,255.8134,261.0293,266.2771,271.5599,276.8807,282.243,287.613,292.9699,298.3359,303.7335,309.1848,314.6816,320.2142,325.8033,331.4694,337.2331
,COL,,emi_cov,emi_cov,KYOTOGHG,IPCM0EL,MtCO2eq,AR4,100.0052,103.3243,108.3673,109.9991,111.4432,113.0649,116.3869,120.8503,120.6721,115.4761,117.7676,116.6155,117.1489,121.38,125.0654,130.0685,138.6201,140.1527,138.3157,145.7016,146.9671,142.9275,148.7596,156.8218,159.8163,160.7913,168.3775,166.6983,171.243,175.7877,180.3324,185.31358,190.29476,195.27594,200.25712,205.2383,210.21947999999998,215.2005595012918,220.18184,225.16302,230.1442,235.3128,240.4309,245.5316,250.648,255.8134,261.0293,266.27699987981043,271.5599,276.8807,282.243,287.613,292.9699,298.3359,303.7335,309.1848,314.6816,320.2142,325.8033,331.4694,337.2331
,COL,,emi_ncov,emi_ncov,KYOTOGHG,IPCM0EL,MtCO2eq,AR4,0.0,0.0,0.0,0.0,0.0,0.0,0.0,0.0,0.0,0.0,0.0,0.0,0.0,0.0,0.0,0.0,0.0,0.0,0.0,0.0,0.0,0.0,0.0,0.0,0.0,0.0,0.0,0.0,0.0,0.0,0.0,0.0,0.0,0.0,0.0,0.0,0.0,0.00010049870822085909,0.0,0.0,0.0,0.0,0.0,0.0,0.0,0.0,0.0,0.00010012018957686386,0.0,0.0,0.0,0.0,0.0,0.0,0.0,0.0,0.0,0.0,0.0,0.0,0.0
,COL,,pc_cov,pc_cov,KYOTOGHG,IPCM0EL,MtCO2eq/MtCO2eq,AR4,1.0,1.0,1.0,1.0,1.0,1.0,1.0,1.0,1.0,1.0,1.0,1.0,1.0,1.0,1.0,1.0,1.0,1.0,1.0,1.0,1.0,1.0,1.0,1.0,1.0,1.0,1.0,1.0,1.0,1.0,1.0,1.0,1.0,1.0,1.0,1.0,1.0,0.999999533,1.0,1.0,1.0,1.0,1.0,1.0,1.0,1.0,1.0,0.9999996240000001,1.0,1.0,1.0,1.0,1.0,1.0,1.0,1.0,1.0,1.0,1.0,1.0,1.0
,COM,,pop,pop,POP,DEMOGR,Pers,,411594.0,423872.0,436448.0,449274.0,462277.0,475394.0,488627.0,501953.0,515385.0,528848.0,542357.0,555888.0,569479.0,583211.0,597228.0,611627.0,626425.0,641620.0,657229.0,673252.0,689692.0,706569.0,723871.0,741505.0,759390.0,777424.0,795592.0,813892.0,831804.1919,851978.7121,872448.4973,893285.344,914538.5847,936202.6268,958271.7293,980740.04,1003562.3263,1026652.4684,1049943.5112,1073368.9306,1096862.6427,1120542.1049,1144501.7198,1168641.0807,1192859.6552,1217056.7674,1241216.8607,1265377.5298,1289517.7396,1313616.4765,1337652.7477,1361709.2055,1385851.8959,1410034.8743,1434212.1512,1458337.7272,1482305.8205,1506052.0727,1529592.6345,1552943.5551,1576120.7028
,COM,,gdp,gdp,GDPPPP,ECO,2011GKD,,1391889770.5078,1345900756.8359,1434482177.7344,1416421997.0703,1200773925.7813,1431852783.2031,1404951293.9453,1427982055.6641,1344498657.2266,1375294921.875,1353778442.3828,1515339843.75,1605078125.0,1573720825.1953,1551981811.5234,1782407958.9844,1782809570.3125,1456338134.7656,1545246826.1719,1603823242.1875,1582235107.4219,1744667114.2578,1858397827.1484,2010567016.6016,2110918701.1719,2165740478.5156,2208385742.1875,2281764404.2969,2403826441.2762,2500645817.9223,2607848855.4284,2729872859.9594,2867289740.3023,3016937425.9719,3175682048.6107,3340393426.3962,3511072573.9423,3689017352.1896,3873049980.996,4062016949.6516,4254793550.9328,4451512946.8285,4653811311.4394,4862844438.969,5079773616.5904,5305768089.9829,5540258741.8793,5782513614.9231,6033494396.3072,6294204300.9159,6565693820.9408,6847079574.4079,7137952931.5521,7440171626.8698,7755673167.4265,8086486145.1774,8434009933.6195,8798212888.253,9179072971.6864,9576593558.4002,9990803210.1631
"The target value from 'conditional_best' was used for 'conditional_worst' in 2025, 2030.
",COM,ABS,conditional,worst,KYOTOGHG,IPCM0EL,MtCO2eq,AR4,0.33742,0.34547,0.35143,0.36191,0.36657,0.37563,0.38502,0.39471,0.41098,0.42426,0.41458999999999996,0.44188,0.44536000000000003,0.4613100000000001,0.49832,0.50421,0.54637,0.4851,0.5191899999999999,0.5511699999999999,0.59828,0.5936,0.61117,0.6604300000000001,0.65385,0.67686,0.69592,0.71327,0.5919800000000001,0.47069,0.3494,0.30747725865880615,0.2621358879882093,0.21337588798820928,0.16119725865880616,0.1056,0.09289018898276034,0.07923528347414052,0.06463528347414052,0.049090188982760345,0.0326,0.03570509269124227,0.03890049009162582,0.04220703174941402,0.045645557212870225,0.04922301299808225,0.05295329213722566,0.05682250159812486,0.060837587896867676,0.06503328361389302,0.06941653526528871,0.07398734285105474,0.07874570637119112,0.08371246537396121,0.08891540592371616,0.09437536756871939,0.10010624334114636,0.10608719369273384,0.11231821862348176,0.11878542510121456,0.12548186660984442
,COM,ABS,conditional,best,KYOTOGHG,IPCM0EL,MtCO2eq,AR4,0.33742,0.34547,0.35143,0.36191,0.36657,0.37563,0.38502,0.39471,0.41098,0.42426,0.41458999999999996,0.44188,0.44536000000000003,0.4613100000000001,0.49832,0.50421,0.54637,0.4851,0.5191899999999999,0.5511699999999999,0.59828,0.5936,0.61117,0.6604300000000001,0.65385,0.67686,0.69592,0.71327,0.5919800000000001,0.47069,0.3494,0.30747725865880615,0.2621358879882093,0.21337588798820928,0.16119725865880616,0.1056,0.09289018898276034,0.07923528347414052,0.06463528347414052,0.049090188982760345,0.0326,0.03570509269124227,0.03890049009162582,0.04220703174941402,0.045645557212870225,0.04922301299808225,0.05295329213722566,0.05682250159812486,0.060837587896867676,0.06503328361389302,0.06941653526528871,0.07398734285105474,0.07874570637119112,0.08371246537396121,0.08891540592371616,0.09437536756871939,0.10010624334114636,0.10608719369273384,0.11231821862348176,0.11878542510121456,0.12548186660984442
,COM,ABS,unconditional,worst,KYOTOGHG,IPCM0EL,MtCO2eq,AR4,0.33742,0.34547,0.35143,0.36191,0.36657,0.37563,0.38502,0.39471,0.41098,0.42426,0.41458999999999996,0.44188,0.44536000000000003,0.4613100000000001,0.49832,0.50421,0.54637,0.4851,0.5191899999999999,0.5511699999999999,0.59828,0.5936,0.61117,0.6604300000000001,0.65385,0.67686,0.69592,0.71327,0.5919800000000001,0.47069,0.3494,0.36094,0.37248000000000003,0.38402,0.39555999999999997,0.4071,0.41953999999999997,0.43198,0.44442,0.45686000000000004,0.4693,0.514,0.56,0.6076000000000001,0.6571,0.7086000000000001,0.7623000000000002,0.8180000000000001,0.8758000000000001,0.9362,0.9993,1.0651,1.1336,1.2051,1.28,1.3586000000000005,1.4410999999999998,1.5272,1.6169,1.7100000000000002,1.8064
,COM,ABS,unconditional,best,KYOTOGHG,IPCM0EL,MtCO2eq,AR4,0.33742,0.34547,0.35143,0.36191,0.36657,0.37563,0.38502,0.39471,0.41098,0.42426,0.41458999999999996,0.44188,0.44536000000000003,0.4613100000000001,0.49832,0.50421,0.54637,0.4851,0.5191899999999999,0.5511699999999999,0.59828,0.5936,0.61117,0.6604300000000001,0.65385,0.67686,0.69592,0.71327,0.5919800000000001,0.47069,0.3494,0.36094,0.37248000000000003,0.38402,0.39555999999999997,0.4071,0.41953999999999997,0.43198,0.44442,0.45686000000000004,0.4693,0.514,0.56,0.6076000000000001,0.6571,0.7086000000000001,0.7623000000000002,0.8180000000000001,0.8758000000000001,0.9362,0.9993,1.0651,1.1336,1.2051,1.28,1.3586000000000005,1.4410999999999998,1.5272,1.6169,1.7100000000000002,1.8064
"The target value from 'conditional_best' was used for 'conditional_worst' in 2025, 2030.
",COM,ABU,conditional,worst,KYOTOGHG,IPCM0EL,MtCO2eq,AR4,0.33742,0.34547,0.35143,0.36191,0.36657,0.37563,0.38502,0.39471,0.41098,0.42426,0.41458999999999996,0.44188,0.44536000000000003,0.4613100000000001,0.49832,0.50421,0.54637,0.4851,0.5191899999999999,0.5511699999999999,0.59828,0.5936,0.61117,0.6604300000000001,0.65385,0.67686,0.69592,0.71327,0.5919800000000001,0.47069,0.3494,0.3074772586588062,0.2621358879882093,0.21337588798820928,0.16119725865880621,0.10560000000000003,0.09289018898276037,0.07923528347414055,0.06463528347414053,0.04909018898276037,0.03260000000000002,0.0357050926912423,0.038900490091625856,0.04220703174941406,0.04564555721287026,0.04922301299808229,0.0529532921372257,0.05682250159812491,0.060837587896867724,0.06503328361389307,0.06941653526528876,0.07398734285105481,0.07874570637119119,0.08371246537396128,0.08891540592371623,0.09437536756871946,0.10010624334114644,0.10608719369273392,0.11231821862348185,0.11878542510121466,0.12548186660984453
,COM,ABU,conditional,best,KYOTOGHG,IPCM0EL,MtCO2eq,AR4,0.33742,0.34547,0.35143,0.36191,0.36657,0.37563,0.38502,0.39471,0.41098,0.42426,0.41458999999999996,0.44188,0.44536000000000003,0.4613100000000001,0.49832,0.50421,0.54637,0.4851,0.5191899999999999,0.5511699999999999,0.59828,0.5936,0.61117,0.6604300000000001,0.65385,0.67686,0.69592,0.71327,0.5919800000000001,0.47069,0.3494,0.3074772586588062,0.2621358879882093,0.21337588798820928,0.16119725865880621,0.10560000000000003,0.09289018898276037,0.07923528347414055,0.06463528347414053,0.04909018898276037,0.03260000000000002,0.0357050926912423,0.038900490091625856,0.04220703174941406,0.04564555721287026,0.04922301299808229,0.0529532921372257,0.05682250159812491,0.060837587896867724,0.06503328361389307,0.06941653526528876,0.07398734285105481,0.07874570637119119,0.08371246537396128,0.08891540592371623,0.09437536756871946,0.10010624334114644,0.10608719369273392,0.11231821862348185,0.11878542510121466,0.12548186660984453
,COM,ABU,unconditional,worst,KYOTOGHG,IPCM0EL,MtCO2eq,AR4,0.33742,0.34547,0.35143,0.36191,0.36657,0.37563,0.38502,0.39471,0.41098,0.42426,0.41458999999999996,0.44188,0.44536000000000003,0.4613100000000001,0.49832,0.50421,0.54637,0.4851,0.5191899999999999,0.5511699999999999,0.59828,0.5936,0.61117,0.6604300000000001,0.65385,0.67686,0.69592,0.71327,0.5919800000000001,0.47069,0.3494,0.36094,0.37248000000000003,0.38402,0.39555999999999997,0.4071,0.41953999999999997,0.43198,0.44442,0.45686000000000004,0.4693,0.514,0.56,0.6076000000000001,0.6571,0.7086000000000001,0.7623000000000002,0.8180000000000001,0.8758000000000001,0.9362,0.9993,1.0651,1.1336,1.2051,1.28,1.3586000000000005,1.4410999999999998,1.5272,1.6169,1.7100000000000002,1.8064
,COM,ABU,unconditional,best,KYOTOGHG,IPCM0EL,MtCO2eq,AR4,0.33742,0.34547,0.35143,0.36191,0.36657,0.37563,0.38502,0.39471,0.41098,0.42426,0.41458999999999996,0.44188,0.44536000000000003,0.4613100000000001,0.49832,0.50421,0.54637,0.4851,0.5191899999999999,0.5511699999999999,0.59828,0.5936,0.61117,0.6604300000000001,0.65385,0.67686,0.69592,0.71327,0.5919800000000001,0.47069,0.3494,0.36094,0.37248000000000003,0.38402,0.39555999999999997,0.4071,0.41953999999999997,0.43198,0.44442,0.45686000000000004,0.4693,0.514,0.56,0.6076000000000001,0.6571,0.7086000000000001,0.7623000000000002,0.8180000000000001,0.8758000000000001,0.9362,0.9993,1.0651,1.1336,1.2051,1.28,1.3586000000000005,1.4410999999999998,1.5272,1.6169,1.7100000000000002,1.8064
"The target value from 'conditional_best' was used for 'conditional_worst' in 2025, 2030.
",COM,RBU,conditional,worst,KYOTOGHG,IPCM0EL,MtCO2eq,AR4,0.33742,0.34547,0.35143,0.36191,0.36657,0.37563,0.38502,0.39471,0.41098,0.42426,0.41458999999999996,0.44188,0.44536000000000003,0.4613100000000001,0.49832,0.50421,0.54637,0.4851,0.5191899999999999,0.5511699999999999,0.59828,0.5936,0.61117,0.6604300000000001,0.65385,0.67686,0.69592,0.71327,0.5919800000000001,0.47069,0.3494,0.30744869199999997,0.26207692800000004,0.213284708,0.16107203199999998,0.1054389,0.09271834000000001,0.07905234000000001,0.06444090000000001,0.04888402000000002,0.03238170000000003,0.03546600000000003,0.038640000000000035,0.04192440000000005,0.045339900000000044,0.04889340000000005,0.05259870000000006,0.056442000000000055,0.060430200000000066,0.06459780000000007,0.06895170000000006,0.07349190000000005,0.07821840000000006,0.08315190000000008,0.08832000000000008,0.09374340000000012,0.09943590000000008,0.10537680000000009,0.1115661000000001,0.11799000000000012,0.12464160000000012
,COM,RBU,conditional,best,KYOTOGHG,IPCM0EL,MtCO2eq,AR4,0.33742,0.34547,0.35143,0.36191,0.36657,0.37563,0.38502,0.39471,0.41098,0.42426,0.41458999999999996,0.44188,0.44536000000000003,0.4613100000000001,0.49832,0.50421,0.54637,0.4851,0.5191899999999999,0.5511699999999999,0.59828,0.5936,0.61117,0.6604300000000001,0.65385,0.67686,0.69592,0.71327,0.5919800000000001,0.47069,0.3494,0.30744869199999997,0.26207692800000004,0.213284708,0.16107203199999998,0.1054389,0.09271834000000001,0.07905234000000001,0.06444090000000001,0.04888402000000002,0.03238170000000003,0.03546600000000003,0.038640000000000035,0.04192440000000005,0.045339900000000044,0.04889340000000005,0.05259870000000006,0.056442000000000055,0.060430200000000066,0.06459780000000007,0.06895170000000006,0.07349190000000005,0.07821840000000006,0.08315190000000008,0.08832000000000008,0.09374340000000012,0.09943590000000008,0.10537680000000009,0.1115661000000001,0.11799000000000012,0.12464160000000012
,COM,RBU,unconditional,worst,KYOTOGHG,IPCM0EL,MtCO2eq,AR4,0.33742,0.34547,0.35143,0.36191,0.36657,0.37563,0.38502,0.39471,0.41098,0.42426,0.41458999999999996,0.44188,0.44536000000000003,0.4613100000000001,0.49832,0.50421,0.54637,0.4851,0.5191899999999999,0.5511699999999999,0.59828,0.5936,0.61117,0.6604300000000001,0.65385,0.67686,0.69592,0.71327,0.5919800000000001,0.47069,0.3494,0.36094,0.37248000000000003,0.38402,0.39555999999999997,0.4071,0.41953999999999997,0.43198,0.44442,0.45686000000000004,0.4693,0.514,0.56,0.6076000000000001,0.6571,0.7086000000000001,0.7623000000000002,0.8180000000000001,0.8758000000000001,0.9362,0.9993,1.0651,1.1336,1.2051,1.28,1.3586000000000005,1.4410999999999998,1.5272,1.6169,1.7100000000000002,1.8064
,COM,RBU,unconditional,best,KYOTOGHG,IPCM0EL,MtCO2eq,AR4,0.33742,0.34547,0.35143,0.36191,0.36657,0.37563,0.38502,0.39471,0.41098,0.42426,0.41458999999999996,0.44188,0.44536000000000003,0.4613100000000001,0.49832,0.50421,0.54637,0.4851,0.5191899999999999,0.5511699999999999,0.59828,0.5936,0.61117,0.6604300000000001,0.65385,0.67686,0.69592,0.71327,0.5919800000000001,0.47069,0.3494,0.36094,0.37248000000000003,0.38402,0.39555999999999997,0.4071,0.41953999999999997,0.43198,0.44442,0.45686000000000004,0.4693,0.514,0.56,0.6076000000000001,0.6571,0.7086000000000001,0.7623000000000002,0.8180000000000001,0.8758000000000001,0.9362,0.9993,1.0651,1.1336,1.2051,1.28,1.3586000000000005,1.4410999999999998,1.5272,1.6169,1.7100000000000002,1.8064
"No targets calculated, so the baseline emissions are put in as target pathways for all un/conditional best/worst pathways.
",COM,baseline_emissions,conditional,worst,KYOTOGHG,IPCM0EL,MtCO2eq,AR4,0.33742,0.34547,0.35143,0.36191,0.36657,0.37563,0.38502,0.39471,0.41098,0.42426,0.41458999999999996,0.44188,0.44536000000000003,0.4613100000000001,0.49832,0.50421,0.54637,0.4851,0.5191899999999999,0.5511699999999999,0.59828,0.5936,0.61117,0.6604300000000001,0.65385,0.67686,0.69592,0.71327,0.5919800000000001,0.47069,0.3494,0.36094,0.37248000000000003,0.38402,0.39555999999999997,0.4071,0.41953999999999997,0.43198,0.44442,0.45686000000000004,0.4693,0.514,0.56,0.6076000000000001,0.6571,0.7086000000000001,0.7623000000000002,0.8180000000000001,0.8758000000000001,0.9362,0.9993,1.0651,1.1336,1.2051,1.28,1.3586000000000005,1.4410999999999998,1.5272,1.6169,1.7100000000000002,1.8064
"No targets calculated, so the baseline emissions are put in as target pathways for all un/conditional best/worst pathways.
",COM,baseline_emissions,conditional,best,KYOTOGHG,IPCM0EL,MtCO2eq,AR4,0.33742,0.34547,0.35143,0.36191,0.36657,0.37563,0.38502,0.39471,0.41098,0.42426,0.41458999999999996,0.44188,0.44536000000000003,0.4613100000000001,0.49832,0.50421,0.54637,0.4851,0.5191899999999999,0.5511699999999999,0.59828,0.5936,0.61117,0.6604300000000001,0.65385,0.67686,0.69592,0.71327,0.5919800000000001,0.47069,0.3494,0.36094,0.37248000000000003,0.38402,0.39555999999999997,0.4071,0.41953999999999997,0.43198,0.44442,0.45686000000000004,0.4693,0.514,0.56,0.6076000000000001,0.6571,0.7086000000000001,0.7623000000000002,0.8180000000000001,0.8758000000000001,0.9362,0.9993,1.0651,1.1336,1.2051,1.28,1.3586000000000005,1.4410999999999998,1.5272,1.6169,1.7100000000000002,1.8064
"No targets calculated, so the baseline emissions are put in as target pathways for all un/conditional best/worst pathways.
",COM,baseline_emissions,unconditional,worst,KYOTOGHG,IPCM0EL,MtCO2eq,AR4,0.33742,0.34547,0.35143,0.36191,0.36657,0.37563,0.38502,0.39471,0.41098,0.42426,0.41458999999999996,0.44188,0.44536000000000003,0.4613100000000001,0.49832,0.50421,0.54637,0.4851,0.5191899999999999,0.5511699999999999,0.59828,0.5936,0.61117,0.6604300000000001,0.65385,0.67686,0.69592,0.71327,0.5919800000000001,0.47069,0.3494,0.36094,0.37248000000000003,0.38402,0.39555999999999997,0.4071,0.41953999999999997,0.43198,0.44442,0.45686000000000004,0.4693,0.514,0.56,0.6076000000000001,0.6571,0.7086000000000001,0.7623000000000002,0.8180000000000001,0.8758000000000001,0.9362,0.9993,1.0651,1.1336,1.2051,1.28,1.3586000000000005,1.4410999999999998,1.5272,1.6169,1.7100000000000002,1.8064
"No targets calculated, so the baseline emissions are put in as target pathways for all un/conditional best/worst pathways.
",COM,baseline_emissions,unconditional,best,KYOTOGHG,IPCM0EL,MtCO2eq,AR4,0.33742,0.34547,0.35143,0.36191,0.36657,0.37563,0.38502,0.39471,0.41098,0.42426,0.41458999999999996,0.44188,0.44536000000000003,0.4613100000000001,0.49832,0.50421,0.54637,0.4851,0.5191899999999999,0.5511699999999999,0.59828,0.5936,0.61117,0.6604300000000001,0.65385,0.67686,0.69592,0.71327,0.5919800000000001,0.47069,0.3494,0.36094,0.37248000000000003,0.38402,0.39555999999999997,0.4071,0.41953999999999997,0.43198,0.44442,0.45686000000000004,0.4693,0.514,0.56,0.6076000000000001,0.6571,0.7086000000000001,0.7623000000000002,0.8180000000000001,0.8758000000000001,0.9362,0.9993,1.0651,1.1336,1.2051,1.28,1.3586000000000005,1.4410999999999998,1.5272,1.6169,1.7100000000000002,1.8064
,COM,,emi_bau,emi_bau,KYOTOGHG,IPCM0EL,MtCO2eq,AR4,0.33742,0.34547,0.35143,0.36191,0.36657,0.37563,0.38502,0.39471,0.41098,0.42426,0.41458999999999996,0.44188,0.44536000000000003,0.4613100000000001,0.49832,0.50421,0.54637,0.4851,0.5191899999999999,0.5511699999999999,0.59828,0.5936,0.61117,0.6604300000000001,0.65385,0.67686,0.69592,0.71327,0.5919800000000001,0.47069,0.3494,0.36094,0.37248000000000003,0.38402,0.39555999999999997,0.4071,0.41953999999999997,0.43198,0.44442,0.45686000000000004,0.4693,0.514,0.56,0.6076000000000001,0.6571,0.7086000000000001,0.7623000000000002,0.8180000000000001,0.8758000000000001,0.9362,0.9993,1.0651,1.1336,1.2051,1.28,1.3586000000000005,1.4410999999999998,1.5272,1.6169,1.7100000000000002,1.8064
,COM,,emi_cov,emi_cov,KYOTOGHG,IPCM0EL,MtCO2eq,AR4,0.33742,0.34547,0.35143,0.36191,0.36657,0.37563,0.38502,0.39471,0.41098,0.42426,0.41458999999999996,0.44188,0.44536000000000003,0.4613100000000001,0.49832,0.50421,0.54637,0.4851,0.5191899999999999,0.5511699999999999,0.59828,0.5936,0.61117,0.6604300000000001,0.65385,0.67686,0.69592,0.71327,0.5919800000000001,0.47069,0.3494,0.36094,0.37248000000000003,0.38402,0.39555999999999997,0.4071,0.41953999999999997,0.43198,0.44442,0.45686000000000004,0.4693,0.514,0.56,0.6076000000000001,0.6571,0.7086000000000001,0.7623000000000002,0.8180000000000001,0.8758000000000001,0.9362,0.9993,1.0651,1.1336,1.2051,1.28,1.3586000000000005,1.4410999999999998,1.5272,1.6169,1.7100000000000002,1.8064
,COM,,emi_ncov,emi_ncov,KYOTOGHG,IPCM0EL,MtCO2eq,AR4,0.0,0.0,0.0,0.0,0.0,0.0,0.0,0.0,0.0,0.0,0.0,0.0,0.0,0.0,0.0,0.0,0.0,0.0,0.0,0.0,0.0,0.0,0.0,0.0,0.0,0.0,0.0,0.0,0.0,0.0,0.0,0.0,0.0,0.0,0.0,0.0,0.0,0.0,0.0,0.0,0.0,0.0,0.0,0.0,0.0,0.0,0.0,0.0,0.0,0.0,0.0,0.0,0.0,0.0,0.0,0.0,0.0,0.0,0.0,0.0,0.0
,COM,,pc_cov,pc_cov,KYOTOGHG,IPCM0EL,MtCO2eq/MtCO2eq,AR4,1.0,1.0,1.0,1.0,1.0,1.0,1.0,1.0,1.0,1.0,1.0,1.0,1.0,1.0,1.0,1.0,1.0,1.0,1.0,1.0,1.0,1.0,1.0,1.0,1.0,1.0,1.0,1.0,1.0,1.0,1.0,1.0,1.0,1.0,1.0,1.0,1.0,1.0,1.0,1.0,1.0,1.0,1.0,1.0,1.0,1.0,1.0,1.0,1.0,1.0,1.0,1.0,1.0,1.0,1.0,1.0,1.0,1.0,1.0,1.0,1.0
,CPV,,pop,pop,POP,DEMOGR,Pers,,337950.0,346230.0,355757.0,366053.0,376407.0,386284.0,395533.0,404259.0,412514.0,420452.0,428188.0,435709.0,442951.0,449930.0,456617.0,463032.0,469170.0,475060.0,480842.0,486671.0,492654.0,498857.0,505235.0,511748.0,518271.0,524743.0,531146.0,537498.0,543253.0776,549508.6677,555903.1554,562565.2306,569544.5921,576713.2861,583944.1287,591110.58,598156.2701,605105.2459,611950.7011,618684.0624,625295.0322,631812.9664,638274.8858,644681.0929,651032.3594,657329.9131,663546.5419,669667.3705,675712.4552,681701.8349,687655.5273,693609.4293,699576.5864,705543.1113,711495.6258,717421.2408,723271.4106,729010.0758,734642.594,740173.2252,745605.1762
,CPV,,gdp,gdp,GDPPPP,ECO,2011GKD,,716633361.8164,738634460.4492,798090881.3477,846611938.4766,943793762.207,950853454.5898,1077833984.375,1076409423.8281,1208144775.3906,1410226806.6406,1447046875.0,1532768188.4766,1627874633.7891,1815025390.625,1941449096.6797,1982248168.9453,2166785400.3906,2456467529.2969,2685628906.25,2754080810.5469,2853897460.9375,3036186279.2969,3071614501.9531,3127338623.0469,3147163330.0781,3221028808.5938,3323489501.9531,3566897949.2188,3644794855.1209,3808173050.1548,3975980275.0517,4151114970.8555,4334053465.1403,4522013193.195,4712210900.4915,4901856918.9012,5087942486.7937,5270009971.5019,5449087071.4078,5626182230.8929,5802275658.6164,5976676660.493,6149432646.071,6322597215.125999,6498210677.0517,6678304005.988001,6861672422.3768,7046177921.9615,7232431477.1495,7421024321.3224,7612531733.2468,7805687688.5787,7999425527.0509,8194597140.268002,8392038365.6025,8592572324.7156,8795799439.6741,9001000584.5002,9208510257.4231,9418659886.7759,9631777555.1187
,CPV,ABU,conditional,worst,KYOTOGHG,IPCM0EL,MtCO2eq,AR4,0.25614000000000003,0.26959,0.30546,0.31254,0.30191,0.3359,0.32724000000000003,0.34741,0.37555,0.41045,0.44378999999999996,0.46761,0.51159,0.5472899999999999,0.58865,0.7025100000000001,0.73311,0.76846,0.73679,0.80612,0.8486899999999999,0.8702,0.76449,0.7670100000000001,0.7590399999999999,0.97624,1.0323,1.0568,0.96165,0.9978100000000001,1.0354,1.0747553066740592,1.1155072201815788,1.157255615773789,1.1994004685009356,1.2412418740037425,1.2824799445561021,1.3228148423314159,1.3626465465382216,1.4023749698523806,1.4423000000000001,1.481983491579458,1.5212671494906091,1.560650765818837,1.6008340494836786,1.6423167925705178,1.6848990782452007,1.7280811144223438,1.7718629011019476,1.8165443135352415,1.8622253101393031,1.9089058909141312,1.9562861806084968,2.0045660960565526,2.0537456372582996,2.103824804213736,2.1544037632545567,2.2053825559636846,2.2564613070898885,2.3075400582160928,2.3587187677593735
,CPV,ABU,conditional,best,KYOTOGHG,IPCM0EL,MtCO2eq,AR4,0.25614000000000003,0.26959,0.30546,0.31254,0.30191,0.3359,0.32724000000000003,0.34741,0.37555,0.41045,0.44378999999999996,0.46761,0.51159,0.5472899999999999,0.58865,0.7025100000000001,0.73311,0.76846,0.73679,0.80612,0.8486899999999999,0.8702,0.76449,0.7670100000000001,0.7590399999999999,0.97624,1.0323,1.0568,0.96165,0.9978100000000001,1.0354,1.0747478577864025,1.1154917568785085,1.157231551736087,1.1993672132510915,1.2411988530043663,1.2824266019821193,1.3227506493866519,1.3625709709612586,1.4022874648277774,1.4422000000000001,1.4818807401760343,1.5211616744057108,1.5605425601219765,1.6007230577309584,1.642202924665604,1.684782257952734,1.7279613001594012,1.7717400512856054,1.816418365791115,1.8620961951625201,1.9087735393998198,1.9561505440432463,2.004427112065978,2.053603243468016,2.1036789382493586,2.1542543904636497,2.2052296486242984,2.2563048582715366,2.307380067918775,2.3585552290526026
,CPV,ABU,unconditional,worst,KYOTOGHG,IPCM0EL,MtCO2eq,AR4,0.25614000000000003,0.26959,0.30546,0.31254,0.30191,0.3359,0.32724000000000003,0.34741,0.37555,0.41045,0.44378999999999996,0.46761,0.51159,0.5472899999999999,0.58865,0.7025100000000001,0.73311,0.76846,0.73679,0.80612,0.8486899999999999,0.8702,0.76449,0.7670100000000001,0.7590399999999999,0.97624,1.0323,1.0568,0.96165,0.9978100000000001,1.0354,1.0748,1.1156,1.1574,1.1996,1.2415,1.2828,1.3232,1.3631,1.4029,1.4429,1.4826,1.5219,1.5613,1.6015,1.643,1.6856,1.7288,1.7726,1.8173,1.8630000000000002,1.9097,1.9571,2.0054,2.0546,2.1047,2.1553,2.2063,2.2574,2.3085,2.3597
,CPV,ABU,unconditional,best,KYOTOGHG,IPCM0EL,MtCO2eq,AR4,0.25614000000000003,0.26959,0.30546,0.31254,0.30191,0.3359,0.32724000000000003,0.34741,0.37555,0.41045,0.44378999999999996,0.46761,0.51159,0.5472899999999999,0.58865,0.7025100000000001,0.73311,0.76846,0.73679,0.80612,0.8486899999999999,0.8702,0.76449,0.7670100000000001,0.7590399999999999,0.97624,1.0323,1.0568,0.96165,0.9978100000000001,1.0354,1.0748,1.1156,1.1574,1.1996,1.2415,1.2828,1.3232,1.3631,1.4029,1.4429,1.4826,1.5219,1.5613,1.6015,1.643,1.6856,1.7288,1.7726,1.8173,1.8630000000000002,1.9097,1.9571,2.0054,2.0546,2.1047,2.1553,2.2063,2.2574,2.3085,2.3597
"No targets calculated, so the baseline emissions are put in as target pathways for all un/conditional best/worst pathways.
",CPV,baseline_emissions,conditional,worst,KYOTOGHG,IPCM0EL,MtCO2eq,AR4,0.25614000000000003,0.26959,0.30546,0.31254,0.30191,0.3359,0.32724000000000003,0.34741,0.37555,0.41045,0.44378999999999996,0.46761,0.51159,0.5472899999999999,0.58865,0.7025100000000001,0.73311,0.76846,0.73679,0.80612,0.8486899999999999,0.8702,0.76449,0.7670100000000001,0.7590399999999999,0.97624,1.0323,1.0568,0.96165,0.9978100000000001,1.0354,1.0748,1.1156,1.1574,1.1996,1.2415,1.2828,1.3232,1.3631,1.4029,1.4429,1.4826,1.5219,1.5613,1.6015,1.643,1.6856,1.7288,1.7726,1.8173,1.8630000000000002,1.9097,1.9571,2.0054,2.0546,2.1047,2.1553,2.2063,2.2574,2.3085,2.3597
"No targets calculated, so the baseline emissions are put in as target pathways for all un/conditional best/worst pathways.
",CPV,baseline_emissions,conditional,best,KYOTOGHG,IPCM0EL,MtCO2eq,AR4,0.25614000000000003,0.26959,0.30546,0.31254,0.30191,0.3359,0.32724000000000003,0.34741,0.37555,0.41045,0.44378999999999996,0.46761,0.51159,0.5472899999999999,0.58865,0.7025100000000001,0.73311,0.76846,0.73679,0.80612,0.8486899999999999,0.8702,0.76449,0.7670100000000001,0.7590399999999999,0.97624,1.0323,1.0568,0.96165,0.9978100000000001,1.0354,1.0748,1.1156,1.1574,1.1996,1.2415,1.2828,1.3232,1.3631,1.4029,1.4429,1.4826,1.5219,1.5613,1.6015,1.643,1.6856,1.7288,1.7726,1.8173,1.8630000000000002,1.9097,1.9571,2.0054,2.0546,2.1047,2.1553,2.2063,2.2574,2.3085,2.3597
"No targets calculated, so the baseline emissions are put in as target pathways for all un/conditional best/worst pathways.
",CPV,baseline_emissions,unconditional,worst,KYOTOGHG,IPCM0EL,MtCO2eq,AR4,0.25614000000000003,0.26959,0.30546,0.31254,0.30191,0.3359,0.32724000000000003,0.34741,0.37555,0.41045,0.44378999999999996,0.46761,0.51159,0.5472899999999999,0.58865,0.7025100000000001,0.73311,0.76846,0.73679,0.80612,0.8486899999999999,0.8702,0.76449,0.7670100000000001,0.7590399999999999,0.97624,1.0323,1.0568,0.96165,0.9978100000000001,1.0354,1.0748,1.1156,1.1574,1.1996,1.2415,1.2828,1.3232,1.3631,1.4029,1.4429,1.4826,1.5219,1.5613,1.6015,1.643,1.6856,1.7288,1.7726,1.8173,1.8630000000000002,1.9097,1.9571,2.0054,2.0546,2.1047,2.1553,2.2063,2.2574,2.3085,2.3597
"No targets calculated, so the baseline emissions are put in as target pathways for all un/conditional best/worst pathways.
",CPV,baseline_emissions,unconditional,best,KYOTOGHG,IPCM0EL,MtCO2eq,AR4,0.25614000000000003,0.26959,0.30546,0.31254,0.30191,0.3359,0.32724000000000003,0.34741,0.37555,0.41045,0.44378999999999996,0.46761,0.51159,0.5472899999999999,0.58865,0.7025100000000001,0.73311,0.76846,0.73679,0.80612,0.8486899999999999,0.8702,0.76449,0.7670100000000001,0.7590399999999999,0.97624,1.0323,1.0568,0.96165,0.9978100000000001,1.0354,1.0748,1.1156,1.1574,1.1996,1.2415,1.2828,1.3232,1.3631,1.4029,1.4429,1.4826,1.5219,1.5613,1.6015,1.643,1.6856,1.7288,1.7726,1.8173,1.8630000000000002,1.9097,1.9571,2.0054,2.0546,2.1047,2.1553,2.2063,2.2574,2.3085,2.3597
,CPV,,emi_bau,emi_bau,KYOTOGHG,IPCM0EL,MtCO2eq,AR4,0.25614000000000003,0.26959,0.30546,0.31254,0.30191,0.3359,0.32724000000000003,0.34741,0.37555,0.41045,0.44378999999999996,0.46761,0.51159,0.5472899999999999,0.58865,0.7025100000000001,0.73311,0.76846,0.73679,0.80612,0.8486899999999999,0.8702,0.76449,0.7670100000000001,0.7590399999999999,0.97624,1.0323,1.0568,0.96165,0.9978100000000001,1.0354,1.0748,1.1156,1.1574,1.1996,1.2415,1.2828,1.3232,1.3631,1.4029,1.4429,1.4826,1.5219,1.5613,1.6015,1.643,1.6856,1.7288,1.7726,1.8173,1.8630000000000002,1.9097,1.9571,2.0054,2.0546,2.1047,2.1553,2.2063,2.2574,2.3085,2.3597
,CPV,,emi_cov,emi_cov,KYOTOGHG,IPCM0EL,MtCO2eq,AR4,0.25159834913022006,0.26489408862315,0.30070925179218,0.30770398388166,0.29706011413708,0.33088351656549997,0.32206295717424,0.34204303869946,0.3701222877639,0.40482174829315,0.43759148077934995,0.46145153748837003,0.50526292295316,0.5407887158200799,0.58222744411155,0.6958473537119101,0.72651061415856,0.7616594778808401,0.7298143198414399,0.79901700582368,0.8414149792472899,0.8627860239194,0.75703671712503,0.7593686835842701,0.75126849229696,0.9683379493024801,1.0242677531871,1.0486371373024,0.9537960659724,0.9898876919342402,1.0274066136370001,1.0667321126816,1.107454965354,1.149175926477,1.1912961312792,1.2331169040905001,1.2743388102672,1.3146624185264,1.3544869732145,1.3942117154419,1.4341360807933001,1.473761013081,1.5129867019671002,1.5523122016844,1.5924361874344999,1.633857717088,1.6763771654336,1.7194954791127999,1.7632126596022,1.8078281360831001,1.8534417238710001,1.9000534197176997,1.9473637915206,1.9955724631001999,2.0446794317018,2.0946846987573,2.1451890199998997,2.1960925861445,2.247095962256,2.2980993371955,2.3492025253144
,CPV,,emi_ncov,emi_ncov,KYOTOGHG,IPCM0EL,MtCO2eq,AR4,0.004541650869780004,0.0046959113768500075,0.004750748207820024,0.004836016118339986,0.004849885862920022,0.005016483434500004,0.005177042825760036,0.005366961300540012,0.005427712236100015,0.0056282517068499726,0.006198519220649985,0.00615846251163,0.006327077046839994,0.006501284179919971,0.006422555888449963,0.006662646288090032,0.006599385841440004,0.00680052211915999,0.006975680158560072,0.007102994176319957,0.007275020752710017,0.007413976080600019,0.0074532828749700126,0.0076413164157299795,0.007771507703039968,0.007902050697519935,0.008032246812899995,0.008162862697599993,0.007853934027600068,0.007922308065759887,0.00799338636300004,0.008067887318400021,0.008145034646000013,0.008224073522999992,0.008303868720799922,0.00838309590949996,0.008461189732799858,0.008537581473599898,0.008613026785499973,0.008688284558100057,0.008763919206699888,0.008838986919000055,0.008913298032899954,0.00898779831559999,0.009063812565500132,0.009142282912000055,0.009222834566400084,0.009304520887200077,0.009387340397799978,0.009471863916899888,0.009558276129000043,0.00964658028230017,0.009736208479400207,0.009827536899800076,0.00992056829820012,0.010015301242699892,0.010110980000100174,0.010207413855499907,0.010304037744000115,0.010400662804499947,0.0104974746856
,CPV,,pc_cov,pc_cov,KYOTOGHG,IPCM0EL,MtCO2eq/MtCO2eq,AR4,0.982268873,0.982581285,0.9844472329999999,0.984526729,0.9839359879999999,0.985065545,0.9841796759999999,0.984551506,0.985547298,0.9862876070000001,0.986032765,0.986829917,0.987632524,0.988120952,0.9890893470000001,0.990515941,0.990998096,0.991150454,0.9905323359999999,0.991188664,0.991427941,0.991480147,0.990250647,0.990037527,0.989761399,0.9919056270000001,0.992219077,0.992275868,0.9918328559999999,0.9920603040000001,0.992279905,0.992493592,0.992698965,0.992894355,0.9930778020000001,0.993247607,0.9934041240000001,0.9935477770000001,0.993681295,0.993806911,0.9939261770000001,0.994038185,0.994143309,0.994243388,0.9943404229999999,0.994435616,0.994528456,0.994617931,0.994704197,0.9947879470000001,0.994869417,0.9949486409999999,0.9950251859999999,0.995099463,0.9951715329999999,0.995241459,0.9953087829999999,0.995373515,0.99543544,0.995494623,0.995551352
,CRI,,pop,pop,POP,DEMOGR,Pers,,3119433.0,3202085.0,3286520.0,3372298.0,3458834.0,3545534.0,3632362.0,3718949.0,3803887.0,3885430.0,3962372.0,4034074.0,4100925.0,4164053.0,4225155.0,4285502.0,4345412.0,4404628.0,4463125.0,4520740.0,4577378.0,4633086.0,4688000.0,4742107.0,4795396.0,4847804.0,4899345.0,4949954.0,5026626.7689,5096075.7249,5164401.2266,5231899.65,5299173.267,5366332.4006,5433487.7455,5500750.7842,5567764.8204,5633984.0998,5699237.9693,5763356.461,5826170.1826,5887846.4542,5948741.2982,6008968.8024,6068643.1402,6127878.595,6186677.2186,6245014.1296,6302963.3165,6360598.7971,6417994.6234,6475144.9934,6532033.3215,6588717.7555,6645256.7857,6701709.2502,6757931.9841,6813749.4031,6869172.3441,6924212.1455,6978880.6794
,CRI,,gdp,gdp,GDPPPP,ECO,2011GKD,,22301230468.75,22927289062.5,25316587890.625,27354365234.375,28910142578.125,30532445312.5,30629429687.5,32572359375.0,35076777343.75,36195339843.75,37070101562.5,38671765625.0,39657144531.25,41367855468.75,42896804687.5,45036414062.5,47028839843.75,50398218750.0,52546050781.25,56081007812.5,58464902343.75,61281257812.5,64169347656.25,65703945312.5,68453531250.0,72351046875.0,75819351562.5,79121523437.5,81470134869.6859,84750822686.1112,87916901687.7762,91020524758.6408,94133227328.2186,97236911965.2222,100313435576.1259,103344572776.073,106296257728.3543,109155052154.8937,111933668221.5114,114644903283.748,117301620594.2942,119892749448.3442,122410517353.5601,124872785731.9073,127297425875.0919,129702305689.6839,132096424396.8624,134480331226.7332,136859222186.48,139238319050.7614,141622862452.5229,143993343398.0973,146331209719.5022,148643151396.935,150935864215.4746,153216045378.3802,155482544244.4369,157735432799.3444,159983240136.108,162234495223.1843,164497729167.8998
"The target value from 'conditional_best' was used for 'conditional_worst' in 2030, 2050.
",CRI,ABS,conditional,worst,KYOTOGHG,IPCM0EL,MtCO2eq,AR4,7.0104,7.9567,9.0531,9.8257,11.3917,11.0312,11.7654,12.1688,12.5847,12.3575,11.9806,11.9176,12.3498,12.959000000000001,13.0366,13.0574,13.3822,14.5673,14.9912,14.4481,14.7093,15.4081,15.1463,15.224,15.1601,16.7405,17.5688,17.439,17.948053846153847,18.45710769230769,18.966161538461535,18.878978322559107,18.760625564891406,18.61110326545843,18.43041142426019,18.218550041296666,17.97551911656787,17.701318650073816,17.395948641814478,17.059409091789874,16.691699999999997,16.580676758982168,16.440339579708773,16.272364285580846,16.07841839480694,15.859718718540197,15.616397885841593,15.347406348167347,15.05271824808769,14.732199262871019,14.385771467033432,14.011944132912735,13.609972449184303,13.180769594795084,12.725032053551427,12.24329817596355,11.73543773303034,11.201183537496151,10.641159065534659,10.05576676898539,9.445288
,CRI,ABS,conditional,best,KYOTOGHG,IPCM0EL,MtCO2eq,AR4,7.0104,7.9567,9.0531,9.8257,11.3917,11.0312,11.7654,12.1688,12.5847,12.3575,11.9806,11.9176,12.3498,12.959000000000001,13.0366,13.0574,13.3822,14.5673,14.9912,14.4481,14.7093,15.4081,15.1463,15.224,15.1601,16.7405,17.5688,17.439,17.948053846153847,18.45710769230769,18.966161538461535,18.878978322559107,18.760625564891406,18.61110326545843,18.43041142426019,18.218550041296666,17.97551911656787,17.701318650073816,17.395948641814478,17.059409091789874,16.691699999999997,16.580676758982168,16.440339579708773,16.272364285580846,16.07841839480694,15.859718718540197,15.616397885841593,15.347406348167347,15.05271824808769,14.732199262871019,14.385771467033432,14.011944132912735,13.609972449184303,13.180769594795084,12.725032053551427,12.24329817596355,11.73543773303034,11.201183537496151,10.641159065534659,10.05576676898539,9.445288
,CRI,ABS,unconditional,worst,KYOTOGHG,IPCM0EL,MtCO2eq,AR4,7.0104,7.9567,9.0531,9.8257,11.3917,11.0312,11.7654,12.1688,12.5847,12.3575,11.9806,11.9176,12.3498,12.959000000000001,13.0366,13.0574,13.3822,14.5673,14.9912,14.4481,14.7093,15.4081,15.1463,15.224,15.1601,16.7405,17.5688,17.439,17.948053846153847,18.45710769230769,18.966161538461535,19.475215384615385,19.984269230769232,20.493323076923076,21.002376923076927,21.51143076923077,22.02048461538461,22.52953846153846,23.038592307692305,23.54764615384615,24.0567,24.6662,25.2712,25.8739,26.4768,27.081999999999997,27.69,28.2992,28.9097,29.5214,30.1343,30.7453,31.3524,31.9572,32.5611,33.1654,33.7698,34.3735,34.9784,35.5862,36.1987
,CRI,ABS,unconditional,best,KYOTOGHG,IPCM0EL,MtCO2eq,AR4,7.0104,7.9567,9.0531,9.8257,11.3917,11.0312,11.7654,12.1688,12.5847,12.3575,11.9806,11.9176,12.3498,12.959000000000001,13.0366,13.0574,13.3822,14.5673,14.9912,14.4481,14.7093,15.4081,15.1463,15.224,15.1601,16.7405,17.5688,17.439,17.948053846153847,18.45710769230769,18.966161538461535,19.475215384615385,19.984269230769232,20.493323076923076,21.002376923076927,21.51143076923077,22.02048461538461,22.52953846153846,23.038592307692305,23.54764615384615,24.0567,24.6662,25.2712,25.8739,26.4768,27.081999999999997,27.69,28.2992,28.9097,29.5214,30.1343,30.7453,31.3524,31.9572,32.5611,33.1654,33.7698,34.3735,34.9784,35.5862,36.1987
"The target value from 'conditional_best' was used for 'conditional_worst' in 2030.
",CRI,ABU,conditional,worst,KYOTOGHG,IPCM0EL,MtCO2eq,AR4,7.0104,7.9567,9.0531,9.8257,11.3917,11.0312,11.7654,12.1688,12.5847,12.3575,11.9806,11.9176,12.3498,12.959000000000001,13.0366,13.0574,13.3822,14.5673,14.9912,14.4481,14.7093,15.4081,15.1463,15.224,15.1601,16.7405,17.5688,17.439,17.948053846153847,18.45710769230769,18.966161538461535,18.878978322559107,18.760625564891406,18.61110326545843,18.43041142426019,18.218550041296666,17.97551911656787,17.701318650073816,17.395948641814478,17.059409091789874,16.691699999999997,17.114600528750824,17.534378740226213,17.952561100649714,18.3708822307299,18.790799211861973,19.212658968187654,19.63535134245345,20.05894571948771,20.48337271446208,20.90863232737657,21.33257362855254,21.753808921423136,22.17344836324184,22.592463341605455,23.01175585928244,23.43111776178777,23.849993970494705,24.26970279714175,24.691423783810745,25.116405857411863
,CRI,ABU,conditional,best,KYOTOGHG,IPCM0EL,MtCO2eq,AR4,7.0104,7.9567,9.0531,9.8257,11.3917,11.0312,11.7654,12.1688,12.5847,12.3575,11.9806,11.9176,12.3498,12.959000000000001,13.0366,13.0574,13.3822,14.5673,14.9912,14.4481,14.7093,15.4081,15.1463,15.224,15.1601,16.7405,17.5688,17.439,17.948053846153847,18.45710769230769,18.966161538461535,18.878978322559107,18.760625564891406,18.61110326545843,18.43041142426019,18.218550041296666,17.97551911656787,17.701318650073816,17.395948641814478,17.059409091789874,16.691699999999997,17.114600528750824,17.534378740226213,17.952561100649714,18.3708822307299,18.790799211861973,19.212658968187654,19.63535134245345,20.05894571948771,20.48337271446208,20.90863232737657,21.33257362855254,21.753808921423136,22.17344836324184,22.592463341605455,23.01175585928244,23.43111776178777,23.849993970494705,24.26970279714175,24.691423783810745,25.116405857411863
,CRI,ABU,unconditional,worst,KYOTOGHG,IPCM0EL,MtCO2eq,AR4,7.0104,7.9567,9.0531,9.8257,11.3917,11.0312,11.7654,12.1688,12.5847,12.3575,11.9806,11.9176,12.3498,12.959000000000001,13.0366,13.0574,13.3822,14.5673,14.9912,14.4481,14.7093,15.4081,15.1463,15.224,15.1601,16.7405,17.5688,17.439,17.948053846153847,18.45710769230769,18.966161538461535,19.475215384615385,19.984269230769232,20.493323076923076,21.002376923076927,21.51143076923077,22.02048461538461,22.52953846153846,23.038592307692305,23.54764615384615,24.0567,24.6662,25.2712,25.8739,26.4768,27.081999999999997,27.69,28.2992,28.9097,29.5214,30.1343,30.7453,31.3524,31.9572,32.5611,33.1654,33.7698,34.3735,34.9784,35.5862,36.1987
,CRI,ABU,unconditional,best,KYOTOGHG,IPCM0EL,MtCO2eq,AR4,7.0104,7.9567,9.0531,9.8257,11.3917,11.0312,11.7654,12.1688,12.5847,12.3575,11.9806,11.9176,12.3498,12.959000000000001,13.0366,13.0574,13.3822,14.5673,14.9912,14.4481,14.7093,15.4081,15.1463,15.224,15.1601,16.7405,17.5688,17.439,17.948053846153847,18.45710769230769,18.966161538461535,19.475215384615385,19.984269230769232,20.493323076923076,21.002376923076927,21.51143076923077,22.02048461538461,22.52953846153846,23.038592307692305,23.54764615384615,24.0567,24.6662,25.2712,25.8739,26.4768,27.081999999999997,27.69,28.2992,28.9097,29.5214,30.1343,30.7453,31.3524,31.9572,32.5611,33.1654,33.7698,34.3735,34.9784,35.5862,36.1987
"The target value from 'conditional_best' was used for 'conditional_worst' in 2050.
",CRI,AEI,conditional,worst,KYOTOGHG,IPCM0EL,MtCO2eq,AR4,7.0104,7.9567,9.0531,9.8257,11.3917,11.0312,11.7654,12.1688,12.5847,12.3575,11.9806,11.9176,12.3498,12.959000000000001,13.0366,13.0574,13.3822,14.5673,14.9912,14.4481,14.7093,15.4081,15.1463,15.224,15.1601,16.7405,17.5688,17.439,17.948053846153847,18.45710769230769,18.966161538461535,19.03739230088224,19.0857349441928,19.111189468393228,19.11375587348353,19.093434159463687,19.05022432633371,18.984126374093606,18.895140302743364,18.783266112282988,18.648503802712483,18.566460054550845,18.453725895527203,18.312161861947118,18.143636236604397,17.949527378135368,17.73000031905348,17.483877702898813,17.211138132058792,16.91163664445468,16.585292308344766,16.230387707650085,15.846040150027155,15.433285361387876,14.992923097981164,14.52558342483389,14.031114716805877,13.509195820035638,12.960577953411535,12.38577186995108,11.785168008485998
,CRI,AEI,conditional,best,KYOTOGHG,IPCM0EL,MtCO2eq,AR4,7.0104,7.9567,9.0531,9.8257,11.3917,11.0312,11.7654,12.1688,12.5847,12.3575,11.9806,11.9176,12.3498,12.959000000000001,13.0366,13.0574,13.3822,14.5673,14.9912,14.4481,14.7093,15.4081,15.1463,15.224,15.1601,16.7405,17.5688,17.439,17.948053846153847,18.45710769230769,18.966161538461535,19.03739230088224,19.0857349441928,19.111189468393228,19.11375587348353,19.093434159463687,19.05022432633371,18.984126374093606,18.895140302743364,18.783266112282988,18.648503802712483,18.566460054550845,18.453725895527203,18.312161861947118,18.143636236604397,17.949527378135368,17.73000031905348,17.483877702898813,17.211138132058792,16.91163664445468,16.585292308344766,16.230387707650085,15.846040150027155,15.433285361387876,14.992923097981164,14.52558342483389,14.031114716805877,13.509195820035638,12.960577953411535,12.38577186995108,11.785168008485998
,CRI,AEI,unconditional,worst,KYOTOGHG,IPCM0EL,MtCO2eq,AR4,7.0104,7.9567,9.0531,9.8257,11.3917,11.0312,11.7654,12.1688,12.5847,12.3575,11.9806,11.9176,12.3498,12.959000000000001,13.0366,13.0574,13.3822,14.5673,14.9912,14.4481,14.7093,15.4081,15.1463,15.224,15.1601,16.7405,17.5688,17.439,17.948053846153847,18.45710769230769,18.966161538461535,19.475215384615385,19.984269230769232,20.493323076923076,21.002376923076927,21.51143076923077,22.02048461538461,22.52953846153846,23.038592307692305,23.54764615384615,24.0567,24.6662,25.2712,25.8739,26.4768,27.081999999999997,27.69,28.2992,28.9097,29.5214,30.1343,30.7453,31.3524,31.9572,32.5611,33.1654,33.7698,34.3735,34.9784,35.5862,36.1987
,CRI,AEI,unconditional,best,KYOTOGHG,IPCM0EL,MtCO2eq,AR4,7.0104,7.9567,9.0531,9.8257,11.3917,11.0312,11.7654,12.1688,12.5847,12.3575,11.9806,11.9176,12.3498,12.959000000000001,13.0366,13.0574,13.3822,14.5673,14.9912,14.4481,14.7093,15.4081,15.1463,15.224,15.1601,16.7405,17.5688,17.439,17.948053846153847,18.45710769230769,18.966161538461535,19.475215384615385,19.984269230769232,20.493323076923076,21.002376923076927,21.51143076923077,22.02048461538461,22.52953846153846,23.038592307692305,23.54764615384615,24.0567,24.6662,25.2712,25.8739,26.4768,27.081999999999997,27.69,28.2992,28.9097,29.5214,30.1343,30.7453,31.3524,31.9572,32.5611,33.1654,33.7698,34.3735,34.9784,35.5862,36.1987
"The target value from 'conditional_best' was used for 'conditional_worst' in 2030.
",CRI,RBU,conditional,worst,KYOTOGHG,IPCM0EL,MtCO2eq,AR4,7.0104,7.9567,9.0531,9.8257,11.3917,11.0312,11.7654,12.1688,12.5847,12.3575,11.9806,11.9176,12.3498,12.959000000000001,13.0366,13.0574,13.3822,14.5673,14.9912,14.4481,14.7093,15.4081,15.1463,15.224,15.1601,16.7405,17.5688,17.439,17.948053846153847,18.45710769230769,18.966161538461535,18.618305907692307,18.22565353846154,17.78820443076923,17.30595858461539,16.778916000000002,16.207076676923073,15.590440615384614,14.929007815384614,14.222778276923076,13.471752,13.813072000000002,14.151872000000001,14.489384000000001,14.827008000000001,15.16592,15.506400000000003,15.847552,16.189432000000004,16.531984,16.875208,17.217368,17.557344,17.896032,18.234216000000004,18.572624,18.911088,19.249160000000003,19.587904,19.928272,20.271272000000003
,CRI,RBU,conditional,best,KYOTOGHG,IPCM0EL,MtCO2eq,AR4,7.0104,7.9567,9.0531,9.8257,11.3917,11.0312,11.7654,12.1688,12.5847,12.3575,11.9806,11.9176,12.3498,12.959000000000001,13.0366,13.0574,13.3822,14.5673,14.9912,14.4481,14.7093,15.4081,15.1463,15.224,15.1601,16.7405,17.5688,17.439,17.948053846153847,18.45710769230769,18.966161538461535,18.618305907692307,18.22565353846154,17.78820443076923,17.30595858461539,16.778916000000002,16.207076676923073,15.590440615384614,14.929007815384614,14.222778276923076,13.471752,13.813072000000002,14.151872000000001,14.489384000000001,14.827008000000001,15.16592,15.506400000000003,15.847552,16.189432000000004,16.531984,16.875208,17.217368,17.557344,17.896032,18.234216000000004,18.572624,18.911088,19.249160000000003,19.587904,19.928272,20.271272000000003
,CRI,RBU,unconditional,worst,KYOTOGHG,IPCM0EL,MtCO2eq,AR4,7.0104,7.9567,9.0531,9.8257,11.3917,11.0312,11.7654,12.1688,12.5847,12.3575,11.9806,11.9176,12.3498,12.959000000000001,13.0366,13.0574,13.3822,14.5673,14.9912,14.4481,14.7093,15.4081,15.1463,15.224,15.1601,16.7405,17.5688,17.439,17.948053846153847,18.45710769230769,18.966161538461535,19.475215384615385,19.984269230769232,20.493323076923076,21.002376923076927,21.51143076923077,22.02048461538461,22.52953846153846,23.038592307692305,23.54764615384615,24.0567,24.6662,25.2712,25.8739,26.4768,27.081999999999997,27.69,28.2992,28.9097,29.5214,30.1343,30.7453,31.3524,31.9572,32.5611,33.1654,33.7698,34.3735,34.9784,35.5862,36.1987
,CRI,RBU,unconditional,best,KYOTOGHG,IPCM0EL,MtCO2eq,AR4,7.0104,7.9567,9.0531,9.8257,11.3917,11.0312,11.7654,12.1688,12.5847,12.3575,11.9806,11.9176,12.3498,12.959000000000001,13.0366,13.0574,13.3822,14.5673,14.9912,14.4481,14.7093,15.4081,15.1463,15.224,15.1601,16.7405,17.5688,17.439,17.948053846153847,18.45710769230769,18.966161538461535,19.475215384615385,19.984269230769232,20.493323076923076,21.002376923076927,21.51143076923077,22.02048461538461,22.52953846153846,23.038592307692305,23.54764615384615,24.0567,24.6662,25.2712,25.8739,26.4768,27.081999999999997,27.69,28.2992,28.9097,29.5214,30.1343,30.7453,31.3524,31.9572,32.5611,33.1654,33.7698,34.3735,34.9784,35.5862,36.1987
"The target value from 'conditional_best' was used for 'conditional_worst' in 2030.
",CRI,RBY,conditional,worst,KYOTOGHG,IPCM0EL,MtCO2eq,AR4,7.0104,7.9567,9.0531,9.8257,11.3917,11.0312,11.7654,12.1688,12.5847,12.3575,11.9806,11.9176,12.3498,12.959000000000001,13.0366,13.0574,13.3822,14.5673,14.9912,14.4481,14.7093,15.4081,15.1463,15.224,15.1601,16.7405,17.5688,17.439,17.948053846153847,18.45710769230769,18.966161538461535,18.820745836164946,18.64111636685734,18.427273130538715,18.179216127209088,17.896945356868436,17.58046081951677,17.2297625151541,16.844850443780413,16.42572460539571,15.972385,16.377060980392155,16.778749197188308,17.178910334813168,17.57920426193119,17.981025268220492,18.384705327413982,18.789182123566405,19.194522051424343,19.600658716241213,20.007592118017016,20.41326401960784,20.81634652608213,21.217901953385127,21.618859827968922,22.020083281539026,22.421373129855713,22.822198214946354,23.223820036995928,23.62736730669626,24.034035129485755
,CRI,RBY,conditional,best,KYOTOGHG,IPCM0EL,MtCO2eq,AR4,7.0104,7.9567,9.0531,9.8257,11.3917,11.0312,11.7654,12.1688,12.5847,12.3575,11.9806,11.9176,12.3498,12.959000000000001,13.0366,13.0574,13.3822,14.5673,14.9912,14.4481,14.7093,15.4081,15.1463,15.224,15.1601,16.7405,17.5688,17.439,17.948053846153847,18.45710769230769,18.966161538461535,18.820745836164946,18.64111636685734,18.427273130538715,18.179216127209088,17.896945356868436,17.58046081951677,17.2297625151541,16.844850443780413,16.42572460539571,15.972385,16.377060980392155,16.778749197188308,17.178910334813168,17.57920426193119,17.981025268220492,18.384705327413982,18.789182123566405,19.194522051424343,19.600658716241213,20.007592118017016,20.41326401960784,20.81634652608213,21.217901953385127,21.618859827968922,22.020083281539026,22.421373129855713,22.822198214946354,23.223820036995928,23.62736730669626,24.034035129485755
,CRI,RBY,unconditional,worst,KYOTOGHG,IPCM0EL,MtCO2eq,AR4,7.0104,7.9567,9.0531,9.8257,11.3917,11.0312,11.7654,12.1688,12.5847,12.3575,11.9806,11.9176,12.3498,12.959000000000001,13.0366,13.0574,13.3822,14.5673,14.9912,14.4481,14.7093,15.4081,15.1463,15.224,15.1601,16.7405,17.5688,17.439,17.948053846153847,18.45710769230769,18.966161538461535,19.475215384615385,19.984269230769232,20.493323076923076,21.002376923076927,21.51143076923077,22.02048461538461,22.52953846153846,23.038592307692305,23.54764615384615,24.0567,24.6662,25.2712,25.8739,26.4768,27.081999999999997,27.69,28.2992,28.9097,29.5214,30.1343,30.7453,31.3524,31.9572,32.5611,33.1654,33.7698,34.3735,34.9784,35.5862,36.1987
,CRI,RBY,unconditional,best,KYOTOGHG,IPCM0EL,MtCO2eq,AR4,7.0104,7.9567,9.0531,9.8257,11.3917,11.0312,11.7654,12.1688,12.5847,12.3575,11.9806,11.9176,12.3498,12.959000000000001,13.0366,13.0574,13.3822,14.5673,14.9912,14.4481,14.7093,15.4081,15.1463,15.224,15.1601,16.7405,17.5688,17.439,17.948053846153847,18.45710769230769,18.966161538461535,19.475215384615385,19.984269230769232,20.493323076923076,21.002376923076927,21.51143076923077,22.02048461538461,22.52953846153846,23.038592307692305,23.54764615384615,24.0567,24.6662,25.2712,25.8739,26.4768,27.081999999999997,27.69,28.2992,28.9097,29.5214,30.1343,30.7453,31.3524,31.9572,32.5611,33.1654,33.7698,34.3735,34.9784,35.5862,36.1987
"No targets calculated, so the baseline emissions are put in as target pathways for all un/conditional best/worst pathways.
",CRI,baseline_emissions,conditional,worst,KYOTOGHG,IPCM0EL,MtCO2eq,AR4,7.0104,7.9567,9.0531,9.8257,11.3917,11.0312,11.7654,12.1688,12.5847,12.3575,11.9806,11.9176,12.3498,12.959000000000001,13.0366,13.0574,13.3822,14.5673,14.9912,14.4481,14.7093,15.4081,15.1463,15.224,15.1601,16.7405,17.5688,17.439,17.948053846153847,18.45710769230769,18.966161538461535,19.475215384615385,19.984269230769232,20.493323076923076,21.002376923076927,21.51143076923077,22.02048461538461,22.52953846153846,23.038592307692305,23.54764615384615,24.0567,24.6662,25.2712,25.8739,26.4768,27.081999999999997,27.69,28.2992,28.9097,29.5214,30.1343,30.7453,31.3524,31.9572,32.5611,33.1654,33.7698,34.3735,34.9784,35.5862,36.1987
"No targets calculated, so the baseline emissions are put in as target pathways for all un/conditional best/worst pathways.
",CRI,baseline_emissions,conditional,best,KYOTOGHG,IPCM0EL,MtCO2eq,AR4,7.0104,7.9567,9.0531,9.8257,11.3917,11.0312,11.7654,12.1688,12.5847,12.3575,11.9806,11.9176,12.3498,12.959000000000001,13.0366,13.0574,13.3822,14.5673,14.9912,14.4481,14.7093,15.4081,15.1463,15.224,15.1601,16.7405,17.5688,17.439,17.948053846153847,18.45710769230769,18.966161538461535,19.475215384615385,19.984269230769232,20.493323076923076,21.002376923076927,21.51143076923077,22.02048461538461,22.52953846153846,23.038592307692305,23.54764615384615,24.0567,24.6662,25.2712,25.8739,26.4768,27.081999999999997,27.69,28.2992,28.9097,29.5214,30.1343,30.7453,31.3524,31.9572,32.5611,33.1654,33.7698,34.3735,34.9784,35.5862,36.1987
"No targets calculated, so the baseline emissions are put in as target pathways for all un/conditional best/worst pathways.
",CRI,baseline_emissions,unconditional,worst,KYOTOGHG,IPCM0EL,MtCO2eq,AR4,7.0104,7.9567,9.0531,9.8257,11.3917,11.0312,11.7654,12.1688,12.5847,12.3575,11.9806,11.9176,12.3498,12.959000000000001,13.0366,13.0574,13.3822,14.5673,14.9912,14.4481,14.7093,15.4081,15.1463,15.224,15.1601,16.7405,17.5688,17.439,17.948053846153847,18.45710769230769,18.966161538461535,19.475215384615385,19.984269230769232,20.493323076923076,21.002376923076927,21.51143076923077,22.02048461538461,22.52953846153846,23.038592307692305,23.54764615384615,24.0567,24.6662,25.2712,25.8739,26.4768,27.081999999999997,27.69,28.2992,28.9097,29.5214,30.1343,30.7453,31.3524,31.9572,32.5611,33.1654,33.7698,34.3735,34.9784,35.5862,36.1987
"No targets calculated, so the baseline emissions are put in as target pathways for all un/conditional best/worst pathways.
",CRI,baseline_emissions,unconditional,best,KYOTOGHG,IPCM0EL,MtCO2eq,AR4,7.0104,7.9567,9.0531,9.8257,11.3917,11.0312,11.7654,12.1688,12.5847,12.3575,11.9806,11.9176,12.3498,12.959000000000001,13.0366,13.0574,13.3822,14.5673,14.9912,14.4481,14.7093,15.4081,15.1463,15.224,15.1601,16.7405,17.5688,17.439,17.948053846153847,18.45710769230769,18.966161538461535,19.475215384615385,19.984269230769232,20.493323076923076,21.002376923076927,21.51143076923077,22.02048461538461,22.52953846153846,23.038592307692305,23.54764615384615,24.0567,24.6662,25.2712,25.8739,26.4768,27.081999999999997,27.69,28.2992,28.9097,29.5214,30.1343,30.7453,31.3524,31.9572,32.5611,33.1654,33.7698,34.3735,34.9784,35.5862,36.1987
,CRI,,emi_bau,emi_bau,KYOTOGHG,IPCM0EL,MtCO2eq,AR4,7.0104,7.9567,9.0531,9.8257,11.3917,11.0312,11.7654,12.1688,12.5847,12.3575,11.9806,11.9176,12.3498,12.959000000000001,13.0366,13.0574,13.3822,14.5673,14.9912,14.4481,14.7093,15.4081,15.1463,15.224,15.1601,16.7405,17.5688,17.439,17.948053846153847,18.45710769230769,18.966161538461535,19.475215384615385,19.984269230769232,20.493323076923076,21.002376923076927,21.51143076923077,22.02048461538461,22.52953846153846,23.038592307692305,23.54764615384615,24.0567,24.6662,25.2712,25.8739,26.4768,27.081999999999997,27.69,28.2992,28.9097,29.5214,30.1343,30.7453,31.3524,31.9572,32.5611,33.1654,33.7698,34.3735,34.9784,35.5862,36.1987
,CRI,,emi_cov,emi_cov,KYOTOGHG,IPCM0EL,MtCO2eq,AR4,7.0104,7.9567,9.0531,9.8257,11.3917,11.0312,11.7654,12.1688,12.5847,12.3575,11.9806,11.9176,12.3498,12.959000000000001,13.0366,13.0574,13.3822,14.5673,14.9912,14.4481,14.7093,15.4081,15.1463,15.224,15.1601,16.7405,17.5688,17.439,17.94801051955186,18.45710769230769,18.966161538461535,19.475204809573434,19.984269230769232,20.493323076923076,21.002376923076927,21.51143076923077,22.020464202395374,22.52953846153846,23.038592307692305,23.54763609900124,24.0567,24.666109993036198,25.2711199913808,25.8739,26.4768,27.081999999999997,27.69,28.2992,28.9097,29.5214,30.1342899954124,30.745260000364702,31.3524,31.957149986982,32.5610499861504,33.1654,33.7697499869262,34.3735,34.9784,35.5861800005556,36.1986900091588
,CRI,,emi_ncov,emi_ncov,KYOTOGHG,IPCM0EL,MtCO2eq,AR4,0.0,0.0,0.0,0.0,0.0,0.0,0.0,0.0,0.0,0.0,0.0,0.0,0.0,0.0,0.0,0.0,0.0,0.0,0.0,0.0,0.0,0.0,0.0,0.0,0.0,0.0,0.0,0.0,4.3326601984725473e-05,0.0,0.0,1.0575041953144832e-05,0.0,0.0,0.0,0.0,2.041298923810729e-05,0.0,0.0,1.0054844908282085e-05,0.0,9.000696380123265e-05,8.000861919856917e-05,0.0,0.0,0.0,0.0,0.0,0.0,0.0,1.0004587601425185e-05,3.999963529857309e-05,0.0,5.001301800117206e-05,5.001384959897998e-05,0.0,5.0013073798982425e-05,0.0,0.0,1.999944439935033e-05,9.990841198760126e-06
,CRI,,pc_cov,pc_cov,KYOTOGHG,IPCM0EL,MtCO2eq/MtCO2eq,AR4,1.0,1.0,1.0,1.0,1.0,1.0,1.0,1.0,1.0,1.0,1.0,1.0,1.0,1.0,1.0,1.0,1.0,1.0,1.0,1.0,1.0,1.0,1.0,1.0,1.0,1.0,1.0,1.0,0.999997586,1.0,1.0,0.999999457,1.0,1.0,1.0,1.0,0.999999073,1.0,1.0,0.999999573,1.0,0.999996351,0.9999968340000001,1.0,1.0,1.0,1.0,1.0,1.0,1.0,0.999999668,0.999998699,1.0,0.999998435,0.999998464,1.0,0.999998519,1.0,1.0,0.999999438,0.999999724
,CUB,,pop,pop,POP,DEMOGR,Pers,,10596987.0,10673542.0,10736387.0,10789306.0,10838462.0,10888252.0,10939293.0,10989732.0,11038692.0,11084670.0,11126430.0,11164667.0,11199651.0,11229183.0,11250365.0,11261582.0,11261248.0,11251122.0,11236971.0,11226709.0,11225832.0,11236671.0,11257104.0,11282723.0,11306904.0,11324781.0,11335104.0,11339254.0,11341468.3913,11346674.3214,11350988.0329,11354950.9774,11359314.2527,11364203.3151,11369743.2868,11376059.776,11379034.7708,11375578.887,11367361.9168,11356052.6967,11343317.8952,11327669.906,11307270.4909,11283264.1698,11256803.4812,11229049.1655,11199138.2328,11165869.1957,11129905.7112,11091917.5448,11052580.6272,11011504.5211,10968053.415,10922543.3264,10875295.0018,10826633.895,10775872.2963,10722451.332,10666886.8269,10609686.0122,10551347.5972
,CUB,,gdp,gdp,GDPPPP,ECO,2011GKD,,72737718768.0,60796495232.0,51287720699.0,39575174408.0,39419486294.0,41484240120.0,46502934543.0,48365810532.0,47576762520.0,49792337640.0,54319231260.0,56504379687.0,57487808583.0,58402980783.0,58164387050.0,59100782336.0,66700371904.0,68114292588.0,71197448256.0,72704167484.0,75179396904.0,77847656688.0,80353208352.0,83255213017.0,86249063712.0,89341197309.0,90513402170.9047,92989224486.8262,94858239121.1826,96244541578.6475,97674769624.6647,99218711753.4484,100832763164.4686,102467204997.4401,104072257611.7746,105597905612.3719,107023030127.4443,108361743908.1027,109616559282.0895,110789954859.3947,111884371511.0578,112883470866.4942,113794100688.5534,114653840027.1599,115500740139.0904,116373237444.6691,117268000156.7206,118172988404.1312,119113414075.3697,120114043189.7305,121199293820.1906,122384774380.1513,123647350690.2534,124952989600.8864,126267511337.1968,127556621254.2081,128836062692.1718,130132108296.6587,131426161367.6328,132699597206.7798,133933750328.3932
"The target value from 'conditional_best' was used for 'conditional_worst' in 2030.
",CUB,ABU,conditional,worst,KYOTOGHG,IPCM0EL,MtCO2eq,AR4,51.1446,46.5134,47.6473,44.1387,46.744,40.0409,41.4068,41.2322,39.9088,40.2719,40.7967,39.6703,39.4702,38.8262,38.2546,38.6482,40.5621,40.1928,43.7889,43.3407,50.4576,48.3258,48.4902,47.9449,48.183,48.5926,49.5023,49.1483,48.2975,48.3049,48.3892,47.99244523171807,47.64425150014703,47.31703168866883,46.985228999928474,46.6253633081918,46.22795477225582,45.79862598930226,45.33842845311991,44.84805657561138,44.3284,44.37834039707203,44.40485196588804,44.42088221680005,44.43937866016007,44.47311264971666,44.51829681849611,44.567884902361286,44.629627791863044,44.71110022094881,44.819436532057445,44.96124259781754,45.13000062390221,45.31373196127832,45.500457960912726,45.67855228697912,45.853828107390655,46.03562172212906,46.217591493470884,46.39383617520128,46.55810220789852
,CUB,ABU,conditional,best,KYOTOGHG,IPCM0EL,MtCO2eq,AR4,51.1446,46.5134,47.6473,44.1387,46.744,40.0409,41.4068,41.2322,39.9088,40.2719,40.7967,39.6703,39.4702,38.8262,38.2546,38.6482,40.5621,40.1928,43.7889,43.3407,50.4576,48.3258,48.4902,47.9449,48.183,48.5926,49.5023,49.1483,48.2975,48.3049,48.3892,47.99244523171807,47.64425150014703,47.31703168866883,46.985228999928474,46.6253633081918,46.22795477225582,45.79862598930226,45.33842845311991,44.84805657561138,44.3284,44.37834039707203,44.40485196588804,44.42088221680005,44.43937866016007,44.47311264971666,44.51829681849611,44.567884902361286,44.629627791863044,44.71110022094881,44.819436532057445,44.96124259781754,45.13000062390221,45.31373196127832,45.500457960912726,45.67855228697912,45.853828107390655,46.03562172212906,46.217591493470884,46.39383617520128,46.55810220789852
,CUB,ABU,unconditional,worst,KYOTOGHG,IPCM0EL,MtCO2eq,AR4,51.1446,46.5134,47.6473,44.1387,46.744,40.0409,41.4068,41.2322,39.9088,40.2719,40.7967,39.6703,39.4702,38.8262,38.2546,38.6482,40.5621,40.1928,43.7889,43.3407,50.4576,48.3258,48.4902,47.9449,48.183,48.5926,49.5023,49.1483,48.2975,48.3049,48.3892,48.5715,48.808,49.0721,49.338,49.5808,49.7894,49.9686,50.1184,50.2384,50.3284,50.3851,50.4152,50.4334,50.4544,50.4927,50.544,50.6003,50.6704,50.7629,50.8859,51.0469,51.2385,51.4471,51.6591,51.8613,52.0603,52.2667,52.4733,52.6734,52.8599
,CUB,ABU,unconditional,best,KYOTOGHG,IPCM0EL,MtCO2eq,AR4,51.1446,46.5134,47.6473,44.1387,46.744,40.0409,41.4068,41.2322,39.9088,40.2719,40.7967,39.6703,39.4702,38.8262,38.2546,38.6482,40.5621,40.1928,43.7889,43.3407,50.4576,48.3258,48.4902,47.9449,48.183,48.5926,49.5023,49.1483,48.2975,48.3049,48.3892,48.5715,48.808,49.0721,49.338,49.5808,49.7894,49.9686,50.1184,50.2384,50.3284,50.3851,50.4152,50.4334,50.4544,50.4927,50.544,50.6003,50.6704,50.7629,50.8859,51.0469,51.2385,51.4471,51.6591,51.8613,52.0603,52.2667,52.4733,52.6734,52.8599
"No targets calculated, so the baseline emissions are put in as target pathways for all un/conditional best/worst pathways.
",CUB,baseline_emissions,conditional,worst,KYOTOGHG,IPCM0EL,MtCO2eq,AR4,51.1446,46.5134,47.6473,44.1387,46.744,40.0409,41.4068,41.2322,39.9088,40.2719,40.7967,39.6703,39.4702,38.8262,38.2546,38.6482,40.5621,40.1928,43.7889,43.3407,50.4576,48.3258,48.4902,47.9449,48.183,48.5926,49.5023,49.1483,48.2975,48.3049,48.3892,48.5715,48.808,49.0721,49.338,49.5808,49.7894,49.9686,50.1184,50.2384,50.3284,50.3851,50.4152,50.4334,50.4544,50.4927,50.544,50.6003,50.6704,50.7629,50.8859,51.0469,51.2385,51.4471,51.6591,51.8613,52.0603,52.2667,52.4733,52.6734,52.8599
"No targets calculated, so the baseline emissions are put in as target pathways for all un/conditional best/worst pathways.
",CUB,baseline_emissions,conditional,best,KYOTOGHG,IPCM0EL,MtCO2eq,AR4,51.1446,46.5134,47.6473,44.1387,46.744,40.0409,41.4068,41.2322,39.9088,40.2719,40.7967,39.6703,39.4702,38.8262,38.2546,38.6482,40.5621,40.1928,43.7889,43.3407,50.4576,48.3258,48.4902,47.9449,48.183,48.5926,49.5023,49.1483,48.2975,48.3049,48.3892,48.5715,48.808,49.0721,49.338,49.5808,49.7894,49.9686,50.1184,50.2384,50.3284,50.3851,50.4152,50.4334,50.4544,50.4927,50.544,50.6003,50.6704,50.7629,50.8859,51.0469,51.2385,51.4471,51.6591,51.8613,52.0603,52.2667,52.4733,52.6734,52.8599
"No targets calculated, so the baseline emissions are put in as target pathways for all un/conditional best/worst pathways.
",CUB,baseline_emissions,unconditional,worst,KYOTOGHG,IPCM0EL,MtCO2eq,AR4,51.1446,46.5134,47.6473,44.1387,46.744,40.0409,41.4068,41.2322,39.9088,40.2719,40.7967,39.6703,39.4702,38.8262,38.2546,38.6482,40.5621,40.1928,43.7889,43.3407,50.4576,48.3258,48.4902,47.9449,48.183,48.5926,49.5023,49.1483,48.2975,48.3049,48.3892,48.5715,48.808,49.0721,49.338,49.5808,49.7894,49.9686,50.1184,50.2384,50.3284,50.3851,50.4152,50.4334,50.4544,50.4927,50.544,50.6003,50.6704,50.7629,50.8859,51.0469,51.2385,51.4471,51.6591,51.8613,52.0603,52.2667,52.4733,52.6734,52.8599
"No targets calculated, so the baseline emissions are put in as target pathways for all un/conditional best/worst pathways.
",CUB,baseline_emissions,unconditional,best,KYOTOGHG,IPCM0EL,MtCO2eq,AR4,51.1446,46.5134,47.6473,44.1387,46.744,40.0409,41.4068,41.2322,39.9088,40.2719,40.7967,39.6703,39.4702,38.8262,38.2546,38.6482,40.5621,40.1928,43.7889,43.3407,50.4576,48.3258,48.4902,47.9449,48.183,48.5926,49.5023,49.1483,48.2975,48.3049,48.3892,48.5715,48.808,49.0721,49.338,49.5808,49.7894,49.9686,50.1184,50.2384,50.3284,50.3851,50.4152,50.4334,50.4544,50.4927,50.544,50.6003,50.6704,50.7629,50.8859,51.0469,51.2385,51.4471,51.6591,51.8613,52.0603,52.2667,52.4733,52.6734,52.8599
,CUB,,emi_bau,emi_bau,KYOTOGHG,IPCM0EL,MtCO2eq,AR4,51.1446,46.5134,47.6473,44.1387,46.744,40.0409,41.4068,41.2322,39.9088,40.2719,40.7967,39.6703,39.4702,38.8262,38.2546,38.6482,40.5621,40.1928,43.7889,43.3407,50.4576,48.3258,48.4902,47.9449,48.183,48.5926,49.5023,49.1483,48.2975,48.3049,48.3892,48.5715,48.808,49.0721,49.338,49.5808,49.7894,49.9686,50.1184,50.2384,50.3284,50.3851,50.4152,50.4334,50.4544,50.4927,50.544,50.6003,50.6704,50.7629,50.8859,51.0469,51.2385,51.4471,51.6591,51.8613,52.0603,52.2667,52.4733,52.6734,52.8599
,CUB,,emi_cov,emi_cov,KYOTOGHG,IPCM0EL,MtCO2eq,AR4,44.3111590490556,40.6047918208376,42.009413739754294,39.327012752156996,42.034866777312,35.2629221479494,36.704295560812,36.541273794584804,35.429131185224,35.8941576486559,36.648628620912,35.5357543035306,35.1501886624504,34.5830070210086,33.948173024175205,34.209423581977404,35.9606693409012,35.484079075276796,39.1079851703412,38.6928066224271,45.8656708925952,43.64996734189321,43.6743874466856,43.3047404139488,43.586145839739,44.022542066011596,44.932663136803896,44.561066912387396,43.647162751745,43.6548317480989,43.7421958738388,43.931122127353504,44.176218416000005,44.4499178829629,44.725482790074004,44.9771080891904,45.19329029828481,45.379003827597,45.5342487744512,45.6586104856544,45.751881815034004,45.8106427668269,45.84183680758,45.86069833592519,45.882461678128,45.922153813335,45.975318438816004,46.033664822048394,46.10631281961761,46.202175017971506,46.3296458205958,46.4964978121007,46.695062101956,46.911244254799904,47.1309500536641,47.3404996030647,47.5467328484907,47.760635069702595,47.974744523405704,48.182117744826,48.375396647953
,CUB,,emi_ncov,emi_ncov,KYOTOGHG,IPCM0EL,MtCO2eq,AR4,6.833440950944403,5.908608179162398,5.637886260245705,4.811687247843001,4.709133222688,4.777977852050601,4.702504439187997,4.690926205415197,4.479668814775998,4.377742351344102,4.148071379088,4.134545696469398,4.320011337549598,4.2431929789914005,4.306426975824797,4.4387764180226,4.601430659098801,4.708720924723204,4.680914829658799,4.647893377572901,4.591929107404801,4.675832658106795,4.815812553314403,4.6401595860511975,4.596854160261001,4.570057933988403,4.569636863196103,4.587233087612601,4.650337248254999,4.650068251901105,4.647004126161196,4.640377872646499,4.631781583999996,4.622182117037097,4.612517209925999,4.6036919108096,4.5961097017151955,4.589596172402998,4.584151225548802,4.5797895143456016,4.576518184966001,4.574457233173098,4.57336319242,4.5727016640748035,4.571938321872,4.570546186664999,4.568681561183996,4.566635177951602,4.564087180382394,4.560724982028498,4.556254179404197,4.550402187899301,4.543437898044001,4.535855745200098,4.528149946335904,4.520800396935299,4.5135671515092985,4.506064930297404,4.498555476594296,4.491282255174001,4.484503352047003
,CUB,,pc_cov,pc_cov,KYOTOGHG,IPCM0EL,MtCO2eq/MtCO2eq,AR4,0.8663897859999999,0.872969764,0.8816745909999999,0.89098711,0.899256948,0.880672566,0.88643159,0.8862314840000001,0.887752355,0.891295361,0.89832336,0.895777302,0.890550052,0.890713153,0.8874272120000001,0.885149207,0.886558372,0.8828466559999999,0.893102708,0.892759153,0.908994302,0.9032435540000001,0.9006848279999999,0.903218912,0.904595933,0.9059515659999999,0.9076883929999999,0.906665478,0.903714742,0.9037350609999999,0.9039660890000001,0.904462949,0.9051020000000001,0.9058083490000001,0.906511873,0.907147688,0.9076889920000001,0.908150395,0.908533568,0.908838866,0.909066885,0.909210119,0.909286025,0.9093318779999999,0.909384745,0.90948105,0.9096098140000001,0.909750828,0.9099259690000001,0.910156335,0.910461362,0.910858403,0.911327656,0.911834569,0.9123455509999999,0.912829019,0.913301169,0.9137870779999999,0.9142696290000001,0.91473339,0.91516247
,CUW,,pop,pop,POP,DEMOGR,Pers,,,,,,,,,,,,,,,,,,,,,,,,,,,,,,,,,,,,,,,,,,,,,,,,,,,,,,,,,,,,,,
,CUW,,gdp,gdp,GDPPPP,ECO,2011GKD,,,,,,,,,,,,,,,,,,,,,,,,,,,,,,,,,,,,,,,,,,,,,,,,,,,,,,,,,,,,,,
"No targets calculated, so the baseline emissions are put in as target pathways for all un/conditional best/worst pathways.
",CUW,baseline_emissions,conditional,worst,KYOTOGHG,IPCM0EL,MtCO2eq,AR4,,,,,,,,,,,,,,,,,,,,,,,,,,,,,,,,,,,,,,,,,,,,,,,,,,,,,,,,,,,,,
"No targets calculated, so the baseline emissions are put in as target pathways for all un/conditional best/worst pathways.
",CUW,baseline_emissions,conditional,best,KYOTOGHG,IPCM0EL,MtCO2eq,AR4,,,,,,,,,,,,,,,,,,,,,,,,,,,,,,,,,,,,,,,,,,,,,,,,,,,,,,,,,,,,,
"No targets calculated, so the baseline emissions are put in as target pathways for all un/conditional best/worst pathways.
",CUW,baseline_emissions,unconditional,worst,KYOTOGHG,IPCM0EL,MtCO2eq,AR4,,,,,,,,,,,,,,,,,,,,,,,,,,,,,,,,,,,,,,,,,,,,,,,,,,,,,,,,,,,,,
"No targets calculated, so the baseline emissions are put in as target pathways for all un/conditional best/worst pathways.
",CUW,baseline_emissions,unconditional,best,KYOTOGHG,IPCM0EL,MtCO2eq,AR4,,,,,,,,,,,,,,,,,,,,,,,,,,,,,,,,,,,,,,,,,,,,,,,,,,,,,,,,,,,,,
,CUW,,emi_bau,emi_bau,KYOTOGHG,IPCM0EL,MtCO2eq,AR4,,,,,,,,,,,,,,,,,,,,,,,,,,,,,,,,,,,,,,,,,,,,,,,,,,,,,,,,,,,,,
,CUW,,emi_cov,emi_cov,KYOTOGHG,IPCM0EL,MtCO2eq,AR4,,,,,,,,,,,,,,,,,,,,,,,,,,,,,,,,,,,,,,,,,,,,,,,,,,,,,,,,,,,,,
,CUW,,emi_ncov,emi_ncov,KYOTOGHG,IPCM0EL,MtCO2eq,AR4,,,,,,,,,,,,,,,,,,,,,,,,,,,,,,,,,,,,,,,,,,,,,,,,,,,,,,,,,,,,,
,CUW,,pc_cov,pc_cov,KYOTOGHG,IPCM0EL,MtCO2eq/MtCO2eq,AR4,0.0,0.0,0.0,0.0,0.0,0.0,0.0,0.0,0.0,0.0,0.0,0.0,0.0,0.0,0.0,0.0,0.0,0.0,0.0,0.0,0.0,0.0,0.0,0.0,0.0,0.0,0.0,0.0,0.0,0.0,0.0,0.0,0.0,0.0,0.0,0.0,0.0,0.0,0.0,0.0,0.0,0.0,0.0,0.0,0.0,0.0,0.0,0.0,0.0,0.0,0.0,0.0,0.0,0.0,0.0,0.0,0.0,0.0,0.0,0.0,0.0
,CYP,,pop,pop,POP,DEMOGR,Pers,,766615.0,783124.0,800611.0,818746.0,837110.0,855383.0,873423.0,891190.0,908702.0,926046.0,943290.0,960276.0,976964.0,993563.0,1010408.0,1027662.0,1045507.0,1063713.0,1081563.0,1098083.0,1112612.0,1124833.0,1135046.0,1143866.0,1152285.0,1160985.0,1170187.0,1179678.0,1197388.9612,1209215.5053,1220135.9805,1230467.4439,1240684.4525,1250809.1751,1260863.2257,1270867.7331,1280843.9075,1290750.5984,1300514.3951,1310060.9417,1319314.896,1328011.0275,1336063.7003,1343668.5155,1351023.8826,1358330.8812,1365540.6614,1372556.3222,1379509.7465,1386533.9619,1393763.1914,1401171.108,1408614.1143,1416050.5125,1423437.2381,1430729.8028,1438102.5509,1445693.6289,1453403.0516,1461130.5662,1468775.5398
,CYP,,gdp,gdp,GDPPPP,ECO,2011GKD,,12268120117.1875,12188624023.4375,13509386718.75,13376404296.875,14216553710.9375,15090893554.6875,15095209960.9375,15339475585.9375,16100350585.9375,17066695312.5,18321419921.875,19219855468.75,19493277343.75,19546779296.875,20954220703.125,23055724609.375,24533296875.0,26677625000.0,28572335937.5,28123611328.125,28473642578.125,28363759765.625,27451121093.75,25446533203.125,24724931640.625,25900171875.0,27455746093.75,29143429687.5,27462447216.8709,28047427615.4367,28529012089.4417,28919415611.175,29306591831.9785,29694865704.9049,30088570480.7587,30492064957.0039,30901264807.3094,31307744636.3041,31709375921.0805,32104026205.2925,32489559253.6548,32865592883.0851,33234794643.9389,33599591022.3569,33962395054.5421,34325602197.9974,34689425468.9722,35051727199.9422,35411364829.6123,35767205193.4529,36118127350.0922,36463018855.3569,36804008181.5044,37144885009.5017,37489495412.1106,37841755783.3018,38194916949.2522,38542655381.6795,38889571308.3255,39240236188.1428,39599187462.2304
"The target value from 'unconditional_best' was used for 'conditional_worst' in 2030.
The target value from 'unconditional_best' was used for 'conditional_best' in 2030.
",CYP,RBY,conditional,worst,KYOTOGHG,IPCM0EL,MtCO2eq,AR4,5.8418,6.365,6.7573,7.0434,7.3106,7.2515,7.6008,7.6887,8.0197,8.2884,8.5597,8.4774,8.7136,9.1007,9.3196,9.4859,9.6862,10.0255,10.1669,9.9598,9.6435,9.3265,8.7812,8.0369,8.4135,8.5027,8.9435,9.15,8.0237,8.1764,8.3035,7.898549227800134,7.4798485510346415,7.049452819013233,6.608657237193027,6.158367127451409,5.697538592500637,5.224450673432132,4.738698575703016,4.2397379842246945,3.7271036250000003,3.777729444056973,3.8283552631139464,3.8793367670823264,3.9310691614192326,3.983868610490362,4.037972237569983,4.093103398838116,4.1493016148404696,4.206566885577046,4.2647806494107074,4.323587221430048,4.382947081089356,4.44325543384575,4.5051050878849095,4.569009810301088,4.634218710725761,4.699941378244688,4.766770621043549,4.835378288399446,4.906278147406636
,CYP,RBY,conditional,best,KYOTOGHG,IPCM0EL,MtCO2eq,AR4,5.8418,6.365,6.7573,7.0434,7.3106,7.2515,7.6008,7.6887,8.0197,8.2884,8.5597,8.4774,8.7136,9.1007,9.3196,9.4859,9.6862,10.0255,10.1669,9.9598,9.6435,9.3265,8.7812,8.0369,8.4135,8.5027,8.9435,9.15,8.0237,8.1764,8.3035,7.898549227800134,7.4798485510346415,7.049452819013233,6.608657237193027,6.158367127451409,5.697538592500637,5.224450673432132,4.738698575703016,4.2397379842246945,3.7271036250000003,3.777729444056973,3.8283552631139464,3.8793367670823264,3.9310691614192326,3.983868610490362,4.037972237569983,4.093103398838116,4.1493016148404696,4.206566885577046,4.2647806494107074,4.323587221430048,4.382947081089356,4.44325543384575,4.5051050878849095,4.569009810301088,4.634218710725761,4.699941378244688,4.766770621043549,4.835378288399446,4.906278147406636
"The target value from 'unconditional_best' was used for 'unconditional_worst' in 2030.
",CYP,RBY,unconditional,worst,KYOTOGHG,IPCM0EL,MtCO2eq,AR4,5.8418,6.365,6.7573,7.0434,7.3106,7.2515,7.6008,7.6887,8.0197,8.2884,8.5597,8.4774,8.7136,9.1007,9.3196,9.4859,9.6862,10.0255,10.1669,9.9598,9.6435,9.3265,8.7812,8.0369,8.4135,8.5027,8.9435,9.15,8.0237,8.1764,8.3035,7.898549227800134,7.4798485510346415,7.049452819013233,6.608657237193027,6.158367127451409,5.697538592500637,5.224450673432132,4.738698575703016,4.2397379842246945,3.7271036250000003,3.777729444056973,3.8283552631139464,3.8793367670823264,3.9310691614192326,3.983868610490362,4.037972237569983,4.093103398838116,4.1493016148404696,4.206566885577046,4.2647806494107074,4.323587221430048,4.382947081089356,4.44325543384575,4.5051050878849095,4.569009810301088,4.634218710725761,4.699941378244688,4.766770621043549,4.835378288399446,4.906278147406636
,CYP,RBY,unconditional,best,KYOTOGHG,IPCM0EL,MtCO2eq,AR4,5.8418,6.365,6.7573,7.0434,7.3106,7.2515,7.6008,7.6887,8.0197,8.2884,8.5597,8.4774,8.7136,9.1007,9.3196,9.4859,9.6862,10.0255,10.1669,9.9598,9.6435,9.3265,8.7812,8.0369,8.4135,8.5027,8.9435,9.15,8.0237,8.1764,8.3035,7.898549227800134,7.4798485510346415,7.049452819013233,6.608657237193027,6.158367127451409,5.697538592500637,5.224450673432132,4.738698575703016,4.2397379842246945,3.7271036250000003,3.777729444056973,3.8283552631139464,3.8793367670823264,3.9310691614192326,3.983868610490362,4.037972237569983,4.093103398838116,4.1493016148404696,4.206566885577046,4.2647806494107074,4.323587221430048,4.382947081089356,4.44325543384575,4.5051050878849095,4.569009810301088,4.634218710725761,4.699941378244688,4.766770621043549,4.835378288399446,4.906278147406636
"No targets calculated, so the baseline emissions are put in as target pathways for all un/conditional best/worst pathways.
",CYP,baseline_emissions,conditional,worst,KYOTOGHG,IPCM0EL,MtCO2eq,AR4,5.8418,6.365,6.7573,7.0434,7.3106,7.2515,7.6008,7.6887,8.0197,8.2884,8.5597,8.4774,8.7136,9.1007,9.3196,9.4859,9.6862,10.0255,10.1669,9.9598,9.6435,9.3265,8.7812,8.0369,8.4135,8.5027,8.9435,9.15,8.0237,8.1764,8.3035,8.407,8.5091,8.612,8.7176,8.8279,8.9426,9.0601,9.1806,9.3041,9.4308,9.5589,9.687000000000001,9.816,9.9469,10.0805,10.2174,10.3569,10.4991,10.644,10.7913,10.9401,11.0903,11.2429,11.3994,11.5611,11.7261,11.8924,12.0615,12.2351,12.4145
"No targets calculated, so the baseline emissions are put in as target pathways for all un/conditional best/worst pathways.
",CYP,baseline_emissions,conditional,best,KYOTOGHG,IPCM0EL,MtCO2eq,AR4,5.8418,6.365,6.7573,7.0434,7.3106,7.2515,7.6008,7.6887,8.0197,8.2884,8.5597,8.4774,8.7136,9.1007,9.3196,9.4859,9.6862,10.0255,10.1669,9.9598,9.6435,9.3265,8.7812,8.0369,8.4135,8.5027,8.9435,9.15,8.0237,8.1764,8.3035,8.407,8.5091,8.612,8.7176,8.8279,8.9426,9.0601,9.1806,9.3041,9.4308,9.5589,9.687000000000001,9.816,9.9469,10.0805,10.2174,10.3569,10.4991,10.644,10.7913,10.9401,11.0903,11.2429,11.3994,11.5611,11.7261,11.8924,12.0615,12.2351,12.4145
"No targets calculated, so the baseline emissions are put in as target pathways for all un/conditional best/worst pathways.
",CYP,baseline_emissions,unconditional,worst,KYOTOGHG,IPCM0EL,MtCO2eq,AR4,5.8418,6.365,6.7573,7.0434,7.3106,7.2515,7.6008,7.6887,8.0197,8.2884,8.5597,8.4774,8.7136,9.1007,9.3196,9.4859,9.6862,10.0255,10.1669,9.9598,9.6435,9.3265,8.7812,8.0369,8.4135,8.5027,8.9435,9.15,8.0237,8.1764,8.3035,8.407,8.5091,8.612,8.7176,8.8279,8.9426,9.0601,9.1806,9.3041,9.4308,9.5589,9.687000000000001,9.816,9.9469,10.0805,10.2174,10.3569,10.4991,10.644,10.7913,10.9401,11.0903,11.2429,11.3994,11.5611,11.7261,11.8924,12.0615,12.2351,12.4145
"No targets calculated, so the baseline emissions are put in as target pathways for all un/conditional best/worst pathways.
",CYP,baseline_emissions,unconditional,best,KYOTOGHG,IPCM0EL,MtCO2eq,AR4,5.8418,6.365,6.7573,7.0434,7.3106,7.2515,7.6008,7.6887,8.0197,8.2884,8.5597,8.4774,8.7136,9.1007,9.3196,9.4859,9.6862,10.0255,10.1669,9.9598,9.6435,9.3265,8.7812,8.0369,8.4135,8.5027,8.9435,9.15,8.0237,8.1764,8.3035,8.407,8.5091,8.612,8.7176,8.8279,8.9426,9.0601,9.1806,9.3041,9.4308,9.5589,9.687000000000001,9.816,9.9469,10.0805,10.2174,10.3569,10.4991,10.644,10.7913,10.9401,11.0903,11.2429,11.3994,11.5611,11.7261,11.8924,12.0615,12.2351,12.4145
,CYP,,emi_bau,emi_bau,KYOTOGHG,IPCM0EL,MtCO2eq,AR4,5.8418,6.365,6.7573,7.0434,7.3106,7.2515,7.6008,7.6887,8.0197,8.2884,8.5597,8.4774,8.7136,9.1007,9.3196,9.4859,9.6862,10.0255,10.1669,9.9598,9.6435,9.3265,8.7812,8.0369,8.4135,8.5027,8.9435,9.15,8.0237,8.1764,8.3035,8.407,8.5091,8.612,8.7176,8.8279,8.9426,9.0601,9.1806,9.3041,9.4308,9.5589,9.687000000000001,9.816,9.9469,10.0805,10.2174,10.3569,10.4991,10.644,10.7913,10.9401,11.0903,11.2429,11.3994,11.5611,11.7261,11.8924,12.0615,12.2351,12.4145
,CYP,,emi_cov,emi_cov,KYOTOGHG,IPCM0EL,MtCO2eq,AR4,5.8418,6.365,6.7573,7.0434,7.3106,7.2515,7.6008,7.6887,8.0197,8.2884,8.5597,8.4774,8.7136,9.1007,9.3196,9.4859,9.6862,10.0255,10.1669,9.9598,9.6435,9.3265,8.7812,8.0369,8.4135,8.5027,8.9435,9.15,8.0237,8.1764,8.3035,8.407,8.5091,8.612,8.7176,8.8279,8.9426,9.0601,9.1806,9.3041,9.4308,9.5589,9.687000000000001,9.816,9.9469,10.0805,10.2174,10.3569,10.4991,10.644,10.7913,10.9401,11.0903,11.2429,11.3994,11.5611,11.7261,11.8924,12.0615,12.2351,12.4145
,CYP,,emi_ncov,emi_ncov,KYOTOGHG,IPCM0EL,MtCO2eq,AR4,0.0,0.0,0.0,0.0,0.0,0.0,0.0,0.0,0.0,0.0,0.0,0.0,0.0,0.0,0.0,0.0,0.0,0.0,0.0,0.0,0.0,0.0,0.0,0.0,0.0,0.0,0.0,0.0,0.0,0.0,0.0,0.0,0.0,0.0,0.0,0.0,0.0,0.0,0.0,0.0,0.0,0.0,0.0,0.0,0.0,0.0,0.0,0.0,0.0,0.0,0.0,0.0,0.0,0.0,0.0,0.0,0.0,0.0,0.0,0.0,0.0
,CYP,,pc_cov,pc_cov,KYOTOGHG,IPCM0EL,MtCO2eq/MtCO2eq,AR4,1.0,1.0,1.0,1.0,1.0,1.0,1.0,1.0,1.0,1.0,1.0,1.0,1.0,1.0,1.0,1.0,1.0,1.0,1.0,1.0,1.0,1.0,1.0,1.0,1.0,1.0,1.0,1.0,1.0,1.0,1.0,1.0,1.0,1.0,1.0,1.0,1.0,1.0,1.0,1.0,1.0,1.0,1.0,1.0,1.0,1.0,1.0,1.0,1.0,1.0,1.0,1.0,1.0,1.0,1.0,1.0,1.0,1.0,1.0,1.0,1.0
,CZE,,pop,pop,POP,DEMOGR,Pers,,10340875.0,10346452.0,10353028.0,10358690.0,10360969.0,10358193.0,10350309.0,10338339.0,10323247.0,10306411.0,10289373.0,10271008.0,10252261.0,10239136.0,10239439.0,10258167.0,10298614.0,10357538.0,10425266.0,10488155.0,10536518.0,10566517.0,10581293.0,10586533.0,10591108.0,10601397.0,10618857.0,10641034.0,10678584.8576,10684062.0175,10680244.4788,10669414.056,10655991.2511,10641128.843,10625977.7446,10611689.4291,10595159.7129,10573580.5877,10548550.7384,10521672.364,10494552.8578,10464189.9317,10427845.1772,10387522.3989,10345217.1403,10302914.8353,10260287.7532,10216238.1039,10171585.9908,10127147.8802,10083736.7618,10041421.8361,9999252.5061,9956511.3789,9912483.0899,9866454.5015,9819491.4732,9772778.1689,9725782.0844,9677971.6238,9628815.5548
,CZE,,gdp,gdp,GDPPPP,ECO,2011GKD,,220390390625.0,184689000000.0,178615312500.0,182345375000.0,189103718750.0,195496390625.0,202694343750.0,198332625000.0,196909421875.0,196364562500.0,200941796875.0,212183750000.0,212597843750.0,221893703125.0,233375406250.0,248712125000.0,262442250000.0,286287875000.0,301758187500.0,298667687500.0,299902625000.0,308946031250.0,309056468750.0,315026250000.0,329114031250.0,346932593750.0,357958062500.0,379744000000.0,373040534791.834,383649559985.3382,393808518576.2842,403708367546.4395,413681540795.314,423735768110.9631,433878439238.47,444116704165.9344,454431837985.0381,464741497737.6514,474957206932.123,484990422364.0345,494752563349.1468,504330668382.8033,513807643887.1577,523087922520.5261,532074936559.4951,540671234254.7884,548990179094.4774,557107196513.0132,564867940213.0875,572118885953.028,578707347912.569,584596073066.2874,589984940808.6874,595077967830.031,600079517361.1721,605194454551.8806,610443043605.2064,615637418282.0184,620670632845.4415,625435313434.5472,629823718866.8744
"The target value from 'unconditional_best' was used for 'conditional_worst' in 2030.
The target value from 'unconditional_best' was used for 'conditional_best' in 2030.
",CZE,RBY,conditional,worst,KYOTOGHG,IPCM0EL,MtCO2eq,AR4,198.7131,180.4246,173.9632,166.2178,158.7216,157.8689,160.9541,156.2807,150.1333,140.5604,150.4914,150.49,146.8488,149.9248,150.803,148.6544,149.7741,151.5465,146.8541,138.3071,140.7635,138.7808,134.68200000000002,129.7461,127.8005,128.8053,130.7716,129.6766,124.7224,127.6573,130.4989,129.9219353648725,129.20990145690448,128.37556885438045,127.4301746182013,126.38422133995617,125.24169075687436,123.98852059383088,122.60919599599086,121.0904119597905,119.420885,121.70927560577633,123.99512430294419,126.25884344281484,128.48084537669962,130.64094435976654,132.76994234338875,134.8892212646845,136.96491392954692,138.9631531438692,140.85022123758017,142.60682961006282,144.2700602221934,145.89075124614124,147.51996514012922,149.20951198255918,150.96574654495234,152.74283971033844,154.51499858254343,156.2559816932858,157.9390990021767
,CZE,RBY,conditional,best,KYOTOGHG,IPCM0EL,MtCO2eq,AR4,198.7131,180.4246,173.9632,166.2178,158.7216,157.8689,160.9541,156.2807,150.1333,140.5604,150.4914,150.49,146.8488,149.9248,150.803,148.6544,149.7741,151.5465,146.8541,138.3071,140.7635,138.7808,134.68200000000002,129.7461,127.8005,128.8053,130.7716,129.6766,124.7224,127.6573,130.4989,129.9219353648725,129.20990145690448,128.37556885438045,127.4301746182013,126.38422133995617,125.24169075687436,123.98852059383088,122.60919599599086,121.0904119597905,119.420885,121.70927560577633,123.99512430294419,126.25884344281484,128.48084537669962,130.64094435976654,132.76994234338875,134.8892212646845,136.96491392954692,138.9631531438692,140.85022123758017,142.60682961006282,144.2700602221934,145.89075124614124,147.51996514012922,149.20951198255918,150.96574654495234,152.74283971033844,154.51499858254343,156.2559816932858,157.9390990021767
"The target value from 'unconditional_best' was used for 'unconditional_worst' in 2030.
",CZE,RBY,unconditional,worst,KYOTOGHG,IPCM0EL,MtCO2eq,AR4,198.7131,180.4246,173.9632,166.2178,158.7216,157.8689,160.9541,156.2807,150.1333,140.5604,150.4914,150.49,146.8488,149.9248,150.803,148.6544,149.7741,151.5465,146.8541,138.3071,140.7635,138.7808,134.68200000000002,129.7461,127.8005,128.8053,130.7716,129.6766,124.7224,127.6573,130.4989,129.9219353648725,129.20990145690448,128.37556885438045,127.4301746182013,126.38422133995617,125.24169075687436,123.98852059383088,122.60919599599086,121.0904119597905,119.420885,121.70927560577633,123.99512430294419,126.25884344281484,128.48084537669962,130.64094435976654,132.76994234338875,134.8892212646845,136.96491392954692,138.9631531438692,140.85022123758017,142.60682961006282,144.2700602221934,145.89075124614124,147.51996514012922,149.20951198255918,150.96574654495234,152.74283971033844,154.51499858254343,156.2559816932858,157.9390990021767
,CZE,RBY,unconditional,best,KYOTOGHG,IPCM0EL,MtCO2eq,AR4,198.7131,180.4246,173.9632,166.2178,158.7216,157.8689,160.9541,156.2807,150.1333,140.5604,150.4914,150.49,146.8488,149.9248,150.803,148.6544,149.7741,151.5465,146.8541,138.3071,140.7635,138.7808,134.68200000000002,129.7461,127.8005,128.8053,130.7716,129.6766,124.7224,127.6573,130.4989,129.9219353648725,129.20990145690448,128.37556885438045,127.4301746182013,126.38422133995617,125.24169075687436,123.98852059383088,122.60919599599086,121.0904119597905,119.420885,121.70927560577633,123.99512430294419,126.25884344281484,128.48084537669962,130.64094435976654,132.76994234338875,134.8892212646845,136.96491392954692,138.9631531438692,140.85022123758017,142.60682961006282,144.2700602221934,145.89075124614124,147.51996514012922,149.20951198255918,150.96574654495234,152.74283971033844,154.51499858254343,156.2559816932858,157.9390990021767
"No targets calculated, so the baseline emissions are put in as target pathways for all un/conditional best/worst pathways.
",CZE,baseline_emissions,conditional,worst,KYOTOGHG,IPCM0EL,MtCO2eq,AR4,198.7131,180.4246,173.9632,166.2178,158.7216,157.8689,160.9541,156.2807,150.1333,140.5604,150.4914,150.49,146.8488,149.9248,150.803,148.6544,149.7741,151.5465,146.8541,138.3071,140.7635,138.7808,134.68200000000002,129.7461,127.8005,128.8053,130.7716,129.6766,124.7224,127.6573,130.4989,133.2858,136.0786,138.8916,141.739,144.6358,147.5911,150.5932,153.6271,156.6787,159.7347,162.7956,165.8531,168.88099999999997,171.8531,174.7424,177.5901,180.4248,183.2012,185.87400000000002,188.3981,190.7477,192.9724,195.1402,197.3194,199.5793,201.9284,204.3054,206.6758,209.0045,211.2558
"No targets calculated, so the baseline emissions are put in as target pathways for all un/conditional best/worst pathways.
",CZE,baseline_emissions,conditional,best,KYOTOGHG,IPCM0EL,MtCO2eq,AR4,198.7131,180.4246,173.9632,166.2178,158.7216,157.8689,160.9541,156.2807,150.1333,140.5604,150.4914,150.49,146.8488,149.9248,150.803,148.6544,149.7741,151.5465,146.8541,138.3071,140.7635,138.7808,134.68200000000002,129.7461,127.8005,128.8053,130.7716,129.6766,124.7224,127.6573,130.4989,133.2858,136.0786,138.8916,141.739,144.6358,147.5911,150.5932,153.6271,156.6787,159.7347,162.7956,165.8531,168.88099999999997,171.8531,174.7424,177.5901,180.4248,183.2012,185.87400000000002,188.3981,190.7477,192.9724,195.1402,197.3194,199.5793,201.9284,204.3054,206.6758,209.0045,211.2558
"No targets calculated, so the baseline emissions are put in as target pathways for all un/conditional best/worst pathways.
",CZE,baseline_emissions,unconditional,worst,KYOTOGHG,IPCM0EL,MtCO2eq,AR4,198.7131,180.4246,173.9632,166.2178,158.7216,157.8689,160.9541,156.2807,150.1333,140.5604,150.4914,150.49,146.8488,149.9248,150.803,148.6544,149.7741,151.5465,146.8541,138.3071,140.7635,138.7808,134.68200000000002,129.7461,127.8005,128.8053,130.7716,129.6766,124.7224,127.6573,130.4989,133.2858,136.0786,138.8916,141.739,144.6358,147.5911,150.5932,153.6271,156.6787,159.7347,162.7956,165.8531,168.88099999999997,171.8531,174.7424,177.5901,180.4248,183.2012,185.87400000000002,188.3981,190.7477,192.9724,195.1402,197.3194,199.5793,201.9284,204.3054,206.6758,209.0045,211.2558
"No targets calculated, so the baseline emissions are put in as target pathways for all un/conditional best/worst pathways.
",CZE,baseline_emissions,unconditional,best,KYOTOGHG,IPCM0EL,MtCO2eq,AR4,198.7131,180.4246,173.9632,166.2178,158.7216,157.8689,160.9541,156.2807,150.1333,140.5604,150.4914,150.49,146.8488,149.9248,150.803,148.6544,149.7741,151.5465,146.8541,138.3071,140.7635,138.7808,134.68200000000002,129.7461,127.8005,128.8053,130.7716,129.6766,124.7224,127.6573,130.4989,133.2858,136.0786,138.8916,141.739,144.6358,147.5911,150.5932,153.6271,156.6787,159.7347,162.7956,165.8531,168.88099999999997,171.8531,174.7424,177.5901,180.4248,183.2012,185.87400000000002,188.3981,190.7477,192.9724,195.1402,197.3194,199.5793,201.9284,204.3054,206.6758,209.0045,211.2558
,CZE,,emi_bau,emi_bau,KYOTOGHG,IPCM0EL,MtCO2eq,AR4,198.7131,180.4246,173.9632,166.2178,158.7216,157.8689,160.9541,156.2807,150.1333,140.5604,150.4914,150.49,146.8488,149.9248,150.803,148.6544,149.7741,151.5465,146.8541,138.3071,140.7635,138.7808,134.68200000000002,129.7461,127.8005,128.8053,130.7716,129.6766,124.7224,127.6573,130.4989,133.2858,136.0786,138.8916,141.739,144.6358,147.5911,150.5932,153.6271,156.6787,159.7347,162.7956,165.8531,168.88099999999997,171.8531,174.7424,177.5901,180.4248,183.2012,185.87400000000002,188.3981,190.7477,192.9724,195.1402,197.3194,199.5793,201.9284,204.3054,206.6758,209.0045,211.2558
,CZE,,emi_cov,emi_cov,KYOTOGHG,IPCM0EL,MtCO2eq,AR4,198.7131,180.4246,173.9632,166.2178,158.7216,157.8689,160.9541,156.2807,150.1333,140.5604,150.4914,150.49,146.8488,149.9248,150.803,148.6544,149.7741,151.5465,146.8541,138.3071,140.7635,138.7808,134.68200000000002,129.7461,127.8005,128.8053,130.7716,129.6766,124.7224,127.6573,130.4989,133.2858,136.0786,138.8916,141.739,144.6358,147.5911,150.5932,153.6271,156.6787,159.7347,162.7956,165.8531,168.88099999999997,171.8531,174.7424,177.5901,180.4248,183.2012,185.87400000000002,188.3981,190.7477,192.9724,195.1402,197.3194,199.5793,201.9284,204.3054,206.6758,209.0045,211.2558
,CZE,,emi_ncov,emi_ncov,KYOTOGHG,IPCM0EL,MtCO2eq,AR4,0.0,0.0,0.0,0.0,0.0,0.0,0.0,0.0,0.0,0.0,0.0,0.0,0.0,0.0,0.0,0.0,0.0,0.0,0.0,0.0,0.0,0.0,0.0,0.0,0.0,0.0,0.0,0.0,0.0,0.0,0.0,0.0,0.0,0.0,0.0,0.0,0.0,0.0,0.0,0.0,0.0,0.0,0.0,0.0,0.0,0.0,0.0,0.0,0.0,0.0,0.0,0.0,0.0,0.0,0.0,0.0,0.0,0.0,0.0,0.0,0.0
,CZE,,pc_cov,pc_cov,KYOTOGHG,IPCM0EL,MtCO2eq/MtCO2eq,AR4,1.0,1.0,1.0,1.0,1.0,1.0,1.0,1.0,1.0,1.0,1.0,1.0,1.0,1.0,1.0,1.0,1.0,1.0,1.0,1.0,1.0,1.0,1.0,1.0,1.0,1.0,1.0,1.0,1.0,1.0,1.0,1.0,1.0,1.0,1.0,1.0,1.0,1.0,1.0,1.0,1.0,1.0,1.0,1.0,1.0,1.0,1.0,1.0,1.0,1.0,1.0,1.0,1.0,1.0,1.0,1.0,1.0,1.0,1.0,1.0,1.0
,DEU,,pop,pop,POP,DEMOGR,Pers,,79053984.0,79490835.0,79963159.0,80428556.0,80832937.0,81138659.0,81323664.0,81399251.0,81402673.0,81389927.0,81400882.0,81453885.0,81535122.0,81614380.0,81646474.0,81602741.0,81472226.0,81277830.0,81065752.0,80899961.0,80827002.0,80855632.0,80972628.0,81174367.0,81450378.0,81787411.0,82193768.0,82658409.0,81858893.3505,81587993.4342,81276060.9125,80936461.7206,80586252.439,80230280.2494,79873404.1417,79520505.2272,79164172.3172,78795853.3918,78418769.9125,78036185.9628,77651410.8392,77250059.4862,76820253.0191,76369007.8234,75903219.9995,75429663.7096,74948800.5324,74457695.4579,73957903.1364,73450931.064,72938237.2841,72417251.6686,71883409.6917,71335173.1297,70771050.1248,70189597.7353,69593581.3979,68988685.1687,68377892.4938,67764199.5831,67150616.1617
,DEU,,gdp,gdp,GDPPPP,ECO,2011GKD,,2010535750000.0,2137253000000.0,2223187250000.0,2236690750000.0,2311787000000.0,2385246250000.0,2401584500000.0,2492629500000.0,2590183000000.0,2701052000000.0,2729855500000.0,2772207500000.0,2764155250000.0,2774446750000.0,2831799750000.0,2908366000000.0,3011333000000.0,3158374500000.0,3238329000000.0,3092077500000.0,3262929500000.0,3443508000000.0,3475096500000.0,3515384750000.0,3621184750000.0,3731792500000.0,3846867000000.0,3994907500000.0,3951173605132.772,3982484547360.835,4008189813289.638,4031555026818.967,4054548433015.661,4076452693733.377,4096558017163.945,4114160142047.741,4128842937529.859,4141182596197.633,4151966940951.505,4161983981292.479,4172021382877.581,4181905176333.9736,4191258646003.887,4200569882737.715,4210333151492.246,4221047658619.746,4234120305425.436,4249461982565.103,4265328988200.3486,4279977547793.162,4291665498922.931,4301683326642.552,4311673198776.737,4320419515402.018,4326703034165.38,4329298550326.315,4329742788988.4487,4330276627924.583,4330726248822.073,4330920542674.815,4330690738599.892
"The target value from 'unconditional_best' was used for 'conditional_worst' in 2030.
The target value from 'unconditional_best' was used for 'conditional_best' in 2030.
",DEU,RBY,conditional,worst,KYOTOGHG,IPCM0EL,MtCO2eq,AR4,1259.072,1211.907,1161.5437,1152.4479,1132.8118,1129.7134,1149.3179,1114.282,1089.0626,1055.2201,1054.8375,1069.4646,1046.9998,1043.9976,1027.5603,1001.6685,1010.0873,983.1256,984.0531,915.5707,952.6824,930.2584,934.1591,950.8857,911.6112,915.4342,919.1411,914.4587,912.4901,919.3445,925.5518,908.810260161806,891.6675188692017,874.0533697369677,855.9057874263514,837.1710276450681,817.8675298001299,798.2001462335579,778.3825287024176,758.6049197521921,739.0347999999999,743.5431909435905,748.0784701479896,752.7436589270814,757.6441955170694,762.8883882494131,768.7504067497716,775.2355380357196,782.0467272483814,788.881481453662,795.4314164693112,801.8703996447143,808.4367999436677,814.9095445027264,821.0611405085333,826.6569199095944,831.9829103567009,837.465925225776,843.0758285166439,848.7825597579512,854.5559074206997
,DEU,RBY,conditional,best,KYOTOGHG,IPCM0EL,MtCO2eq,AR4,1259.072,1211.907,1161.5437,1152.4479,1132.8118,1129.7134,1149.3179,1114.282,1089.0626,1055.2201,1054.8375,1069.4646,1046.9998,1043.9976,1027.5603,1001.6685,1010.0873,983.1256,984.0531,915.5707,952.6824,930.2584,934.1591,950.8857,911.6112,915.4342,919.1411,914.4587,912.4901,919.3445,925.5518,908.810260161806,891.6675188692017,874.0533697369677,855.9057874263514,837.1710276450681,817.8675298001299,798.2001462335579,778.3825287024176,758.6049197521921,739.0347999999999,743.5431909435905,748.0784701479896,752.7436589270814,757.6441955170694,762.8883882494131,768.7504067497716,775.2355380357196,782.0467272483814,788.881481453662,795.4314164693112,801.8703996447143,808.4367999436677,814.9095445027264,821.0611405085333,826.6569199095944,831.9829103567009,837.465925225776,843.0758285166439,848.7825597579512,854.5559074206997
"The target value from 'unconditional_best' was used for 'unconditional_worst' in 2030.
",DEU,RBY,unconditional,worst,KYOTOGHG,IPCM0EL,MtCO2eq,AR4,1259.072,1211.907,1161.5437,1152.4479,1132.8118,1129.7134,1149.3179,1114.282,1089.0626,1055.2201,1054.8375,1069.4646,1046.9998,1043.9976,1027.5603,1001.6685,1010.0873,983.1256,984.0531,915.5707,952.6824,930.2584,934.1591,950.8857,911.6112,915.4342,919.1411,914.4587,912.4901,919.3445,925.5518,908.810260161806,891.6675188692017,874.0533697369677,855.9057874263514,837.1710276450681,817.8675298001299,798.2001462335579,778.3825287024176,758.6049197521921,739.0347999999999,743.5431909435905,748.0784701479896,752.7436589270814,757.6441955170694,762.8883882494131,768.7504067497716,775.2355380357196,782.0467272483814,788.881481453662,795.4314164693112,801.8703996447143,808.4367999436677,814.9095445027264,821.0611405085333,826.6569199095944,831.9829103567009,837.465925225776,843.0758285166439,848.7825597579512,854.5559074206997
,DEU,RBY,unconditional,best,KYOTOGHG,IPCM0EL,MtCO2eq,AR4,1259.072,1211.907,1161.5437,1152.4479,1132.8118,1129.7134,1149.3179,1114.282,1089.0626,1055.2201,1054.8375,1069.4646,1046.9998,1043.9976,1027.5603,1001.6685,1010.0873,983.1256,984.0531,915.5707,952.6824,930.2584,934.1591,950.8857,911.6112,915.4342,919.1411,914.4587,912.4901,919.3445,925.5518,908.810260161806,891.6675188692017,874.0533697369677,855.9057874263514,837.1710276450681,817.8675298001299,798.2001462335579,778.3825287024176,758.6049197521921,739.0347999999999,743.5431909435905,748.0784701479896,752.7436589270814,757.6441955170694,762.8883882494131,768.7504067497716,775.2355380357196,782.0467272483814,788.881481453662,795.4314164693112,801.8703996447143,808.4367999436677,814.9095445027264,821.0611405085333,826.6569199095944,831.9829103567009,837.465925225776,843.0758285166439,848.7825597579512,854.5559074206997
"No targets calculated, so the baseline emissions are put in as target pathways for all un/conditional best/worst pathways.
",DEU,baseline_emissions,conditional,worst,KYOTOGHG,IPCM0EL,MtCO2eq,AR4,1259.072,1211.907,1161.5437,1152.4479,1132.8118,1129.7134,1149.3179,1114.282,1089.0626,1055.2201,1054.8375,1069.4646,1046.9998,1043.9976,1027.5603,1001.6685,1010.0873,983.1256,984.0531,915.5707,952.6824,930.2584,934.1591,950.8857,911.6112,915.4342,919.1411,914.4587,912.4901,919.3445,925.5518,931.6078,937.5536,943.3047,948.7765,953.8844,958.6187,963.1935,967.8599,972.8705,978.4805,984.4496,990.4543,996.6310000000001,1003.1193,1010.0626,1017.8239,1026.4102,1035.4282,1044.4774,1053.1495,1061.6747,1070.3686,1078.9385,1087.0832,1094.492,1101.5436,1108.8031,1116.2306,1123.7863,1131.4302
"No targets calculated, so the baseline emissions are put in as target pathways for all un/conditional best/worst pathways.
",DEU,baseline_emissions,conditional,best,KYOTOGHG,IPCM0EL,MtCO2eq,AR4,1259.072,1211.907,1161.5437,1152.4479,1132.8118,1129.7134,1149.3179,1114.282,1089.0626,1055.2201,1054.8375,1069.4646,1046.9998,1043.9976,1027.5603,1001.6685,1010.0873,983.1256,984.0531,915.5707,952.6824,930.2584,934.1591,950.8857,911.6112,915.4342,919.1411,914.4587,912.4901,919.3445,925.5518,931.6078,937.5536,943.3047,948.7765,953.8844,958.6187,963.1935,967.8599,972.8705,978.4805,984.4496,990.4543,996.6310000000001,1003.1193,1010.0626,1017.8239,1026.4102,1035.4282,1044.4774,1053.1495,1061.6747,1070.3686,1078.9385,1087.0832,1094.492,1101.5436,1108.8031,1116.2306,1123.7863,1131.4302
"No targets calculated, so the baseline emissions are put in as target pathways for all un/conditional best/worst pathways.
",DEU,baseline_emissions,unconditional,worst,KYOTOGHG,IPCM0EL,MtCO2eq,AR4,1259.072,1211.907,1161.5437,1152.4479,1132.8118,1129.7134,1149.3179,1114.282,1089.0626,1055.2201,1054.8375,1069.4646,1046.9998,1043.9976,1027.5603,1001.6685,1010.0873,983.1256,984.0531,915.5707,952.6824,930.2584,934.1591,950.8857,911.6112,915.4342,919.1411,914.4587,912.4901,919.3445,925.5518,931.6078,937.5536,943.3047,948.7765,953.8844,958.6187,963.1935,967.8599,972.8705,978.4805,984.4496,990.4543,996.6310000000001,1003.1193,1010.0626,1017.8239,1026.4102,1035.4282,1044.4774,1053.1495,1061.6747,1070.3686,1078.9385,1087.0832,1094.492,1101.5436,1108.8031,1116.2306,1123.7863,1131.4302
"No targets calculated, so the baseline emissions are put in as target pathways for all un/conditional best/worst pathways.
",DEU,baseline_emissions,unconditional,best,KYOTOGHG,IPCM0EL,MtCO2eq,AR4,1259.072,1211.907,1161.5437,1152.4479,1132.8118,1129.7134,1149.3179,1114.282,1089.0626,1055.2201,1054.8375,1069.4646,1046.9998,1043.9976,1027.5603,1001.6685,1010.0873,983.1256,984.0531,915.5707,952.6824,930.2584,934.1591,950.8857,911.6112,915.4342,919.1411,914.4587,912.4901,919.3445,925.5518,931.6078,937.5536,943.3047,948.7765,953.8844,958.6187,963.1935,967.8599,972.8705,978.4805,984.4496,990.4543,996.6310000000001,1003.1193,1010.0626,1017.8239,1026.4102,1035.4282,1044.4774,1053.1495,1061.6747,1070.3686,1078.9385,1087.0832,1094.492,1101.5436,1108.8031,1116.2306,1123.7863,1131.4302
,DEU,,emi_bau,emi_bau,KYOTOGHG,IPCM0EL,MtCO2eq,AR4,1259.072,1211.907,1161.5437,1152.4479,1132.8118,1129.7134,1149.3179,1114.282,1089.0626,1055.2201,1054.8375,1069.4646,1046.9998,1043.9976,1027.5603,1001.6685,1010.0873,983.1256,984.0531,915.5707,952.6824,930.2584,934.1591,950.8857,911.6112,915.4342,919.1411,914.4587,912.4901,919.3445,925.5518,931.6078,937.5536,943.3047,948.7765,953.8844,958.6187,963.1935,967.8599,972.8705,978.4805,984.4496,990.4543,996.6310000000001,1003.1193,1010.0626,1017.8239,1026.4102,1035.4282,1044.4774,1053.1495,1061.6747,1070.3686,1078.9385,1087.0832,1094.492,1101.5436,1108.8031,1116.2306,1123.7863,1131.4302
,DEU,,emi_cov,emi_cov,KYOTOGHG,IPCM0EL,MtCO2eq,AR4,1259.072,1211.907,1161.5437,1152.4479,1132.8118,1129.7134,1149.3179,1114.282,1089.0626,1055.2201,1054.8375,1069.4646,1046.9998,1043.9976,1027.5603,1001.6685,1010.0873,983.1256,984.0531,915.5707,952.6824,930.2584,934.1591,950.8857,911.6112,915.4342,919.1411,914.4587,912.4901,919.3445,925.5518,931.6078,937.5536,943.3047,948.7765,953.8844,958.6187,963.1935,967.8599,972.8705,978.4805,984.4496,990.4543,996.6310000000001,1003.1193,1010.0626,1017.8239,1026.4102,1035.4282,1044.4774,1053.1495,1061.6747,1070.3686,1078.9385,1087.0832,1094.492,1101.5436,1108.8031,1116.2306,1123.7863,1131.4302
,DEU,,emi_ncov,emi_ncov,KYOTOGHG,IPCM0EL,MtCO2eq,AR4,0.0,0.0,0.0,0.0,0.0,0.0,0.0,0.0,0.0,0.0,0.0,0.0,0.0,0.0,0.0,0.0,0.0,0.0,0.0,0.0,0.0,0.0,0.0,0.0,0.0,0.0,0.0,0.0,0.0,0.0,0.0,0.0,0.0,0.0,0.0,0.0,0.0,0.0,0.0,0.0,0.0,0.0,0.0,0.0,0.0,0.0,0.0,0.0,0.0,0.0,0.0,0.0,0.0,0.0,0.0,0.0,0.0,0.0,0.0,0.0,0.0
,DEU,,pc_cov,pc_cov,KYOTOGHG,IPCM0EL,MtCO2eq/MtCO2eq,AR4,1.0,1.0,1.0,1.0,1.0,1.0,1.0,1.0,1.0,1.0,1.0,1.0,1.0,1.0,1.0,1.0,1.0,1.0,1.0,1.0,1.0,1.0,1.0,1.0,1.0,1.0,1.0,1.0,1.0,1.0,1.0,1.0,1.0,1.0,1.0,1.0,1.0,1.0,1.0,1.0,1.0,1.0,1.0,1.0,1.0,1.0,1.0,1.0,1.0,1.0,1.0,1.0,1.0,1.0,1.0,1.0,1.0,1.0,1.0,1.0,1.0
,DJI,,pop,pop,POP,DEMOGR,Pers,,590398.0,606844.0,615054.0,618495.0,622366.0,630388.0,643654.0,660863.0,680463.0,699975.0,717584.0,733015.0,746942.0,759641.0,771603.0,783254.0,794563.0,805451.0,816358.0,827823.0,840198.0,853674.0,868137.0,883293.0,898695.0,913993.0,929112.0,944099.0,956523.1706,971614.1516,986682.9016,1001859.5522,1017207.0058,1032622.487,1048004.0637,1063250.6383,1078261.1178,1092995.9098,1107445.0524,1121596.1449,1135434.2801,1149008.2472,1162389.1109,1175593.9971,1188640.7239,1201547.8109,1214287.377,1226823.9963,1239165.3847,1251319.2396,1263293.2363,1275134.5806,1286890.8847,1298571.0523,1310184.8486,1321742.8949,1333198.732,1344463.7106,1355484.3513,1366205.3197,1376569.5028
,DJI,,gdp,gdp,GDPPPP,ECO,2011GKD,,1239783447.2656,1199345092.7734,1346479370.1172,1729893432.6172,1278917968.75,1502683959.9609,1351199829.1016,1493753540.0391,1475103149.4141,1588134643.5547,1607896362.3047,1661423461.9141,1619697021.4844,1726996948.2422,1805744506.8359,1950246582.0313,2251119628.9063,2252876464.8438,2472222167.9688,2081896484.375,1898152221.6797,2081503906.25,2182106445.3125,2396691650.3906,2627947998.0469,2676642822.2656,3608637451.1719,3329220947.2656,3285740150.9318,3459884886.5902,3648121048.3251,3856745320.1382,4086877614.3033,4333787410.3202,4592755391.9291,4859042724.2339,5131664230.4136,5412211287.0289,5699826598.3608,5993707387.3727,6293103627.8157,6599188410.845,6913639712.0130005,7236514000.6527,7567881387.9121,7907825805.4496,8255683705.4502,8610825944.4957,8973444690.3159,9343792450.4717,9722181915.5333,10107585063.2468,10499178103.646,10897691803.5726,11303943808.5081,11718837857.033,12142959448.5761,12575801731.285,13016703576.4525,13465013631.0751,13920086832.363998
"The target value from 'conditional_best' was used for 'conditional_worst' in 2030.
",DJI,ABS,conditional,worst,KYOTOGHG,IPCM0EL,MtCO2eq,AR4,1.1523,1.1698,1.1568,1.1709,1.145,1.1948,1.2295,1.2685,1.2495,1.2779,1.3151,1.3967,1.4029,1.4402,1.4599,1.4780000000000002,1.4713,1.5686,1.6333,1.6057,1.6702,1.6337,1.7564,1.7919999999999998,1.9013,1.9525,1.9581,2.0103,2.308533333333333,2.6067666666666667,2.905,2.8878374044063087,2.852814895351998,2.799932472837067,2.729190136861515,2.6405878874253434,2.534125724528552,2.40980364817114,2.267621658353108,2.1075797550744557,1.9296779383351825,1.9783187587696427,2.0279082476877535,2.078403283794804,2.1298469883855047,2.1822393614598563,2.2354941604284364,2.289611385291244,2.3446341573429916,2.40060559787839,2.4575688281921497,2.515523848284273,2.574470658154758,2.634323015214182,2.695124040757257,2.756830613489271,2.819399612115514,2.882529187573004,2.9459606120934745,3.00952140049808,3.072909703723839
,DJI,ABS,conditional,best,KYOTOGHG,IPCM0EL,MtCO2eq,AR4,1.1523,1.1698,1.1568,1.1709,1.145,1.1948,1.2295,1.2685,1.2495,1.2779,1.3151,1.3967,1.4029,1.4402,1.4599,1.4780000000000002,1.4713,1.5686,1.6333,1.6057,1.6702,1.6337,1.7564,1.7919999999999998,1.9013,1.9525,1.9581,2.0103,2.308533333333333,2.6067666666666667,2.905,2.8878374044063087,2.852814895351998,2.799932472837067,2.729190136861515,2.6405878874253434,2.534125724528552,2.40980364817114,2.267621658353108,2.1075797550744557,1.9296779383351825,1.9783187587696427,2.0279082476877535,2.078403283794804,2.1298469883855047,2.1822393614598563,2.2354941604284364,2.289611385291244,2.3446341573429916,2.40060559787839,2.4575688281921497,2.515523848284273,2.574470658154758,2.634323015214182,2.695124040757257,2.756830613489271,2.819399612115514,2.882529187573004,2.9459606120934745,3.00952140049808,3.072909703723839
"The target value from 'unconditional_best' was used for 'unconditional_worst' in 2030.
",DJI,ABS,unconditional,worst,KYOTOGHG,IPCM0EL,MtCO2eq,AR4,1.1523,1.1698,1.1568,1.1709,1.145,1.1948,1.2295,1.2685,1.2495,1.2779,1.3151,1.3967,1.4029,1.4402,1.4599,1.4780000000000002,1.4713,1.5686,1.6333,1.6057,1.6702,1.6337,1.7564,1.7919999999999998,1.9013,1.9525,1.9581,2.0103,2.308533333333333,2.6067666666666667,2.905,2.9538561066094635,2.9916223430279967,3.0182987092556006,3.0338852052922722,3.038381831138015,3.0317885867928274,3.0141054722567096,2.985332487529661,2.945469632611683,2.8945169075027737,2.9674781381544637,3.0418623715316304,3.1176049256922056,3.194770482578257,3.2733590421897842,3.353241240642655,3.4344170779368657,3.5169512360144877,3.600908396817585,3.6863532422882246,3.773285772426409,3.8617059872321366,3.9514845228212727,4.0426860611358855,4.135245920233906,4.229099418173271,4.323793781359506,4.418940918140212,4.51428210074712,4.609364555585758
,DJI,ABS,unconditional,best,KYOTOGHG,IPCM0EL,MtCO2eq,AR4,1.1523,1.1698,1.1568,1.1709,1.145,1.1948,1.2295,1.2685,1.2495,1.2779,1.3151,1.3967,1.4029,1.4402,1.4599,1.4780000000000002,1.4713,1.5686,1.6333,1.6057,1.6702,1.6337,1.7564,1.7919999999999998,1.9013,1.9525,1.9581,2.0103,2.308533333333333,2.6067666666666667,2.905,2.9538561066094635,2.9916223430279967,3.0182987092556006,3.0338852052922722,3.038381831138015,3.0317885867928274,3.0141054722567096,2.985332487529661,2.945469632611683,2.8945169075027737,2.9674781381544637,3.0418623715316304,3.1176049256922056,3.194770482578257,3.2733590421897842,3.353241240642655,3.4344170779368657,3.5169512360144877,3.600908396817585,3.6863532422882246,3.773285772426409,3.8617059872321366,3.9514845228212727,4.0426860611358855,4.135245920233906,4.229099418173271,4.323793781359506,4.418940918140212,4.51428210074712,4.609364555585758
"The target value from 'conditional_best' was used for 'conditional_worst' in 2030.
",DJI,ABU,conditional,worst,KYOTOGHG,IPCM0EL,MtCO2eq,AR4,1.1523,1.1698,1.1568,1.1709,1.145,1.1948,1.2295,1.2685,1.2495,1.2779,1.3151,1.3967,1.4029,1.4402,1.4599,1.4780000000000002,1.4713,1.5686,1.6333,1.6057,1.6702,1.6337,1.7564,1.7919999999999998,1.9013,1.9525,1.9581,2.0103,2.308533333333333,2.6067666666666667,2.905,2.863943893390536,2.802577656972003,2.7209012907444006,2.618914794707727,2.4966181688619846,2.3540114132071723,2.19109452774329,2.007867512470339,1.8043303673883175,1.580483092497226,1.620321861845536,1.6609376284683697,1.7022950743077943,1.7444295174217426,1.7873409578102144,1.8309587593573449,1.8752829220631326,1.9203487639855121,1.966191603182415,2.012846757711774,2.0603142275735906,2.1085940127678633,2.157615477178727,2.2074139388641143,2.257954079766092,2.309200581826729,2.3609062186404928,2.412859081859787,2.4649178992528804,2.516835444414242
,DJI,ABU,conditional,best,KYOTOGHG,IPCM0EL,MtCO2eq,AR4,1.1523,1.1698,1.1568,1.1709,1.145,1.1948,1.2295,1.2685,1.2495,1.2779,1.3151,1.3967,1.4029,1.4402,1.4599,1.4780000000000002,1.4713,1.5686,1.6333,1.6057,1.6702,1.6337,1.7564,1.7919999999999998,1.9013,1.9525,1.9581,2.0103,2.308533333333333,2.6067666666666667,2.905,2.863943893390536,2.802577656972003,2.7209012907444006,2.618914794707727,2.4966181688619846,2.3540114132071723,2.19109452774329,2.007867512470339,1.8043303673883175,1.580483092497226,1.620321861845536,1.6609376284683697,1.7022950743077943,1.7444295174217426,1.7873409578102144,1.8309587593573449,1.8752829220631326,1.9203487639855121,1.966191603182415,2.012846757711774,2.0603142275735906,2.1085940127678633,2.157615477178727,2.2074139388641143,2.257954079766092,2.309200581826729,2.3609062186404928,2.412859081859787,2.4649178992528804,2.516835444414242
"The target value from 'unconditional_best' was used for 'unconditional_worst' in 2030.
",DJI,ABU,unconditional,worst,KYOTOGHG,IPCM0EL,MtCO2eq,AR4,1.1523,1.1698,1.1568,1.1709,1.145,1.1948,1.2295,1.2685,1.2495,1.2779,1.3151,1.3967,1.4029,1.4402,1.4599,1.4780000000000002,1.4713,1.5686,1.6333,1.6057,1.6702,1.6337,1.7564,1.7919999999999998,1.9013,1.9525,1.9581,2.0103,2.308533333333333,2.6067666666666667,2.905,2.929962595593691,2.9413851046480017,2.939267527162934,2.923609863138484,2.8944121125746562,2.8516742754714484,2.7953963518288596,2.7255783416468926,2.642220244925545,2.545322061664817,2.6094812412303567,2.674891752312246,2.7414967162051957,2.8093530116144945,2.878460638540142,2.948705839571563,3.020088614708754,3.0926658426570075,3.1664944021216095,3.2416311718078483,3.3180761517157262,3.395829341845242,3.474776984785817,3.5549759592427423,3.636369386510727,3.7189003878844855,3.802170812426994,3.8858393879065236,3.9696785995019197,4.0532902962761606
,DJI,ABU,unconditional,best,KYOTOGHG,IPCM0EL,MtCO2eq,AR4,1.1523,1.1698,1.1568,1.1709,1.145,1.1948,1.2295,1.2685,1.2495,1.2779,1.3151,1.3967,1.4029,1.4402,1.4599,1.4780000000000002,1.4713,1.5686,1.6333,1.6057,1.6702,1.6337,1.7564,1.7919999999999998,1.9013,1.9525,1.9581,2.0103,2.308533333333333,2.6067666666666667,2.905,2.929962595593691,2.9413851046480017,2.939267527162934,2.923609863138484,2.8944121125746562,2.8516742754714484,2.7953963518288596,2.7255783416468926,2.642220244925545,2.545322061664817,2.6094812412303567,2.674891752312246,2.7414967162051957,2.8093530116144945,2.878460638540142,2.948705839571563,3.020088614708754,3.0926658426570075,3.1664944021216095,3.2416311718078483,3.3180761517157262,3.395829341845242,3.474776984785817,3.5549759592427423,3.636369386510727,3.7189003878844855,3.802170812426994,3.8858393879065236,3.9696785995019197,4.0532902962761606
"The target value from 'conditional_best' was used for 'conditional_worst' in 2030.
",DJI,RBU,conditional,worst,KYOTOGHG,IPCM0EL,MtCO2eq,AR4,1.1523,1.1698,1.1568,1.1709,1.145,1.1948,1.2295,1.2685,1.2495,1.2779,1.3151,1.3967,1.4029,1.4402,1.4599,1.4780000000000002,1.4713,1.5686,1.6333,1.6057,1.6702,1.6337,1.7564,1.7919999999999998,1.9013,1.9525,1.9581,2.0103,2.308533333333333,2.6067666666666667,2.905,2.87828060848064,2.83272127935936,2.76832201263616,2.68508280831104,2.583003666384,2.46208458685504,2.3223255697241596,2.16372661499136,1.98628772265664,1.7900088927200002,1.8351291168761603,1.8811293454041602,1.9279695781052801,1.9756898151782403,2.0242900566230397,2.07369030204224,2.12389055143584,2.1749308050025604,2.2268510629411202,2.27969132545024,2.3334515925299204,2.3881318641801603,2.4436521400035205,2.5000524201987204,2.5572927045670397,2.61533299290976,2.67389328383584,2.73273357615296,2.7916938690662403,2.8504941611846406
,DJI,RBU,conditional,best,KYOTOGHG,IPCM0EL,MtCO2eq,AR4,1.1523,1.1698,1.1568,1.1709,1.145,1.1948,1.2295,1.2685,1.2495,1.2779,1.3151,1.3967,1.4029,1.4402,1.4599,1.4780000000000002,1.4713,1.5686,1.6333,1.6057,1.6702,1.6337,1.7564,1.7919999999999998,1.9013,1.9525,1.9581,2.0103,2.308533333333333,2.6067666666666667,2.905,2.87828060848064,2.83272127935936,2.76832201263616,2.68508280831104,2.583003666384,2.46208458685504,2.3223255697241596,2.16372661499136,1.98628772265664,1.7900088927200002,1.8351291168761603,1.8811293454041602,1.9279695781052801,1.9756898151782403,2.0242900566230397,2.07369030204224,2.12389055143584,2.1749308050025604,2.2268510629411202,2.27969132545024,2.3334515925299204,2.3881318641801603,2.4436521400035205,2.5000524201987204,2.5572927045670397,2.61533299290976,2.67389328383584,2.73273357615296,2.7916938690662403,2.8504941611846406
"The target value from 'unconditional_best' was used for 'unconditional_worst' in 2030.
",DJI,RBU,unconditional,worst,KYOTOGHG,IPCM0EL,MtCO2eq,AR4,1.1523,1.1698,1.1568,1.1709,1.145,1.1948,1.2295,1.2685,1.2495,1.2779,1.3151,1.3967,1.4029,1.4402,1.4599,1.4780000000000002,1.4713,1.5686,1.6333,1.6057,1.6702,1.6337,1.7564,1.7919999999999998,1.9013,1.9525,1.9581,2.0103,2.308533333333333,2.6067666666666667,2.905,2.93952040565376,2.9614808529062397,2.9708813417574405,2.9677218722073593,2.952002444256,2.92372305790336,2.88288371314944,2.8294844099942407,2.7635251484377603,2.68500592848,2.75268607791744,2.82168623026944,2.8919463854035197,2.9635265434521596,3.0364267044153594,3.1105268680281597,3.185827034290559,3.26238720333504,3.34026737529408,3.419527550300159,3.5001677283532797,3.58218790945344,3.66546809333568,3.75006828013248,3.835928469711359,3.92298866193984,4.010828855890559,4.099089050768639,4.18752924604416,4.27572944078976
,DJI,RBU,unconditional,best,KYOTOGHG,IPCM0EL,MtCO2eq,AR4,1.1523,1.1698,1.1568,1.1709,1.145,1.1948,1.2295,1.2685,1.2495,1.2779,1.3151,1.3967,1.4029,1.4402,1.4599,1.4780000000000002,1.4713,1.5686,1.6333,1.6057,1.6702,1.6337,1.7564,1.7919999999999998,1.9013,1.9525,1.9581,2.0103,2.308533333333333,2.6067666666666667,2.905,2.93952040565376,2.9614808529062397,2.9708813417574405,2.9677218722073593,2.952002444256,2.92372305790336,2.88288371314944,2.8294844099942407,2.7635251484377603,2.68500592848,2.75268607791744,2.82168623026944,2.8919463854035197,2.9635265434521596,3.0364267044153594,3.1105268680281597,3.185827034290559,3.26238720333504,3.34026737529408,3.419527550300159,3.5001677283532797,3.58218790945344,3.66546809333568,3.75006828013248,3.835928469711359,3.92298866193984,4.010828855890559,4.099089050768639,4.18752924604416,4.27572944078976
"No targets calculated, so the baseline emissions are put in as target pathways for all un/conditional best/worst pathways.
",DJI,baseline_emissions,conditional,worst,KYOTOGHG,IPCM0EL,MtCO2eq,AR4,1.1523,1.1698,1.1568,1.1709,1.145,1.1948,1.2295,1.2685,1.2495,1.2779,1.3151,1.3967,1.4029,1.4402,1.4599,1.4780000000000002,1.4713,1.5686,1.6333,1.6057,1.6702,1.6337,1.7564,1.7919999999999998,1.9013,1.9525,1.9581,2.0103,2.308533333333333,2.6067666666666667,2.905,3.062,3.219,3.3760000000000003,3.5329999999999995,3.69,3.847,4.004,4.1610000000000005,4.3180000000000005,4.475,4.5878,4.7028,4.8199,4.9392,5.060699999999999,5.1842,5.3096999999999985,5.4373,5.5671,5.6991999999999985,5.8336,5.9703,6.1091,6.2501,6.393199999999998,6.5383,6.6846999999999985,6.8317999999999985,6.9792,7.1262
"No targets calculated, so the baseline emissions are put in as target pathways for all un/conditional best/worst pathways.
",DJI,baseline_emissions,conditional,best,KYOTOGHG,IPCM0EL,MtCO2eq,AR4,1.1523,1.1698,1.1568,1.1709,1.145,1.1948,1.2295,1.2685,1.2495,1.2779,1.3151,1.3967,1.4029,1.4402,1.4599,1.4780000000000002,1.4713,1.5686,1.6333,1.6057,1.6702,1.6337,1.7564,1.7919999999999998,1.9013,1.9525,1.9581,2.0103,2.308533333333333,2.6067666666666667,2.905,3.062,3.219,3.3760000000000003,3.5329999999999995,3.69,3.847,4.004,4.1610000000000005,4.3180000000000005,4.475,4.5878,4.7028,4.8199,4.9392,5.060699999999999,5.1842,5.3096999999999985,5.4373,5.5671,5.6991999999999985,5.8336,5.9703,6.1091,6.2501,6.393199999999998,6.5383,6.6846999999999985,6.8317999999999985,6.9792,7.1262
"No targets calculated, so the baseline emissions are put in as target pathways for all un/conditional best/worst pathways.
",DJI,baseline_emissions,unconditional,worst,KYOTOGHG,IPCM0EL,MtCO2eq,AR4,1.1523,1.1698,1.1568,1.1709,1.145,1.1948,1.2295,1.2685,1.2495,1.2779,1.3151,1.3967,1.4029,1.4402,1.4599,1.4780000000000002,1.4713,1.5686,1.6333,1.6057,1.6702,1.6337,1.7564,1.7919999999999998,1.9013,1.9525,1.9581,2.0103,2.308533333333333,2.6067666666666667,2.905,3.062,3.219,3.3760000000000003,3.5329999999999995,3.69,3.847,4.004,4.1610000000000005,4.3180000000000005,4.475,4.5878,4.7028,4.8199,4.9392,5.060699999999999,5.1842,5.3096999999999985,5.4373,5.5671,5.6991999999999985,5.8336,5.9703,6.1091,6.2501,6.393199999999998,6.5383,6.6846999999999985,6.8317999999999985,6.9792,7.1262
"No targets calculated, so the baseline emissions are put in as target pathways for all un/conditional best/worst pathways.
",DJI,baseline_emissions,unconditional,best,KYOTOGHG,IPCM0EL,MtCO2eq,AR4,1.1523,1.1698,1.1568,1.1709,1.145,1.1948,1.2295,1.2685,1.2495,1.2779,1.3151,1.3967,1.4029,1.4402,1.4599,1.4780000000000002,1.4713,1.5686,1.6333,1.6057,1.6702,1.6337,1.7564,1.7919999999999998,1.9013,1.9525,1.9581,2.0103,2.308533333333333,2.6067666666666667,2.905,3.062,3.219,3.3760000000000003,3.5329999999999995,3.69,3.847,4.004,4.1610000000000005,4.3180000000000005,4.475,4.5878,4.7028,4.8199,4.9392,5.060699999999999,5.1842,5.3096999999999985,5.4373,5.5671,5.6991999999999985,5.8336,5.9703,6.1091,6.2501,6.393199999999998,6.5383,6.6846999999999985,6.8317999999999985,6.9792,7.1262
,DJI,,emi_bau,emi_bau,KYOTOGHG,IPCM0EL,MtCO2eq,AR4,1.1523,1.1698,1.1568,1.1709,1.145,1.1948,1.2295,1.2685,1.2495,1.2779,1.3151,1.3967,1.4029,1.4402,1.4599,1.4780000000000002,1.4713,1.5686,1.6333,1.6057,1.6702,1.6337,1.7564,1.7919999999999998,1.9013,1.9525,1.9581,2.0103,2.308533333333333,2.6067666666666667,2.905,3.062,3.219,3.3760000000000003,3.5329999999999995,3.69,3.847,4.004,4.1610000000000005,4.3180000000000005,4.475,4.5878,4.7028,4.8199,4.9392,5.060699999999999,5.1842,5.3096999999999985,5.4373,5.5671,5.6991999999999985,5.8336,5.9703,6.1091,6.2501,6.393199999999998,6.5383,6.6846999999999985,6.8317999999999985,6.9792,7.1262
,DJI,,emi_cov,emi_cov,KYOTOGHG,IPCM0EL,MtCO2eq,AR4,1.1523,1.1698,1.1568,1.1709,1.145,1.1948,1.2295,1.2685,1.2495,1.2779,1.3151,1.3967,1.4029,1.4402,1.4599,1.4780000000000002,1.4713,1.5686,1.6333,1.6057,1.6702,1.6337,1.7564,1.7919999999999998,1.9013,1.9525,1.9581,2.0103,2.308533333333333,2.6067666666666667,2.905,3.062,3.2188970756939996,3.3760000000000003,3.5329851825979994,3.69,3.846970266537,4.004,4.1609256762180005,4.3180000000000005,4.4749851788,4.5878,4.7028,4.8199,4.939129097784,5.060699999999999,5.184172186766999,5.3096999999999985,5.437286341502399,5.5669781250468,5.6991999999999985,5.833573346281599,5.9703,6.1090343516114,6.2501,6.393199999999998,6.5383,6.684674431022499,6.8317999999999985,6.9791873606688,7.12606175172
,DJI,,emi_ncov,emi_ncov,KYOTOGHG,IPCM0EL,MtCO2eq,AR4,0.0,0.0,0.0,0.0,0.0,0.0,0.0,0.0,0.0,0.0,0.0,0.0,0.0,0.0,0.0,0.0,0.0,0.0,0.0,0.0,0.0,0.0,0.0,0.0,0.0,0.0,0.0,0.0,0.0,0.0,0.0,0.0,0.00010292430600032575,0.0,1.4817402000241728e-05,0.0,2.9733463000045646e-05,0.0,7.43237819999152e-05,0.0,1.4821200000147971e-05,0.0,0.0,0.0,7.090221600010586e-05,0.0,2.781323300018106e-05,0.0,1.3658497600054708e-05,0.00012187495320012992,0.0,2.6653718400057257e-05,0.0,6.564838859969702e-05,0.0,0.0,0.0,2.556897749971479e-05,0.0,1.26393311997397e-05,0.00013824828000001958
,DJI,,pc_cov,pc_cov,KYOTOGHG,IPCM0EL,MtCO2eq/MtCO2eq,AR4,1.0,1.0,1.0,1.0,1.0,1.0,1.0,1.0,1.0,1.0,1.0,1.0,1.0,1.0,1.0,1.0,1.0,1.0,1.0,1.0,1.0,1.0,1.0,1.0,1.0,1.0,1.0,1.0,1.0,1.0,1.0,1.0,0.9999680259999999,1.0,0.9999958059999999,1.0,0.999992271,1.0,0.999982138,1.0,0.999996688,1.0,1.0,1.0,0.999985645,1.0,0.999994635,1.0,0.999997488,0.999978108,1.0,0.999995431,1.0,0.999989254,1.0,1.0,1.0,0.999996175,1.0,0.999998189,0.9999806
,DMA,,pop,pop,POP,DEMOGR,Pers,,70419.0,70374.0,70544.0,70831.0,71043.0,71098.0,70936.0,70599.0,70185.0,69835.0,69650.0,69661.0,69837.0,70100.0,70382.0,70589.0,70718.0,70795.0,70827.0,70851.0,70878.0,70916.0,70965.0,71016.0,71085.0,71183.0,71307.0,71458.0,71169.0,71169.0,71169.0,71169.0,71169.0,71169.0,71169.0,71169.0,71169.0,71169.0,71169.0,71169.0,71169.0,71169.0,71169.0,71169.0,71169.0,71169.0,71169.0,71169.0,71169.0,71169.0,71169.0,71169.0,71169.0,71169.0,71169.0,71169.0,71169.0,71169.0,71169.0,71169.0,71169.0
,DMA,,gdp,gdp,GDPPPP,ECO,2011GKD,,509771362.3047,478305389.4043,536623046.875,553893981.9336,544494995.1172,553527832.0313,542557739.2578,527091796.875,580580322.2656,588179931.6406,570256469.7266,548430297.8516,554291503.9063,535688781.7383,556582946.7773,567545654.2969,609702270.5078,646958374.0234,701199462.8906,696982604.9805,711160705.5664,723455627.4414,714451477.0508,710353149.4141,744035034.1797,726658386.2305,741918640.1367,670653869.6289,718011759.4401168,718011759.4401168,718011759.4401168,718011759.4401168,718011759.4401168,718011759.4401168,718011759.4401168,718011759.4401168,718011759.4401168,718011759.4401168,718011759.4401168,718011759.4401168,718011759.4401168,718011759.4401168,718011759.4401168,718011759.4401168,718011759.4401168,718011759.4401168,718011759.4401168,718011759.4401168,718011759.4401168,718011759.4401168,718011759.4401168,718011759.4401168,718011759.4401168,718011759.4401168,718011759.4401168,718011759.4401168,718011759.4401168,718011759.4401168,718011759.4401168,718011759.4401168,718011759.4401168
"The target value from 'conditional_best' was used for 'conditional_worst' in 2025, 2030.
",DMA,ABS,conditional,worst,KYOTOGHG,IPCM0EL,MtCO2eq,AR4,0.11635999999999999,0.11707000000000001,0.11632999999999999,0.12085,0.12534,0.14475,0.13898,0.1514,0.15295,0.16324,0.19262,0.20254,0.19521,0.19548,0.18655,0.20122,0.19510999999999998,0.24147,0.21394000000000002,0.21291999999999997,0.22071,0.21277,0.22043000000000001,0.21861,0.21986,0.22635,0.22807,0.22793000000000002,0.22354166666666667,0.22354166666666667,0.22354166666666667,0.19943439546514213,0.17532712426361763,0.15121985306209312,0.1271125818605686,0.10300531065904409,0.10115121506718129,0.0992971194753185,0.0974430238834557,0.0955889282915929,0.09373483269973011,0.09373483269973011,0.09373483269973011,0.09373483269973011,0.09373483269973011,0.09373483269973011,0.09373483269973011,0.09373483269973011,0.09373483269973011,0.09373483269973011,0.09373483269973011,0.09373483269973011,0.09373483269973011,0.09373483269973011,0.09373483269973011,0.09373483269973011,0.09373483269973011,0.09373483269973011,0.09373483269973011,0.09373483269973011,0.09373483269973011
,DMA,ABS,conditional,best,KYOTOGHG,IPCM0EL,MtCO2eq,AR4,0.11635999999999999,0.11707000000000001,0.11632999999999999,0.12085,0.12534,0.14475,0.13898,0.1514,0.15295,0.16324,0.19262,0.20254,0.19521,0.19548,0.18655,0.20122,0.19510999999999998,0.24147,0.21394000000000002,0.21291999999999997,0.22071,0.21277,0.22043000000000001,0.21861,0.21986,0.22635,0.22807,0.22793000000000002,0.22354166666666667,0.22354166666666667,0.22354166666666667,0.19943439546514213,0.17532712426361763,0.15121985306209312,0.1271125818605686,0.10300531065904409,0.10115121506718129,0.0992971194753185,0.0974430238834557,0.0955889282915929,0.09373483269973011,0.09373483269973011,0.09373483269973011,0.09373483269973011,0.09373483269973011,0.09373483269973011,0.09373483269973011,0.09373483269973011,0.09373483269973011,0.09373483269973011,0.09373483269973011,0.09373483269973011,0.09373483269973011,0.09373483269973011,0.09373483269973011,0.09373483269973011,0.09373483269973011,0.09373483269973011,0.09373483269973011,0.09373483269973011,0.09373483269973011
,DMA,ABS,unconditional,worst,KYOTOGHG,IPCM0EL,MtCO2eq,AR4,0.11635999999999999,0.11707000000000001,0.11632999999999999,0.12085,0.12534,0.14475,0.13898,0.1514,0.15295,0.16324,0.19262,0.20254,0.19521,0.19548,0.18655,0.20122,0.19510999999999998,0.24147,0.21394000000000002,0.21291999999999997,0.22071,0.21277,0.22043000000000001,0.21861,0.21986,0.22635,0.22807,0.22793000000000002,0.22354166666666667,0.22354166666666667,0.22354166666666667,0.22354166666666667,0.22354166666666667,0.22354166666666667,0.22354166666666667,0.22354166666666667,0.22354166666666667,0.22354166666666667,0.22354166666666667,0.22354166666666667,0.22354166666666667,0.22354166666666667,0.22354166666666667,0.22354166666666667,0.22354166666666667,0.22354166666666667,0.22354166666666667,0.22354166666666667,0.22354166666666667,0.22354166666666667,0.22354166666666667,0.22354166666666667,0.22354166666666667,0.22354166666666667,0.22354166666666667,0.22354166666666667,0.22354166666666667,0.22354166666666667,0.22354166666666667,0.22354166666666667,0.22354166666666667
,DMA,ABS,unconditional,best,KYOTOGHG,IPCM0EL,MtCO2eq,AR4,0.11635999999999999,0.11707000000000001,0.11632999999999999,0.12085,0.12534,0.14475,0.13898,0.1514,0.15295,0.16324,0.19262,0.20254,0.19521,0.19548,0.18655,0.20122,0.19510999999999998,0.24147,0.21394000000000002,0.21291999999999997,0.22071,0.21277,0.22043000000000001,0.21861,0.21986,0.22635,0.22807,0.22793000000000002,0.22354166666666667,0.22354166666666667,0.22354166666666667,0.22354166666666667,0.22354166666666667,0.22354166666666667,0.22354166666666667,0.22354166666666667,0.22354166666666667,0.22354166666666667,0.22354166666666667,0.22354166666666667,0.22354166666666667,0.22354166666666667,0.22354166666666667,0.22354166666666667,0.22354166666666667,0.22354166666666667,0.22354166666666667,0.22354166666666667,0.22354166666666667,0.22354166666666667,0.22354166666666667,0.22354166666666667,0.22354166666666667,0.22354166666666667,0.22354166666666667,0.22354166666666667,0.22354166666666667,0.22354166666666667,0.22354166666666667,0.22354166666666667,0.22354166666666667
"The target value from 'conditional_best' was used for 'conditional_worst' in 2025, 2030.
",DMA,RBY,conditional,worst,KYOTOGHG,IPCM0EL,MtCO2eq,AR4,0.11635999999999999,0.11707000000000001,0.11632999999999999,0.12085,0.12534,0.14475,0.13898,0.1514,0.15295,0.16324,0.19262,0.20254,0.19521,0.19548,0.18655,0.20122,0.19510999999999998,0.24147,0.21394000000000002,0.21291999999999997,0.22071,0.21277,0.22043000000000001,0.21861,0.21986,0.22635,0.22807,0.22793000000000002,0.22354166666666667,0.22354166666666667,0.22354166666666667,0.2092661346177318,0.19499060256879697,0.1807150705198621,0.16643953847092727,0.1521640064219924,0.15023143990743504,0.14829887339287767,0.14636630687832033,0.14443374036376297,0.1425011738492056,0.1425011738492056,0.1425011738492056,0.1425011738492056,0.1425011738492056,0.1425011738492056,0.1425011738492056,0.1425011738492056,0.1425011738492056,0.1425011738492056,0.1425011738492056,0.1425011738492056,0.1425011738492056,0.1425011738492056,0.1425011738492056,0.1425011738492056,0.1425011738492056,0.1425011738492056,0.1425011738492056,0.1425011738492056,0.1425011738492056
,DMA,RBY,conditional,best,KYOTOGHG,IPCM0EL,MtCO2eq,AR4,0.11635999999999999,0.11707000000000001,0.11632999999999999,0.12085,0.12534,0.14475,0.13898,0.1514,0.15295,0.16324,0.19262,0.20254,0.19521,0.19548,0.18655,0.20122,0.19510999999999998,0.24147,0.21394000000000002,0.21291999999999997,0.22071,0.21277,0.22043000000000001,0.21861,0.21986,0.22635,0.22807,0.22793000000000002,0.22354166666666667,0.22354166666666667,0.22354166666666667,0.2092661346177318,0.19499060256879697,0.1807150705198621,0.16643953847092727,0.1521640064219924,0.15023143990743504,0.14829887339287767,0.14636630687832033,0.14443374036376297,0.1425011738492056,0.1425011738492056,0.1425011738492056,0.1425011738492056,0.1425011738492056,0.1425011738492056,0.1425011738492056,0.1425011738492056,0.1425011738492056,0.1425011738492056,0.1425011738492056,0.1425011738492056,0.1425011738492056,0.1425011738492056,0.1425011738492056,0.1425011738492056,0.1425011738492056,0.1425011738492056,0.1425011738492056,0.1425011738492056,0.1425011738492056
,DMA,RBY,unconditional,worst,KYOTOGHG,IPCM0EL,MtCO2eq,AR4,0.11635999999999999,0.11707000000000001,0.11632999999999999,0.12085,0.12534,0.14475,0.13898,0.1514,0.15295,0.16324,0.19262,0.20254,0.19521,0.19548,0.18655,0.20122,0.19510999999999998,0.24147,0.21394000000000002,0.21291999999999997,0.22071,0.21277,0.22043000000000001,0.21861,0.21986,0.22635,0.22807,0.22793000000000002,0.22354166666666667,0.22354166666666667,0.22354166666666667,0.22354166666666667,0.22354166666666667,0.22354166666666667,0.22354166666666667,0.22354166666666667,0.22354166666666667,0.22354166666666667,0.22354166666666667,0.22354166666666667,0.22354166666666667,0.22354166666666667,0.22354166666666667,0.22354166666666667,0.22354166666666667,0.22354166666666667,0.22354166666666667,0.22354166666666667,0.22354166666666667,0.22354166666666667,0.22354166666666667,0.22354166666666667,0.22354166666666667,0.22354166666666667,0.22354166666666667,0.22354166666666667,0.22354166666666667,0.22354166666666667,0.22354166666666667,0.22354166666666667,0.22354166666666667
,DMA,RBY,unconditional,best,KYOTOGHG,IPCM0EL,MtCO2eq,AR4,0.11635999999999999,0.11707000000000001,0.11632999999999999,0.12085,0.12534,0.14475,0.13898,0.1514,0.15295,0.16324,0.19262,0.20254,0.19521,0.19548,0.18655,0.20122,0.19510999999999998,0.24147,0.21394000000000002,0.21291999999999997,0.22071,0.21277,0.22043000000000001,0.21861,0.21986,0.22635,0.22807,0.22793000000000002,0.22354166666666667,0.22354166666666667,0.22354166666666667,0.22354166666666667,0.22354166666666667,0.22354166666666667,0.22354166666666667,0.22354166666666667,0.22354166666666667,0.22354166666666667,0.22354166666666667,0.22354166666666667,0.22354166666666667,0.22354166666666667,0.22354166666666667,0.22354166666666667,0.22354166666666667,0.22354166666666667,0.22354166666666667,0.22354166666666667,0.22354166666666667,0.22354166666666667,0.22354166666666667,0.22354166666666667,0.22354166666666667,0.22354166666666667,0.22354166666666667,0.22354166666666667,0.22354166666666667,0.22354166666666667,0.22354166666666667,0.22354166666666667,0.22354166666666667
"No targets calculated, so the baseline emissions are put in as target pathways for all un/conditional best/worst pathways.
",DMA,baseline_emissions,conditional,worst,KYOTOGHG,IPCM0EL,MtCO2eq,AR4,0.11635999999999999,0.11707000000000001,0.11632999999999999,0.12085,0.12534,0.14475,0.13898,0.1514,0.15295,0.16324,0.19262,0.20254,0.19521,0.19548,0.18655,0.20122,0.19510999999999998,0.24147,0.21394000000000002,0.21291999999999997,0.22071,0.21277,0.22043000000000001,0.21861,0.21986,0.22635,0.22807,0.22793000000000002,0.22354166666666667,0.22354166666666667,0.22354166666666667,0.22354166666666667,0.22354166666666667,0.22354166666666667,0.22354166666666667,0.22354166666666667,0.22354166666666667,0.22354166666666667,0.22354166666666667,0.22354166666666667,0.22354166666666667,0.22354166666666667,0.22354166666666667,0.22354166666666667,0.22354166666666667,0.22354166666666667,0.22354166666666667,0.22354166666666667,0.22354166666666667,0.22354166666666667,0.22354166666666667,0.22354166666666667,0.22354166666666667,0.22354166666666667,0.22354166666666667,0.22354166666666667,0.22354166666666667,0.22354166666666667,0.22354166666666667,0.22354166666666667,0.22354166666666667
"No targets calculated, so the baseline emissions are put in as target pathways for all un/conditional best/worst pathways.
",DMA,baseline_emissions,conditional,best,KYOTOGHG,IPCM0EL,MtCO2eq,AR4,0.11635999999999999,0.11707000000000001,0.11632999999999999,0.12085,0.12534,0.14475,0.13898,0.1514,0.15295,0.16324,0.19262,0.20254,0.19521,0.19548,0.18655,0.20122,0.19510999999999998,0.24147,0.21394000000000002,0.21291999999999997,0.22071,0.21277,0.22043000000000001,0.21861,0.21986,0.22635,0.22807,0.22793000000000002,0.22354166666666667,0.22354166666666667,0.22354166666666667,0.22354166666666667,0.22354166666666667,0.22354166666666667,0.22354166666666667,0.22354166666666667,0.22354166666666667,0.22354166666666667,0.22354166666666667,0.22354166666666667,0.22354166666666667,0.22354166666666667,0.22354166666666667,0.22354166666666667,0.22354166666666667,0.22354166666666667,0.22354166666666667,0.22354166666666667,0.22354166666666667,0.22354166666666667,0.22354166666666667,0.22354166666666667,0.22354166666666667,0.22354166666666667,0.22354166666666667,0.22354166666666667,0.22354166666666667,0.22354166666666667,0.22354166666666667,0.22354166666666667,0.22354166666666667
"No targets calculated, so the baseline emissions are put in as target pathways for all un/conditional best/worst pathways.
",DMA,baseline_emissions,unconditional,worst,KYOTOGHG,IPCM0EL,MtCO2eq,AR4,0.11635999999999999,0.11707000000000001,0.11632999999999999,0.12085,0.12534,0.14475,0.13898,0.1514,0.15295,0.16324,0.19262,0.20254,0.19521,0.19548,0.18655,0.20122,0.19510999999999998,0.24147,0.21394000000000002,0.21291999999999997,0.22071,0.21277,0.22043000000000001,0.21861,0.21986,0.22635,0.22807,0.22793000000000002,0.22354166666666667,0.22354166666666667,0.22354166666666667,0.22354166666666667,0.22354166666666667,0.22354166666666667,0.22354166666666667,0.22354166666666667,0.22354166666666667,0.22354166666666667,0.22354166666666667,0.22354166666666667,0.22354166666666667,0.22354166666666667,0.22354166666666667,0.22354166666666667,0.22354166666666667,0.22354166666666667,0.22354166666666667,0.22354166666666667,0.22354166666666667,0.22354166666666667,0.22354166666666667,0.22354166666666667,0.22354166666666667,0.22354166666666667,0.22354166666666667,0.22354166666666667,0.22354166666666667,0.22354166666666667,0.22354166666666667,0.22354166666666667,0.22354166666666667
"No targets calculated, so the baseline emissions are put in as target pathways for all un/conditional best/worst pathways.
",DMA,baseline_emissions,unconditional,best,KYOTOGHG,IPCM0EL,MtCO2eq,AR4,0.11635999999999999,0.11707000000000001,0.11632999999999999,0.12085,0.12534,0.14475,0.13898,0.1514,0.15295,0.16324,0.19262,0.20254,0.19521,0.19548,0.18655,0.20122,0.19510999999999998,0.24147,0.21394000000000002,0.21291999999999997,0.22071,0.21277,0.22043000000000001,0.21861,0.21986,0.22635,0.22807,0.22793000000000002,0.22354166666666667,0.22354166666666667,0.22354166666666667,0.22354166666666667,0.22354166666666667,0.22354166666666667,0.22354166666666667,0.22354166666666667,0.22354166666666667,0.22354166666666667,0.22354166666666667,0.22354166666666667,0.22354166666666667,0.22354166666666667,0.22354166666666667,0.22354166666666667,0.22354166666666667,0.22354166666666667,0.22354166666666667,0.22354166666666667,0.22354166666666667,0.22354166666666667,0.22354166666666667,0.22354166666666667,0.22354166666666667,0.22354166666666667,0.22354166666666667,0.22354166666666667,0.22354166666666667,0.22354166666666667,0.22354166666666667,0.22354166666666667,0.22354166666666667
,DMA,,emi_bau,emi_bau,KYOTOGHG,IPCM0EL,MtCO2eq,AR4,0.11635999999999999,0.11707000000000001,0.11632999999999999,0.12085,0.12534,0.14475,0.13898,0.1514,0.15295,0.16324,0.19262,0.20254,0.19521,0.19548,0.18655,0.20122,0.19510999999999998,0.24147,0.21394000000000002,0.21291999999999997,0.22071,0.21277,0.22043000000000001,0.21861,0.21986,0.22635,0.22807,0.22793000000000002,0.22354166666666667,0.22354166666666667,0.22354166666666667,0.22354166666666667,0.22354166666666667,0.22354166666666667,0.22354166666666667,0.22354166666666667,0.22354166666666667,0.22354166666666667,0.22354166666666667,0.22354166666666667,0.22354166666666667,0.22354166666666667,0.22354166666666667,0.22354166666666667,0.22354166666666667,0.22354166666666667,0.22354166666666667,0.22354166666666667,0.22354166666666667,0.22354166666666667,0.22354166666666667,0.22354166666666667,0.22354166666666667,0.22354166666666667,0.22354166666666667,0.22354166666666667,0.22354166666666667,0.22354166666666667,0.22354166666666667,0.22354166666666667,0.22354166666666667
,DMA,,emi_cov,emi_cov,KYOTOGHG,IPCM0EL,MtCO2eq,AR4,0.09826338828588,0.09847323873934001,0.09874827478512999,0.10326041048015001,0.10803721772286001,0.12351240694574998,0.11323546890913999,0.11972562083720001,0.1147176027179,0.11836256051003999,0.14044314024356,0.15313569461216,0.14816062674162,0.14657676800904,0.14658810257910002,0.15506090609334003,0.15195538874769998,0.19226996399304,0.16982026115344,0.16973662040568,0.17718841647213,0.16766402044948,0.17541203827182003,0.17168859914661,0.17568786495975997,0.17887788793079998,0.18323493613765998,0.18272898995303002,0.17819588214020832,0.17819588214020832,0.17819588214020832,0.17819588214020832,0.17819588214020832,0.17819588214020832,0.17819588214020832,0.17819588214020832,0.17819588214020832,0.17819588214020832,0.17819588214020832,0.17819588214020832,0.17819588214020832,0.17819588214020832,0.17819588214020832,0.17819588214020832,0.17819588214020832,0.17819588214020832,0.17819588214020832,0.17819588214020832,0.17819588214020832,0.17819588214020832,0.17819588214020832,0.17819588214020832,0.17819588214020832,0.17819588214020832,0.17819588214020832,0.17819588214020832,0.17819588214020832,0.17819588214020832,0.17819588214020832,0.17819588214020832,0.17819588214020832
,DMA,,emi_ncov,emi_ncov,KYOTOGHG,IPCM0EL,MtCO2eq,AR4,0.01809661171412,0.018596761260660004,0.017581725214870007,0.017589589519849992,0.017302782277139994,0.02123759305425,0.02574453109086,0.031674379162800005,0.0382323972821,0.044877439489960015,0.05217685975644002,0.04940430538783999,0.047049373258379996,0.04890323199096001,0.03996189742089999,0.04615909390665999,0.0431546112523,0.04920003600695999,0.04411973884656002,0.04318337959431997,0.04352158352787001,0.045105979550519995,0.04501796172817999,0.04692140085339001,0.04417213504024002,0.04747211206920001,0.044835063862340006,0.04520101004697001,0.04534578452645834,0.04534578452645834,0.04534578452645834,0.04534578452645834,0.04534578452645834,0.04534578452645834,0.04534578452645834,0.04534578452645834,0.04534578452645834,0.04534578452645834,0.04534578452645834,0.04534578452645834,0.04534578452645834,0.04534578452645834,0.04534578452645834,0.04534578452645834,0.04534578452645834,0.04534578452645834,0.04534578452645834,0.04534578452645834,0.04534578452645834,0.04534578452645834,0.04534578452645834,0.04534578452645834,0.04534578452645834,0.04534578452645834,0.04534578452645834,0.04534578452645834,0.04534578452645834,0.04534578452645834,0.04534578452645834,0.04534578452645834,0.04534578452645834
,DMA,,pc_cov,pc_cov,KYOTOGHG,IPCM0EL,MtCO2eq/MtCO2eq,AR4,0.844477383,0.841148362,0.8488633609999999,0.8544510590000001,0.861953229,0.853280877,0.814760893,0.790790098,0.750033362,0.7250830709999999,0.7291202379999999,0.756076304,0.758980722,0.7498299979999999,0.785784522,0.7706038470000001,0.77881907,0.796247832,0.7937751759999999,0.7971849540000001,0.802811003,0.788005924,0.795772074,0.785364801,0.7990897159999999,0.790271208,0.803415338,0.801689071,0.797148401,0.797148401,0.797148401,0.797148401,0.797148401,0.797148401,0.797148401,0.797148401,0.797148401,0.797148401,0.797148401,0.797148401,0.797148401,0.797148401,0.797148401,0.797148401,0.797148401,0.797148401,0.797148401,0.797148401,0.797148401,0.797148401,0.797148401,0.797148401,0.797148401,0.797148401,0.797148401,0.797148401,0.797148401,0.797148401,0.797148401,0.797148401,0.797148401
,DNK,,pop,pop,POP,DEMOGR,Pers,,5243993.0,5257817.0,5274250.0,5292856.0,5313005.0,5334140.0,5356312.0,5379388.0,5402423.0,5424256.0,5444104.0,5461386.0,5476552.0,5491108.0,5507222.0,5526375.0,5549049.0,5574673.0,5602390.0,5630924.0,5659296.0,5687353.0,5715216.0,5742451.0,5768537.0,5793123.0,5815934.0,5837086.0,5854777.563999998,5861712.0406,5864596.5341,5865850.3137,5868006.4362,5870469.3451,5872645.3954,5873941.7526,5874372.7523,5874429.2488,5874233.6545,5873909.0537,5873579.2297,5871498.8208,5866423.4278,5859229.642999998,5850793.9826,5841992.1337,5832437.3414,5821482.972999998,5809614.1352,5797315.5731,5785071.6031,5772591.8694,5759232.9175,5744949.2126,5729695.2764,5713425.7192,5696439.74,5679142.0179,5661645.6739,5644063.9623,5626510.2145
,DNK,,gdp,gdp,GDPPPP,ECO,2011GKD,,129758789062.5,130704171875.0,134320015625.0,132575953125.0,138983953125.0,143485000000.0,147703218750.0,159129359375.0,166618421875.0,171711265625.0,180513390625.0,180874781250.0,182593375000.0,180771937500.0,190942218750.0,200763031250.0,214709828125.0,223528609375.0,234155640625.0,225541625000.0,239005500000.0,244819484375.0,244931515625.0,247666406250.0,249918046875.0,259216359375.0,265809218750.0,281902343750.0,275580785095.0961,279097480536.9387,282161242282.989,284928255326.9545,287621211038.5507,290259039598.3087,292860865778.9284,295446108852.6495,297946214803.8539,300305570129.5593,302563294784.4175,304758513943.0331,306930328052.6734,309067841512.4305,311155856440.5844,313227129413.1033,315314579917.905,317451220613.7027,319630248747.9616,321828472610.9202,324054229765.1569,326315747423.2231,328621179322.4144,330982758114.0405,333410875008.2245,335911048128.4459,338489124279.1109,341151441719.6624,343910207140.6935,346727056473.0957,349532790944.2021,352257974825.2968,354832942574.2921
"The target value from 'unconditional_best' was used for 'conditional_worst' in 2030.
The target value from 'unconditional_best' was used for 'conditional_best' in 2030.
",DNK,RBY,conditional,worst,KYOTOGHG,IPCM0EL,MtCO2eq,AR4,70.9338,81.5991,75.5702,77.7696,81.6612,78.7197,91.9224,82.4352,78.4395,76.0079,71.6879,73.3792,72.9048,77.9645,71.8177,68.0306,75.1853,70.6014,66.9544,64.1466,64.4535,59.3981,54.9293,56.2617,52.104,49.4798,51.5165,49.4373,47.2609,48.1447,48.9942,48.71769064928001,48.39411740547665,48.03065244056494,47.633948348040164,47.21048282341069,46.75314795367413,46.25718101955253,45.73146490354482,45.18426460921884,44.623338749999995,45.32566809610441,46.03095658570056,46.745044633574764,47.47392839890765,48.22375978527415,48.99453879267424,49.784007127390566,50.59481244412625,51.429836014175876,52.292036981031195,53.18048087832638,54.09353238992126,55.032982576350314,56.00062249814801,56.99855470463742,58.02958259491598,59.08802149859171,60.16257994707765,61.241654982998355,62.31302067140112
,DNK,RBY,conditional,best,KYOTOGHG,IPCM0EL,MtCO2eq,AR4,70.9338,81.5991,75.5702,77.7696,81.6612,78.7197,91.9224,82.4352,78.4395,76.0079,71.6879,73.3792,72.9048,77.9645,71.8177,68.0306,75.1853,70.6014,66.9544,64.1466,64.4535,59.3981,54.9293,56.2617,52.104,49.4798,51.5165,49.4373,47.2609,48.1447,48.9942,48.71769064928001,48.39411740547665,48.03065244056494,47.633948348040164,47.21048282341069,46.75314795367413,46.25718101955253,45.73146490354482,45.18426460921884,44.623338749999995,45.32566809610441,46.03095658570056,46.745044633574764,47.47392839890765,48.22375978527415,48.99453879267424,49.784007127390566,50.59481244412625,51.429836014175876,52.292036981031195,53.18048087832638,54.09353238992126,55.032982576350314,56.00062249814801,56.99855470463742,58.02958259491598,59.08802149859171,60.16257994707765,61.241654982998355,62.31302067140112
"The target value from 'unconditional_best' was used for 'unconditional_worst' in 2030.
",DNK,RBY,unconditional,worst,KYOTOGHG,IPCM0EL,MtCO2eq,AR4,70.9338,81.5991,75.5702,77.7696,81.6612,78.7197,91.9224,82.4352,78.4395,76.0079,71.6879,73.3792,72.9048,77.9645,71.8177,68.0306,75.1853,70.6014,66.9544,64.1466,64.4535,59.3981,54.9293,56.2617,52.104,49.4798,51.5165,49.4373,47.2609,48.1447,48.9942,48.71769064928001,48.39411740547665,48.03065244056494,47.633948348040164,47.21048282341069,46.75314795367413,46.25718101955253,45.73146490354482,45.18426460921884,44.623338749999995,45.32566809610441,46.03095658570056,46.745044633574764,47.47392839890765,48.22375978527415,48.99453879267424,49.784007127390566,50.59481244412625,51.429836014175876,52.292036981031195,53.18048087832638,54.09353238992126,55.032982576350314,56.00062249814801,56.99855470463742,58.02958259491598,59.08802149859171,60.16257994707765,61.241654982998355,62.31302067140112
,DNK,RBY,unconditional,best,KYOTOGHG,IPCM0EL,MtCO2eq,AR4,70.9338,81.5991,75.5702,77.7696,81.6612,78.7197,91.9224,82.4352,78.4395,76.0079,71.6879,73.3792,72.9048,77.9645,71.8177,68.0306,75.1853,70.6014,66.9544,64.1466,64.4535,59.3981,54.9293,56.2617,52.104,49.4798,51.5165,49.4373,47.2609,48.1447,48.9942,48.71769064928001,48.39411740547665,48.03065244056494,47.633948348040164,47.21048282341069,46.75314795367413,46.25718101955253,45.73146490354482,45.18426460921884,44.623338749999995,45.32566809610441,46.03095658570056,46.745044633574764,47.47392839890765,48.22375978527415,48.99453879267424,49.784007127390566,50.59481244412625,51.429836014175876,52.292036981031195,53.18048087832638,54.09353238992126,55.032982576350314,56.00062249814801,56.99855470463742,58.02958259491598,59.08802149859171,60.16257994707765,61.241654982998355,62.31302067140112
"No targets calculated, so the baseline emissions are put in as target pathways for all un/conditional best/worst pathways.
",DNK,baseline_emissions,conditional,worst,KYOTOGHG,IPCM0EL,MtCO2eq,AR4,70.9338,81.5991,75.5702,77.7696,81.6612,78.7197,91.9224,82.4352,78.4395,76.0079,71.6879,73.3792,72.9048,77.9645,71.8177,68.0306,75.1853,70.6014,66.9544,64.1466,64.4535,59.3981,54.9293,56.2617,52.104,49.4798,51.5165,49.4373,47.2609,48.1447,48.9942,49.8201,50.635,51.4458,52.2595,53.0836,53.9107,54.7354,55.5683,56.4204,57.3033,58.2052,59.1109,60.0279,60.9639,61.9268,62.9166,63.9304,64.9716,66.0439,67.1511,68.292,69.4645,70.6709,71.9135,73.195,74.51899999999998,75.8782,77.2581,78.6438,80.0196
"No targets calculated, so the baseline emissions are put in as target pathways for all un/conditional best/worst pathways.
",DNK,baseline_emissions,conditional,best,KYOTOGHG,IPCM0EL,MtCO2eq,AR4,70.9338,81.5991,75.5702,77.7696,81.6612,78.7197,91.9224,82.4352,78.4395,76.0079,71.6879,73.3792,72.9048,77.9645,71.8177,68.0306,75.1853,70.6014,66.9544,64.1466,64.4535,59.3981,54.9293,56.2617,52.104,49.4798,51.5165,49.4373,47.2609,48.1447,48.9942,49.8201,50.635,51.4458,52.2595,53.0836,53.9107,54.7354,55.5683,56.4204,57.3033,58.2052,59.1109,60.0279,60.9639,61.9268,62.9166,63.9304,64.9716,66.0439,67.1511,68.292,69.4645,70.6709,71.9135,73.195,74.51899999999998,75.8782,77.2581,78.6438,80.0196
"No targets calculated, so the baseline emissions are put in as target pathways for all un/conditional best/worst pathways.
",DNK,baseline_emissions,unconditional,worst,KYOTOGHG,IPCM0EL,MtCO2eq,AR4,70.9338,81.5991,75.5702,77.7696,81.6612,78.7197,91.9224,82.4352,78.4395,76.0079,71.6879,73.3792,72.9048,77.9645,71.8177,68.0306,75.1853,70.6014,66.9544,64.1466,64.4535,59.3981,54.9293,56.2617,52.104,49.4798,51.5165,49.4373,47.2609,48.1447,48.9942,49.8201,50.635,51.4458,52.2595,53.0836,53.9107,54.7354,55.5683,56.4204,57.3033,58.2052,59.1109,60.0279,60.9639,61.9268,62.9166,63.9304,64.9716,66.0439,67.1511,68.292,69.4645,70.6709,71.9135,73.195,74.51899999999998,75.8782,77.2581,78.6438,80.0196
"No targets calculated, so the baseline emissions are put in as target pathways for all un/conditional best/worst pathways.
",DNK,baseline_emissions,unconditional,best,KYOTOGHG,IPCM0EL,MtCO2eq,AR4,70.9338,81.5991,75.5702,77.7696,81.6612,78.7197,91.9224,82.4352,78.4395,76.0079,71.6879,73.3792,72.9048,77.9645,71.8177,68.0306,75.1853,70.6014,66.9544,64.1466,64.4535,59.3981,54.9293,56.2617,52.104,49.4798,51.5165,49.4373,47.2609,48.1447,48.9942,49.8201,50.635,51.4458,52.2595,53.0836,53.9107,54.7354,55.5683,56.4204,57.3033,58.2052,59.1109,60.0279,60.9639,61.9268,62.9166,63.9304,64.9716,66.0439,67.1511,68.292,69.4645,70.6709,71.9135,73.195,74.51899999999998,75.8782,77.2581,78.6438,80.0196
,DNK,,emi_bau,emi_bau,KYOTOGHG,IPCM0EL,MtCO2eq,AR4,70.9338,81.5991,75.5702,77.7696,81.6612,78.7197,91.9224,82.4352,78.4395,76.0079,71.6879,73.3792,72.9048,77.9645,71.8177,68.0306,75.1853,70.6014,66.9544,64.1466,64.4535,59.3981,54.9293,56.2617,52.104,49.4798,51.5165,49.4373,47.2609,48.1447,48.9942,49.8201,50.635,51.4458,52.2595,53.0836,53.9107,54.7354,55.5683,56.4204,57.3033,58.2052,59.1109,60.0279,60.9639,61.9268,62.9166,63.9304,64.9716,66.0439,67.1511,68.292,69.4645,70.6709,71.9135,73.195,74.51899999999998,75.8782,77.2581,78.6438,80.0196
,DNK,,emi_cov,emi_cov,KYOTOGHG,IPCM0EL,MtCO2eq,AR4,70.9338,81.5991,75.5702,77.7696,81.6612,78.7197,91.9224,82.4352,78.4395,76.0079,71.6879,73.3792,72.9048,77.9645,71.8177,68.0306,75.1853,70.6014,66.9544,64.1466,64.4535,59.3981,54.9293,56.2617,52.104,49.4798,51.5165,49.4373,47.2609,48.1447,48.9942,49.8201,50.635,51.4458,52.2595,53.0836,53.9107,54.7354,55.5683,56.4204,57.3033,58.2052,59.1109,60.0279,60.9639,61.9268,62.9166,63.9304,64.9716,66.0439,67.1511,68.292,69.4645,70.6709,71.9135,73.195,74.51899999999998,75.8782,77.2581,78.6438,80.0196
,DNK,,emi_ncov,emi_ncov,KYOTOGHG,IPCM0EL,MtCO2eq,AR4,0.0,0.0,0.0,0.0,0.0,0.0,0.0,0.0,0.0,0.0,0.0,0.0,0.0,0.0,0.0,0.0,0.0,0.0,0.0,0.0,0.0,0.0,0.0,0.0,0.0,0.0,0.0,0.0,0.0,0.0,0.0,0.0,0.0,0.0,0.0,0.0,0.0,0.0,0.0,0.0,0.0,0.0,0.0,0.0,0.0,0.0,0.0,0.0,0.0,0.0,0.0,0.0,0.0,0.0,0.0,0.0,0.0,0.0,0.0,0.0,0.0
,DNK,,pc_cov,pc_cov,KYOTOGHG,IPCM0EL,MtCO2eq/MtCO2eq,AR4,1.0,1.0,1.0,1.0,1.0,1.0,1.0,1.0,1.0,1.0,1.0,1.0,1.0,1.0,1.0,1.0,1.0,1.0,1.0,1.0,1.0,1.0,1.0,1.0,1.0,1.0,1.0,1.0,1.0,1.0,1.0,1.0,1.0,1.0,1.0,1.0,1.0,1.0,1.0,1.0,1.0,1.0,1.0,1.0,1.0,1.0,1.0,1.0,1.0,1.0,1.0,1.0,1.0,1.0,1.0,1.0,1.0,1.0,1.0,1.0,1.0
,DOM,,pop,pop,POP,DEMOGR,Pers,,7133494.0,7270409.0,7408342.0,7546463.0,7683707.0,7819247.0,7952763.0,8084407.0,8214426.0,8343283.0,8471321.0,8598601.0,8724975.0,8850317.0,8974444.0,9097257.0,9218686.0,9338861.0,9458075.0,9576737.0,9695121.0,9813211.0,9930916.0,10048232.0,10165183.0,10281680.0,10397741.0,10513104.0,10662179.0682,10809333.665,10957490.5742,11107908.7442,11261510.1222,11417565.59,11575346.5581,11734124.8611,11893365.9598,12052521.9203,12210845.4874,12367590.4998,12522011.982,12674365.9136,12825620.4404,12976099.4435,13126126.4451,13276024.6433,13425825.157,13575395.6264,13724813.1311,13874153.8581,14023493.0757,14172993.0567,14322664.1209,14472352.3322,14621902.9847,14771160.5939,14919993.7721,15068201.4576,15215524.6861,15361706.7066,15506493.0143
,DOM,,gdp,gdp,GDPPPP,ECO,2011GKD,,32278519531.25,33043378906.25,36917429687.5,40451714843.75,42458906250.0,44478296875.0,47499609375.0,52432769531.25,58288648437.5,61638843750.0,64776445312.5,67713375000.0,71703679687.5,68171023437.5,70667703125.0,78101375000.0,86936812500.0,94872617187.5,97028062500.0,101788796875.0,109990046875.0,112782078125.0,116110632812.5,121093140625.0,129923132812.5,141106484375.0,149831312500.0,155648609375.0,158606183983.7892,165177557799.5526,171496503936.7951,177627485907.6371,183721057174.9441,189800550374.7476,195888992347.5068,202009387978.3682,208112969336.6413,214126099811.1677,220034707853.7166,225824785101.2138,231482375822.4947,236967174158.6758,242289495788.5976,247511329192.1266,252694618196.5873,257901191305.8097,263138678524.9131,268390667070.3239,273682938576.8047,279041532620.7231,284492785250.0964,289997467799.5543,295507332902.3383,301035530642.1251,306595338819.0665,312200171509.2269,317848670104.7462,323541063338.44104,329293269318.0067,335121228327.6485,341040906254.2638
"The target value from 'conditional_best' was used for 'conditional_worst' in 2030.
",DOM,AEI,conditional,worst,KYOTOGHG,IPCM0EL,MtCO2eq,AR4,13.8265,16.0019,17.9042,20.0371,21.9288,24.9152,25.296,24.9603,24.6632,25.2807,27.2353,27.2637,28.7737,28.3525,26.124000000000002,25.9314,26.8613,28.2114,27.7023,27.1679,27.491,27.936999999999998,28.4855,28.5766,29.0653,29.7597,30.7824,31.0481,29.3531,30.5438,31.7276,32.53122527321289,33.31722944118545,34.091173664690636,34.858435384483776,35.62344836243408,36.377262524648835,37.10589382970847,37.80719604713248,38.47849569532202,39.117252000428465,40.23779758981827,41.35108128571799,42.465162018708085,43.588364398399136,44.72919015375513,45.88657656865557,47.055210062497956,48.237924544936966,49.437553925627256,50.6570206739002,51.89127688818343,53.134743308844314,54.39016528586082,55.660199609534175,56.947591629842364,58.25154430969501,59.57152629103184,60.91037148350753,62.27109091613017,63.656695617907836
,DOM,AEI,conditional,best,KYOTOGHG,IPCM0EL,MtCO2eq,AR4,13.8265,16.0019,17.9042,20.0371,21.9288,24.9152,25.296,24.9603,24.6632,25.2807,27.2353,27.2637,28.7737,28.3525,26.124000000000002,25.9314,26.8613,28.2114,27.7023,27.1679,27.491,27.936999999999998,28.4855,28.5766,29.0653,29.7597,30.7824,31.0481,29.3531,30.5438,31.7276,32.53122527321289,33.31722944118545,34.091173664690636,34.858435384483776,35.62344836243408,36.377262524648835,37.10589382970847,37.80719604713248,38.47849569532202,39.117252000428465,40.23779758981827,41.35108128571799,42.465162018708085,43.588364398399136,44.72919015375513,45.88657656865557,47.055210062497956,48.237924544936966,49.437553925627256,50.6570206739002,51.89127688818343,53.134743308844314,54.39016528586082,55.660199609534175,56.947591629842364,58.25154430969501,59.57152629103184,60.91037148350753,62.27109091613017,63.656695617907836
,DOM,AEI,unconditional,worst,KYOTOGHG,IPCM0EL,MtCO2eq,AR4,13.8265,16.0019,17.9042,20.0371,21.9288,24.9152,25.296,24.9603,24.6632,25.2807,27.2353,27.2637,28.7737,28.3525,26.124000000000002,25.9314,26.8613,28.2114,27.7023,27.1679,27.491,27.936999999999998,28.4855,28.5766,29.0653,29.7597,30.7824,31.0481,29.3531,30.5438,31.7276,32.9077,34.0974,35.3028,36.5301,37.7848,39.0583,40.3361,41.61600000000001,42.8951,44.1705,45.4358,46.6929,47.9509,49.2192,50.5074,51.8143,53.1339,54.4694,55.824,57.201,58.5947,59.9988,61.4164,62.8505,64.3042,65.7766,67.2671,68.7789,70.3154,71.88
,DOM,AEI,unconditional,best,KYOTOGHG,IPCM0EL,MtCO2eq,AR4,13.8265,16.0019,17.9042,20.0371,21.9288,24.9152,25.296,24.9603,24.6632,25.2807,27.2353,27.2637,28.7737,28.3525,26.124000000000002,25.9314,26.8613,28.2114,27.7023,27.1679,27.491,27.936999999999998,28.4855,28.5766,29.0653,29.7597,30.7824,31.0481,29.3531,30.5438,31.7276,32.9077,34.0974,35.3028,36.5301,37.7848,39.0583,40.3361,41.61600000000001,42.8951,44.1705,45.4358,46.6929,47.9509,49.2192,50.5074,51.8143,53.1339,54.4694,55.824,57.201,58.5947,59.9988,61.4164,62.8505,64.3042,65.7766,67.2671,68.7789,70.3154,71.88
"The target value from 'conditional_best' was used for 'conditional_worst' in 2030.
",DOM,REI,conditional,worst,KYOTOGHG,IPCM0EL,MtCO2eq,AR4,13.8265,16.0019,17.9042,20.0371,21.9288,24.9152,25.296,24.9603,24.6632,25.2807,27.2353,27.2637,28.7737,28.3525,26.124000000000002,25.9314,26.8613,28.2114,27.7023,27.1679,27.491,27.936999999999998,28.4855,28.5766,29.0653,29.7597,30.7824,31.0481,29.3531,30.5438,31.7276,31.600912771989197,31.389337945929043,31.09710514867162,30.727559182141892,30.282499010726596,29.752109487539844,29.12368156436443,28.395201881408326,27.564556710185933,26.6300929661292,27.39293369987782,28.15083070959519,28.909270323169643,29.67391973644189,30.450566723887526,31.238487813697116,32.034065646823386,32.83922948142489,33.65590857566015,34.486092477005165,35.32634469436504,36.172867000740155,37.027528364971594,37.89213746658298,38.7685632744154,39.65626318461177,40.55487546126736,41.46632936254069,42.392674725225234,43.33596138611442
,DOM,REI,conditional,best,KYOTOGHG,IPCM0EL,MtCO2eq,AR4,13.8265,16.0019,17.9042,20.0371,21.9288,24.9152,25.296,24.9603,24.6632,25.2807,27.2353,27.2637,28.7737,28.3525,26.124000000000002,25.9314,26.8613,28.2114,27.7023,27.1679,27.491,27.936999999999998,28.4855,28.5766,29.0653,29.7597,30.7824,31.0481,29.3531,30.5438,31.7276,31.600912771989197,31.389337945929043,31.09710514867162,30.727559182141892,30.282499010726596,29.752109487539844,29.12368156436443,28.395201881408326,27.564556710185933,26.6300929661292,27.39293369987782,28.15083070959519,28.909270323169643,29.67391973644189,30.450566723887526,31.238487813697116,32.034065646823386,32.83922948142489,33.65590857566015,34.486092477005165,35.32634469436504,36.172867000740155,37.027528364971594,37.89213746658298,38.7685632744154,39.65626318461177,40.55487546126736,41.46632936254069,42.392674725225234,43.33596138611442
,DOM,REI,unconditional,worst,KYOTOGHG,IPCM0EL,MtCO2eq,AR4,13.8265,16.0019,17.9042,20.0371,21.9288,24.9152,25.296,24.9603,24.6632,25.2807,27.2353,27.2637,28.7737,28.3525,26.124000000000002,25.9314,26.8613,28.2114,27.7023,27.1679,27.491,27.936999999999998,28.4855,28.5766,29.0653,29.7597,30.7824,31.0481,29.3531,30.5438,31.7276,32.9077,34.0974,35.3028,36.5301,37.7848,39.0583,40.3361,41.61600000000001,42.8951,44.1705,45.4358,46.6929,47.9509,49.2192,50.5074,51.8143,53.1339,54.4694,55.824,57.201,58.5947,59.9988,61.4164,62.8505,64.3042,65.7766,67.2671,68.7789,70.3154,71.88
,DOM,REI,unconditional,best,KYOTOGHG,IPCM0EL,MtCO2eq,AR4,13.8265,16.0019,17.9042,20.0371,21.9288,24.9152,25.296,24.9603,24.6632,25.2807,27.2353,27.2637,28.7737,28.3525,26.124000000000002,25.9314,26.8613,28.2114,27.7023,27.1679,27.491,27.936999999999998,28.4855,28.5766,29.0653,29.7597,30.7824,31.0481,29.3531,30.5438,31.7276,32.9077,34.0974,35.3028,36.5301,37.7848,39.0583,40.3361,41.61600000000001,42.8951,44.1705,45.4358,46.6929,47.9509,49.2192,50.5074,51.8143,53.1339,54.4694,55.824,57.201,58.5947,59.9988,61.4164,62.8505,64.3042,65.7766,67.2671,68.7789,70.3154,71.88
"No targets calculated, so the baseline emissions are put in as target pathways for all un/conditional best/worst pathways.
",DOM,baseline_emissions,conditional,worst,KYOTOGHG,IPCM0EL,MtCO2eq,AR4,13.8265,16.0019,17.9042,20.0371,21.9288,24.9152,25.296,24.9603,24.6632,25.2807,27.2353,27.2637,28.7737,28.3525,26.124000000000002,25.9314,26.8613,28.2114,27.7023,27.1679,27.491,27.936999999999998,28.4855,28.5766,29.0653,29.7597,30.7824,31.0481,29.3531,30.5438,31.7276,32.9077,34.0974,35.3028,36.5301,37.7848,39.0583,40.3361,41.61600000000001,42.8951,44.1705,45.4358,46.6929,47.9509,49.2192,50.5074,51.8143,53.1339,54.4694,55.824,57.201,58.5947,59.9988,61.4164,62.8505,64.3042,65.7766,67.2671,68.7789,70.3154,71.88
"No targets calculated, so the baseline emissions are put in as target pathways for all un/conditional best/worst pathways.
",DOM,baseline_emissions,conditional,best,KYOTOGHG,IPCM0EL,MtCO2eq,AR4,13.8265,16.0019,17.9042,20.0371,21.9288,24.9152,25.296,24.9603,24.6632,25.2807,27.2353,27.2637,28.7737,28.3525,26.124000000000002,25.9314,26.8613,28.2114,27.7023,27.1679,27.491,27.936999999999998,28.4855,28.5766,29.0653,29.7597,30.7824,31.0481,29.3531,30.5438,31.7276,32.9077,34.0974,35.3028,36.5301,37.7848,39.0583,40.3361,41.61600000000001,42.8951,44.1705,45.4358,46.6929,47.9509,49.2192,50.5074,51.8143,53.1339,54.4694,55.824,57.201,58.5947,59.9988,61.4164,62.8505,64.3042,65.7766,67.2671,68.7789,70.3154,71.88
"No targets calculated, so the baseline emissions are put in as target pathways for all un/conditional best/worst pathways.
",DOM,baseline_emissions,unconditional,worst,KYOTOGHG,IPCM0EL,MtCO2eq,AR4,13.8265,16.0019,17.9042,20.0371,21.9288,24.9152,25.296,24.9603,24.6632,25.2807,27.2353,27.2637,28.7737,28.3525,26.124000000000002,25.9314,26.8613,28.2114,27.7023,27.1679,27.491,27.936999999999998,28.4855,28.5766,29.0653,29.7597,30.7824,31.0481,29.3531,30.5438,31.7276,32.9077,34.0974,35.3028,36.5301,37.7848,39.0583,40.3361,41.61600000000001,42.8951,44.1705,45.4358,46.6929,47.9509,49.2192,50.5074,51.8143,53.1339,54.4694,55.824,57.201,58.5947,59.9988,61.4164,62.8505,64.3042,65.7766,67.2671,68.7789,70.3154,71.88
"No targets calculated, so the baseline emissions are put in as target pathways for all un/conditional best/worst pathways.
",DOM,baseline_emissions,unconditional,best,KYOTOGHG,IPCM0EL,MtCO2eq,AR4,13.8265,16.0019,17.9042,20.0371,21.9288,24.9152,25.296,24.9603,24.6632,25.2807,27.2353,27.2637,28.7737,28.3525,26.124000000000002,25.9314,26.8613,28.2114,27.7023,27.1679,27.491,27.936999999999998,28.4855,28.5766,29.0653,29.7597,30.7824,31.0481,29.3531,30.5438,31.7276,32.9077,34.0974,35.3028,36.5301,37.7848,39.0583,40.3361,41.61600000000001,42.8951,44.1705,45.4358,46.6929,47.9509,49.2192,50.5074,51.8143,53.1339,54.4694,55.824,57.201,58.5947,59.9988,61.4164,62.8505,64.3042,65.7766,67.2671,68.7789,70.3154,71.88
,DOM,,emi_bau,emi_bau,KYOTOGHG,IPCM0EL,MtCO2eq,AR4,13.8265,16.0019,17.9042,20.0371,21.9288,24.9152,25.296,24.9603,24.6632,25.2807,27.2353,27.2637,28.7737,28.3525,26.124000000000002,25.9314,26.8613,28.2114,27.7023,27.1679,27.491,27.936999999999998,28.4855,28.5766,29.0653,29.7597,30.7824,31.0481,29.3531,30.5438,31.7276,32.9077,34.0974,35.3028,36.5301,37.7848,39.0583,40.3361,41.61600000000001,42.8951,44.1705,45.4358,46.6929,47.9509,49.2192,50.5074,51.8143,53.1339,54.4694,55.824,57.201,58.5947,59.9988,61.4164,62.8505,64.3042,65.7766,67.2671,68.7789,70.3154,71.88
,DOM,,emi_cov,emi_cov,KYOTOGHG,IPCM0EL,MtCO2eq,AR4,13.8265,16.0019,17.9042,20.0371,21.9288,24.9152,25.296,24.9603,24.6632,25.2807,27.2353,27.2637,28.7737,28.3525,26.124000000000002,25.9314,26.8613,28.2114,27.7023,27.1679,27.491,27.936999999999998,28.4855,28.5766,29.0653,29.7597,30.7824,31.0481,29.352999993988302,30.543699999598797,31.7276,32.9077,34.0974,35.3028,36.5301,37.7848,39.0583,40.3361,41.615899996752006,42.8950000115219,44.1705,45.4358,46.6929,47.9509,49.2192,50.5074,51.8143,53.1339,54.4694,55.823900019216,57.201,58.5945999788471,59.9988,61.4164,62.8505,64.304100006969,65.7766,67.2671,68.7789,70.3154,71.87990001492
,DOM,,emi_ncov,emi_ncov,KYOTOGHG,IPCM0EL,MtCO2eq,AR4,0.0,0.0,0.0,0.0,0.0,0.0,0.0,0.0,0.0,0.0,0.0,0.0,0.0,0.0,0.0,0.0,0.0,0.0,0.0,0.0,0.0,0.0,0.0,0.0,0.0,0.0,0.0,0.0,0.00010000601170031754,0.00010000040120331641,0.0,0.0,0.0,0.0,0.0,0.0,0.0,0.0,0.00010000324799934114,9.998847809618419e-05,0.0,0.0,0.0,0.0,0.0,0.0,0.0,0.0,0.0,9.998078399850563e-05,0.0,0.00010002115290102216,0.0,0.0,0.0,9.999303099912727e-05,0.0,0.0,0.0,0.0,9.998507999724903e-05
,DOM,,pc_cov,pc_cov,KYOTOGHG,IPCM0EL,MtCO2eq/MtCO2eq,AR4,1.0,1.0,1.0,1.0,1.0,1.0,1.0,1.0,1.0,1.0,1.0,1.0,1.0,1.0,1.0,1.0,1.0,1.0,1.0,1.0,1.0,1.0,1.0,1.0,1.0,1.0,1.0,1.0,0.999996593,0.9999967259999999,1.0,1.0,1.0,1.0,1.0,1.0,1.0,1.0,0.999997597,0.9999976690000001,1.0,1.0,1.0,1.0,1.0,1.0,1.0,1.0,1.0,0.999998209,1.0,0.999998293,1.0,1.0,1.0,0.999998445,1.0,1.0,1.0,1.0,0.999998609
,DZA,,pop,pop,POP,DEMOGR,Pers,,25758869.0,26400479.0,27028326.0,27635515.0,28213774.0,28757785.0,29266405.0,29742979.0,30192754.0,30623406.0,31042235.0,31451514.0,31855109.0,32264157.0,32692163.0,33149724.0,33641002.0,34166972.0,34730608.0,35333881.0,35977455.0,36661445.0,37383895.0,38140133.0,38923692.0,39728025.0,40551392.0,41389189.0,41795722.1903,42410539.894,43019503.0188,43628920.5711,44243651.6504,44858299.7457,45467511.0529,46065973.7458,46647870.7919,47212400.1492,47761714.6439,48297839.285,48822667.3798,49336638.3651,49841129.0717,50339366.7714,50834614.3654,51330170.86,51823877.4907,52312334.479,52797004.9913,53279350.6466,53760831.2353,54245241.0973,54733634.8629,55223390.9863,55711925.7365,56196691.143,56675629.3602,57146953.2094,57608483.7158,58057961.3885,58493049.8041
,DZA,,gdp,gdp,GDPPPP,ECO,2011GKD,,207967531250.0,213388281250.0,207465156250.0,193700171875.0,188369281250.0,193144984375.0,211470421875.0,212779765625.0,209346046875.0,225524921875.0,282210531250.0,274117093750.0,280775906250.0,309999593750.0,327675187500.0,385867218750.0,424605500000.0,421390500000.0,451138875000.0,388485718750.0,447781156250.0,494219437500.0,510024468750.0,504805250000.0,504902187500.0,467229625000.0,472745531250.0,498163250000.0,525563615784.0305,544958544340.1528,565285161885.4517,587282120370.9698,611019723229.1971,635625975646.2904,660233278148.9901,683974439290.1467,707042646435.7671,729726995828.2689,751301676232.5812,771039544580.0004,788211310581.6418,803482052534.5248,817805881485.845,830882773951.2231,842410554020.5085,852084304729.091,859817551662.6418,866159617173.4886,871746443362.3041,877199774833.9066,883128372470.4867,889072627359.0222,894547886504.7019,900105246871.93,906281052286.4054,913599601059.8184,922254872304.4052,932022007982.2192,942789599954.108,954445353917.016,966876058172.5446
"The target value from 'conditional_best' was used for 'conditional_worst' in 2030.
",DZA,RBU,conditional,worst,KYOTOGHG,IPCM0EL,MtCO2eq,AR4,162.9917,166.6011,199.1805,196.25099999999998,194.3447,206.7739,204.903,182.6172,195.7046,178.9668,174.9349,163.6143,166.1925,176.708,170.4169,190.4105,187.2101,192.7042,195.5467,200.6628,200.361,200.6289,210.9286,215.0089,225.9071,231.7052,229.66099999999997,229.1638,234.43200000000002,239.7397,245.4629,246.32845010844073,247.43378339206345,248.42655980173447,248.99724160310424,248.8751968045946,248.1979652426438,247.10986828298766,245.40056476734333,242.8893264548121,239.42262399048064,241.98067983283397,244.24349717681127,246.1406880360447,247.6027247217777,248.56047058962218,249.0032892327494,249.0975309256085,249.03191368053905,248.98522298291502,249.12795417749416,249.3549163290934,249.5398021066195,249.81095227188302,250.29170221877513,251.10147689749977,252.26475568553826,253.69316255556217,255.33507965090172,257.13974941249836,259.0575874143997
,DZA,RBU,conditional,best,KYOTOGHG,IPCM0EL,MtCO2eq,AR4,162.9917,166.6011,199.1805,196.25099999999998,194.3447,206.7739,204.903,182.6172,195.7046,178.9668,174.9349,163.6143,166.1925,176.708,170.4169,190.4105,187.2101,192.7042,195.5467,200.6628,200.361,200.6289,210.9286,215.0089,225.9071,231.7052,229.66099999999997,229.1638,234.43200000000002,239.7397,245.4629,246.32845010844073,247.43378339206345,248.42655980173447,248.99724160310424,248.8751968045946,248.1979652426438,247.10986828298766,245.40056476734333,242.8893264548121,239.42262399048064,241.98067983283397,244.24349717681127,246.1406880360447,247.6027247217777,248.56047058962218,249.0032892327494,249.0975309256085,249.03191368053905,248.98522298291502,249.12795417749416,249.3549163290934,249.5398021066195,249.81095227188302,250.29170221877513,251.10147689749977,252.26475568553826,253.69316255556217,255.33507965090172,257.13974941249836,259.0575874143997
"The target value from 'unconditional_best' was used for 'unconditional_worst' in 2030.
",DZA,RBU,unconditional,worst,KYOTOGHG,IPCM0EL,MtCO2eq,AR4,162.9917,166.6011,199.1805,196.25099999999998,194.3447,206.7739,204.903,182.6172,195.7046,178.9668,174.9349,163.6143,166.1925,176.708,170.4169,190.4105,187.2101,192.7042,195.5467,200.6628,200.361,200.6289,210.9286,215.0089,225.9071,231.7052,229.66099999999997,229.1638,234.43200000000002,239.7397,245.4629,250.06982503450388,255.12136289747474,260.27413266418824,265.2082586918968,269.62435807418916,273.65169348629576,277.4359353627688,280.72756606233656,283.2918084174402,284.9064939969711,287.95051176499265,290.64320364716724,292.9008098296506,294.6405942296566,295.780286096698,296.30722839223847,296.41937347633,296.34129071653524,296.28573004001845,296.4555763292027,296.7256551956206,296.9456643066517,297.2683257228719,297.8404052514285,298.8040153764772,300.188285899944,301.88805172222436,303.8418889798324,305.9893975403404,308.27157326821805
,DZA,RBU,unconditional,best,KYOTOGHG,IPCM0EL,MtCO2eq,AR4,162.9917,166.6011,199.1805,196.25099999999998,194.3447,206.7739,204.903,182.6172,195.7046,178.9668,174.9349,163.6143,166.1925,176.708,170.4169,190.4105,187.2101,192.7042,195.5467,200.6628,200.361,200.6289,210.9286,215.0089,225.9071,231.7052,229.66099999999997,229.1638,234.43200000000002,239.7397,245.4629,250.06982503450388,255.12136289747474,260.27413266418824,265.2082586918968,269.62435807418916,273.65169348629576,277.4359353627688,280.72756606233656,283.2918084174402,284.9064939969711,287.95051176499265,290.64320364716724,292.9008098296506,294.6405942296566,295.780286096698,296.30722839223847,296.41937347633,296.34129071653524,296.28573004001845,296.4555763292027,296.7256551956206,296.9456643066517,297.2683257228719,297.8404052514285,298.8040153764772,300.188285899944,301.88805172222436,303.8418889798324,305.9893975403404,308.27157326821805
"No targets calculated, so the baseline emissions are put in as target pathways for all un/conditional best/worst pathways.
",DZA,baseline_emissions,conditional,worst,KYOTOGHG,IPCM0EL,MtCO2eq,AR4,162.9917,166.6011,199.1805,196.25099999999998,194.3447,206.7739,204.903,182.6172,195.7046,178.9668,174.9349,163.6143,166.1925,176.708,170.4169,190.4105,187.2101,192.7042,195.5467,200.6628,200.361,200.6289,210.9286,215.0089,225.9071,231.7052,229.66099999999997,229.1638,234.43200000000002,239.7397,245.4629,251.8158,258.7089,265.803,272.7734,279.3073,285.5301,291.5881,297.2135,302.1463,306.1323,309.4031,312.2964,314.7222,316.5916,317.8162,318.3824,318.5029,318.4190000000001,318.3593,318.5418,318.832,319.0684,319.4151,320.0298,321.0652,322.5526,324.379,326.4784,328.7859,331.2381
"No targets calculated, so the baseline emissions are put in as target pathways for all un/conditional best/worst pathways.
",DZA,baseline_emissions,conditional,best,KYOTOGHG,IPCM0EL,MtCO2eq,AR4,162.9917,166.6011,199.1805,196.25099999999998,194.3447,206.7739,204.903,182.6172,195.7046,178.9668,174.9349,163.6143,166.1925,176.708,170.4169,190.4105,187.2101,192.7042,195.5467,200.6628,200.361,200.6289,210.9286,215.0089,225.9071,231.7052,229.66099999999997,229.1638,234.43200000000002,239.7397,245.4629,251.8158,258.7089,265.803,272.7734,279.3073,285.5301,291.5881,297.2135,302.1463,306.1323,309.4031,312.2964,314.7222,316.5916,317.8162,318.3824,318.5029,318.4190000000001,318.3593,318.5418,318.832,319.0684,319.4151,320.0298,321.0652,322.5526,324.379,326.4784,328.7859,331.2381
"No targets calculated, so the baseline emissions are put in as target pathways for all un/conditional best/worst pathways.
",DZA,baseline_emissions,unconditional,worst,KYOTOGHG,IPCM0EL,MtCO2eq,AR4,162.9917,166.6011,199.1805,196.25099999999998,194.3447,206.7739,204.903,182.6172,195.7046,178.9668,174.9349,163.6143,166.1925,176.708,170.4169,190.4105,187.2101,192.7042,195.5467,200.6628,200.361,200.6289,210.9286,215.0089,225.9071,231.7052,229.66099999999997,229.1638,234.43200000000002,239.7397,245.4629,251.8158,258.7089,265.803,272.7734,279.3073,285.5301,291.5881,297.2135,302.1463,306.1323,309.4031,312.2964,314.7222,316.5916,317.8162,318.3824,318.5029,318.4190000000001,318.3593,318.5418,318.832,319.0684,319.4151,320.0298,321.0652,322.5526,324.379,326.4784,328.7859,331.2381
"No targets calculated, so the baseline emissions are put in as target pathways for all un/conditional best/worst pathways.
",DZA,baseline_emissions,unconditional,best,KYOTOGHG,IPCM0EL,MtCO2eq,AR4,162.9917,166.6011,199.1805,196.25099999999998,194.3447,206.7739,204.903,182.6172,195.7046,178.9668,174.9349,163.6143,166.1925,176.708,170.4169,190.4105,187.2101,192.7042,195.5467,200.6628,200.361,200.6289,210.9286,215.0089,225.9071,231.7052,229.66099999999997,229.1638,234.43200000000002,239.7397,245.4629,251.8158,258.7089,265.803,272.7734,279.3073,285.5301,291.5881,297.2135,302.1463,306.1323,309.4031,312.2964,314.7222,316.5916,317.8162,318.3824,318.5029,318.4190000000001,318.3593,318.5418,318.832,319.0684,319.4151,320.0298,321.0652,322.5526,324.379,326.4784,328.7859,331.2381
,DZA,,emi_bau,emi_bau,KYOTOGHG,IPCM0EL,MtCO2eq,AR4,162.9917,166.6011,199.1805,196.25099999999998,194.3447,206.7739,204.903,182.6172,195.7046,178.9668,174.9349,163.6143,166.1925,176.708,170.4169,190.4105,187.2101,192.7042,195.5467,200.6628,200.361,200.6289,210.9286,215.0089,225.9071,231.7052,229.66099999999997,229.1638,234.43200000000002,239.7397,245.4629,251.8158,258.7089,265.803,272.7734,279.3073,285.5301,291.5881,297.2135,302.1463,306.1323,309.4031,312.2964,314.7222,316.5916,317.8162,318.3824,318.5029,318.4190000000001,318.3593,318.5418,318.832,319.0684,319.4151,320.0298,321.0652,322.5526,324.379,326.4784,328.7859,331.2381
,DZA,,emi_cov,emi_cov,KYOTOGHG,IPCM0EL,MtCO2eq,AR4,162.6805907335669,166.38183829150321,198.9897892524015,196.09394542722598,194.2150433220844,206.6673709138156,204.75580895446498,182.43947894974917,195.4682579269238,178.6683041377488,174.56965062333163,163.2292939550124,165.78486968369998,176.272749995076,169.9503297140927,189.9127100202605,186.6681400524171,192.11693973162596,194.9141304777441,199.9673801910408,199.62186025655998,199.86114957642087,210.1196396726362,214.15873051339432,225.0157103430496,230.77260974051998,228.687190049834,228.14877967630702,233.32220008416002,238.5156001198262,244.11680011158037,250.33869988762322,257.0924999869539,264.040399969719,270.8592001179236,277.2378999247788,283.30070010971673,289.1928999972913,294.6482999161545,299.40979993777273,303.2258000432697,306.32589990983377,309.0449001107988,311.2950999536508,312.9898000519368,314.0434998702924,314.44410013260165,314.4028000651898,314.15930015413613,313.9393000803388,313.958599876383,314.08290011624,314.15150011903,314.32699984302207,314.76509985045124,315.6163000710012,316.9112998521174,318.53840007870105,320.43300012015686,322.5320998913349,324.7736999701149
,DZA,,emi_ncov,emi_ncov,KYOTOGHG,IPCM0EL,MtCO2eq,AR4,0.3111092664330985,0.2192617084967896,0.19071074759850795,0.15705457277400886,0.1296566779156012,0.1065290861843876,0.14719104553500187,0.1777210502508176,0.23634207307619576,0.29849586225121144,0.3652493766683846,0.3850060449875967,0.40763031630000895,0.43525000492399407,0.4665702859072959,0.4977899797395186,0.5419599475829191,0.58726026837401,0.6325695222559048,0.6954198089592012,0.7391397434400064,0.7677504235791179,0.8089603273637985,0.8501694866056841,0.8913896569504222,0.9325902594799995,0.9738099501659927,1.0150203236930073,1.109799915840011,1.2240998801738057,1.3460998884196207,1.4771001123767806,1.616400013046108,1.7626000302810194,1.9141998820763808,2.0694000752212243,2.2293998902832812,2.395200002708706,2.5652000838455016,2.73650006222729,2.906499956730284,3.0772000901662167,3.2514998892012006,3.4271000463491816,3.6017999480632064,3.7727001297075864,3.9382998673983747,4.100099934810183,4.259699845863989,4.41999991966122,4.583200123617002,4.749099883760008,4.91689988096999,5.088100156977916,5.264700149548785,5.448899928998813,5.641300147882579,5.840599921298997,6.045399879843185,6.253800108665132,6.464400029885087
,DZA,,pc_cov,pc_cov,KYOTOGHG,IPCM0EL,MtCO2eq/MtCO2eq,AR4,0.998091257,0.9986839120000001,0.999042523,0.999199726,0.999332852,0.9994848040000001,0.999281655,0.9990268109999999,0.998792353,0.9983321159999999,0.9979120840000001,0.997646868,0.99754724,0.997536897,0.997262183,0.9973857009999999,0.9971050709999999,0.99695253,0.996765123,0.996534386,0.99631096,0.9961732809999999,0.996164767,0.9960458870000001,0.9960541759999999,0.9959751,0.995759794,0.995570765,0.995266005,0.994894046,0.9945160759999999,0.9941342040000001,0.993752051,0.9933687729999999,0.9929824540000001,0.9925909559999999,0.9921920670000001,0.991785673,0.991369167,0.990943129,0.990505739,0.990054398,0.989588417,0.9891107140000001,0.988623198,0.988129302,0.9876302840000001,0.987126962,0.986622344,0.9861163159999999,0.985611935,0.985104695,0.984589825,0.984070571,0.983549344,0.983028681,0.9825104490000001,0.981994519,0.981483002,0.9809791109999999,0.980484129
,ECU,,pop,pop,POP,DEMOGR,Pers,,10230934.0,10472475.0,10716129.0,10961466.0,11208001.0,11455204.0,11703174.0,11951452.0,12198449.0,12442115.0,12681123.0,12914667.0,13143465.0,13369678.0,13596388.0,13825847.0,14059384.0,14296557.0,14535739.0,14774424.0,15011117.0,15243884.0,15474101.0,15707474.0,15951840.0,16212020.0,16491116.0,16785361.0,16985903.3434,17251293.9008,17517240.4624,17785559.4524,18058285.2681,18334520.7008,18613369.9698,18893938.8374,19175160.2886,19455967.5554,19735471.2686,20012786.3302,20287031.8501,20558769.9663,20829329.9087,21098982.8353,21367997.6479,21636641.0184,21905077.6762,22173267.1347,22441164.5107,22708722.1395,22975889.5478,23242957.3312,23510063.0464,23776923.0931,24043251.9437,24308762.1666,24573134.3213,24836060.9675,25097275.5086,25356516.9664,25613529.9247
,ECU,,gdp,gdp,GDPPPP,ECO,2011GKD,,58805308593.75,60550722656.25,61809414062.5,57304312500.0,58571312500.0,58615808593.75,58947945312.5,62028097656.25,62485667968.75,60950949218.75,65013167968.75,67357476562.5,74282109375.0,79459570312.5,87872296875.0,99900023437.5,107960960937.5,114550546875.0,127752578125.0,124898093750.0,133542859375.0,149247671875.0,156211296875.0,163567500000.0,170571421875.0,164105703125.0,160426875000.0,166352328125.0,181481726431.7093,187570865556.4473,193770505055.8964,200190942469.6326,206827785033.1907,213639430646.9633,220584839842.6644,227623508794.6133,234715586201.5028,241818434114.3304,248887724193.9572,255879105938.7878,262748220962.0997,269431621974.248,275956199026.5237,282412988041.7964,288892833502.0903,295486251662.3857,302212235033.6592,309042579354.3516,315997068063.8624,323096136207.7143,330360947640.6342,337739178170.5189,345184349032.4189,352727203296.8067,360398793474.1556,368230507666.426,376234056302.3032,384405347983.58,392752381019.4584,401283203924.9423,410005912781.6255
"The target value from 'conditional_best' was used for 'conditional_worst' in 2025.
",ECU,ABS,conditional,worst,KYOTOGHG,IPCM0EL,MtCO2eq,AR4,46.4013,43.9873,50.4277,54.0439,42.8104,51.9287,54.1708,47.6971,49.0468,46.8075,43.2654,47.9793,49.1897,51.4863,54.6871,55.6062,54.3771,56.9894,59.4752,63.1096,64.6466,66.203,65.313,68.2963,70.2319,67.7633,65.6577,64.7473,68.25419938266712,71.76109876533425,75.26799814800138,73.18005695476741,70.99962269074358,68.7266953559299,66.36127495032639,63.90336147393301,65.43005146665121,66.96109145416811,68.48319417964402,69.98330965868281,71.44838790688837,72.86601166638073,74.24764910526557,75.61544565160906,76.99123037021927,78.39619959938811,79.83098606563173,81.28372614677185,82.75655529480058,84.25168805252449,85.77141805356476,87.30451440225922,88.84417528855903,90.39933797450514,91.97886063132403,93.59160143024216,95.23961673243711,96.92092926754582,98.63743721511682,100.39119693632767,102.18418570154144
,ECU,ABS,conditional,best,KYOTOGHG,IPCM0EL,MtCO2eq,AR4,46.4013,43.9873,50.4277,54.0439,42.8104,51.9287,54.1708,47.6971,49.0468,46.8075,43.2654,47.9793,49.1897,51.4863,54.6871,55.6062,54.3771,56.9894,59.4752,63.1096,64.6466,66.203,65.313,68.2963,70.2319,67.7633,65.6577,64.7473,68.25419938266712,71.76109876533425,75.26799814800138,73.18005695476741,70.99962269074358,68.7266953559299,66.36127495032639,63.90336147393301,65.43005146665121,66.96109145416811,68.48319417964402,69.98330965868281,71.44838790688837,72.86601166638073,74.24764910526557,75.61544565160906,76.99123037021927,78.39619959938811,79.83098606563173,81.28372614677185,82.75655529480058,84.25168805252449,85.77141805356476,87.30451440225922,88.84417528855903,90.39933797450514,91.97886063132403,93.59160143024216,95.23961673243711,96.92092926754582,98.63743721511682,100.39119693632767,102.18418570154144
"The target value from 'unconditional_best' was used for 'unconditional_worst' in 2025.
",ECU,ABS,unconditional,worst,KYOTOGHG,IPCM0EL,MtCO2eq,AR4,46.4013,43.9873,50.4277,54.0439,42.8104,51.9287,54.1708,47.6971,49.0468,46.8075,43.2654,47.9793,49.1897,51.4863,54.6871,55.6062,54.3771,56.9894,59.4752,63.1096,64.6466,66.203,65.313,68.2963,70.2319,67.7633,65.6577,64.7473,68.25419938266712,71.76109876533425,75.26799814800138,74.56047546479789,73.80043650446062,72.98788126698955,72.12280975238471,71.20522196064606,72.90635782093942,74.61234072429944,76.30836515735884,77.97988999091756,79.61237409577556,81.19198136717887,82.73149037321237,84.25557696948825,85.78856449939565,87.35407128187772,88.95280234138048,90.57153846954026,92.21265912386252,93.8786318899085,95.57201248129518,97.2802867141049,98.99587557554254,100.72873753590872,102.4887429374483,104.28576212240617,106.12208642023204,107.99551262953193,109.90815582364408,111.86230733201815,113.8601703560481
,ECU,ABS,unconditional,best,KYOTOGHG,IPCM0EL,MtCO2eq,AR4,46.4013,43.9873,50.4277,54.0439,42.8104,51.9287,54.1708,47.6971,49.0468,46.8075,43.2654,47.9793,49.1897,51.4863,54.6871,55.6062,54.3771,56.9894,59.4752,63.1096,64.6466,66.203,65.313,68.2963,70.2319,67.7633,65.6577,64.7473,68.25419938266712,71.76109876533425,75.26799814800138,74.56047546479789,73.80043650446062,72.98788126698955,72.12280975238471,71.20522196064606,72.90635782093942,74.61234072429944,76.30836515735884,77.97988999091756,79.61237409577556,81.19198136717887,82.73149037321237,84.25557696948825,85.78856449939565,87.35407128187772,88.95280234138048,90.57153846954026,92.21265912386252,93.8786318899085,95.57201248129518,97.2802867141049,98.99587557554254,100.72873753590872,102.4887429374483,104.28576212240617,106.12208642023204,107.99551262953193,109.90815582364408,111.86230733201815,113.8601703560481
"The target value from 'conditional_best' was used for 'conditional_worst' in 2025.
",ECU,ABU,conditional,worst,KYOTOGHG,IPCM0EL,MtCO2eq,AR4,46.4013,43.9873,50.4277,54.0439,42.8104,51.9287,54.1708,47.6971,49.0468,46.8075,43.2654,47.9793,49.1897,51.4863,54.6871,55.6062,54.3771,56.9894,59.4752,63.1096,64.6466,66.203,65.313,68.2963,70.2319,67.7633,65.6577,64.7473,68.25419938266712,71.76109876533425,75.26799814800138,73.18005695476741,70.99962269074358,68.7266953559299,66.3612749503264,63.90336147393302,65.43005146665121,66.96109145416811,68.48319417964403,69.98330965868283,71.44838790688839,72.86601166638074,74.24764910526558,75.61544565160908,76.99123037021928,78.39619959938813,79.83098606563175,81.28372614677187,82.75655529480058,84.2516880525245,85.77141805356476,87.30451440225923,88.84417528855904,90.39933797450516,91.97886063132404,93.59160143024218,95.23961673243713,96.92092926754583,98.63743721511683,100.39119693632769,102.18418570154145
,ECU,ABU,conditional,best,KYOTOGHG,IPCM0EL,MtCO2eq,AR4,46.4013,43.9873,50.4277,54.0439,42.8104,51.9287,54.1708,47.6971,49.0468,46.8075,43.2654,47.9793,49.1897,51.4863,54.6871,55.6062,54.3771,56.9894,59.4752,63.1096,64.6466,66.203,65.313,68.2963,70.2319,67.7633,65.6577,64.7473,68.25419938266712,71.76109876533425,75.26799814800138,73.18005695476741,70.99962269074358,68.7266953559299,66.3612749503264,63.90336147393302,65.43005146665121,66.96109145416811,68.48319417964403,69.98330965868283,71.44838790688839,72.86601166638074,74.24764910526558,75.61544565160908,76.99123037021928,78.39619959938813,79.83098606563175,81.28372614677187,82.75655529480058,84.2516880525245,85.77141805356476,87.30451440225923,88.84417528855904,90.39933797450516,91.97886063132404,93.59160143024218,95.23961673243713,96.92092926754583,98.63743721511683,100.39119693632769,102.18418570154145
"The target value from 'unconditional_best' was used for 'unconditional_worst' in 2025.
",ECU,ABU,unconditional,worst,KYOTOGHG,IPCM0EL,MtCO2eq,AR4,46.4013,43.9873,50.4277,54.0439,42.8104,51.9287,54.1708,47.6971,49.0468,46.8075,43.2654,47.9793,49.1897,51.4863,54.6871,55.6062,54.3771,56.9894,59.4752,63.1096,64.6466,66.203,65.313,68.2963,70.2319,67.7633,65.6577,64.7473,68.25419938266712,71.76109876533425,75.26799814800138,74.56047546479789,73.80043650446062,72.98788126698955,72.12280975238471,71.20522196064606,72.90635782093942,74.61234072429944,76.30836515735884,77.97988999091756,79.61237409577556,81.19198136717887,82.73149037321237,84.25557696948825,85.78856449939565,87.35407128187772,88.95280234138048,90.57153846954026,92.21265912386252,93.8786318899085,95.57201248129518,97.2802867141049,98.99587557554254,100.72873753590872,102.4887429374483,104.28576212240617,106.12208642023204,107.99551262953193,109.90815582364408,111.86230733201815,113.8601703560481
,ECU,ABU,unconditional,best,KYOTOGHG,IPCM0EL,MtCO2eq,AR4,46.4013,43.9873,50.4277,54.0439,42.8104,51.9287,54.1708,47.6971,49.0468,46.8075,43.2654,47.9793,49.1897,51.4863,54.6871,55.6062,54.3771,56.9894,59.4752,63.1096,64.6466,66.203,65.313,68.2963,70.2319,67.7633,65.6577,64.7473,68.25419938266712,71.76109876533425,75.26799814800138,74.56047546479789,73.80043650446062,72.98788126698955,72.12280975238471,71.20522196064606,72.90635782093942,74.61234072429944,76.30836515735884,77.97988999091756,79.61237409577556,81.19198136717887,82.73149037321237,84.25557696948825,85.78856449939565,87.35407128187772,88.95280234138048,90.57153846954026,92.21265912386252,93.8786318899085,95.57201248129518,97.2802867141049,98.99587557554254,100.72873753590872,102.4887429374483,104.28576212240617,106.12208642023204,107.99551262953193,109.90815582364408,111.86230733201815,113.8601703560481
"The target value from 'conditional_best' was used for 'conditional_worst' in 2025.
",ECU,RBU,conditional,worst,KYOTOGHG,IPCM0EL,MtCO2eq,AR4,46.4013,43.9873,50.4277,54.0439,42.8104,51.9287,54.1708,47.6971,49.0468,46.8075,43.2654,47.9793,49.1897,51.4863,54.6871,55.6062,54.3771,56.9894,59.4752,63.1096,64.6466,66.203,65.313,68.2963,70.2319,67.7633,65.6577,64.7473,68.25419938266712,71.76109876533425,75.26799814800138,73.20062033692754,71.04134496872837,68.79017204340387,66.44710156095407,64.01213352137891,65.54142214416122,67.07506816601375,68.59976171341287,70.10243058914781,71.57000259600785,72.99003934028335,74.37402851043223,75.74415322899395,77.1222797167574,78.52964039101036,79.96686905525392,81.42208189384196,82.8974179935908,84.39509566675439,85.91741245102428,87.45311833425548,88.99539992881088,90.5532097091439,92.1354209242703,93.75090682320591,95.40172726732935,97.0859016206996,98.80533129382005,100.56207614806937,102.35811681938856
,ECU,RBU,conditional,best,KYOTOGHG,IPCM0EL,MtCO2eq,AR4,46.4013,43.9873,50.4277,54.0439,42.8104,51.9287,54.1708,47.6971,49.0468,46.8075,43.2654,47.9793,49.1897,51.4863,54.6871,55.6062,54.3771,56.9894,59.4752,63.1096,64.6466,66.203,65.313,68.2963,70.2319,67.7633,65.6577,64.7473,68.25419938266712,71.76109876533425,75.26799814800138,73.20062033692754,71.04134496872837,68.79017204340387,66.44710156095407,64.01213352137891,65.54142214416122,67.07506816601375,68.59976171341287,70.10243058914781,71.57000259600785,72.99003934028335,74.37402851043223,75.74415322899395,77.1222797167574,78.52964039101036,79.96686905525392,81.42208189384196,82.8974179935908,84.39509566675439,85.91741245102428,87.45311833425548,88.99539992881088,90.5532097091439,92.1354209242703,93.75090682320591,95.40172726732935,97.0859016206996,98.80533129382005,100.56207614806937,102.35811681938856
"The target value from 'unconditional_best' was used for 'unconditional_worst' in 2025.
",ECU,RBU,unconditional,worst,KYOTOGHG,IPCM0EL,MtCO2eq,AR4,46.4013,43.9873,50.4277,54.0439,42.8104,51.9287,54.1708,47.6971,49.0468,46.8075,43.2654,47.9793,49.1897,51.4863,54.6871,55.6062,54.3771,56.9894,59.4752,63.1096,64.6466,66.203,65.313,68.2963,70.2319,67.7633,65.6577,64.7473,68.25419938266712,71.76109876533425,75.26799814800138,75.00740941964277,74.70724758056032,74.36751263075406,73.98820457022399,73.56932339897006,75.32693907385239,77.08956271962622,78.8418972615684,80.5689187870045,82.25560338326002,83.88765556979014,85.47827817894516,87.0529663352636,88.63685094721916,90.25433449115584,91.90614539920331,93.5786255689302,95.27423345877422,96.99551858118915,98.74512150264509,100.51011255284034,102.28266108638094,104.07305620709852,105.89149596480844,107.74817840932617,109.64547094507311,111.58109722164403,113.55724253542795,115.57627429084631,117.64046883830434
,ECU,RBU,unconditional,best,KYOTOGHG,IPCM0EL,MtCO2eq,AR4,46.4013,43.9873,50.4277,54.0439,42.8104,51.9287,54.1708,47.6971,49.0468,46.8075,43.2654,47.9793,49.1897,51.4863,54.6871,55.6062,54.3771,56.9894,59.4752,63.1096,64.6466,66.203,65.313,68.2963,70.2319,67.7633,65.6577,64.7473,68.25419938266712,71.76109876533425,75.26799814800138,75.00740941964277,74.70724758056032,74.36751263075406,73.98820457022399,73.56932339897006,75.32693907385239,77.08956271962622,78.8418972615684,80.5689187870045,82.25560338326002,83.88765556979014,85.47827817894516,87.0529663352636,88.63685094721916,90.25433449115584,91.90614539920331,93.5786255689302,95.27423345877422,96.99551858118915,98.74512150264509,100.51011255284034,102.28266108638094,104.07305620709852,105.89149596480844,107.74817840932617,109.64547094507311,111.58109722164403,113.55724253542795,115.57627429084631,117.64046883830434
"No targets calculated, so the baseline emissions are put in as target pathways for all un/conditional best/worst pathways.
",ECU,baseline_emissions,conditional,worst,KYOTOGHG,IPCM0EL,MtCO2eq,AR4,46.4013,43.9873,50.4277,54.0439,42.8104,51.9287,54.1708,47.6971,49.0468,46.8075,43.2654,47.9793,49.1897,51.4863,54.6871,55.6062,54.3771,56.9894,59.4752,63.1096,64.6466,66.203,65.313,68.2963,70.2319,67.7633,65.6577,64.7473,68.25419938266712,71.76109876533425,75.26799814800138,76.37388855783075,77.47977896766012,78.5856693774895,79.69155978731888,80.79745019714824,82.72775019714824,84.66355019714824,86.58805019714823,88.48475019714823,90.33715019714823,92.12955019714823,93.87645019714823,95.60585019714823,97.34535019714822,99.12175019714823,100.93585019714823,102.77265019714822,104.63485019714822,106.52525019714822,108.44675019714823,110.38515019714822,112.33185019714823,114.29815019714823,116.29525019714822,118.33435019714823,120.41805019714823,122.54385019714823,124.71415019714823,126.93155019714823,129.19855019714822
"No targets calculated, so the baseline emissions are put in as target pathways for all un/conditional best/worst pathways.
",ECU,baseline_emissions,conditional,best,KYOTOGHG,IPCM0EL,MtCO2eq,AR4,46.4013,43.9873,50.4277,54.0439,42.8104,51.9287,54.1708,47.6971,49.0468,46.8075,43.2654,47.9793,49.1897,51.4863,54.6871,55.6062,54.3771,56.9894,59.4752,63.1096,64.6466,66.203,65.313,68.2963,70.2319,67.7633,65.6577,64.7473,68.25419938266712,71.76109876533425,75.26799814800138,76.37388855783075,77.47977896766012,78.5856693774895,79.69155978731888,80.79745019714824,82.72775019714824,84.66355019714824,86.58805019714823,88.48475019714823,90.33715019714823,92.12955019714823,93.87645019714823,95.60585019714823,97.34535019714822,99.12175019714823,100.93585019714823,102.77265019714822,104.63485019714822,106.52525019714822,108.44675019714823,110.38515019714822,112.33185019714823,114.29815019714823,116.29525019714822,118.33435019714823,120.41805019714823,122.54385019714823,124.71415019714823,126.93155019714823,129.19855019714822
"No targets calculated, so the baseline emissions are put in as target pathways for all un/conditional best/worst pathways.
",ECU,baseline_emissions,unconditional,worst,KYOTOGHG,IPCM0EL,MtCO2eq,AR4,46.4013,43.9873,50.4277,54.0439,42.8104,51.9287,54.1708,47.6971,49.0468,46.8075,43.2654,47.9793,49.1897,51.4863,54.6871,55.6062,54.3771,56.9894,59.4752,63.1096,64.6466,66.203,65.313,68.2963,70.2319,67.7633,65.6577,64.7473,68.25419938266712,71.76109876533425,75.26799814800138,76.37388855783075,77.47977896766012,78.5856693774895,79.69155978731888,80.79745019714824,82.72775019714824,84.66355019714824,86.58805019714823,88.48475019714823,90.33715019714823,92.12955019714823,93.87645019714823,95.60585019714823,97.34535019714822,99.12175019714823,100.93585019714823,102.77265019714822,104.63485019714822,106.52525019714822,108.44675019714823,110.38515019714822,112.33185019714823,114.29815019714823,116.29525019714822,118.33435019714823,120.41805019714823,122.54385019714823,124.71415019714823,126.93155019714823,129.19855019714822
"No targets calculated, so the baseline emissions are put in as target pathways for all un/conditional best/worst pathways.
",ECU,baseline_emissions,unconditional,best,KYOTOGHG,IPCM0EL,MtCO2eq,AR4,46.4013,43.9873,50.4277,54.0439,42.8104,51.9287,54.1708,47.6971,49.0468,46.8075,43.2654,47.9793,49.1897,51.4863,54.6871,55.6062,54.3771,56.9894,59.4752,63.1096,64.6466,66.203,65.313,68.2963,70.2319,67.7633,65.6577,64.7473,68.25419938266712,71.76109876533425,75.26799814800138,76.37388855783075,77.47977896766012,78.5856693774895,79.69155978731888,80.79745019714824,82.72775019714824,84.66355019714824,86.58805019714823,88.48475019714823,90.33715019714823,92.12955019714823,93.87645019714823,95.60585019714823,97.34535019714822,99.12175019714823,100.93585019714823,102.77265019714822,104.63485019714822,106.52525019714822,108.44675019714823,110.38515019714822,112.33185019714823,114.29815019714823,116.29525019714822,118.33435019714823,120.41805019714823,122.54385019714823,124.71415019714823,126.93155019714823,129.19855019714822
,ECU,,emi_bau,emi_bau,KYOTOGHG,IPCM0EL,MtCO2eq,AR4,46.4013,43.9873,50.4277,54.0439,42.8104,51.9287,54.1708,47.6971,49.0468,46.8075,43.2654,47.9793,49.1897,51.4863,54.6871,55.6062,54.3771,56.9894,59.4752,63.1096,64.6466,66.203,65.313,68.2963,70.2319,67.7633,65.6577,64.7473,68.25419938266712,71.76109876533425,75.26799814800138,76.37388855783075,77.47977896766012,78.5856693774895,79.69155978731888,80.79745019714824,82.72775019714824,84.66355019714824,86.58805019714823,88.48475019714823,90.33715019714823,92.12955019714823,93.87645019714823,95.60585019714823,97.34535019714822,99.12175019714823,100.93585019714823,102.77265019714822,104.63485019714822,106.52525019714822,108.44675019714823,110.38515019714822,112.33185019714823,114.29815019714823,116.29525019714822,118.33435019714823,120.41805019714823,122.54385019714823,124.71415019714823,126.93155019714823,129.19855019714822
,ECU,,emi_cov,emi_cov,KYOTOGHG,IPCM0EL,MtCO2eq,AR4,46.4012649670185,43.987199269083,50.427472016368306,54.043002925303895,42.8082063094832,51.924233404798194,54.163190031845204,47.6862490051442,49.031960988753596,46.7909070689025,43.2431679876792,47.94978505381201,49.1524260621177,51.4410369005673,54.6280090572112,55.534614190699806,54.296878878174596,56.8991351162234,59.3748899603328,62.999720127878405,64.5271399357396,66.080690156109,65.182199940855,68.15699999807539,70.0840999161898,67.607010047247,65.4929099408628,64.57401032627999,68.04922246633306,71.51391816296476,74.97567207099019,76.04399185170077,77.1117022900199,78.17902350908386,79.24584314021409,80.31251997975755,82.19791519189009,84.08838997749137,85.9670491867632,87.81798628081114,89.62470526840978,91.37170679730677,93.07329388866809,94.75746434215068,96.45161835113815,98.18245455124328,99.95087174043336,101.74187258073769,103.55845307743652,105.40341371930226,107.27955604383035,109.17278148249123,111.07409731780297,112.99490097195181,114.94678607055775,116.94095198181354,118.98049289090191,121.06290997330498,123.19139466352216,125.36844921054599,127.59706892218672
,ECU,,emi_ncov,emi_ncov,KYOTOGHG,IPCM0EL,MtCO2eq,AR4,3.503298149830282e-05,0.00010073091699825719,0.00022798363169617043,0.0008970746961033257,0.0021936905168026717,0.004466595201804083,0.007609968154798381,0.010850994855799649,0.014839011246397943,0.016592931097500527,0.02223201232079919,0.029514946187997503,0.03727393788230394,0.04526309943270461,0.05909094278880137,0.07158580930019898,0.08022112182540143,0.09026488377660345,0.10031003966719611,0.10987987212159635,0.11946006426040467,0.1223098438909984,0.13080005914500095,0.13930000192460434,0.14780008381019438,0.1562899527529987,0.16479005913719919,0.17328967372000867,0.20497691633406398,0.247180602369498,0.29232607701120367,0.3298967061299898,0.3680766776402242,0.40664586840563277,0.4457166471047901,0.48493021739068787,0.529835005258153,0.575160219656872,0.6210010103850333,0.6667639163370861,0.7124449287384553,0.7578433998414617,0.8031563084801375,0.8483858549975507,0.8937318460100763,0.9392956459049541,0.9849784567148655,1.0307776164105276,1.0763971197116937,1.1218364778459653,1.1671941533178793,1.212368714656992,1.257752879345259,1.3032492251964192,1.3484641265904669,1.393398215334684,1.4375573062463167,1.4809402238432423,1.5227555336260614,1.5631009866022385,1.6014812749614984
,ECU,,pc_cov,pc_cov,KYOTOGHG,IPCM0EL,MtCO2eq/MtCO2eq,AR4,0.999999245,0.99999771,0.9999954790000001,0.9999834009999999,0.9999487579999999,0.9999139859999999,0.999859519,0.999772502,0.999697452,0.999645507,0.999486148,0.99938484,0.9992422409999999,0.9991208709999999,0.998919472,0.998712629,0.998524726,0.9984161109999999,0.9983134140000001,0.9982589040000001,0.9981521059999999,0.998152503,0.997997335,0.9979603579999999,0.9978955420000001,0.99769359,0.997490164,0.9973235999999999,0.99699686,0.9965555070000001,0.996116197,0.9956805040000001,0.9952493840000001,0.994825445,0.994406978,0.9939981990000001,0.9935954379999999,0.993206519,0.9928280979999999,0.992464646,0.9921134890000001,0.991774155,0.9914445390000001,0.991126214,0.990818957,0.9905238190000001,0.99024154,0.9899703120000001,0.989712824,0.9894688209999999,0.989237168,0.989016922,0.9888032390000001,0.98859781,0.988404822,0.988224905,0.988061945,0.9879150179999999,0.9877900340000001,0.987685481,0.987604495
,EGY,,pop,pop,POP,DEMOGR,Pers,,56134475.0,57424549.0,58666814.0,59880658.0,61095804.0,62334034.0,63601629.0,64892270.0,66200269.0,67515591.0,68831561.0,70152661.0,71485043.0,72826097.0,74172073.0,75523569.0,76873663.0,78232126.0,79636079.0,81134798.0,82761235.0,84529252.0,86422243.0,88404646.0,90424656.0,92442547.0,94447073.0,96442591.0,97652925.4673,99253394.688,100855160.58,102468651.7432,104100051.3036,105743205.7863,107392042.8468,109040572.3785,110673972.5161,112284972.3179,113878809.7928,115460494.1667,117034801.9794,118606782.2486,120178359.2596,121749499.6534,123320230.848,124890639.3146,126456480.1044,128014673.5204,129567095.6367,131115620.3024,132662118.6612,134214963.7773,135777952.8136,137346140.7536,138914647.1825,140478653.7233,142028065.6311,143557168.5872,145067652.2837,146561062.0549,148038802.3746
,EGY,,gdp,gdp,GDPPPP,ECO,2011GKD,,112763640625.0,130652367187.5,144743109375.0,169492218750.0,193446593750.0,228289562500.0,275517406250.0,286627343750.0,287501125000.0,303563968750.0,317799781250.0,333597156250.0,343771187500.0,357473718750.0,375248312500.0,395693718750.0,440465875000.0,499250500000.0,567148937500.0,621812187500.0,715813250000.0,828206562500.0,846654375000.0,875442312500.0,903043062500.0,939779562500.0,976628125000.0,998582500000.0,1110357211345.574,1175396297677.411,1240181953255.739,1305569397654.9758,1373904855508.385,1444631699205.7458,1517186518199.6309,1590999005622.103,1665297406282.711,1739731062194.271,1814363287814.7744,1889263020075.786,1964502234640.7031,2040115897649.552,2116298731616.352,2193363330355.327,2271621615265.4907,2351385373773.737,2432400167123.198,2514187489719.267,2596726316282.42,2679999283408.29,2763992507059.115,2848165498126.9683,2932272348122.612,3016747098266.379,3102027652538.148,3188555738460.6387,3275719352044.467,3363172635081.521,3451760942392.544,3542331881379.268,3635736550856.5386
"No targets calculated, so the baseline emissions are put in as target pathways for all un/conditional best/worst pathways.
",EGY,baseline_emissions,conditional,worst,KYOTOGHG,IPCM0EL,MtCO2eq,AR4,125.9885,128.6292,132.2391,145.0244,136.9279,148.4164,155.526,159.3492,169.5168,174.5941,187.7472,181.4974,188.9995,216.2225,223.6407,247.3347,257.4692,268.7817,283.5006,286.0681,286.9543,304.8532,303.6668,299.941,289.8876,295.3082,305.4326,309.726,328.0263,344.1651,360.2104,376.2953,392.9392,410.0381,427.4865,445.1771,462.949,480.7446,498.6089,516.5855,534.7169,552.9378,571.2314,589.7108,608.488,627.6734,647.2093,666.9656,686.9441,707.1463,727.5734,748.1792,768.9498,789.9334,811.1776,832.7289,854.3467,875.8594,897.4154,919.1611,941.2408
"No targets calculated, so the baseline emissions are put in as target pathways for all un/conditional best/worst pathways.
",EGY,baseline_emissions,conditional,best,KYOTOGHG,IPCM0EL,MtCO2eq,AR4,125.9885,128.6292,132.2391,145.0244,136.9279,148.4164,155.526,159.3492,169.5168,174.5941,187.7472,181.4974,188.9995,216.2225,223.6407,247.3347,257.4692,268.7817,283.5006,286.0681,286.9543,304.8532,303.6668,299.941,289.8876,295.3082,305.4326,309.726,328.0263,344.1651,360.2104,376.2953,392.9392,410.0381,427.4865,445.1771,462.949,480.7446,498.6089,516.5855,534.7169,552.9378,571.2314,589.7108,608.488,627.6734,647.2093,666.9656,686.9441,707.1463,727.5734,748.1792,768.9498,789.9334,811.1776,832.7289,854.3467,875.8594,897.4154,919.1611,941.2408
"No targets calculated, so the baseline emissions are put in as target pathways for all un/conditional best/worst pathways.
",EGY,baseline_emissions,unconditional,worst,KYOTOGHG,IPCM0EL,MtCO2eq,AR4,125.9885,128.6292,132.2391,145.0244,136.9279,148.4164,155.526,159.3492,169.5168,174.5941,187.7472,181.4974,188.9995,216.2225,223.6407,247.3347,257.4692,268.7817,283.5006,286.0681,286.9543,304.8532,303.6668,299.941,289.8876,295.3082,305.4326,309.726,328.0263,344.1651,360.2104,376.2953,392.9392,410.0381,427.4865,445.1771,462.949,480.7446,498.6089,516.5855,534.7169,552.9378,571.2314,589.7108,608.488,627.6734,647.2093,666.9656,686.9441,707.1463,727.5734,748.1792,768.9498,789.9334,811.1776,832.7289,854.3467,875.8594,897.4154,919.1611,941.2408
"No targets calculated, so the baseline emissions are put in as target pathways for all un/conditional best/worst pathways.
",EGY,baseline_emissions,unconditional,best,KYOTOGHG,IPCM0EL,MtCO2eq,AR4,125.9885,128.6292,132.2391,145.0244,136.9279,148.4164,155.526,159.3492,169.5168,174.5941,187.7472,181.4974,188.9995,216.2225,223.6407,247.3347,257.4692,268.7817,283.5006,286.0681,286.9543,304.8532,303.6668,299.941,289.8876,295.3082,305.4326,309.726,328.0263,344.1651,360.2104,376.2953,392.9392,410.0381,427.4865,445.1771,462.949,480.7446,498.6089,516.5855,534.7169,552.9378,571.2314,589.7108,608.488,627.6734,647.2093,666.9656,686.9441,707.1463,727.5734,748.1792,768.9498,789.9334,811.1776,832.7289,854.3467,875.8594,897.4154,919.1611,941.2408
,EGY,,emi_bau,emi_bau,KYOTOGHG,IPCM0EL,MtCO2eq,AR4,125.9885,128.6292,132.2391,145.0244,136.9279,148.4164,155.526,159.3492,169.5168,174.5941,187.7472,181.4974,188.9995,216.2225,223.6407,247.3347,257.4692,268.7817,283.5006,286.0681,286.9543,304.8532,303.6668,299.941,289.8876,295.3082,305.4326,309.726,328.0263,344.1651,360.2104,376.2953,392.9392,410.0381,427.4865,445.1771,462.949,480.7446,498.6089,516.5855,534.7169,552.9378,571.2314,589.7108,608.488,627.6734,647.2093,666.9656,686.9441,707.1463,727.5734,748.1792,768.9498,789.9334,811.1776,832.7289,854.3467,875.8594,897.4154,919.1611,941.2408
,EGY,,emi_cov,emi_cov,KYOTOGHG,IPCM0EL,MtCO2eq,AR4,124.270546767631,126.87758170729319,130.5113966874564,143.31782044217042,135.14208701283948,146.77920815403562,153.401831490936,157.61128185258,167.6093413648896,172.630267309141,186.05335809165118,179.74477525732982,187.14728070806402,214.32036104501748,221.54271608218713,244.9362244290411,254.9698401408204,266.1808035076179,280.83152179816926,283.3087611990379,284.1385176011507,302.0010394936332,300.7196198729588,296.898802516527,286.7503804444932,292.0759607960744,302.10532996022937,306.303711057792,324.1564999329825,339.8376000399543,355.40100005473363,370.9812999184736,387.09339990534886,403.63290017039526,420.4935001360485,437.5676001298113,454.69429989519,471.81539979191524,488.9736001227604,506.2105001351,523.5656998806401,540.9710001448974,558.4084997832206,575.9910001453384,593.830200110168,612.0365002313148,630.5546003037979,649.2587998293824,668.152399985506,687.2395001733541,706.5235003143166,725.9531998677696,745.508899767111,765.2409002870023,785.1988002247168,805.4319000977137,825.7084996775272,845.8649002904958,866.0486004084249,886.4053998341113,907.0784002183848
,EGY,,emi_ncov,emi_ncov,KYOTOGHG,IPCM0EL,MtCO2eq,AR4,1.7179532323690043,1.751618292706806,1.7277033125435994,1.7065795578296117,1.7858129871605037,1.6371918459643842,2.1241685090640123,1.7379181474199925,1.9074586351103962,1.9638326908589974,1.6938419083488179,1.7526247426701898,1.8522192919359932,1.9021389549825143,2.0979839178128947,2.3984755709589134,2.4993598591795996,2.6008964923821,2.6690782018307813,2.7593388009620803,2.8157823988492856,2.8521605063668254,2.9471801270412326,3.0421974834729837,3.1372195555067943,3.23223920392558,3.327270039770587,3.4222889422079947,3.8698000670175072,4.327499960045717,4.809399945266389,5.314000081526368,5.845800094651156,6.405199829604713,6.99299986395146,7.609499870188702,8.254700104810018,8.929200208084762,9.63529987723962,10.374999864899992,11.151200119359968,11.966799855102611,12.822900216779388,13.719799854661591,14.657799889832036,15.636899768685176,16.654699696202123,17.70680017061758,18.791700014494065,19.90679982664587,21.04989968568336,22.226000132230453,23.440900232888993,24.692499712997645,25.978799775283186,27.29699990228635,28.63820032247282,29.994499709504176,31.36679959157503,32.75570016588873,34.162399781615214
,EGY,,pc_cov,pc_cov,KYOTOGHG,IPCM0EL,MtCO2eq/MtCO2eq,AR4,0.986364206,0.986382421,0.986935004,0.9882324659999999,0.986958005,0.9889689290000001,0.9863420359999999,0.98909365,0.988747672,0.98875201,0.9909780709999999,0.9903435270000001,0.990199872,0.9912028629999999,0.990618953,0.990302713,0.990292587,0.990323387,0.9905852820000001,0.9903542590000001,0.990187349,0.9906441509999999,0.9902946909999999,0.989857347,0.989177807,0.9890546920000001,0.989106369,0.988950592,0.988202775,0.987426093,0.986648359,0.9858781120000001,0.9851228890000001,0.984379013,0.9836415890000001,0.982906803,0.98216931,0.9814263120000001,0.980675636,0.9799162,0.9791456000000001,0.978357783,0.977552179,0.976734698,0.9759111109999999,0.975087522,0.974266903,0.973451704,0.972644499,0.971849107,0.971068349,0.9702932129999999,0.969515695,0.9687410359999999,0.967973968,0.9672198240000001,0.966479416,0.965754207,0.965047625,0.964363483,0.963704931
,ERI,,pop,pop,POP,DEMOGR,Pers,,2258653.0,2266358.0,2257596.0,2238626.0,2218430.0,2204222.0,2196464.0,2195179.0,2206432.0,2237405.0,2292416.0,2374722.0,2481058.0,2600973.0,2719803.0,2826659.0,2918205.0,2996536.0,3062779.0,3119920.0,3170435.0,3213972.0,3250100.0,3281449.0,3311449.0,3342818.0,3376557.0,3412893.0,3514881.6127,3601135.6479,3687718.7522,3774715.6166,3862245.3809,3950547.4692,4039860.5963,4130423.3925,4221804.5632,4313427.5766,4405313.9733,4497485.5788,4589964.1558,4683108.9186,4777110.876,4871739.4092,4966763.8276,5061953.3373,5157406.9721,5253156.5195,5348870.2569,5444216.5101,5538863.6995,5633168.8132,5727571.0989999985,5821862.5079999985,5915835.1929,6009281.6664,6101698.081,6192839.0973,6282884.6114,6372012.9781,6460400.6267
,ERI,,gdp,gdp,GDPPPP,ECO,2011GKD,,4184578844.5253,4189087253.6464,3464715057.5045,3930884240.5396,4765073355.3772,4901277213.2755,5355078548.5914,5778594837.6438,5881025215.3676,5881817991.7417,5697012107.1861,6195810310.009,6382021003.3495,6212545424.596999,6302735154.1085,6464995889.6766,6402336055.0511,6493685998.2479,5858406746.5061,6085507975.4421,6219035616.0443,6758835465.4947,6509733421.4977,6551663717.5977,6593594013.6977,6635524309.7977,6677454605.8977,6719384901.9977,6784534937.7047,6816185843.6744,6888205913.9402,7031074274.904,7239792377.6338,7489707508.3055,7756466703.9085,8015827691.5637,8265158392.1999,8517150806.531,8770501212.4474,9023832985.4483,9275706363.056,9522904262.932,9767492509.3028,10015883997.2872,10274459845.8228,10549582400.1133,10839603818.6712,11140153215.4436,11453472910.9524,11781778059.0793,12127277440.9516,12488491941.0329,12864518333.4346,13258445543.6446,13673392166.7498,14112536010.5345,14577980459.2416,15069923785.8886,15588772855.0018,16134966619.7529,16708977922.8859
"The target value from 'conditional_best' was used for 'conditional_worst' in 2025, 2030.
",ERI,ABS,conditional,worst,KYOTOGHG,IPCM0EL,MtCO2eq,AR4,5.2478,5.2258,5.3752,4.6497,4.7166,4.8477,5.3891,5.7692,5.5069,5.6626,5.8413,5.5782,5.535,5.805,5.922999999999999,6.0221,5.6669,6.0292,5.8966,6.0195,5.9158,6.2285,6.3415,6.4136,6.4923,6.5436,6.5939,6.6863,6.924533333333334,7.162766666666666,7.401,7.544222586629704,7.661833879944557,7.7538338799445565,7.820222586629705,7.861000000000001,7.989349241897038,8.098823862845556,8.189423862845556,8.261149241897037,8.314,8.3580135879993,8.39992438513867,8.442632792604222,8.48903921158207,8.541681493110064,8.599979556950984,8.662193162393162,8.72919242979243,8.801702459445318,8.880375841618699,8.96485002616431,9.054689952904239,9.150620722135008,9.253149904064191,9.363075109017966,9.480323826966686,9.60453350776208,9.735269091226233,9.872385557299841,10.015447845804989
,ERI,ABS,conditional,best,KYOTOGHG,IPCM0EL,MtCO2eq,AR4,5.2478,5.2258,5.3752,4.6497,4.7166,4.8477,5.3891,5.7692,5.5069,5.6626,5.8413,5.5782,5.535,5.805,5.922999999999999,6.0221,5.6669,6.0292,5.8966,6.0195,5.9158,6.2285,6.3415,6.4136,6.4923,6.5436,6.5939,6.6863,6.924533333333334,7.162766666666666,7.401,7.544222586629704,7.661833879944557,7.7538338799445565,7.820222586629705,7.861000000000001,7.989349241897038,8.098823862845556,8.189423862845556,8.261149241897037,8.314,8.3580135879993,8.39992438513867,8.442632792604222,8.48903921158207,8.541681493110064,8.599979556950984,8.662193162393162,8.72919242979243,8.801702459445318,8.880375841618699,8.96485002616431,9.054689952904239,9.150620722135008,9.253149904064191,9.363075109017966,9.480323826966686,9.60453350776208,9.735269091226233,9.872385557299841,10.015447845804989
"The target value from 'unconditional_best' was used for 'unconditional_worst' in 2025, 2030.
",ERI,ABS,unconditional,worst,KYOTOGHG,IPCM0EL,MtCO2eq,AR4,5.2478,5.2258,5.3752,4.6497,4.7166,4.8477,5.3891,5.7692,5.5069,5.6626,5.8413,5.5782,5.535,5.805,5.922999999999999,6.0221,5.6669,6.0292,5.8966,6.0195,5.9158,6.2285,6.3415,6.4136,6.4923,6.5436,6.5939,6.6863,6.924533333333334,7.162766666666666,7.401,7.734087544514341,8.06083131677151,8.38123131677151,8.69528754451434,9.003,9.314411709715083,9.618217564572625,9.914417564572624,10.203011709715083,10.484,10.53950137798709,10.59235112506541,10.646206663178091,10.704725414268271,10.771107622536194,10.844621803593231,10.923073504273503,11.007559951159951,11.098995499738358,11.198203069945928,11.304725484039768,11.418014128728416,11.538983359497646,11.668273225187512,11.806889516832374,11.954740798883657,12.111369893598464,12.276228187685328,12.449132810047095,12.629535147392291
,ERI,ABS,unconditional,best,KYOTOGHG,IPCM0EL,MtCO2eq,AR4,5.2478,5.2258,5.3752,4.6497,4.7166,4.8477,5.3891,5.7692,5.5069,5.6626,5.8413,5.5782,5.535,5.805,5.922999999999999,6.0221,5.6669,6.0292,5.8966,6.0195,5.9158,6.2285,6.3415,6.4136,6.4923,6.5436,6.5939,6.6863,6.924533333333334,7.162766666666666,7.401,7.734087544514341,8.06083131677151,8.38123131677151,8.69528754451434,9.003,9.314411709715083,9.618217564572625,9.914417564572624,10.203011709715083,10.484,10.53950137798709,10.59235112506541,10.646206663178091,10.704725414268271,10.771107622536194,10.844621803593231,10.923073504273503,11.007559951159951,11.098995499738358,11.198203069945928,11.304725484039768,11.418014128728416,11.538983359497646,11.668273225187512,11.806889516832374,11.954740798883657,12.111369893598464,12.276228187685328,12.449132810047095,12.629535147392291
"The target value from 'conditional_best' was used for 'conditional_worst' in 2025, 2030.
",ERI,ABU,conditional,worst,KYOTOGHG,IPCM0EL,MtCO2eq,AR4,5.2478,5.2258,5.3752,4.6497,4.7166,4.8477,5.3891,5.7692,5.5069,5.6626,5.8413,5.5782,5.535,5.805,5.922999999999999,6.0221,5.6669,6.0292,5.8966,6.0195,5.9158,6.2285,6.3415,6.4136,6.4923,6.5436,6.5939,6.6863,6.924533333333334,7.162766666666666,7.401,7.544222586629704,7.661833879944557,7.7538338799445565,7.820222586629705,7.861000000000001,7.989349241897038,8.098823862845556,8.189423862845556,8.261149241897037,8.314,8.3580135879993,8.39992438513867,8.442632792604222,8.48903921158207,8.541681493110064,8.599979556950984,8.662193162393162,8.72919242979243,8.801702459445318,8.880375841618699,8.96485002616431,9.054689952904239,9.150620722135008,9.253149904064191,9.363075109017966,9.480323826966686,9.60453350776208,9.735269091226233,9.872385557299841,10.015447845804989
,ERI,ABU,conditional,best,KYOTOGHG,IPCM0EL,MtCO2eq,AR4,5.2478,5.2258,5.3752,4.6497,4.7166,4.8477,5.3891,5.7692,5.5069,5.6626,5.8413,5.5782,5.535,5.805,5.922999999999999,6.0221,5.6669,6.0292,5.8966,6.0195,5.9158,6.2285,6.3415,6.4136,6.4923,6.5436,6.5939,6.6863,6.924533333333334,7.162766666666666,7.401,7.544222586629704,7.661833879944557,7.7538338799445565,7.820222586629705,7.861000000000001,7.989349241897038,8.098823862845556,8.189423862845556,8.261149241897037,8.314,8.3580135879993,8.39992438513867,8.442632792604222,8.48903921158207,8.541681493110064,8.599979556950984,8.662193162393162,8.72919242979243,8.801702459445318,8.880375841618699,8.96485002616431,9.054689952904239,9.150620722135008,9.253149904064191,9.363075109017966,9.480323826966686,9.60453350776208,9.735269091226233,9.872385557299841,10.015447845804989
"The target value from 'unconditional_best' was used for 'unconditional_worst' in 2025, 2030.
",ERI,ABU,unconditional,worst,KYOTOGHG,IPCM0EL,MtCO2eq,AR4,5.2478,5.2258,5.3752,4.6497,4.7166,4.8477,5.3891,5.7692,5.5069,5.6626,5.8413,5.5782,5.535,5.805,5.922999999999999,6.0221,5.6669,6.0292,5.8966,6.0195,5.9158,6.2285,6.3415,6.4136,6.4923,6.5436,6.5939,6.6863,6.924533333333334,7.162766666666666,7.401,7.732258722678323,8.056988084017485,8.375188084017486,8.686858722678323,8.991999999999999,9.305220077344893,9.611030116017341,9.90943011601734,10.200420077344894,10.484,10.53950137798709,10.59235112506541,10.646206663178091,10.704725414268271,10.771107622536194,10.844621803593231,10.923073504273503,11.007559951159951,11.098995499738358,11.198203069945928,11.304725484039768,11.418014128728416,11.538983359497646,11.668273225187512,11.806889516832374,11.954740798883657,12.111369893598464,12.276228187685328,12.449132810047095,12.629535147392291
,ERI,ABU,unconditional,best,KYOTOGHG,IPCM0EL,MtCO2eq,AR4,5.2478,5.2258,5.3752,4.6497,4.7166,4.8477,5.3891,5.7692,5.5069,5.6626,5.8413,5.5782,5.535,5.805,5.922999999999999,6.0221,5.6669,6.0292,5.8966,6.0195,5.9158,6.2285,6.3415,6.4136,6.4923,6.5436,6.5939,6.6863,6.924533333333334,7.162766666666666,7.401,7.732258722678323,8.056988084017485,8.375188084017486,8.686858722678323,8.991999999999999,9.305220077344893,9.611030116017341,9.90943011601734,10.200420077344894,10.484,10.53950137798709,10.59235112506541,10.646206663178091,10.704725414268271,10.771107622536194,10.844621803593231,10.923073504273503,11.007559951159951,11.098995499738358,11.198203069945928,11.304725484039768,11.418014128728416,11.538983359497646,11.668273225187512,11.806889516832374,11.954740798883657,12.111369893598464,12.276228187685328,12.449132810047095,12.629535147392291
"The target value from 'conditional_best' was used for 'conditional_worst' in 2025, 2030.
",ERI,RBU,conditional,worst,KYOTOGHG,IPCM0EL,MtCO2eq,AR4,5.2478,5.2258,5.3752,4.6497,4.7166,4.8477,5.3891,5.7692,5.5069,5.6626,5.8413,5.5782,5.535,5.805,5.922999999999999,6.0221,5.6669,6.0292,5.8966,6.0195,5.9158,6.2285,6.3415,6.4136,6.4923,6.5436,6.5939,6.6863,6.924533333333334,7.162766666666666,7.401,7.733134407621044,8.058828318526825,8.37808173271734,8.690894650192591,8.997267070952578,9.350972305168407,9.700697467686387,10.046442558506524,10.388207577628815,10.725992525053261,10.782774990278337,10.836844619438295,10.891943255381575,10.951812740956615,11.019727188655802,11.094938229909445,11.175200759008483,11.26163732880745,11.355183400018449,11.456680887282383,11.565662060243197,11.681565642473627,11.80532709468578,11.937601239378134,12.079417083334011,12.230681080482197,12.39092550046664,12.559589066860072,12.736484687520072,12.921051086019377
,ERI,RBU,conditional,best,KYOTOGHG,IPCM0EL,MtCO2eq,AR4,5.2478,5.2258,5.3752,4.6497,4.7166,4.8477,5.3891,5.7692,5.5069,5.6626,5.8413,5.5782,5.535,5.805,5.922999999999999,6.0221,5.6669,6.0292,5.8966,6.0195,5.9158,6.2285,6.3415,6.4136,6.4923,6.5436,6.5939,6.6863,6.924533333333334,7.162766666666666,7.401,7.733134407621044,8.058828318526825,8.37808173271734,8.690894650192591,8.997267070952578,9.350972305168407,9.700697467686387,10.046442558506524,10.388207577628815,10.725992525053261,10.782774990278337,10.836844619438295,10.891943255381575,10.951812740956615,11.019727188655802,11.094938229909445,11.175200759008483,11.26163732880745,11.355183400018449,11.456680887282383,11.565662060243197,11.681565642473627,11.80532709468578,11.937601239378134,12.079417083334011,12.230681080482197,12.39092550046664,12.559589066860072,12.736484687520072,12.921051086019377
"The target value from 'unconditional_best' was used for 'unconditional_worst' in 2025, 2030.
",ERI,RBU,unconditional,worst,KYOTOGHG,IPCM0EL,MtCO2eq,AR4,5.2478,5.2258,5.3752,4.6497,4.7166,4.8477,5.3891,5.7692,5.5069,5.6626,5.8413,5.5782,5.535,5.805,5.922999999999999,6.0221,5.6669,6.0292,5.8966,6.0195,5.9158,6.2285,6.3415,6.4136,6.4923,6.5436,6.5939,6.6863,6.924533333333334,7.162766666666666,7.401,7.780797322379537,8.158990986942422,8.535580993688654,8.910567342618236,9.283950033731164,9.677562814407212,10.069509033321834,10.459788690475023,10.848401785866788,11.23534831949712,11.294827269697144,11.35146455670804,11.40917971596309,11.471892282895569,11.543031851009601,11.621814513218528,11.705888548262385,11.796429816771154,11.894418202603154,12.000735601230874,12.114892070725151,12.236299680771003,12.365938315226737,12.504493892793187,12.653044285714499,12.811491505604842,12.979345610535058,13.156018670190152,13.341314707798464,13.534645793045001
,ERI,RBU,unconditional,best,KYOTOGHG,IPCM0EL,MtCO2eq,AR4,5.2478,5.2258,5.3752,4.6497,4.7166,4.8477,5.3891,5.7692,5.5069,5.6626,5.8413,5.5782,5.535,5.805,5.922999999999999,6.0221,5.6669,6.0292,5.8966,6.0195,5.9158,6.2285,6.3415,6.4136,6.4923,6.5436,6.5939,6.6863,6.924533333333334,7.162766666666666,7.401,7.780797322379537,8.158990986942422,8.535580993688654,8.910567342618236,9.283950033731164,9.677562814407212,10.069509033321834,10.459788690475023,10.848401785866788,11.23534831949712,11.294827269697144,11.35146455670804,11.40917971596309,11.471892282895569,11.543031851009601,11.621814513218528,11.705888548262385,11.796429816771154,11.894418202603154,12.000735601230874,12.114892070725151,12.236299680771003,12.365938315226737,12.504493892793187,12.653044285714499,12.811491505604842,12.979345610535058,13.156018670190152,13.341314707798464,13.534645793045001
"No targets calculated, so the baseline emissions are put in as target pathways for all un/conditional best/worst pathways.
",ERI,baseline_emissions,conditional,worst,KYOTOGHG,IPCM0EL,MtCO2eq,AR4,5.2478,5.2258,5.3752,4.6497,4.7166,4.8477,5.3891,5.7692,5.5069,5.6626,5.8413,5.5782,5.535,5.805,5.922999999999999,6.0221,5.6669,6.0292,5.8966,6.0195,5.9158,6.2285,6.3415,6.4136,6.4923,6.5436,6.5939,6.6863,6.924533333333334,7.162766666666666,7.401,7.7966,8.1922,8.5878,8.9834,9.379,9.7964,10.2138,10.6312,11.0486,11.466,11.526699999999998,11.584499999999998,11.6434,11.7074,11.78,11.860399999999998,11.9462,12.0386,12.1386,12.2471,12.363599999999998,12.4875,12.6198,12.7612,12.9128,13.0745,13.2458,13.426099999999998,13.615199999999998,13.8125
"No targets calculated, so the baseline emissions are put in as target pathways for all un/conditional best/worst pathways.
",ERI,baseline_emissions,conditional,best,KYOTOGHG,IPCM0EL,MtCO2eq,AR4,5.2478,5.2258,5.3752,4.6497,4.7166,4.8477,5.3891,5.7692,5.5069,5.6626,5.8413,5.5782,5.535,5.805,5.922999999999999,6.0221,5.6669,6.0292,5.8966,6.0195,5.9158,6.2285,6.3415,6.4136,6.4923,6.5436,6.5939,6.6863,6.924533333333334,7.162766666666666,7.401,7.7966,8.1922,8.5878,8.9834,9.379,9.7964,10.2138,10.6312,11.0486,11.466,11.526699999999998,11.584499999999998,11.6434,11.7074,11.78,11.860399999999998,11.9462,12.0386,12.1386,12.2471,12.363599999999998,12.4875,12.6198,12.7612,12.9128,13.0745,13.2458,13.426099999999998,13.615199999999998,13.8125
"No targets calculated, so the baseline emissions are put in as target pathways for all un/conditional best/worst pathways.
",ERI,baseline_emissions,unconditional,worst,KYOTOGHG,IPCM0EL,MtCO2eq,AR4,5.2478,5.2258,5.3752,4.6497,4.7166,4.8477,5.3891,5.7692,5.5069,5.6626,5.8413,5.5782,5.535,5.805,5.922999999999999,6.0221,5.6669,6.0292,5.8966,6.0195,5.9158,6.2285,6.3415,6.4136,6.4923,6.5436,6.5939,6.6863,6.924533333333334,7.162766666666666,7.401,7.7966,8.1922,8.5878,8.9834,9.379,9.7964,10.2138,10.6312,11.0486,11.466,11.526699999999998,11.584499999999998,11.6434,11.7074,11.78,11.860399999999998,11.9462,12.0386,12.1386,12.2471,12.363599999999998,12.4875,12.6198,12.7612,12.9128,13.0745,13.2458,13.426099999999998,13.615199999999998,13.8125
"No targets calculated, so the baseline emissions are put in as target pathways for all un/conditional best/worst pathways.
",ERI,baseline_emissions,unconditional,best,KYOTOGHG,IPCM0EL,MtCO2eq,AR4,5.2478,5.2258,5.3752,4.6497,4.7166,4.8477,5.3891,5.7692,5.5069,5.6626,5.8413,5.5782,5.535,5.805,5.922999999999999,6.0221,5.6669,6.0292,5.8966,6.0195,5.9158,6.2285,6.3415,6.4136,6.4923,6.5436,6.5939,6.6863,6.924533333333334,7.162766666666666,7.401,7.7966,8.1922,8.5878,8.9834,9.379,9.7964,10.2138,10.6312,11.0486,11.466,11.526699999999998,11.584499999999998,11.6434,11.7074,11.78,11.860399999999998,11.9462,12.0386,12.1386,12.2471,12.363599999999998,12.4875,12.6198,12.7612,12.9128,13.0745,13.2458,13.426099999999998,13.615199999999998,13.8125
,ERI,,emi_bau,emi_bau,KYOTOGHG,IPCM0EL,MtCO2eq,AR4,5.2478,5.2258,5.3752,4.6497,4.7166,4.8477,5.3891,5.7692,5.5069,5.6626,5.8413,5.5782,5.535,5.805,5.922999999999999,6.0221,5.6669,6.0292,5.8966,6.0195,5.9158,6.2285,6.3415,6.4136,6.4923,6.5436,6.5939,6.6863,6.924533333333334,7.162766666666666,7.401,7.7966,8.1922,8.5878,8.9834,9.379,9.7964,10.2138,10.6312,11.0486,11.466,11.526699999999998,11.584499999999998,11.6434,11.7074,11.78,11.860399999999998,11.9462,12.0386,12.1386,12.2471,12.363599999999998,12.4875,12.6198,12.7612,12.9128,13.0745,13.2458,13.426099999999998,13.615199999999998,13.8125
,ERI,,emi_cov,emi_cov,KYOTOGHG,IPCM0EL,MtCO2eq,AR4,1.219578591746,1.1740331036714,1.2322827413000002,1.3048075879839,1.3107825754926,1.3924930312722,1.4940204786223001,1.3544136456528,0.8798470996371001,0.9181618013416001,0.9132938673516001,0.9513181876607999,0.9350906656050001,1.067435735625,1.1284613143909998,1.1366945540628999,0.9422251379082001,0.9740826647616001,0.8194243918551999,0.9304376123294998,0.9509781191394001,0.975406033337,1.0186915653255,1.0343145890288001,1.0544085544839001,1.0924489683408,1.0973415467458998,1.1468191585702,1.1301695172509334,1.1557692955223,1.1850204920669998,1.2462636737586,1.3138848365473998,1.3857990216642,1.4596526479046001,1.533063972078,1.6094308358468,1.6865610380808003,1.7644260740608,1.8429650707258003,1.922097337524,1.9412275691129997,1.9593828448709998,1.9778239786887999,1.9977954114384,2.0203690109,2.045269880308,2.0717333827133997,2.1001102224984,2.1306835540056004,2.1637004110059,2.1989795229396,2.2363127237250002,2.2759744686624,2.3181445401832,2.3631175008448,2.4108289286385003,2.4610992841004,2.513724665392,2.568622514824799,2.625598014
,ERI,,emi_ncov,emi_ncov,KYOTOGHG,IPCM0EL,MtCO2eq,AR4,4.028221408254,4.0517668963285995,4.142917258700001,3.3448924120161,3.4058174245074,3.4552069687277998,3.8950795213776996,4.4147863543472,4.6270529003629,4.7444381986584,4.928006132648401,4.6268818123391995,4.599909334395,4.737564264375,4.794538685608999,4.8854054459371,4.7246748620918,5.0551173352384,5.0771756081448,5.0890623876705,4.9648218808606,5.253093966663,5.3228084346745,5.3792854109712,5.4378914455161,5.4511510316592,5.496558453254099,5.5394808414298,5.7943638160824005,6.006997371144366,6.215979507933,6.5503363262414,6.8783151634526,7.2020009783358,7.523747352095399,7.845936027922,8.1869691641532,8.5272389619192,8.8667739259392,9.205634929274199,9.543902662476,9.585472430887,9.625117155128999,9.6655760213112,9.7096045885616,9.7596309891,9.815130119691998,9.8744666172866,9.9384897775016,10.007916445994399,10.0833995889941,10.1646204770604,10.251187276275001,10.343825531337599,10.4430554598168,10.549682499155201,10.6636710713615,10.7847007158996,10.912375334607999,11.046577485175199,11.186901986
,ERI,,pc_cov,pc_cov,KYOTOGHG,IPCM0EL,MtCO2eq/MtCO2eq,AR4,0.23239807,0.224660933,0.229253375,0.280621887,0.277908361,0.287248186,0.27723005300000003,0.234766284,0.159771759,0.162144916,0.156351132,0.17054214399999998,0.16894140300000002,0.183882125,0.19052191699999999,0.18875384899999997,0.16626817800000002,0.161560848,0.13896557199999998,0.15457058099999998,0.16075224300000002,0.156603682,0.160638897,0.16126895800000002,0.162409093,0.166949228,0.16641768099999998,0.171517754,0.163212373,0.161357943,0.16011626699999998,0.159847071,0.160382417,0.161368339,0.16248331900000001,0.163457082,0.164287987,0.165125716,0.165966784,0.16680530300000002,0.167634514,0.16841139,0.169138318,0.169866532,0.170643816,0.171508405,0.17244527,0.173421957,0.174448044,0.175529596,0.176670429,0.17785916100000002,0.179084102,0.180349488,0.181655686,0.18300581600000002,0.184391673,0.185802238,0.18722672,0.18865844899999998,0.190088544
,ESP,,pop,pop,POP,DEMOGR,Pers,,39202525.0,39299081.0,39410857.0,39533725.0,39660069.0,39787419.0,39908959.0,40035293.0,40201560.0,40454470.0,40824754.0,41319427.0,41919585.0,42596453.0,43308345.0,44019123.0,44728565.0,45429076.0,46068811.0,46583565.0,46931015.0,47084240.0,47063060.0,46930555.0,46777925.0,46671926.0,46634140.0,46647428.0,47058434.0158,47089340.1053,47074742.427,47030483.858,46980873.1965,46929676.0569,46880657.2112,46837588.211,46791609.7861,46734613.9583,46671515.1123,46607241.3938,46546738.5609,46482132.5972,46404369.3297,46316623.8306,46222052.1777,46123793.6142,46023104.2353,45918700.0453,45809897.2102,45696008.6026,45576342.2125,45448270.3821,45308684.9125,45156171.23899999,44989320.8866,44806734.2426,44607530.9652,44393485.5755,44167188.2047,43931228.0105,43688194.6973
,ESP,,gdp,gdp,GDPPPP,ECO,2011GKD,,684530875000.0,719398187500.0,741290437500.0,740320562500.0,766737812500.0,806641500000.0,830424812500.0,890363250000.0,957572250000.0,1000423812500.0,1055678000000.0,1097851875000.0,1147489500000.0,1177519125000.0,1238375875000.0,1344368375000.0,1473472875000.0,1576838375000.0,1613813500000.0,1557012625000.0,1539066625000.0,1522132750000.0,1500436250000.0,1479576375000.0,1503117625000.0,1574340875000.0,1625242875000.0,1701701125000.0,1605621544731.208,1618576822696.991,1629332912034.383,1638643802491.301,1647612310809.732,1656562105019.556,1665819062429.855,1675712364146.651,1686131698873.269,1696547082626.69,1706660860655.95,1716175055566.456,1724791486532.596,1732925426317.856,1740912416376.646,1748336003897.7842,1754781471797.9482,1759836015779.8132,1764050003840.8809,1767930421377.75,1771000624195.5718,1772783687665.431,1772802667221.86,1771642073495.917,1770359693756.3909,1769184170054.583,1768338896828.705,1768043095771.383,1768245086181.666,1768681908953.405,1769254560164.0068,1769865077553.309,1770416336640.807
"The target value from 'unconditional_best' was used for 'conditional_worst' in 2030.
The target value from 'unconditional_best' was used for 'conditional_best' in 2030.
",ESP,RBY,conditional,worst,KYOTOGHG,IPCM0EL,MtCO2eq,AR4,294.4794,302.8792,311.3464,301.2949,317.6941,333.6848,325.8913,340.702,351.5351,379.2369,395.0517,391.3259,409.7072,418.33,433.6747,447.832,439.8411,451.4459,417.0515,376.7138,362.457,362.6663,355.4473,327.6306,330.2859,341.6234,330.2365,343.7742,302.9817,306.9054,310.6066,298.72790125904027,286.43443521705564,273.811628261382,260.92927010165397,247.84157553685324,234.5284892555301,220.91170591553742,206.95097936406952,192.61242199780241,177.86862749999995,180.09140120706635,182.3329080121335,184.55303465100414,186.7105988511714,188.76324752150322,190.77074331703446,192.78994729881612,194.77193961038444,196.66622233538973,198.42036316149304,200.08175479042987,201.75200391679095,203.45890475663165,205.23030243116497,207.09465292349523,209.0485964932201,211.0627608643983,213.12696500550777,215.2307733592382,217.36364855796435
,ESP,RBY,conditional,best,KYOTOGHG,IPCM0EL,MtCO2eq,AR4,294.4794,302.8792,311.3464,301.2949,317.6941,333.6848,325.8913,340.702,351.5351,379.2369,395.0517,391.3259,409.7072,418.33,433.6747,447.832,439.8411,451.4459,417.0515,376.7138,362.457,362.6663,355.4473,327.6306,330.2859,341.6234,330.2365,343.7742,302.9817,306.9054,310.6066,298.72790125904027,286.43443521705564,273.811628261382,260.92927010165397,247.84157553685324,234.5284892555301,220.91170591553742,206.95097936406952,192.61242199780241,177.86862749999995,180.09140120706635,182.3329080121335,184.55303465100414,186.7105988511714,188.76324752150322,190.77074331703446,192.78994729881612,194.77193961038444,196.66622233538973,198.42036316149304,200.08175479042987,201.75200391679095,203.45890475663165,205.23030243116497,207.09465292349523,209.0485964932201,211.0627608643983,213.12696500550777,215.2307733592382,217.36364855796435
"The target value from 'unconditional_best' was used for 'unconditional_worst' in 2030.
",ESP,RBY,unconditional,worst,KYOTOGHG,IPCM0EL,MtCO2eq,AR4,294.4794,302.8792,311.3464,301.2949,317.6941,333.6848,325.8913,340.702,351.5351,379.2369,395.0517,391.3259,409.7072,418.33,433.6747,447.832,439.8411,451.4459,417.0515,376.7138,362.457,362.6663,355.4473,327.6306,330.2859,341.6234,330.2365,343.7742,302.9817,306.9054,310.6066,298.72790125904027,286.43443521705564,273.811628261382,260.92927010165397,247.84157553685324,234.5284892555301,220.91170591553742,206.95097936406952,192.61242199780241,177.86862749999995,180.09140120706635,182.3329080121335,184.55303465100414,186.7105988511714,188.76324752150322,190.77074331703446,192.78994729881612,194.77193961038444,196.66622233538973,198.42036316149304,200.08175479042987,201.75200391679095,203.45890475663165,205.23030243116497,207.09465292349523,209.0485964932201,211.0627608643983,213.12696500550777,215.2307733592382,217.36364855796435
,ESP,RBY,unconditional,best,KYOTOGHG,IPCM0EL,MtCO2eq,AR4,294.4794,302.8792,311.3464,301.2949,317.6941,333.6848,325.8913,340.702,351.5351,379.2369,395.0517,391.3259,409.7072,418.33,433.6747,447.832,439.8411,451.4459,417.0515,376.7138,362.457,362.6663,355.4473,327.6306,330.2859,341.6234,330.2365,343.7742,302.9817,306.9054,310.6066,298.72790125904027,286.43443521705564,273.811628261382,260.92927010165397,247.84157553685324,234.5284892555301,220.91170591553742,206.95097936406952,192.61242199780241,177.86862749999995,180.09140120706635,182.3329080121335,184.55303465100414,186.7105988511714,188.76324752150322,190.77074331703446,192.78994729881612,194.77193961038444,196.66622233538973,198.42036316149304,200.08175479042987,201.75200391679095,203.45890475663165,205.23030243116497,207.09465292349523,209.0485964932201,211.0627608643983,213.12696500550777,215.2307733592382,217.36364855796435
"No targets calculated, so the baseline emissions are put in as target pathways for all un/conditional best/worst pathways.
",ESP,baseline_emissions,conditional,worst,KYOTOGHG,IPCM0EL,MtCO2eq,AR4,294.4794,302.8792,311.3464,301.2949,317.6941,333.6848,325.8913,340.702,351.5351,379.2369,395.0517,391.3259,409.7072,418.33,433.6747,447.832,439.8411,451.4459,417.0515,376.7138,362.457,362.6663,355.4473,327.6306,330.2859,341.6234,330.2365,343.7742,302.9817,306.9054,310.6066,314.1511,317.6216,321.1055,324.6921,328.4733,332.4613,336.5832,340.8052,345.093,349.4118,353.7783,358.1816,362.5429,366.7813,370.8136,374.7572,378.7238,382.6173,386.3385,389.7844,393.0481,396.3292,399.6823,403.1621,406.8245,410.6629,414.6196,418.6746,422.8074,426.9973
"No targets calculated, so the baseline emissions are put in as target pathways for all un/conditional best/worst pathways.
",ESP,baseline_emissions,conditional,best,KYOTOGHG,IPCM0EL,MtCO2eq,AR4,294.4794,302.8792,311.3464,301.2949,317.6941,333.6848,325.8913,340.702,351.5351,379.2369,395.0517,391.3259,409.7072,418.33,433.6747,447.832,439.8411,451.4459,417.0515,376.7138,362.457,362.6663,355.4473,327.6306,330.2859,341.6234,330.2365,343.7742,302.9817,306.9054,310.6066,314.1511,317.6216,321.1055,324.6921,328.4733,332.4613,336.5832,340.8052,345.093,349.4118,353.7783,358.1816,362.5429,366.7813,370.8136,374.7572,378.7238,382.6173,386.3385,389.7844,393.0481,396.3292,399.6823,403.1621,406.8245,410.6629,414.6196,418.6746,422.8074,426.9973
"No targets calculated, so the baseline emissions are put in as target pathways for all un/conditional best/worst pathways.
",ESP,baseline_emissions,unconditional,worst,KYOTOGHG,IPCM0EL,MtCO2eq,AR4,294.4794,302.8792,311.3464,301.2949,317.6941,333.6848,325.8913,340.702,351.5351,379.2369,395.0517,391.3259,409.7072,418.33,433.6747,447.832,439.8411,451.4459,417.0515,376.7138,362.457,362.6663,355.4473,327.6306,330.2859,341.6234,330.2365,343.7742,302.9817,306.9054,310.6066,314.1511,317.6216,321.1055,324.6921,328.4733,332.4613,336.5832,340.8052,345.093,349.4118,353.7783,358.1816,362.5429,366.7813,370.8136,374.7572,378.7238,382.6173,386.3385,389.7844,393.0481,396.3292,399.6823,403.1621,406.8245,410.6629,414.6196,418.6746,422.8074,426.9973
"No targets calculated, so the baseline emissions are put in as target pathways for all un/conditional best/worst pathways.
",ESP,baseline_emissions,unconditional,best,KYOTOGHG,IPCM0EL,MtCO2eq,AR4,294.4794,302.8792,311.3464,301.2949,317.6941,333.6848,325.8913,340.702,351.5351,379.2369,395.0517,391.3259,409.7072,418.33,433.6747,447.832,439.8411,451.4459,417.0515,376.7138,362.457,362.6663,355.4473,327.6306,330.2859,341.6234,330.2365,343.7742,302.9817,306.9054,310.6066,314.1511,317.6216,321.1055,324.6921,328.4733,332.4613,336.5832,340.8052,345.093,349.4118,353.7783,358.1816,362.5429,366.7813,370.8136,374.7572,378.7238,382.6173,386.3385,389.7844,393.0481,396.3292,399.6823,403.1621,406.8245,410.6629,414.6196,418.6746,422.8074,426.9973
,ESP,,emi_bau,emi_bau,KYOTOGHG,IPCM0EL,MtCO2eq,AR4,294.4794,302.8792,311.3464,301.2949,317.6941,333.6848,325.8913,340.702,351.5351,379.2369,395.0517,391.3259,409.7072,418.33,433.6747,447.832,439.8411,451.4459,417.0515,376.7138,362.457,362.6663,355.4473,327.6306,330.2859,341.6234,330.2365,343.7742,302.9817,306.9054,310.6066,314.1511,317.6216,321.1055,324.6921,328.4733,332.4613,336.5832,340.8052,345.093,349.4118,353.7783,358.1816,362.5429,366.7813,370.8136,374.7572,378.7238,382.6173,386.3385,389.7844,393.0481,396.3292,399.6823,403.1621,406.8245,410.6629,414.6196,418.6746,422.8074,426.9973
,ESP,,emi_cov,emi_cov,KYOTOGHG,IPCM0EL,MtCO2eq,AR4,294.4794,302.8792,311.3464,301.2949,317.6941,333.6848,325.8913,340.702,351.5351,379.2369,395.0517,391.3259,409.7072,418.33,433.6747,447.832,439.8411,451.4459,417.0515,376.7138,362.457,362.6663,355.4473,327.6306,330.2859,341.6234,330.2365,343.7742,302.9817,306.9054,310.6066,314.1511,317.6216,321.1055,324.6921,328.4733,332.4613,336.5832,340.8052,345.093,349.4118,353.7783,358.1816,362.5429,366.7813,370.8136,374.7572,378.7238,382.6173,386.3385,389.7844,393.0481,396.3292,399.6823,403.1621,406.8245,410.6629,414.6196,418.6746,422.8074,426.9973
,ESP,,emi_ncov,emi_ncov,KYOTOGHG,IPCM0EL,MtCO2eq,AR4,0.0,0.0,0.0,0.0,0.0,0.0,0.0,0.0,0.0,0.0,0.0,0.0,0.0,0.0,0.0,0.0,0.0,0.0,0.0,0.0,0.0,0.0,0.0,0.0,0.0,0.0,0.0,0.0,0.0,0.0,0.0,0.0,0.0,0.0,0.0,0.0,0.0,0.0,0.0,0.0,0.0,0.0,0.0,0.0,0.0,0.0,0.0,0.0,0.0,0.0,0.0,0.0,0.0,0.0,0.0,0.0,0.0,0.0,0.0,0.0,0.0
,ESP,,pc_cov,pc_cov,KYOTOGHG,IPCM0EL,MtCO2eq/MtCO2eq,AR4,1.0,1.0,1.0,1.0,1.0,1.0,1.0,1.0,1.0,1.0,1.0,1.0,1.0,1.0,1.0,1.0,1.0,1.0,1.0,1.0,1.0,1.0,1.0,1.0,1.0,1.0,1.0,1.0,1.0,1.0,1.0,1.0,1.0,1.0,1.0,1.0,1.0,1.0,1.0,1.0,1.0,1.0,1.0,1.0,1.0,1.0,1.0,1.0,1.0,1.0,1.0,1.0,1.0,1.0,1.0,1.0,1.0,1.0,1.0,1.0,1.0
,EST,,pop,pop,POP,DEMOGR,Pers,,1565246.0,1548219.0,1520813.0,1488061.0,1457093.0,1433024.0,1417736.0,1409673.0,1406349.0,1403789.0,1399112.0,1391730.0,1382732.0,1372909.0,1363565.0,1355648.0,1349363.0,1344296.0,1340073.0,1336135.0,1332101.0,1327709.0,1323159.0,1319062.0,1316277.0,1315325.0,1316510.0,1319390.0,1307457.2681,1302512.8893,1296925.9983,1290951.6174,1284860.6156,1278683.9303,1272452.8025,1266198.8533,1259725.8531,1252916.0387,1245919.6023,1238887.6075,1231972.1097,1224914.1598,1217466.4248,1209797.6046,1202074.2281,1194460.6749,1186983.5071,1179563.6349,1172204.9155,1164910.5374,1157683.0389,1150529.8747,1143402.1785,1136217.9196,1128895.5795,1121354.1756,1113696.9896,1106060.3248,1098413.3526,1090725.4276,1082966.0435
,EST,,gdp,gdp,GDPPPP,ECO,2011GKD,,15640444335.9375,17000103515.625,12672850585.9375,12166964843.75,11731402343.75,12797228515.625,13316082031.25,14021059570.3125,14381129882.8125,14421612304.6875,15945646484.375,16827177734.375,18049199218.75,19641746093.75,21222843750.0,24439662109.375,27377429687.5,30817742187.5,31399054687.5,28437810546.875,29925843750.0,33511957031.25,34901078125.0,35527417968.75,36105695312.5,36688101562.5,37698332031.25,40205687500.0,40337180326.5838,41434195616.6806,42475831697.0373,43476119281.4637,44448120109.9212,45407062662.9599,46368064683.3719,47346199915.2194,48332561612.6262,49308832622.858,50275970375.3977,51234929668.2364,52186660219.1035,53138462438.633,54091420885.452,55037084390.3755,55966904058.9015,56872237239.3045,57759732389.5649,58634622865.7799,59486129505.3106,60303546261.0809,61076242896.0462,61817042050.0218,62538340908.5352,63229077821.1452,63878373073.9141,64475486633.5061,65035675700.1225,65569585246.7601,66059590222.1561,66488025088.5078,66837203730.6809
"The target value from 'unconditional_best' was used for 'conditional_worst' in 2030.
The target value from 'unconditional_best' was used for 'conditional_best' in 2030.
",EST,RBY,conditional,worst,KYOTOGHG,IPCM0EL,MtCO2eq,AR4,41.7486,38.5183,28.2016,22.0544,23.0596,21.2501,21.938000000000002,21.5423,19.8294,18.2987,18.1588,18.6116,18.105,19.9727,20.3226,20.2083,19.1183,23.4723,21.2447,17.852,21.7581,22.5069,21.3216,23.0665,22.3021,19.3012,20.8637,22.1033,21.5367,21.8884,22.2202,22.585039615189363,22.93019915433571,23.26610769010256,23.60258256028329,23.94963049363184,24.305083914073446,24.662184503575894,25.023581123193203,25.392252130744733,25.7709975,26.0939975,26.418997500000003,26.7427975,27.0620975,27.373797500000002,27.681797500000002,27.989397500000003,28.2922975,28.586497500000004,28.8678975,29.140597500000002,29.408297500000003,29.666297500000002,29.909997500000003,30.1348975,30.3482975,30.5552975,30.7479975,30.9185975,31.059197500000003
,EST,RBY,conditional,best,KYOTOGHG,IPCM0EL,MtCO2eq,AR4,41.7486,38.5183,28.2016,22.0544,23.0596,21.2501,21.938000000000002,21.5423,19.8294,18.2987,18.1588,18.6116,18.105,19.9727,20.3226,20.2083,19.1183,23.4723,21.2447,17.852,21.7581,22.5069,21.3216,23.0665,22.3021,19.3012,20.8637,22.1033,21.5367,21.8884,22.2202,22.585039615189363,22.93019915433571,23.26610769010256,23.60258256028329,23.94963049363184,24.305083914073446,24.662184503575894,25.023581123193203,25.392252130744733,25.7709975,26.0939975,26.418997500000003,26.7427975,27.0620975,27.373797500000002,27.681797500000002,27.989397500000003,28.2922975,28.586497500000004,28.8678975,29.140597500000002,29.408297500000003,29.666297500000002,29.909997500000003,30.1348975,30.3482975,30.5552975,30.7479975,30.9185975,31.059197500000003
"The target value from 'unconditional_best' was used for 'unconditional_worst' in 2030.
",EST,RBY,unconditional,worst,KYOTOGHG,IPCM0EL,MtCO2eq,AR4,41.7486,38.5183,28.2016,22.0544,23.0596,21.2501,21.938000000000002,21.5423,19.8294,18.2987,18.1588,18.6116,18.105,19.9727,20.3226,20.2083,19.1183,23.4723,21.2447,17.852,21.7581,22.5069,21.3216,23.0665,22.3021,19.3012,20.8637,22.1033,21.5367,21.8884,22.2202,22.585039615189363,22.93019915433571,23.26610769010256,23.60258256028329,23.94963049363184,24.305083914073446,24.662184503575894,25.023581123193203,25.392252130744733,25.7709975,26.0939975,26.418997500000003,26.7427975,27.0620975,27.373797500000002,27.681797500000002,27.989397500000003,28.2922975,28.586497500000004,28.8678975,29.140597500000002,29.408297500000003,29.666297500000002,29.909997500000003,30.1348975,30.3482975,30.5552975,30.7479975,30.9185975,31.059197500000003
,EST,RBY,unconditional,best,KYOTOGHG,IPCM0EL,MtCO2eq,AR4,41.7486,38.5183,28.2016,22.0544,23.0596,21.2501,21.938000000000002,21.5423,19.8294,18.2987,18.1588,18.6116,18.105,19.9727,20.3226,20.2083,19.1183,23.4723,21.2447,17.852,21.7581,22.5069,21.3216,23.0665,22.3021,19.3012,20.8637,22.1033,21.5367,21.8884,22.2202,22.585039615189363,22.93019915433571,23.26610769010256,23.60258256028329,23.94963049363184,24.305083914073446,24.662184503575894,25.023581123193203,25.392252130744733,25.7709975,26.0939975,26.418997500000003,26.7427975,27.0620975,27.373797500000002,27.681797500000002,27.989397500000003,28.2922975,28.586497500000004,28.8678975,29.140597500000002,29.408297500000003,29.666297500000002,29.909997500000003,30.1348975,30.3482975,30.5552975,30.7479975,30.9185975,31.059197500000003
"No targets calculated, so the baseline emissions are put in as target pathways for all un/conditional best/worst pathways.
",EST,baseline_emissions,conditional,worst,KYOTOGHG,IPCM0EL,MtCO2eq,AR4,41.7486,38.5183,28.2016,22.0544,23.0596,21.2501,21.938000000000002,21.5423,19.8294,18.2987,18.1588,18.6116,18.105,19.9727,20.3226,20.2083,19.1183,23.4723,21.2447,17.852,21.7581,22.5069,21.3216,23.0665,22.3021,19.3012,20.8637,22.1033,21.5367,21.8884,22.2202,22.5343,22.8274,23.11,23.3919,23.683000000000003,23.9811,24.2795,24.5808,24.8879,25.2035,25.5265,25.8515,26.1753,26.4946,26.8063,27.1143,27.4219,27.7248,28.019000000000002,28.3004,28.5731,28.8408,29.0988,29.3425,29.5674,29.7808,29.9878,30.1805,30.3511,30.4917
"No targets calculated, so the baseline emissions are put in as target pathways for all un/conditional best/worst pathways.
",EST,baseline_emissions,conditional,best,KYOTOGHG,IPCM0EL,MtCO2eq,AR4,41.7486,38.5183,28.2016,22.0544,23.0596,21.2501,21.938000000000002,21.5423,19.8294,18.2987,18.1588,18.6116,18.105,19.9727,20.3226,20.2083,19.1183,23.4723,21.2447,17.852,21.7581,22.5069,21.3216,23.0665,22.3021,19.3012,20.8637,22.1033,21.5367,21.8884,22.2202,22.5343,22.8274,23.11,23.3919,23.683000000000003,23.9811,24.2795,24.5808,24.8879,25.2035,25.5265,25.8515,26.1753,26.4946,26.8063,27.1143,27.4219,27.7248,28.019000000000002,28.3004,28.5731,28.8408,29.0988,29.3425,29.5674,29.7808,29.9878,30.1805,30.3511,30.4917
"No targets calculated, so the baseline emissions are put in as target pathways for all un/conditional best/worst pathways.
",EST,baseline_emissions,unconditional,worst,KYOTOGHG,IPCM0EL,MtCO2eq,AR4,41.7486,38.5183,28.2016,22.0544,23.0596,21.2501,21.938000000000002,21.5423,19.8294,18.2987,18.1588,18.6116,18.105,19.9727,20.3226,20.2083,19.1183,23.4723,21.2447,17.852,21.7581,22.5069,21.3216,23.0665,22.3021,19.3012,20.8637,22.1033,21.5367,21.8884,22.2202,22.5343,22.8274,23.11,23.3919,23.683000000000003,23.9811,24.2795,24.5808,24.8879,25.2035,25.5265,25.8515,26.1753,26.4946,26.8063,27.1143,27.4219,27.7248,28.019000000000002,28.3004,28.5731,28.8408,29.0988,29.3425,29.5674,29.7808,29.9878,30.1805,30.3511,30.4917
"No targets calculated, so the baseline emissions are put in as target pathways for all un/conditional best/worst pathways.
",EST,baseline_emissions,unconditional,best,KYOTOGHG,IPCM0EL,MtCO2eq,AR4,41.7486,38.5183,28.2016,22.0544,23.0596,21.2501,21.938000000000002,21.5423,19.8294,18.2987,18.1588,18.6116,18.105,19.9727,20.3226,20.2083,19.1183,23.4723,21.2447,17.852,21.7581,22.5069,21.3216,23.0665,22.3021,19.3012,20.8637,22.1033,21.5367,21.8884,22.2202,22.5343,22.8274,23.11,23.3919,23.683000000000003,23.9811,24.2795,24.5808,24.8879,25.2035,25.5265,25.8515,26.1753,26.4946,26.8063,27.1143,27.4219,27.7248,28.019000000000002,28.3004,28.5731,28.8408,29.0988,29.3425,29.5674,29.7808,29.9878,30.1805,30.3511,30.4917
,EST,,emi_bau,emi_bau,KYOTOGHG,IPCM0EL,MtCO2eq,AR4,41.7486,38.5183,28.2016,22.0544,23.0596,21.2501,21.938000000000002,21.5423,19.8294,18.2987,18.1588,18.6116,18.105,19.9727,20.3226,20.2083,19.1183,23.4723,21.2447,17.852,21.7581,22.5069,21.3216,23.0665,22.3021,19.3012,20.8637,22.1033,21.5367,21.8884,22.2202,22.5343,22.8274,23.11,23.3919,23.683000000000003,23.9811,24.2795,24.5808,24.8879,25.2035,25.5265,25.8515,26.1753,26.4946,26.8063,27.1143,27.4219,27.7248,28.019000000000002,28.3004,28.5731,28.8408,29.0988,29.3425,29.5674,29.7808,29.9878,30.1805,30.3511,30.4917
,EST,,emi_cov,emi_cov,KYOTOGHG,IPCM0EL,MtCO2eq,AR4,41.7486,38.5183,28.2016,22.0544,23.0596,21.2501,21.938000000000002,21.5423,19.8294,18.2987,18.1588,18.6116,18.105,19.9727,20.3226,20.2083,19.1183,23.4723,21.2447,17.852,21.7581,22.5069,21.3216,23.0665,22.3021,19.3012,20.8637,22.1033,21.5367,21.8884,22.2202,22.5343,22.8274,23.11,23.3919,23.683000000000003,23.9811,24.2795,24.5808,24.8879,25.2035,25.5265,25.8515,26.1753,26.4946,26.8063,27.1143,27.4219,27.7248,28.019000000000002,28.3004,28.5731,28.8408,29.0988,29.3425,29.5674,29.7808,29.9878,30.1805,30.3511,30.4917
,EST,,emi_ncov,emi_ncov,KYOTOGHG,IPCM0EL,MtCO2eq,AR4,0.0,0.0,0.0,0.0,0.0,0.0,0.0,0.0,0.0,0.0,0.0,0.0,0.0,0.0,0.0,0.0,0.0,0.0,0.0,0.0,0.0,0.0,0.0,0.0,0.0,0.0,0.0,0.0,0.0,0.0,0.0,0.0,0.0,0.0,0.0,0.0,0.0,0.0,0.0,0.0,0.0,0.0,0.0,0.0,0.0,0.0,0.0,0.0,0.0,0.0,0.0,0.0,0.0,0.0,0.0,0.0,0.0,0.0,0.0,0.0,0.0
,EST,,pc_cov,pc_cov,KYOTOGHG,IPCM0EL,MtCO2eq/MtCO2eq,AR4,1.0,1.0,1.0,1.0,1.0,1.0,1.0,1.0,1.0,1.0,1.0,1.0,1.0,1.0,1.0,1.0,1.0,1.0,1.0,1.0,1.0,1.0,1.0,1.0,1.0,1.0,1.0,1.0,1.0,1.0,1.0,1.0,1.0,1.0,1.0,1.0,1.0,1.0,1.0,1.0,1.0,1.0,1.0,1.0,1.0,1.0,1.0,1.0,1.0,1.0,1.0,1.0,1.0,1.0,1.0,1.0,1.0,1.0,1.0,1.0,1.0
,ETH,,pop,pop,POP,DEMOGR,Pers,,47887865.0,49609969.0,51423585.0,53295566.0,55180998.0,57047908.0,58883530.0,60697443.0,62507724.0,64343013.0,66224804.0,68159423.0,70142091.0,72170584.0,74239505.0,76346311.0,78489206.0,80674348.0,82916235.0,85233913.0,87639964.0,90139929.0,92726985.0,95385798.0,98094265.0,100835458.0,103603462.0,106399924.0,108503489.2611,111068597.966,113672626.4491,116334926.5187,119069099.564,121860361.9179,124693912.7983,127554928.4542,130440661.2079,133348265.292,136262780.2636,139169285.6474,142052893.7391,144918344.31,147781869.2963,150645825.7528,153512565.4904,156384440.8337,159252465.0994,162111270.3239,164968642.3164,167832368.5613,170710236.2657,173608464.4826,176528604.4161,179471448.1363,182437801.7325,185428487.0159,188439070.7996,191457224.604,194471919.8065,197472109.6951,200446734.8071
,ETH,,gdp,gdp,GDPPPP,ECO,2011GKD,,33706242187.5,31300841796.875,28003519531.25,30068503906.25,28153519531.25,31372439453.125,32337566406.25,35647972656.25,32186685546.875,32993140625.0,33311097656.25,37149570312.5,33862988281.25,33976203125.0,40805429687.5,48426390625.0,50373156250.0,61607355468.75,67427164062.5,74623953125.0,85371179687.5,96805273437.5,105632679687.5,117057726562.5,130638578125.0,141709046875.0,151452875000.0,155454453125.0,168815703148.1009,179096382822.8954,189638086003.8689,200499623582.9823,211730637223.6629,223352278505.6331,235383690601.7649,247842629345.9628,260672207400.3256,273762346197.7832,287051880632.7025,300481711779.5155,313994616622.1892,327474625116.4525,341002567330.8057,354817221279.5998,369156938564.3405,384260058855.2509,400104992535.7831,416541813134.7965,433618200885.9159,451384231217.8637,469892870957.0938,489155575152.0204,509158436771.0982,529922412591.3568,551473693639.6136,573844271809.4828,597104647413.1945,621289141691.369,646381142694.1665,672365363712.8386,699227765360.651
"The target value from 'conditional_best' was used for 'conditional_worst' in 2030.
",ETH,ABS,conditional,worst,KYOTOGHG,IPCM0EL,MtCO2eq,AR4,53.5077,53.4868,55.1733,50.6453,53.4549,53.3908,56.0038,79.8693,80.9284,81.265,79.5901,83.2523,91.7181,91.3491,98.1782,85.3124,89.1459,101.0466,103.31299999999999,107.7272,115.259,114.9046,120.0952,122.5713,121.6092,123.9145,126.3579,129.0128,142.9348923076923,156.85698461538462,170.77907692307693,177.25354143920597,182.60525657568235,186.8342223325062,189.9404387096774,191.92390570719598,192.78462332506206,192.52259156327548,191.13781042183624,188.63027990074443,185.0,187.9919870967742,190.9271612903226,193.88471451612904,196.93984032258064,200.16439032258072,203.55603709677422,207.0727677419355,210.7247870967742,214.52289677419355,218.4782564516129,222.60333870967744,226.89504032258066,231.34267903225808,235.93688548387098,240.6694241935484,245.54214516129034,250.55122903225808,255.6804435483871,260.913735483871,266.23505161290325
,ETH,ABS,conditional,best,KYOTOGHG,IPCM0EL,MtCO2eq,AR4,53.5077,53.4868,55.1733,50.6453,53.4549,53.3908,56.0038,79.8693,80.9284,81.265,79.5901,83.2523,91.7181,91.3491,98.1782,85.3124,89.1459,101.0466,103.31299999999999,107.7272,115.259,114.9046,120.0952,122.5713,121.6092,123.9145,126.3579,129.0128,142.9348923076923,156.85698461538462,170.77907692307693,177.25354143920597,182.60525657568235,186.8342223325062,189.9404387096774,191.92390570719598,192.78462332506206,192.52259156327548,191.13781042183624,188.63027990074443,185.0,187.9919870967742,190.9271612903226,193.88471451612904,196.93984032258064,200.16439032258072,203.55603709677422,207.0727677419355,210.7247870967742,214.52289677419355,218.4782564516129,222.60333870967744,226.89504032258066,231.34267903225808,235.93688548387098,240.6694241935484,245.54214516129034,250.55122903225808,255.6804435483871,260.913735483871,266.23505161290325
,ETH,ABS,unconditional,worst,KYOTOGHG,IPCM0EL,MtCO2eq,AR4,53.5077,53.4868,55.1733,50.6453,53.4549,53.3908,56.0038,79.8693,80.9284,81.265,79.5901,83.2523,91.7181,91.3491,98.1782,85.3124,89.1459,101.0466,103.31299999999999,107.7272,115.259,114.9046,120.0952,122.5713,121.6092,123.9145,126.3579,129.0128,142.9348923076923,156.85698461538462,170.77907692307693,184.70116923076924,198.62326153846152,212.54535384615383,226.46744615384614,240.38953846153842,254.31163076923082,268.2337230769231,282.1558153846154,296.0779076923077,310.0,315.0136,319.932,324.8879,330.0073,335.4106000000001,341.0939,346.9868,353.1064,359.4708,366.0987,373.011,380.2025,387.6553,395.3537,403.2839,411.449,419.8426,428.4375,437.2068,446.1236
,ETH,ABS,unconditional,best,KYOTOGHG,IPCM0EL,MtCO2eq,AR4,53.5077,53.4868,55.1733,50.6453,53.4549,53.3908,56.0038,79.8693,80.9284,81.265,79.5901,83.2523,91.7181,91.3491,98.1782,85.3124,89.1459,101.0466,103.31299999999999,107.7272,115.259,114.9046,120.0952,122.5713,121.6092,123.9145,126.3579,129.0128,142.9348923076923,156.85698461538462,170.77907692307693,184.70116923076924,198.62326153846152,212.54535384615383,226.46744615384614,240.38953846153842,254.31163076923082,268.2337230769231,282.1558153846154,296.0779076923077,310.0,315.0136,319.932,324.8879,330.0073,335.4106000000001,341.0939,346.9868,353.1064,359.4708,366.0987,373.011,380.2025,387.6553,395.3537,403.2839,411.449,419.8426,428.4375,437.2068,446.1236
"The target value from 'conditional_best' was used for 'conditional_worst' in 2030.
",ETH,ABU,conditional,worst,KYOTOGHG,IPCM0EL,MtCO2eq,AR4,53.5077,53.4868,55.1733,50.6453,53.4549,53.3908,56.0038,79.8693,80.9284,81.265,79.5901,83.2523,91.7181,91.3491,98.1782,85.3124,89.1459,101.0466,103.31299999999999,107.7272,115.259,114.9046,120.0952,122.5713,121.6092,123.9145,126.3579,129.0128,142.9348923076923,156.85698461538462,170.77907692307693,177.25354143920597,182.60525657568235,186.8342223325062,189.9404387096774,191.92390570719598,192.78462332506206,192.52259156327548,191.13781042183624,188.63027990074443,185.0,187.9919870967742,190.9271612903226,193.88471451612904,196.93984032258064,200.16439032258072,203.55603709677422,207.0727677419355,210.7247870967742,214.52289677419355,218.4782564516129,222.60333870967744,226.89504032258066,231.34267903225808,235.93688548387098,240.6694241935484,245.54214516129034,250.55122903225808,255.6804435483871,260.913735483871,266.23505161290325
,ETH,ABU,conditional,best,KYOTOGHG,IPCM0EL,MtCO2eq,AR4,53.5077,53.4868,55.1733,50.6453,53.4549,53.3908,56.0038,79.8693,80.9284,81.265,79.5901,83.2523,91.7181,91.3491,98.1782,85.3124,89.1459,101.0466,103.31299999999999,107.7272,115.259,114.9046,120.0952,122.5713,121.6092,123.9145,126.3579,129.0128,142.9348923076923,156.85698461538462,170.77907692307693,177.25354143920597,182.60525657568235,186.8342223325062,189.9404387096774,191.92390570719598,192.78462332506206,192.52259156327548,191.13781042183624,188.63027990074443,185.0,187.9919870967742,190.9271612903226,193.88471451612904,196.93984032258064,200.16439032258072,203.55603709677422,207.0727677419355,210.7247870967742,214.52289677419355,218.4782564516129,222.60333870967744,226.89504032258066,231.34267903225808,235.93688548387098,240.6694241935484,245.54214516129034,250.55122903225808,255.6804435483871,260.913735483871,266.23505161290325
,ETH,ABU,unconditional,worst,KYOTOGHG,IPCM0EL,MtCO2eq,AR4,53.5077,53.4868,55.1733,50.6453,53.4549,53.3908,56.0038,79.8693,80.9284,81.265,79.5901,83.2523,91.7181,91.3491,98.1782,85.3124,89.1459,101.0466,103.31299999999999,107.7272,115.259,114.9046,120.0952,122.5713,121.6092,123.9145,126.3579,129.0128,142.9348923076923,156.85698461538462,170.77907692307693,184.70116923076924,198.62326153846152,212.54535384615383,226.46744615384614,240.38953846153842,254.31163076923082,268.2337230769231,282.1558153846154,296.0779076923077,310.0,315.0136,319.932,324.8879,330.0073,335.4106000000001,341.0939,346.9868,353.1064,359.4708,366.0987,373.011,380.2025,387.6553,395.3537,403.2839,411.449,419.8426,428.4375,437.2068,446.1236
,ETH,ABU,unconditional,best,KYOTOGHG,IPCM0EL,MtCO2eq,AR4,53.5077,53.4868,55.1733,50.6453,53.4549,53.3908,56.0038,79.8693,80.9284,81.265,79.5901,83.2523,91.7181,91.3491,98.1782,85.3124,89.1459,101.0466,103.31299999999999,107.7272,115.259,114.9046,120.0952,122.5713,121.6092,123.9145,126.3579,129.0128,142.9348923076923,156.85698461538462,170.77907692307693,184.70116923076924,198.62326153846152,212.54535384615383,226.46744615384614,240.38953846153842,254.31163076923082,268.2337230769231,282.1558153846154,296.0779076923077,310.0,315.0136,319.932,324.8879,330.0073,335.4106000000001,341.0939,346.9868,353.1064,359.4708,366.0987,373.011,380.2025,387.6553,395.3537,403.2839,411.449,419.8426,428.4375,437.2068,446.1236
"The target value from 'conditional_best' was used for 'conditional_worst' in 2030.
",ETH,AEI,conditional,worst,KYOTOGHG,IPCM0EL,MtCO2eq,AR4,53.5077,53.4868,55.1733,50.6453,53.4549,53.3908,56.0038,79.8693,80.9284,81.265,79.5901,83.2523,91.7181,91.3491,98.1782,85.3124,89.1459,101.0466,103.31299999999999,107.7272,115.259,114.9046,120.0952,122.5713,121.6092,123.9145,126.3579,129.0128,142.9348923076923,156.85698461538462,170.77907692307693,170.17878259545984,167.3892004782006,162.41033057129926,155.24217287475577,145.88472738857013,134.33799411274245,120.60197304727254,104.67666419216047,86.5620675474063,66.25818311301,67.32977029641448,68.38100980552103,69.44026441742349,70.53446487751621,71.689345009176,72.90407124171202,74.16359655547542,75.47157583734115,76.8318777102587,78.24849903882232,79.72590690699025,81.2629898871748,82.85592210364138,84.50134790001943,86.19631771848006,87.94149414085437,89.7355092562652,91.57254944348459,93.4468652021069,95.35270703172655
,ETH,AEI,conditional,best,KYOTOGHG,IPCM0EL,MtCO2eq,AR4,53.5077,53.4868,55.1733,50.6453,53.4549,53.3908,56.0038,79.8693,80.9284,81.265,79.5901,83.2523,91.7181,91.3491,98.1782,85.3124,89.1459,101.0466,103.31299999999999,107.7272,115.259,114.9046,120.0952,122.5713,121.6092,123.9145,126.3579,129.0128,142.9348923076923,156.85698461538462,170.77907692307693,170.17878259545984,167.3892004782006,162.41033057129926,155.24217287475577,145.88472738857013,134.33799411274245,120.60197304727254,104.67666419216047,86.5620675474063,66.25818311301,67.32977029641448,68.38100980552103,69.44026441742349,70.53446487751621,71.689345009176,72.90407124171202,74.16359655547542,75.47157583734115,76.8318777102587,78.24849903882232,79.72590690699025,81.2629898871748,82.85592210364138,84.50134790001943,86.19631771848006,87.94149414085437,89.7355092562652,91.57254944348459,93.4468652021069,95.35270703172655
,ETH,AEI,unconditional,worst,KYOTOGHG,IPCM0EL,MtCO2eq,AR4,53.5077,53.4868,55.1733,50.6453,53.4549,53.3908,56.0038,79.8693,80.9284,81.265,79.5901,83.2523,91.7181,91.3491,98.1782,85.3124,89.1459,101.0466,103.31299999999999,107.7272,115.259,114.9046,120.0952,122.5713,121.6092,123.9145,126.3579,129.0128,142.9348923076923,156.85698461538462,170.77907692307693,184.70116923076924,198.62326153846152,212.54535384615383,226.46744615384614,240.38953846153842,254.31163076923082,268.2337230769231,282.1558153846154,296.0779076923077,310.0,315.0136,319.932,324.8879,330.0073,335.4106000000001,341.0939,346.9868,353.1064,359.4708,366.0987,373.011,380.2025,387.6553,395.3537,403.2839,411.449,419.8426,428.4375,437.2068,446.1236
,ETH,AEI,unconditional,best,KYOTOGHG,IPCM0EL,MtCO2eq,AR4,53.5077,53.4868,55.1733,50.6453,53.4549,53.3908,56.0038,79.8693,80.9284,81.265,79.5901,83.2523,91.7181,91.3491,98.1782,85.3124,89.1459,101.0466,103.31299999999999,107.7272,115.259,114.9046,120.0952,122.5713,121.6092,123.9145,126.3579,129.0128,142.9348923076923,156.85698461538462,170.77907692307693,184.70116923076924,198.62326153846152,212.54535384615383,226.46744615384614,240.38953846153842,254.31163076923082,268.2337230769231,282.1558153846154,296.0779076923077,310.0,315.0136,319.932,324.8879,330.0073,335.4106000000001,341.0939,346.9868,353.1064,359.4708,366.0987,373.011,380.2025,387.6553,395.3537,403.2839,411.449,419.8426,428.4375,437.2068,446.1236
"The target value from 'conditional_best' was used for 'conditional_worst' in 2030.
",ETH,RBU,conditional,worst,KYOTOGHG,IPCM0EL,MtCO2eq,AR4,53.5077,53.4868,55.1733,50.6453,53.4549,53.3908,56.0038,79.8693,80.9284,81.265,79.5901,83.2523,91.7181,91.3491,98.1782,85.3124,89.1459,101.0466,103.31299999999999,107.7272,115.259,114.9046,120.0952,122.5713,121.6092,123.9145,126.3579,129.0128,142.9348923076923,156.85698461538462,170.77907692307693,177.3226983675377,182.75399602027213,187.07296988128024,190.27961995056205,192.3739462281175,193.3559487139467,193.22562740804952,191.98298231042597,189.62801342107613,186.16072074,189.17148006097437,192.125070025128,195.10117943130658,198.17547360471417,201.42025496721243,204.83318149683058,208.37197669440718,212.0469094255056,215.86884907414318,219.84902533540978,223.99998904499398,228.31861750693497,232.79416144090618,237.41719270717977,242.1794241510906,247.08271737984597,252.12322907534036,257.284625135625,262.55075161428715,267.90545456491435
,ETH,RBU,conditional,best,KYOTOGHG,IPCM0EL,MtCO2eq,AR4,53.5077,53.4868,55.1733,50.6453,53.4549,53.3908,56.0038,79.8693,80.9284,81.265,79.5901,83.2523,91.7181,91.3491,98.1782,85.3124,89.1459,101.0466,103.31299999999999,107.7272,115.259,114.9046,120.0952,122.5713,121.6092,123.9145,126.3579,129.0128,142.9348923076923,156.85698461538462,170.77907692307693,177.3226983675377,182.75399602027213,187.07296988128024,190.27961995056205,192.3739462281175,193.3559487139467,193.22562740804952,191.98298231042597,189.62801342107613,186.16072074,189.17148006097437,192.125070025128,195.10117943130658,198.17547360471417,201.42025496721243,204.83318149683058,208.37197669440718,212.0469094255056,215.86884907414318,219.84902533540978,223.99998904499398,228.31861750693497,232.79416144090618,237.41719270717977,242.1794241510906,247.08271737984597,252.12322907534036,257.284625135625,262.55075161428715,267.90545456491435
,ETH,RBU,unconditional,worst,KYOTOGHG,IPCM0EL,MtCO2eq,AR4,53.5077,53.4868,55.1733,50.6453,53.4549,53.3908,56.0038,79.8693,80.9284,81.265,79.5901,83.2523,91.7181,91.3491,98.1782,85.3124,89.1459,101.0466,103.31299999999999,107.7272,115.259,114.9046,120.0952,122.5713,121.6092,123.9145,126.3579,129.0128,142.9348923076923,156.85698461538462,170.77907692307693,184.70116923076924,198.62326153846152,212.54535384615383,226.46744615384614,240.38953846153842,254.31163076923082,268.2337230769231,282.1558153846154,296.0779076923077,310.0,315.0136,319.932,324.8879,330.0073,335.4106000000001,341.0939,346.9868,353.1064,359.4708,366.0987,373.011,380.2025,387.6553,395.3537,403.2839,411.449,419.8426,428.4375,437.2068,446.1236
,ETH,RBU,unconditional,best,KYOTOGHG,IPCM0EL,MtCO2eq,AR4,53.5077,53.4868,55.1733,50.6453,53.4549,53.3908,56.0038,79.8693,80.9284,81.265,79.5901,83.2523,91.7181,91.3491,98.1782,85.3124,89.1459,101.0466,103.31299999999999,107.7272,115.259,114.9046,120.0952,122.5713,121.6092,123.9145,126.3579,129.0128,142.9348923076923,156.85698461538462,170.77907692307693,184.70116923076924,198.62326153846152,212.54535384615383,226.46744615384614,240.38953846153842,254.31163076923082,268.2337230769231,282.1558153846154,296.0779076923077,310.0,315.0136,319.932,324.8879,330.0073,335.4106000000001,341.0939,346.9868,353.1064,359.4708,366.0987,373.011,380.2025,387.6553,395.3537,403.2839,411.449,419.8426,428.4375,437.2068,446.1236
"No targets calculated, so the baseline emissions are put in as target pathways for all un/conditional best/worst pathways.
",ETH,baseline_emissions,conditional,worst,KYOTOGHG,IPCM0EL,MtCO2eq,AR4,53.5077,53.4868,55.1733,50.6453,53.4549,53.3908,56.0038,79.8693,80.9284,81.265,79.5901,83.2523,91.7181,91.3491,98.1782,85.3124,89.1459,101.0466,103.31299999999999,107.7272,115.259,114.9046,120.0952,122.5713,121.6092,123.9145,126.3579,129.0128,142.9348923076923,156.85698461538462,170.77907692307693,184.70116923076924,198.62326153846152,212.54535384615383,226.46744615384614,240.38953846153842,254.31163076923082,268.2337230769231,282.1558153846154,296.0779076923077,310.0,315.0136,319.932,324.8879,330.0073,335.4106000000001,341.0939,346.9868,353.1064,359.4708,366.0987,373.011,380.2025,387.6553,395.3537,403.2839,411.449,419.8426,428.4375,437.2068,446.1236
"No targets calculated, so the baseline emissions are put in as target pathways for all un/conditional best/worst pathways.
",ETH,baseline_emissions,conditional,best,KYOTOGHG,IPCM0EL,MtCO2eq,AR4,53.5077,53.4868,55.1733,50.6453,53.4549,53.3908,56.0038,79.8693,80.9284,81.265,79.5901,83.2523,91.7181,91.3491,98.1782,85.3124,89.1459,101.0466,103.31299999999999,107.7272,115.259,114.9046,120.0952,122.5713,121.6092,123.9145,126.3579,129.0128,142.9348923076923,156.85698461538462,170.77907692307693,184.70116923076924,198.62326153846152,212.54535384615383,226.46744615384614,240.38953846153842,254.31163076923082,268.2337230769231,282.1558153846154,296.0779076923077,310.0,315.0136,319.932,324.8879,330.0073,335.4106000000001,341.0939,346.9868,353.1064,359.4708,366.0987,373.011,380.2025,387.6553,395.3537,403.2839,411.449,419.8426,428.4375,437.2068,446.1236
"No targets calculated, so the baseline emissions are put in as target pathways for all un/conditional best/worst pathways.
",ETH,baseline_emissions,unconditional,worst,KYOTOGHG,IPCM0EL,MtCO2eq,AR4,53.5077,53.4868,55.1733,50.6453,53.4549,53.3908,56.0038,79.8693,80.9284,81.265,79.5901,83.2523,91.7181,91.3491,98.1782,85.3124,89.1459,101.0466,103.31299999999999,107.7272,115.259,114.9046,120.0952,122.5713,121.6092,123.9145,126.3579,129.0128,142.9348923076923,156.85698461538462,170.77907692307693,184.70116923076924,198.62326153846152,212.54535384615383,226.46744615384614,240.38953846153842,254.31163076923082,268.2337230769231,282.1558153846154,296.0779076923077,310.0,315.0136,319.932,324.8879,330.0073,335.4106000000001,341.0939,346.9868,353.1064,359.4708,366.0987,373.011,380.2025,387.6553,395.3537,403.2839,411.449,419.8426,428.4375,437.2068,446.1236
"No targets calculated, so the baseline emissions are put in as target pathways for all un/conditional best/worst pathways.
",ETH,baseline_emissions,unconditional,best,KYOTOGHG,IPCM0EL,MtCO2eq,AR4,53.5077,53.4868,55.1733,50.6453,53.4549,53.3908,56.0038,79.8693,80.9284,81.265,79.5901,83.2523,91.7181,91.3491,98.1782,85.3124,89.1459,101.0466,103.31299999999999,107.7272,115.259,114.9046,120.0952,122.5713,121.6092,123.9145,126.3579,129.0128,142.9348923076923,156.85698461538462,170.77907692307693,184.70116923076924,198.62326153846152,212.54535384615383,226.46744615384614,240.38953846153842,254.31163076923082,268.2337230769231,282.1558153846154,296.0779076923077,310.0,315.0136,319.932,324.8879,330.0073,335.4106000000001,341.0939,346.9868,353.1064,359.4708,366.0987,373.011,380.2025,387.6553,395.3537,403.2839,411.449,419.8426,428.4375,437.2068,446.1236
,ETH,,emi_bau,emi_bau,KYOTOGHG,IPCM0EL,MtCO2eq,AR4,53.5077,53.4868,55.1733,50.6453,53.4549,53.3908,56.0038,79.8693,80.9284,81.265,79.5901,83.2523,91.7181,91.3491,98.1782,85.3124,89.1459,101.0466,103.31299999999999,107.7272,115.259,114.9046,120.0952,122.5713,121.6092,123.9145,126.3579,129.0128,142.9348923076923,156.85698461538462,170.77907692307693,184.70116923076924,198.62326153846152,212.54535384615383,226.46744615384614,240.38953846153842,254.31163076923082,268.2337230769231,282.1558153846154,296.0779076923077,310.0,315.0136,319.932,324.8879,330.0073,335.4106000000001,341.0939,346.9868,353.1064,359.4708,366.0987,373.011,380.2025,387.6553,395.3537,403.2839,411.449,419.8426,428.4375,437.2068,446.1236
,ETH,,emi_cov,emi_cov,KYOTOGHG,IPCM0EL,MtCO2eq,AR4,53.5076988763383,53.486796737305205,55.173293489550595,50.6452676376533,53.4548253235047,53.390636463979604,56.0032515547866,79.8683234380689,80.927050923572,81.262855010325,79.58602013188391,83.2467266747765,91.71176337990721,91.3425074268021,98.16899648099741,85.30056998542919,89.133383024181,101.03262101126279,103.29755997546299,107.7105560398728,115.241152950663,114.88558903393,120.0748550324536,122.54961995616989,121.58618594533681,123.890152039895,126.33221800954081,128.9857839456032,142.89861471735014,156.80893398785943,170.71662062373906,184.62162490172247,198.52391713485412,212.42275747351005,226.31832436104463,240.20987324360857,254.09727810775783,267.9803664008292,281.8583997362673,295.73122148393145,309.59819815,314.5635299892448,319.42961781890403,324.3285609705077,329.38657804918176,334.7229271006349,340.3341675716801,346.1493529099888,352.1857417991096,358.4609976347712,364.9934007979677,371.803157930043,378.88464969855,386.2196848855063,393.79227467842566,401.5884723037855,409.61125398962196,417.853937854219,426.2895521578125,434.89154034891726,443.6334580720484
,ETH,,emi_ncov,emi_ncov,KYOTOGHG,IPCM0EL,MtCO2eq,AR4,1.1236616979234171e-06,3.262694796798105e-06,6.51044939963592e-06,3.2362346701239854e-05,7.467649530075272e-05,0.00016353602039838972,0.000548445213395781,0.0009765619311024995,0.0013490764280042018,0.002144989675001006,0.004079868116097544,0.005573325223503367,0.006336620092794444,0.006592573197906059,0.009203519002597986,0.011830014570798398,0.012516975818998192,0.013978988737206974,0.015440024537002446,0.016643960127191174,0.017847049337001798,0.01901096607000131,0.02034496754640124,0.021680043830102413,0.023014054663190363,0.02434796010499921,0.025681990459191624,0.027016054396795816,0.03627759034216119,0.048050627525172245,0.06245629933785853,0.07954432904676863,0.09934440360739501,0.12259637264379511,0.1491217928015009,0.17966521792986268,0.2143526614729971,0.2533566760939288,0.29741564834805684,0.3466862083762588,0.4018018500000098,0.45007001075521375,0.5023821810959938,0.5593390294923174,0.6207219508182369,0.6876728993652121,0.759732428319898,0.8374470900112266,0.9206582008903612,1.0098023652287964,1.1052992020323034,1.207842069957021,1.3178503014499945,1.4356151144937128,1.5614253215743434,1.6954276962144939,1.8377460103780345,1.9886621457810076,2.1479478421875022,2.315259651082751,2.4901419279515657
,ETH,,pc_cov,pc_cov,KYOTOGHG,IPCM0EL,MtCO2eq/MtCO2eq,AR4,0.999999979,0.9999999390000001,0.999999882,0.999999361,0.999998603,0.999996937,0.9999902070000001,0.999987773,0.99998333,0.999973605,0.999948739,0.999933055,0.9999309120000001,0.9999278309999999,0.999906257,0.999861333,0.99985959,0.9998616579999999,0.999850551,0.9998454990000001,0.999845157,0.99983455,0.999830593,0.999823123,0.9998107540000001,0.99980351,0.9997967520000001,0.999790594,0.999746195,0.999693666,0.9996342859999999,0.999569335,0.999499835,0.9994231990000001,0.9993415309999999,0.9992526079999999,0.999157126,0.9990554629999999,0.998945917,0.998829071,0.998703865,0.998571268,0.998429722,0.998278363,0.9981190659999999,0.997949758,0.997772659,0.9975865159999999,0.9973926890000001,0.997190864,0.996980871,0.9967619129999999,0.99653382,0.996296671,0.9960505609999999,0.995795945,0.9955334779999999,0.995263315,0.994986555,0.9947044290000001,0.9944182690000001
,FIN,,pop,pop,POP,DEMOGR,Pers,,4996222.0,5019125.0,5044925.0,5071789.0,5097097.0,5119005.0,5136979.0,5151746.0,5164242.0,5175926.0,5187954.0,5200477.0,5213366.0,5227093.0,5242170.0,5258927.0,5277491.0,5297739.0,5319449.0,5342262.0,5365782.0,5390038.0,5414770.0,5438982.0,5461411.0,5481122.0,5497713.0,5511371.0,5533114.6232,5540479.9621,5542560.7147,5542010.1658,5542181.0372,5542807.4279,5543625.0167,5544370.5534,5543589.5043,5540529.6388,5535981.9115,5530738.453,5525593.3466,5518896.6574,5509078.0964,5497052.9555,5483735.0928,5470035.9862,5455643.8347,5439960.9709,5423467.556,5406642.7204,5389964.5208,5373184.4389,5355729.2455,5337589.7162,5318757.2528,5299223.8438,5279324.2978,5259451.6765,5239686.1537,5220108.2724,5200798.8556
,FIN,,gdp,gdp,GDPPPP,ECO,2011GKD,,124533109375.0,116343429687.5,110991101562.5,109098648437.5,112113562500.0,123325109375.0,124182632812.5,137018765625.0,149921921875.0,157557046875.0,166103656250.0,167938359375.0,167258468750.0,168029687500.0,176762062500.0,185680937500.0,193033437500.0,209963359375.0,220821906250.0,207471093750.0,213194171875.0,223022656250.0,220739953125.0,217359546875.0,214820031250.0,220217218750.0,225961078125.0,234642968750.0,230459229322.9864,233499157757.8807,236326503073.8272,239054450080.234,241742634541.4623,244414203339.1603,247092438566.9509,249800860323.8481,252484059681.0078,255083824418.8668,257619701728.163,260111230822.4616,262577924541.9396,265032084073.9302,267469556510.7426,269885164027.6268,272273730884.6205,274630053121.8941,276981717819.9598,279328087298.5377,281621611856.4627,283814829944.2706,285860406400.9403,287755288793.2148,289551722568.4946,291285425366.0741,292992109043.7033,294707541871.2412,296408402344.3643,298047867251.74,299626532814.155,301144937921.7903,302603558739.4877
"The target value from 'unconditional_best' was used for 'conditional_worst' in 2030.
The target value from 'unconditional_best' was used for 'conditional_best' in 2030.
",FIN,RBY,conditional,worst,KYOTOGHG,IPCM0EL,MtCO2eq,AR4,72.1382,69.8738,68.499,70.7654,76.5805,73.488,78.8363,77.3469,73.6406,73.0478,71.1598,76.555,79.0214,86.5884,82.8548,70.8085,82.1714,80.5068,72.3664,68.6638,76.5617,68.6576,63.2003,63.7334,59.5546,55.9263,58.8296,56.1014,54.2634,54.964,55.6513,55.152087125549386,54.61502949774041,54.049989214126875,53.466452404617485,52.87285028839042,52.26146593853764,51.624344688457704,50.96861668413895,50.3011403153075,49.6278075,50.28121941830391,50.94252564515321,51.61188406671885,52.289452569171715,52.975546924853624,53.67656152368636,54.39352262578083,55.11853592259164,55.84339133323153,56.55995771989874,57.26349849746602,57.9596186250006,58.65581769562064,59.359595302444276,60.07892469710238,60.80930612372407,61.54126641205483,62.27496344826559,63.010791947783595,63.74883085369433
,FIN,RBY,conditional,best,KYOTOGHG,IPCM0EL,MtCO2eq,AR4,72.1382,69.8738,68.499,70.7654,76.5805,73.488,78.8363,77.3469,73.6406,73.0478,71.1598,76.555,79.0214,86.5884,82.8548,70.8085,82.1714,80.5068,72.3664,68.6638,76.5617,68.6576,63.2003,63.7334,59.5546,55.9263,58.8296,56.1014,54.2634,54.964,55.6513,55.152087125549386,54.61502949774041,54.049989214126875,53.466452404617485,52.87285028839042,52.26146593853764,51.624344688457704,50.96861668413895,50.3011403153075,49.6278075,50.28121941830391,50.94252564515321,51.61188406671885,52.289452569171715,52.975546924853624,53.67656152368636,54.39352262578083,55.11853592259164,55.84339133323153,56.55995771989874,57.26349849746602,57.9596186250006,58.65581769562064,59.359595302444276,60.07892469710238,60.80930612372407,61.54126641205483,62.27496344826559,63.010791947783595,63.74883085369433
"The target value from 'unconditional_best' was used for 'unconditional_worst' in 2030.
",FIN,RBY,unconditional,worst,KYOTOGHG,IPCM0EL,MtCO2eq,AR4,72.1382,69.8738,68.499,70.7654,76.5805,73.488,78.8363,77.3469,73.6406,73.0478,71.1598,76.555,79.0214,86.5884,82.8548,70.8085,82.1714,80.5068,72.3664,68.6638,76.5617,68.6576,63.2003,63.7334,59.5546,55.9263,58.8296,56.1014,54.2634,54.964,55.6513,55.152087125549386,54.61502949774041,54.049989214126875,53.466452404617485,52.87285028839042,52.26146593853764,51.624344688457704,50.96861668413895,50.3011403153075,49.6278075,50.28121941830391,50.94252564515321,51.61188406671885,52.289452569171715,52.975546924853624,53.67656152368636,54.39352262578083,55.11853592259164,55.84339133323153,56.55995771989874,57.26349849746602,57.9596186250006,58.65581769562064,59.359595302444276,60.07892469710238,60.80930612372407,61.54126641205483,62.27496344826559,63.010791947783595,63.74883085369433
,FIN,RBY,unconditional,best,KYOTOGHG,IPCM0EL,MtCO2eq,AR4,72.1382,69.8738,68.499,70.7654,76.5805,73.488,78.8363,77.3469,73.6406,73.0478,71.1598,76.555,79.0214,86.5884,82.8548,70.8085,82.1714,80.5068,72.3664,68.6638,76.5617,68.6576,63.2003,63.7334,59.5546,55.9263,58.8296,56.1014,54.2634,54.964,55.6513,55.152087125549386,54.61502949774041,54.049989214126875,53.466452404617485,52.87285028839042,52.26146593853764,51.624344688457704,50.96861668413895,50.3011403153075,49.6278075,50.28121941830391,50.94252564515321,51.61188406671885,52.289452569171715,52.975546924853624,53.67656152368636,54.39352262578083,55.11853592259164,55.84339133323153,56.55995771989874,57.26349849746602,57.9596186250006,58.65581769562064,59.359595302444276,60.07892469710238,60.80930612372407,61.54126641205483,62.27496344826559,63.010791947783595,63.74883085369433
"No targets calculated, so the baseline emissions are put in as target pathways for all un/conditional best/worst pathways.
",FIN,baseline_emissions,conditional,worst,KYOTOGHG,IPCM0EL,MtCO2eq,AR4,72.1382,69.8738,68.499,70.7654,76.5805,73.488,78.8363,77.3469,73.6406,73.0478,71.1598,76.555,79.0214,86.5884,82.8548,70.8085,82.1714,80.5068,72.3664,68.6638,76.5617,68.6576,63.2003,63.7334,59.5546,55.9263,58.8296,56.1014,54.2634,54.964,55.6513,56.3384,57.0162,57.6946,58.38399999999999,59.0946,59.8191,60.5492,61.2939,62.0628,62.8653,63.69300000000001,64.5307,65.3786,66.2369,67.10600000000001,67.994,68.9022,69.8206,70.7388,71.6465,72.5377,73.4195,74.3014,75.1929,76.1041,77.0293,77.9565,78.8859,79.818,80.7529
"No targets calculated, so the baseline emissions are put in as target pathways for all un/conditional best/worst pathways.
",FIN,baseline_emissions,conditional,best,KYOTOGHG,IPCM0EL,MtCO2eq,AR4,72.1382,69.8738,68.499,70.7654,76.5805,73.488,78.8363,77.3469,73.6406,73.0478,71.1598,76.555,79.0214,86.5884,82.8548,70.8085,82.1714,80.5068,72.3664,68.6638,76.5617,68.6576,63.2003,63.7334,59.5546,55.9263,58.8296,56.1014,54.2634,54.964,55.6513,56.3384,57.0162,57.6946,58.38399999999999,59.0946,59.8191,60.5492,61.2939,62.0628,62.8653,63.69300000000001,64.5307,65.3786,66.2369,67.10600000000001,67.994,68.9022,69.8206,70.7388,71.6465,72.5377,73.4195,74.3014,75.1929,76.1041,77.0293,77.9565,78.8859,79.818,80.7529
"No targets calculated, so the baseline emissions are put in as target pathways for all un/conditional best/worst pathways.
",FIN,baseline_emissions,unconditional,worst,KYOTOGHG,IPCM0EL,MtCO2eq,AR4,72.1382,69.8738,68.499,70.7654,76.5805,73.488,78.8363,77.3469,73.6406,73.0478,71.1598,76.555,79.0214,86.5884,82.8548,70.8085,82.1714,80.5068,72.3664,68.6638,76.5617,68.6576,63.2003,63.7334,59.5546,55.9263,58.8296,56.1014,54.2634,54.964,55.6513,56.3384,57.0162,57.6946,58.38399999999999,59.0946,59.8191,60.5492,61.2939,62.0628,62.8653,63.69300000000001,64.5307,65.3786,66.2369,67.10600000000001,67.994,68.9022,69.8206,70.7388,71.6465,72.5377,73.4195,74.3014,75.1929,76.1041,77.0293,77.9565,78.8859,79.818,80.7529
"No targets calculated, so the baseline emissions are put in as target pathways for all un/conditional best/worst pathways.
",FIN,baseline_emissions,unconditional,best,KYOTOGHG,IPCM0EL,MtCO2eq,AR4,72.1382,69.8738,68.499,70.7654,76.5805,73.488,78.8363,77.3469,73.6406,73.0478,71.1598,76.555,79.0214,86.5884,82.8548,70.8085,82.1714,80.5068,72.3664,68.6638,76.5617,68.6576,63.2003,63.7334,59.5546,55.9263,58.8296,56.1014,54.2634,54.964,55.6513,56.3384,57.0162,57.6946,58.38399999999999,59.0946,59.8191,60.5492,61.2939,62.0628,62.8653,63.69300000000001,64.5307,65.3786,66.2369,67.10600000000001,67.994,68.9022,69.8206,70.7388,71.6465,72.5377,73.4195,74.3014,75.1929,76.1041,77.0293,77.9565,78.8859,79.818,80.7529
,FIN,,emi_bau,emi_bau,KYOTOGHG,IPCM0EL,MtCO2eq,AR4,72.1382,69.8738,68.499,70.7654,76.5805,73.488,78.8363,77.3469,73.6406,73.0478,71.1598,76.555,79.0214,86.5884,82.8548,70.8085,82.1714,80.5068,72.3664,68.6638,76.5617,68.6576,63.2003,63.7334,59.5546,55.9263,58.8296,56.1014,54.2634,54.964,55.6513,56.3384,57.0162,57.6946,58.38399999999999,59.0946,59.8191,60.5492,61.2939,62.0628,62.8653,63.69300000000001,64.5307,65.3786,66.2369,67.10600000000001,67.994,68.9022,69.8206,70.7388,71.6465,72.5377,73.4195,74.3014,75.1929,76.1041,77.0293,77.9565,78.8859,79.818,80.7529
,FIN,,emi_cov,emi_cov,KYOTOGHG,IPCM0EL,MtCO2eq,AR4,72.1382,69.8738,68.499,70.7654,76.5805,73.488,78.8363,77.3469,73.6406,73.0478,71.1598,76.555,79.0214,86.5884,82.8548,70.8085,82.1714,80.5068,72.3664,68.6638,76.5617,68.6576,63.2003,63.7334,59.5546,55.9263,58.8296,56.1014,54.2634,54.964,55.6513,56.3384,57.0162,57.6946,58.38399999999999,59.0946,59.8191,60.5492,61.2939,62.0628,62.8653,63.69300000000001,64.5307,65.3786,66.2369,67.10600000000001,67.994,68.9022,69.8206,70.7388,71.6465,72.5377,73.4195,74.3014,75.1929,76.1041,77.0293,77.9565,78.8859,79.818,80.7529
,FIN,,emi_ncov,emi_ncov,KYOTOGHG,IPCM0EL,MtCO2eq,AR4,0.0,0.0,0.0,0.0,0.0,0.0,0.0,0.0,0.0,0.0,0.0,0.0,0.0,0.0,0.0,0.0,0.0,0.0,0.0,0.0,0.0,0.0,0.0,0.0,0.0,0.0,0.0,0.0,0.0,0.0,0.0,0.0,0.0,0.0,0.0,0.0,0.0,0.0,0.0,0.0,0.0,0.0,0.0,0.0,0.0,0.0,0.0,0.0,0.0,0.0,0.0,0.0,0.0,0.0,0.0,0.0,0.0,0.0,0.0,0.0,0.0
,FIN,,pc_cov,pc_cov,KYOTOGHG,IPCM0EL,MtCO2eq/MtCO2eq,AR4,1.0,1.0,1.0,1.0,1.0,1.0,1.0,1.0,1.0,1.0,1.0,1.0,1.0,1.0,1.0,1.0,1.0,1.0,1.0,1.0,1.0,1.0,1.0,1.0,1.0,1.0,1.0,1.0,1.0,1.0,1.0,1.0,1.0,1.0,1.0,1.0,1.0,1.0,1.0,1.0,1.0,1.0,1.0,1.0,1.0,1.0,1.0,1.0,1.0,1.0,1.0,1.0,1.0,1.0,1.0,1.0,1.0,1.0,1.0,1.0,1.0
,FJI,,pop,pop,POP,DEMOGR,Pers,,728573.0,735401.0,744469.0,754963.0,765609.0,775425.0,784386.0,792736.0,800157.0,806303.0,811006.0,813925.0,815257.0,816076.0,817860.0,821604.0,827870.0,836190.0,845361.0,853637.0,859818.0,863449.0,865069.0,865608.0,866453.0,868627.0,872399.0,877459.0,885162.7769,892044.2599,899040.9038,906222.8789,913571.9101,921031.4577,928544.9067,936055.5998,943469.9309,950698.232,957689.7332,964393.6802,970759.3471,976961.5075,983154.2419,989256.1015,995185.8806,1000862.5639,1006346.5397,1011741.3386,1017030.927,1022199.3688,1027230.8231,1032146.9364,1036981.1141,1041735.2622,1046411.3308,1051011.3138,1055510.2007,1059887.331,1064151.1992,1068310.2224,1072372.743
,FJI,,gdp,gdp,GDPPPP,ECO,2011GKD,,3950961425.7813,3845302001.9531,4005307128.9063,4067233642.5781,4222018554.6875,4309649414.0625,4517270507.8125,4355857910.1563,4323140625.0,4603054199.2188,4481924804.6875,4526705566.4063,4626779296.875,4615530761.7188,4777959472.6563,4825537597.6563,5083040527.3438,5187210449.2188,5418325195.3125,5527364257.8125,5908838867.1875,6425260742.1875,6515849121.0938,6891837890.625,7309694824.2188,7566231933.5938,7547633300.7813,7790472167.9688,8083770896.9818,8212693409.0882,8359771509.1961,8535205293.0976,8738963624.5795,8968000335.2925,9219293983.0876,9489941298.0667,9771473345.3458,10055301135.9879,10338411474.4101,10617707646.3696,10890013444.6958,11158291251.1458,11428029664.3848,11699801348.199,11974180283.6551,12251718197.5873,12531838025.3706,12814551384.9882,13101274009.3191,13393444850.807,13692538929.6855,13996159396.07,14302717610.2011,14614985837.0552,14935814397.2635,15268154767.2519,15608384018.585,15952476542.7642,16302944571.8435,16662402611.8538,17033585029.3573
"The target value from 'conditional_best' was used for 'conditional_worst' in 2030.
",FJI,ABU,conditional,worst,KYOTOGHG,IPCM0EL,MtCO2eq,AR4,1.9580000000000002,1.8275,1.9071,1.9888,2.0381,2.1244,2.1857,2.1584,2.1034,2.0879,2.0907,2.3472,2.1704,2.2675,2.6166,2.3416,2.4533,2.4125,2.171,2.0342,2.4555,2.3308,2.3107,2.4031,2.5487,2.6386,2.8054,2.8671,2.7442,2.7073,2.6857,2.6096718409715387,2.543157179687235,2.4852385562603887,2.4345697479561723,2.3903121645917436,2.349783401743614,2.310791868787951,2.272793324061196,2.2353511584517793,2.1979,2.236073777943621,2.2758132772482105,2.316969381593677,2.359691207300112,2.4038296380474233,2.4493101156755657,2.4960580820244918,2.544148095254249,2.5939529461650666,2.6456217510770377,2.6986326028698393,2.752687268903287,2.8083076562977034,2.8658665558533194,2.925960432850504,2.987694589368703,3.0499506530072256,3.1133250890464397,3.1781906882865765,3.2450693578479597
,FJI,ABU,conditional,best,KYOTOGHG,IPCM0EL,MtCO2eq,AR4,1.9580000000000002,1.8275,1.9071,1.9888,2.0381,2.1244,2.1857,2.1584,2.1034,2.0879,2.0907,2.3472,2.1704,2.2675,2.6166,2.3416,2.4533,2.4125,2.171,2.0342,2.4555,2.3308,2.3107,2.4031,2.5487,2.6386,2.8054,2.8671,2.7442,2.7073,2.6857,2.6096718409715387,2.543157179687235,2.4852385562603887,2.4345697479561723,2.3903121645917436,2.349783401743614,2.310791868787951,2.272793324061196,2.2353511584517793,2.1979,2.236073777943621,2.2758132772482105,2.316969381593677,2.359691207300112,2.4038296380474233,2.4493101156755657,2.4960580820244918,2.544148095254249,2.5939529461650666,2.6456217510770377,2.6986326028698393,2.752687268903287,2.8083076562977034,2.8658665558533194,2.925960432850504,2.987694589368703,3.0499506530072256,3.1133250890464397,3.1781906882865765,3.2450693578479597
"The target value from 'unconditional_best' was used for 'unconditional_worst' in 2030.
",FJI,ABU,unconditional,worst,KYOTOGHG,IPCM0EL,MtCO2eq,AR4,1.9580000000000002,1.8275,1.9071,1.9888,2.0381,2.1244,2.1857,2.1584,2.1034,2.0879,2.0907,2.3472,2.1704,2.2675,2.6166,2.3416,2.4533,2.4125,2.171,2.0342,2.4555,2.3308,2.3107,2.4031,2.5487,2.6386,2.8054,2.8671,2.7442,2.7073,2.6857,2.6550906136571797,2.6340523932290782,2.6221461854201293,2.6184565826520574,2.622570721530581,2.6319944672478712,2.6445972895959837,2.6599977746870653,2.67791705281726,2.6979,2.7447579259812067,2.793537759082737,2.8440564605312257,2.8964970691000373,2.9506765460158078,3.006503371891855,3.063886027341497,3.122916031751416,3.1840509820550222,3.2474739170256792,3.312544200956613,3.3788957563010955,3.447169218765901,3.5178221852844396,3.591586810950168,3.667364863122901,3.7437835510024087,3.8215750296821467,3.9011968960955254,3.98328978594932
,FJI,ABU,unconditional,best,KYOTOGHG,IPCM0EL,MtCO2eq,AR4,1.9580000000000002,1.8275,1.9071,1.9888,2.0381,2.1244,2.1857,2.1584,2.1034,2.0879,2.0907,2.3472,2.1704,2.2675,2.6166,2.3416,2.4533,2.4125,2.171,2.0342,2.4555,2.3308,2.3107,2.4031,2.5487,2.6386,2.8054,2.8671,2.7442,2.7073,2.6857,2.6550906136571797,2.6340523932290782,2.6221461854201293,2.6184565826520574,2.622570721530581,2.6319944672478712,2.6445972895959837,2.6599977746870653,2.67791705281726,2.6979,2.7447579259812067,2.793537759082737,2.8440564605312257,2.8964970691000373,2.9506765460158078,3.006503371891855,3.063886027341497,3.122916031751416,3.1840509820550222,3.2474739170256792,3.312544200956613,3.3788957563010955,3.447169218765901,3.5178221852844396,3.591586810950168,3.667364863122901,3.7437835510024087,3.8215750296821467,3.9011968960955254,3.98328978594932
"The target value from 'conditional_best' was used for 'conditional_worst' in 2030.
",FJI,RBU,conditional,worst,KYOTOGHG,IPCM0EL,MtCO2eq,AR4,1.9580000000000002,1.8275,1.9071,1.9888,2.0381,2.1244,2.1857,2.1584,2.1034,2.0879,2.0907,2.3472,2.1704,2.2675,2.6166,2.3416,2.4533,2.4125,2.171,2.0342,2.4555,2.3308,2.3107,2.4031,2.5487,2.6386,2.8054,2.8671,2.7442,2.7073,2.6857,2.635696003622808,2.59523854784324,2.5636842340886474,2.539933689176576,2.5233922569306597,2.5114854081254956,2.50205653868798,2.4946547044231675,2.4889336781422076,2.48439125804644,2.5275409009827596,2.5724603534926396,2.6189810622833596,2.6672715806476393,2.7171633552927594,2.7685721095723594,2.8214135668400795,2.8757720037422794,2.9320688035107594,2.9904725194382396,3.0503932150001996,3.1114937836111993,3.174364161795759,3.2394257327856795,3.3073527097518394,3.3771337729379196,3.4475047726485193,3.5191399220545194,3.592460604387719,3.6680567561726396
,FJI,RBU,conditional,best,KYOTOGHG,IPCM0EL,MtCO2eq,AR4,1.9580000000000002,1.8275,1.9071,1.9888,2.0381,2.1244,2.1857,2.1584,2.1034,2.0879,2.0907,2.3472,2.1704,2.2675,2.6166,2.3416,2.4533,2.4125,2.171,2.0342,2.4555,2.3308,2.3107,2.4031,2.5487,2.6386,2.8054,2.8671,2.7442,2.7073,2.6857,2.635696003622808,2.59523854784324,2.5636842340886474,2.539933689176576,2.5233922569306597,2.5114854081254956,2.50205653868798,2.4946547044231675,2.4889336781422076,2.48439125804644,2.5275409009827596,2.5724603534926396,2.6189810622833596,2.6672715806476393,2.7171633552927594,2.7685721095723594,2.8214135668400795,2.8757720037422794,2.9320688035107594,2.9904725194382396,3.0503932150001996,3.1114937836111993,3.174364161795759,3.2394257327856795,3.3073527097518394,3.3771337729379196,3.4475047726485193,3.5191399220545194,3.592460604387719,3.6680567561726396
"The target value from 'unconditional_best' was used for 'unconditional_worst' in 2030.
",FJI,RBU,unconditional,worst,KYOTOGHG,IPCM0EL,MtCO2eq,AR4,1.9580000000000002,1.8275,1.9071,1.9888,2.0381,2.1244,2.1857,2.1584,2.1034,2.0879,2.0907,2.3472,2.1704,2.2675,2.6166,2.3416,2.4533,2.4125,2.171,2.0342,2.4555,2.3308,2.3107,2.4031,2.5487,2.6386,2.8054,2.8671,2.7442,2.7073,2.6857,2.663765334540936,2.6514128492810802,2.6482947446962157,2.653577896392192,2.66693075231022,2.685895136041832,2.70835217956266,2.7339515681410558,2.762444559380736,2.79339708601548,2.8419136336609196,2.89242011783088,2.9447270207611203,2.9990238602158796,3.05512111843092,3.1129240365241198,3.17233785561336,3.23345733458076,3.29675626783692,3.36242417314608,3.4297977383334,3.4984979278703996,3.56918805393192,3.6423419109285597,3.71871756991728,3.7971779243126402,3.8763015908828398,3.95684664068484,4.039286868129239,4.12428558539088
,FJI,RBU,unconditional,best,KYOTOGHG,IPCM0EL,MtCO2eq,AR4,1.9580000000000002,1.8275,1.9071,1.9888,2.0381,2.1244,2.1857,2.1584,2.1034,2.0879,2.0907,2.3472,2.1704,2.2675,2.6166,2.3416,2.4533,2.4125,2.171,2.0342,2.4555,2.3308,2.3107,2.4031,2.5487,2.6386,2.8054,2.8671,2.7442,2.7073,2.6857,2.663765334540936,2.6514128492810802,2.6482947446962157,2.653577896392192,2.66693075231022,2.685895136041832,2.70835217956266,2.7339515681410558,2.762444559380736,2.79339708601548,2.8419136336609196,2.89242011783088,2.9447270207611203,2.9990238602158796,3.05512111843092,3.1129240365241198,3.17233785561336,3.23345733458076,3.29675626783692,3.36242417314608,3.4297977383334,3.4984979278703996,3.56918805393192,3.6423419109285597,3.71871756991728,3.7971779243126402,3.8763015908828398,3.95684664068484,4.039286868129239,4.12428558539088
"No targets calculated, so the baseline emissions are put in as target pathways for all un/conditional best/worst pathways.
",FJI,baseline_emissions,conditional,worst,KYOTOGHG,IPCM0EL,MtCO2eq,AR4,1.9580000000000002,1.8275,1.9071,1.9888,2.0381,2.1244,2.1857,2.1584,2.1034,2.0879,2.0907,2.3472,2.1704,2.2675,2.6166,2.3416,2.4533,2.4125,2.171,2.0342,2.4555,2.3308,2.3107,2.4031,2.5487,2.6386,2.8054,2.8671,2.7442,2.7073,2.6857,2.6778,2.6795,2.6906,2.7104,2.7387,2.7731,2.8115,2.8536,2.8992,2.9479,2.9991,3.0524,3.1076,3.1649,3.2241,3.2851,3.3478,3.4123,3.4791,3.5484,3.6195,3.6919999999999997,3.7666,3.8438,3.9244,4.0072,4.0907,4.1757,4.2627,4.3524
"No targets calculated, so the baseline emissions are put in as target pathways for all un/conditional best/worst pathways.
",FJI,baseline_emissions,conditional,best,KYOTOGHG,IPCM0EL,MtCO2eq,AR4,1.9580000000000002,1.8275,1.9071,1.9888,2.0381,2.1244,2.1857,2.1584,2.1034,2.0879,2.0907,2.3472,2.1704,2.2675,2.6166,2.3416,2.4533,2.4125,2.171,2.0342,2.4555,2.3308,2.3107,2.4031,2.5487,2.6386,2.8054,2.8671,2.7442,2.7073,2.6857,2.6778,2.6795,2.6906,2.7104,2.7387,2.7731,2.8115,2.8536,2.8992,2.9479,2.9991,3.0524,3.1076,3.1649,3.2241,3.2851,3.3478,3.4123,3.4791,3.5484,3.6195,3.6919999999999997,3.7666,3.8438,3.9244,4.0072,4.0907,4.1757,4.2627,4.3524
"No targets calculated, so the baseline emissions are put in as target pathways for all un/conditional best/worst pathways.
",FJI,baseline_emissions,unconditional,worst,KYOTOGHG,IPCM0EL,MtCO2eq,AR4,1.9580000000000002,1.8275,1.9071,1.9888,2.0381,2.1244,2.1857,2.1584,2.1034,2.0879,2.0907,2.3472,2.1704,2.2675,2.6166,2.3416,2.4533,2.4125,2.171,2.0342,2.4555,2.3308,2.3107,2.4031,2.5487,2.6386,2.8054,2.8671,2.7442,2.7073,2.6857,2.6778,2.6795,2.6906,2.7104,2.7387,2.7731,2.8115,2.8536,2.8992,2.9479,2.9991,3.0524,3.1076,3.1649,3.2241,3.2851,3.3478,3.4123,3.4791,3.5484,3.6195,3.6919999999999997,3.7666,3.8438,3.9244,4.0072,4.0907,4.1757,4.2627,4.3524
"No targets calculated, so the baseline emissions are put in as target pathways for all un/conditional best/worst pathways.
",FJI,baseline_emissions,unconditional,best,KYOTOGHG,IPCM0EL,MtCO2eq,AR4,1.9580000000000002,1.8275,1.9071,1.9888,2.0381,2.1244,2.1857,2.1584,2.1034,2.0879,2.0907,2.3472,2.1704,2.2675,2.6166,2.3416,2.4533,2.4125,2.171,2.0342,2.4555,2.3308,2.3107,2.4031,2.5487,2.6386,2.8054,2.8671,2.7442,2.7073,2.6857,2.6778,2.6795,2.6906,2.7104,2.7387,2.7731,2.8115,2.8536,2.8992,2.9479,2.9991,3.0524,3.1076,3.1649,3.2241,3.2851,3.3478,3.4123,3.4791,3.5484,3.6195,3.6919999999999997,3.7666,3.8438,3.9244,4.0072,4.0907,4.1757,4.2627,4.3524
,FJI,,emi_bau,emi_bau,KYOTOGHG,IPCM0EL,MtCO2eq,AR4,1.9580000000000002,1.8275,1.9071,1.9888,2.0381,2.1244,2.1857,2.1584,2.1034,2.0879,2.0907,2.3472,2.1704,2.2675,2.6166,2.3416,2.4533,2.4125,2.171,2.0342,2.4555,2.3308,2.3107,2.4031,2.5487,2.6386,2.8054,2.8671,2.7442,2.7073,2.6857,2.6778,2.6795,2.6906,2.7104,2.7387,2.7731,2.8115,2.8536,2.8992,2.9479,2.9991,3.0524,3.1076,3.1649,3.2241,3.2851,3.3478,3.4123,3.4791,3.5484,3.6195,3.6919999999999997,3.7666,3.8438,3.9244,4.0072,4.0907,4.1757,4.2627,4.3524
,FJI,,emi_cov,emi_cov,KYOTOGHG,IPCM0EL,MtCO2eq,AR4,0.770023253274,0.6306695866174999,0.704020668741,0.7076753026288,0.7003367706399,0.7186582624160001,0.7810145745105,0.7479959654671998,0.7223258869242,0.737005023214,0.7920261760977,1.0119842622432,0.8360041067288,0.9899994770325,1.2943358625666002,1.0267021040480002,1.1476958361747,1.08531520605,0.8250034641679999,0.7370062684165999,1.1403285130619998,1.0046963349043998,0.9863482811322002,1.059698058937,1.2015687442451,1.2567388177473997,1.4279246867704003,1.4726083714134002,1.3674325932908,1.3352612007954,1.3164291657371001,1.309541524641,1.311023675349,1.3207012486932002,1.3379639457184,1.3626373997421,1.3926291565428,1.426108330158,1.4628133594200001,1.502569877088,1.5450291398452,1.5896680364759999,1.6361378237828001,1.6842641364356001,1.7342213363055998,1.7858350609803,1.8390181222777,1.8936833344761999,1.9499178805753998,2.0081576903235,2.0685771340068,2.1305659135485,2.193775290772,2.258815556256,2.3261226450185997,2.3963940305424,2.4685834984576,2.5413832586204,2.6154908005908,2.6913420541916997,2.7695473062660003
,FJI,,emi_ncov,emi_ncov,KYOTOGHG,IPCM0EL,MtCO2eq,AR4,1.187976746726,1.1968304133824998,1.203079331259,1.2811246973711998,1.3377632293601003,1.405741737584,1.4046854254895003,1.4104040345328,1.3810741130758002,1.3508949767859997,1.2986738239023,1.3352157377568,1.3343958932712,1.2775005229675003,1.3222641374334,1.314897895952,1.3056041638253,1.32718479395,1.3459965358319999,1.2971937315834,1.315171486938,1.3261036650956002,1.3243517188678,1.3434019410629998,1.3471312557549002,1.3818611822526001,1.3774753132295998,1.3944916285866,1.3767674067092002,1.3720387992046001,1.3692708342629,1.3682584753590001,1.368476324651,1.3698987513068,1.3724360542815999,1.3760626002579002,1.3804708434572,1.3853916698420001,1.39078664058,1.396630122912,1.4028708601548001,1.409431963524,1.4162621762171999,1.4233358635644,1.4306786636944,1.4382649390197,1.4460818777223,1.4541166655238,1.4623821194246003,1.4709423096764997,1.4798228659932,1.4889340864515002,1.4982247092279999,1.5077844437439998,1.5176773549814,1.5280059694575998,1.5386165015424003,1.5493167413795998,1.5602091994092,1.5713579458083,1.5828526937340002
,FJI,,pc_cov,pc_cov,KYOTOGHG,IPCM0EL,MtCO2eq/MtCO2eq,AR4,0.393270303,0.345099637,0.36915771,0.355830301,0.343622379,0.33828764,0.357329265,0.34655113299999996,0.343408713,0.35298866,0.378833011,0.431145306,0.38518434700000004,0.436603959,0.494663251,0.43846178,0.467817159,0.449871588,0.380010808,0.362307673,0.464397684,0.43105214299999994,0.426861246,0.44097127,0.47144377299999995,0.47629000899999996,0.508991476,0.513622954,0.498299174,0.49320769799999997,0.49016240299999997,0.489036345,0.489279222,0.49085752200000005,0.49364077100000003,0.49754898299999994,0.502192188,0.507241092,0.512620325,0.518270515,0.524111788,0.53004836,0.5360168470000001,0.541982281,0.547954544,0.553901883,0.559805827,0.565650079,0.571437998,0.577206085,0.582960527,0.5886354229999999,0.594196991,0.59969616,0.605162247,0.6106395960000001,0.6160370079999999,0.621258772,0.626359844,0.631370271,0.636326465
,FRA,,pop,pop,POP,DEMOGR,Pers,,58662990.0,58948764.0,59217344.0,59473256.0,59723349.0,59974077.0,60223362.0,60473320.0,60739145.0,61040395.0,61389662.0,61794251.0,62246534.0,62725491.0,63201294.0,63651973.0,64068716.0,64456101.0,64821947.0,65179720.0,65538343.0,65900723.0,66260550.0,66606965.0,66924887.0,67204314.0,67440784.0,67639794.0,68075631.771,68299957.3418,68477685.7406,68632601.2227,68791369.2478,68949606.1845,69102934.9624,69246977.6317,69385976.4301,69524789.3216,69659952.2255,69787991.2348,69905419.8479,70006735.4941,70089731.917,70155874.4725,70206657.1415,70243606.587,70266235.5211,70276125.4292,70277941.6981,70276361.8629,70276075.3653,70264284.574,70227892.5802,70171141.4301,70098263.6188,70013481.9385,69915349.5108,69802672.4156,69680040.3107,69552038.5696,69423250.1495
,FRA,,gdp,gdp,GDPPPP,ECO,2011GKD,,1427114875000.0,1436756375000.0,1460132750000.0,1445102250000.0,1472264750000.0,1496801375000.0,1514423875000.0,1608391875000.0,1717005750000.0,1800574125000.0,1902361250000.0,1968622375000.0,1990677125000.0,1935504000000.0,1986917500000.0,2127409250000.0,2208091750000.0,2315261750000.0,2359077250000.0,2304522250000.0,2396573000000.0,2479229250000.0,2472447500000.0,2526780000000.0,2533751750000.0,2598734750000.0,2634031000000.0,2725172750000.0,2724263335582.86,2763156274316.922,2800139044908.209,2836727931330.4,2874584510965.502,2913495400028.8813,2953251705205.6567,2993648458184.058,3034246098990.3286,3074622567484.783,3114601439895.578,3154005795333.7417,3192658187209.684,3230863125005.0083,3268857879775.7983,3306362747072.338,3343096454559.786,3378776071899.187,3413507562276.315,3447451070326.6187,3480404501954.209,3512166919648.0933,3542538681995.972,3571766334890.3066,3600193626439.585,3627770639066.558,3654451153951.634,3680192420574.344,3704769799531.581,3728050864305.291,3750132785137.695,3771111718366.28,3791082898231.333
"The target value from 'unconditional_best' was used for 'conditional_worst' in 2030.
The target value from 'unconditional_best' was used for 'conditional_best' in 2030.
",FRA,RBY,conditional,worst,KYOTOGHG,IPCM0EL,MtCO2eq,AR4,556.1092,583.0459999999998,571.6084,549.9424,542.8318,551.9126,568.2928,560.6746,574.3113,566.2195,559.3292,566.0735,559.7213,563.1833,561.2514,563.3538,550.1615,540.8897,534.3989,513.7027,520.4189,494.2441,494.4682,494.5916,464.9001,469.7758,470.9837,474.3601,470.92199999999997,480.7014,490.4105,479.16119082206876,467.3118778170924,454.8358883633585,441.7072198410535,427.9002184000368,413.3631530565002,398.0483934370508,381.93636877021476,365.00672907694377,347.23774499999996,354.36075574414906,361.5629419197366,368.82155795325735,376.11310587310004,383.4132774327705,390.74030381713936,398.1190141636973,405.53470777099284,412.9723366769106,420.41667928900296,427.86756197693785,435.33239296821836,442.80723664198325,450.2884467612586,457.7725507194024,465.2315940329461,472.6469403795775,480.0296442237737,487.3913387977854,494.7440045945281
,FRA,RBY,conditional,best,KYOTOGHG,IPCM0EL,MtCO2eq,AR4,556.1092,583.0459999999998,571.6084,549.9424,542.8318,551.9126,568.2928,560.6746,574.3113,566.2195,559.3292,566.0735,559.7213,563.1833,561.2514,563.3538,550.1615,540.8897,534.3989,513.7027,520.4189,494.2441,494.4682,494.5916,464.9001,469.7758,470.9837,474.3601,470.92199999999997,480.7014,490.4105,479.16119082206876,467.3118778170924,454.8358883633585,441.7072198410535,427.9002184000368,413.3631530565002,398.0483934370508,381.93636877021476,365.00672907694377,347.23774499999996,354.36075574414906,361.5629419197366,368.82155795325735,376.11310587310004,383.4132774327705,390.74030381713936,398.1190141636973,405.53470777099284,412.9723366769106,420.41667928900296,427.86756197693785,435.33239296821836,442.80723664198325,450.2884467612586,457.7725507194024,465.2315940329461,472.6469403795775,480.0296442237737,487.3913387977854,494.7440045945281
"The target value from 'unconditional_best' was used for 'unconditional_worst' in 2030.
",FRA,RBY,unconditional,worst,KYOTOGHG,IPCM0EL,MtCO2eq,AR4,556.1092,583.0459999999998,571.6084,549.9424,542.8318,551.9126,568.2928,560.6746,574.3113,566.2195,559.3292,566.0735,559.7213,563.1833,561.2514,563.3538,550.1615,540.8897,534.3989,513.7027,520.4189,494.2441,494.4682,494.5916,464.9001,469.7758,470.9837,474.3601,470.92199999999997,480.7014,490.4105,479.16119082206876,467.3118778170924,454.8358883633585,441.7072198410535,427.9002184000368,413.3631530565002,398.0483934370508,381.93636877021476,365.00672907694377,347.23774499999996,354.36075574414906,361.5629419197366,368.82155795325735,376.11310587310004,383.4132774327705,390.74030381713936,398.1190141636973,405.53470777099284,412.9723366769106,420.41667928900296,427.86756197693785,435.33239296821836,442.80723664198325,450.2884467612586,457.7725507194024,465.2315940329461,472.6469403795775,480.0296442237737,487.3913387977854,494.7440045945281
,FRA,RBY,unconditional,best,KYOTOGHG,IPCM0EL,MtCO2eq,AR4,556.1092,583.0459999999998,571.6084,549.9424,542.8318,551.9126,568.2928,560.6746,574.3113,566.2195,559.3292,566.0735,559.7213,563.1833,561.2514,563.3538,550.1615,540.8897,534.3989,513.7027,520.4189,494.2441,494.4682,494.5916,464.9001,469.7758,470.9837,474.3601,470.92199999999997,480.7014,490.4105,479.16119082206876,467.3118778170924,454.8358883633585,441.7072198410535,427.9002184000368,413.3631530565002,398.0483934370508,381.93636877021476,365.00672907694377,347.23774499999996,354.36075574414906,361.5629419197366,368.82155795325735,376.11310587310004,383.4132774327705,390.74030381713936,398.1190141636973,405.53470777099284,412.9723366769106,420.41667928900296,427.86756197693785,435.33239296821836,442.80723664198325,450.2884467612586,457.7725507194024,465.2315940329461,472.6469403795775,480.0296442237737,487.3913387977854,494.7440045945281
"No targets calculated, so the baseline emissions are put in as target pathways for all un/conditional best/worst pathways.
",FRA,baseline_emissions,conditional,worst,KYOTOGHG,IPCM0EL,MtCO2eq,AR4,556.1092,583.0459999999998,571.6084,549.9424,542.8318,551.9126,568.2928,560.6746,574.3113,566.2195,559.3292,566.0735,559.7213,563.1833,561.2514,563.3538,550.1615,540.8897,534.3989,513.7027,520.4189,494.2441,494.4682,494.5916,464.9001,469.7758,470.9837,474.3601,470.92199999999997,480.7014,490.4105,500.2326,510.3031,520.6274,531.2128,542.0686,553.1713,564.4976,576.0606,587.8757,599.9604,612.2676,624.7116,637.2531,649.8515,662.4648,675.1245,687.8735,700.6864,713.5372,726.3996,739.2733,752.1711,765.0862,778.0123,790.9434,803.8312,816.6435,829.3994,842.1189999999997,854.823
"No targets calculated, so the baseline emissions are put in as target pathways for all un/conditional best/worst pathways.
",FRA,baseline_emissions,conditional,best,KYOTOGHG,IPCM0EL,MtCO2eq,AR4,556.1092,583.0459999999998,571.6084,549.9424,542.8318,551.9126,568.2928,560.6746,574.3113,566.2195,559.3292,566.0735,559.7213,563.1833,561.2514,563.3538,550.1615,540.8897,534.3989,513.7027,520.4189,494.2441,494.4682,494.5916,464.9001,469.7758,470.9837,474.3601,470.92199999999997,480.7014,490.4105,500.2326,510.3031,520.6274,531.2128,542.0686,553.1713,564.4976,576.0606,587.8757,599.9604,612.2676,624.7116,637.2531,649.8515,662.4648,675.1245,687.8735,700.6864,713.5372,726.3996,739.2733,752.1711,765.0862,778.0123,790.9434,803.8312,816.6435,829.3994,842.1189999999997,854.823
"No targets calculated, so the baseline emissions are put in as target pathways for all un/conditional best/worst pathways.
",FRA,baseline_emissions,unconditional,worst,KYOTOGHG,IPCM0EL,MtCO2eq,AR4,556.1092,583.0459999999998,571.6084,549.9424,542.8318,551.9126,568.2928,560.6746,574.3113,566.2195,559.3292,566.0735,559.7213,563.1833,561.2514,563.3538,550.1615,540.8897,534.3989,513.7027,520.4189,494.2441,494.4682,494.5916,464.9001,469.7758,470.9837,474.3601,470.92199999999997,480.7014,490.4105,500.2326,510.3031,520.6274,531.2128,542.0686,553.1713,564.4976,576.0606,587.8757,599.9604,612.2676,624.7116,637.2531,649.8515,662.4648,675.1245,687.8735,700.6864,713.5372,726.3996,739.2733,752.1711,765.0862,778.0123,790.9434,803.8312,816.6435,829.3994,842.1189999999997,854.823
"No targets calculated, so the baseline emissions are put in as target pathways for all un/conditional best/worst pathways.
",FRA,baseline_emissions,unconditional,best,KYOTOGHG,IPCM0EL,MtCO2eq,AR4,556.1092,583.0459999999998,571.6084,549.9424,542.8318,551.9126,568.2928,560.6746,574.3113,566.2195,559.3292,566.0735,559.7213,563.1833,561.2514,563.3538,550.1615,540.8897,534.3989,513.7027,520.4189,494.2441,494.4682,494.5916,464.9001,469.7758,470.9837,474.3601,470.92199999999997,480.7014,490.4105,500.2326,510.3031,520.6274,531.2128,542.0686,553.1713,564.4976,576.0606,587.8757,599.9604,612.2676,624.7116,637.2531,649.8515,662.4648,675.1245,687.8735,700.6864,713.5372,726.3996,739.2733,752.1711,765.0862,778.0123,790.9434,803.8312,816.6435,829.3994,842.1189999999997,854.823
,FRA,,emi_bau,emi_bau,KYOTOGHG,IPCM0EL,MtCO2eq,AR4,556.1092,583.0459999999998,571.6084,549.9424,542.8318,551.9126,568.2928,560.6746,574.3113,566.2195,559.3292,566.0735,559.7213,563.1833,561.2514,563.3538,550.1615,540.8897,534.3989,513.7027,520.4189,494.2441,494.4682,494.5916,464.9001,469.7758,470.9837,474.3601,470.92199999999997,480.7014,490.4105,500.2326,510.3031,520.6274,531.2128,542.0686,553.1713,564.4976,576.0606,587.8757,599.9604,612.2676,624.7116,637.2531,649.8515,662.4648,675.1245,687.8735,700.6864,713.5372,726.3996,739.2733,752.1711,765.0862,778.0123,790.9434,803.8312,816.6435,829.3994,842.1189999999997,854.823
,FRA,,emi_cov,emi_cov,KYOTOGHG,IPCM0EL,MtCO2eq,AR4,556.1092,583.0459999999998,571.6084,549.9424,542.8318,551.9126,568.2928,560.6746,574.3113,566.2195,559.3292,566.0735,559.7213,563.1833,561.2514,563.3538,550.1615,540.8897,534.3989,513.7027,520.4189,494.2441,494.4682,494.5916,464.9001,469.7758,470.9837,474.3601,470.92199999999997,480.7014,490.4105,500.2326,510.3031,520.6274,531.2128,542.0686,553.1713,564.4976,576.0606,587.8757,599.9604,612.2676,624.7116,637.2531,649.8515,662.4648,675.1245,687.8735,700.6864,713.5372,726.3996,739.2733,752.1711,765.0862,778.0123,790.9434,803.8312,816.6435,829.3994,842.1189999999997,854.823
,FRA,,emi_ncov,emi_ncov,KYOTOGHG,IPCM0EL,MtCO2eq,AR4,0.0,0.0,0.0,0.0,0.0,0.0,0.0,0.0,0.0,0.0,0.0,0.0,0.0,0.0,0.0,0.0,0.0,0.0,0.0,0.0,0.0,0.0,0.0,0.0,0.0,0.0,0.0,0.0,0.0,0.0,0.0,0.0,0.0,0.0,0.0,0.0,0.0,0.0,0.0,0.0,0.0,0.0,0.0,0.0,0.0,0.0,0.0,0.0,0.0,0.0,0.0,0.0,0.0,0.0,0.0,0.0,0.0,0.0,0.0,0.0,0.0
,FRA,,pc_cov,pc_cov,KYOTOGHG,IPCM0EL,MtCO2eq/MtCO2eq,AR4,1.0,1.0,1.0,1.0,1.0,1.0,1.0,1.0,1.0,1.0,1.0,1.0,1.0,1.0,1.0,1.0,1.0,1.0,1.0,1.0,1.0,1.0,1.0,1.0,1.0,1.0,1.0,1.0,1.0,1.0,1.0,1.0,1.0,1.0,1.0,1.0,1.0,1.0,1.0,1.0,1.0,1.0,1.0,1.0,1.0,1.0,1.0,1.0,1.0,1.0,1.0,1.0,1.0,1.0,1.0,1.0,1.0,1.0,1.0,1.0,1.0
,FSM,,pop,pop,POP,DEMOGR,Pers,,96301.0,98770.0,101389.0,103915.0,106030.0,107529.0,108321.0,108480.0,108208.0,107781.0,107402.0,107173.0,107030.0,106901.0,106625.0,106129.0,105371.0,104444.0,103543.0,102975.0,102911.0,103450.0,104506.0,105926.0,107446.0,108895.0,110215.0,111459.0,110720.61533333332,111337.3496,111944.63496666668,112543.57906666666,113146.66263333336,113746.7899,114336.91716666668,114910.0518,115465.8955,115997.11176666664,116486.3051,116916.25236666668,117269.92203333337,117582.11893333332,117889.84696666668,118179.54556666664,118437.6581,118650.63376666664,118821.95040000002,118962.76726666668,119071.0988,119144.9947,119182.53593333332,119184.60126666664,119163.06833333336,119132.4663,119107.2419,119101.77596666668,119112.0898,119128.3667,119156.1582,119200.9829,119268.34516666668
,FSM,,gdp,gdp,GDPPPP,ECO,2011GKD,,262122129.0607,281590834.0179,292877039.7901,316719149.484,315026218.6182,337342715.4468,326846120.8459,307020489.6312,316095163.3824,320469132.4294,335092810.3261,340947529.5705,342992872.2116,349670355.8567,338723018.4128,345689711.0808,345237839.6172,338462871.3697,330956698.0657,334852696.2983,341690020.8327,353126615.2969,346101234.3588,332746831.3788,325572613.6021,341628228.8561,344019634.7817,355028199.892,340849457.14491665,340849457.14491665,340849457.14491665,340849457.14491665,340849457.14491665,340849457.14491665,340849457.14491665,340849457.14491665,340849457.14491665,340849457.14491665,340849457.14491665,340849457.14491665,340849457.14491665,340849457.14491665,340849457.14491665,340849457.14491665,340849457.14491665,340849457.14491665,340849457.14491665,340849457.14491665,340849457.14491665,340849457.14491665,340849457.14491665,340849457.14491665,340849457.14491665,340849457.14491665,340849457.14491665,340849457.14491665,340849457.14491665,340849457.14491665,340849457.14491665,340849457.14491665,340849457.14491665
"The target value from 'conditional_best' was used for 'conditional_worst' in 2025.
",FSM,ABS,conditional,worst,KYOTOGHG,IPCM0EL,MtCO2eq,AR4,0.14773,0.15433,0.16004000000000002,0.16097999999999998,0.16558,0.17032,0.17027,0.17379,0.18085,0.17328,0.18774000000000002,0.23175,0.20609,0.20615,0.20608,0.18412,0.18405,0.20329,0.18122,0.22771999999999998,0.17998,0.1908,0.20558,0.2146,0.22191999999999998,0.22926,0.25258,0.25924,0.23053000000000004,0.23053000000000004,0.23053000000000004,0.20322400000000004,0.17591800000000002,0.14861200000000002,0.12130600000000001,0.094,0.094,0.094,0.094,0.094,0.094,0.094,0.094,0.094,0.094,0.094,0.094,0.094,0.094,0.094,0.094,0.094,0.094,0.094,0.094,0.094,0.094,0.094,0.094,0.094,0.094
,FSM,ABS,conditional,best,KYOTOGHG,IPCM0EL,MtCO2eq,AR4,0.14773,0.15433,0.16004000000000002,0.16097999999999998,0.16558,0.17032,0.17027,0.17379,0.18085,0.17328,0.18774000000000002,0.23175,0.20609,0.20615,0.20608,0.18412,0.18405,0.20329,0.18122,0.22771999999999998,0.17998,0.1908,0.20558,0.2146,0.22191999999999998,0.22926,0.25258,0.25924,0.23053000000000004,0.23053000000000004,0.23053000000000004,0.20322400000000004,0.17591800000000002,0.14861200000000002,0.12130600000000001,0.094,0.094,0.094,0.094,0.094,0.094,0.094,0.094,0.094,0.094,0.094,0.094,0.094,0.094,0.094,0.094,0.094,0.094,0.094,0.094,0.094,0.094,0.094,0.094,0.094,0.094
"The target value from 'unconditional_best' was used for 'unconditional_worst' in 2025.
",FSM,ABS,unconditional,worst,KYOTOGHG,IPCM0EL,MtCO2eq,AR4,0.14773,0.15433,0.16004000000000002,0.16097999999999998,0.16558,0.17032,0.17027,0.17379,0.18085,0.17328,0.18774000000000002,0.23175,0.20609,0.20615,0.20608,0.18412,0.18405,0.20329,0.18122,0.22771999999999998,0.17998,0.1908,0.20558,0.2146,0.22191999999999998,0.22926,0.25258,0.25924,0.23053000000000004,0.23053000000000004,0.23053000000000004,0.20602400000000004,0.18151800000000004,0.157012,0.13250599999999998,0.108,0.108,0.108,0.108,0.108,0.108,0.108,0.108,0.108,0.108,0.108,0.108,0.108,0.108,0.108,0.108,0.108,0.108,0.108,0.108,0.108,0.108,0.108,0.108,0.108,0.108
,FSM,ABS,unconditional,best,KYOTOGHG,IPCM0EL,MtCO2eq,AR4,0.14773,0.15433,0.16004000000000002,0.16097999999999998,0.16558,0.17032,0.17027,0.17379,0.18085,0.17328,0.18774000000000002,0.23175,0.20609,0.20615,0.20608,0.18412,0.18405,0.20329,0.18122,0.22771999999999998,0.17998,0.1908,0.20558,0.2146,0.22191999999999998,0.22926,0.25258,0.25924,0.23053000000000004,0.23053000000000004,0.23053000000000004,0.20602400000000004,0.18151800000000004,0.157012,0.13250599999999998,0.108,0.108,0.108,0.108,0.108,0.108,0.108,0.108,0.108,0.108,0.108,0.108,0.108,0.108,0.108,0.108,0.108,0.108,0.108,0.108,0.108,0.108,0.108,0.108,0.108,0.108
"The target value from 'conditional_best' was used for 'conditional_worst' in 2025.
",FSM,RBY,conditional,worst,KYOTOGHG,IPCM0EL,MtCO2eq,AR4,0.14773,0.15433,0.16004000000000002,0.16097999999999998,0.16558,0.17032,0.17027,0.17379,0.18085,0.17328,0.18774000000000002,0.23175,0.20609,0.20615,0.20608,0.18412,0.18405,0.20329,0.18122,0.22771999999999998,0.17998,0.1908,0.20558,0.2146,0.22191999999999998,0.22926,0.25258,0.25924,0.23053000000000004,0.23053000000000004,0.23053000000000004,0.21509899210299524,0.19966798420599044,0.18423697630898564,0.16880596841198084,0.15337496051497604,0.15337496051497604,0.15337496051497604,0.15337496051497604,0.15337496051497604,0.15337496051497604,0.15337496051497604,0.15337496051497604,0.15337496051497604,0.15337496051497604,0.15337496051497604,0.15337496051497604,0.15337496051497604,0.15337496051497604,0.15337496051497604,0.15337496051497604,0.15337496051497604,0.15337496051497604,0.15337496051497604,0.15337496051497604,0.15337496051497604,0.15337496051497604,0.15337496051497604,0.15337496051497604,0.15337496051497604,0.15337496051497604
,FSM,RBY,conditional,best,KYOTOGHG,IPCM0EL,MtCO2eq,AR4,0.14773,0.15433,0.16004000000000002,0.16097999999999998,0.16558,0.17032,0.17027,0.17379,0.18085,0.17328,0.18774000000000002,0.23175,0.20609,0.20615,0.20608,0.18412,0.18405,0.20329,0.18122,0.22771999999999998,0.17998,0.1908,0.20558,0.2146,0.22191999999999998,0.22926,0.25258,0.25924,0.23053000000000004,0.23053000000000004,0.23053000000000004,0.21509899210299524,0.19966798420599044,0.18423697630898564,0.16880596841198084,0.15337496051497604,0.15337496051497604,0.15337496051497604,0.15337496051497604,0.15337496051497604,0.15337496051497604,0.15337496051497604,0.15337496051497604,0.15337496051497604,0.15337496051497604,0.15337496051497604,0.15337496051497604,0.15337496051497604,0.15337496051497604,0.15337496051497604,0.15337496051497604,0.15337496051497604,0.15337496051497604,0.15337496051497604,0.15337496051497604,0.15337496051497604,0.15337496051497604,0.15337496051497604,0.15337496051497604,0.15337496051497604,0.15337496051497604
"The target value from 'unconditional_best' was used for 'unconditional_worst' in 2025.
",FSM,RBY,unconditional,worst,KYOTOGHG,IPCM0EL,MtCO2eq,AR4,0.14773,0.15433,0.16004000000000002,0.16097999999999998,0.16558,0.17032,0.17027,0.17379,0.18085,0.17328,0.18774000000000002,0.23175,0.20609,0.20615,0.20608,0.18412,0.18405,0.20329,0.18122,0.22771999999999998,0.17998,0.1908,0.20558,0.2146,0.22191999999999998,0.22926,0.25258,0.25924,0.23053000000000004,0.23053000000000004,0.23053000000000004,0.2168444681744846,0.20315893634896914,0.1894734045234537,0.17578787269793827,0.1621023408724228,0.1621023408724228,0.1621023408724228,0.1621023408724228,0.1621023408724228,0.1621023408724228,0.1621023408724228,0.1621023408724228,0.1621023408724228,0.1621023408724228,0.1621023408724228,0.1621023408724228,0.1621023408724228,0.1621023408724228,0.1621023408724228,0.1621023408724228,0.1621023408724228,0.1621023408724228,0.1621023408724228,0.1621023408724228,0.1621023408724228,0.1621023408724228,0.1621023408724228,0.1621023408724228,0.1621023408724228,0.1621023408724228
,FSM,RBY,unconditional,best,KYOTOGHG,IPCM0EL,MtCO2eq,AR4,0.14773,0.15433,0.16004000000000002,0.16097999999999998,0.16558,0.17032,0.17027,0.17379,0.18085,0.17328,0.18774000000000002,0.23175,0.20609,0.20615,0.20608,0.18412,0.18405,0.20329,0.18122,0.22771999999999998,0.17998,0.1908,0.20558,0.2146,0.22191999999999998,0.22926,0.25258,0.25924,0.23053000000000004,0.23053000000000004,0.23053000000000004,0.2168444681744846,0.20315893634896914,0.1894734045234537,0.17578787269793827,0.1621023408724228,0.1621023408724228,0.1621023408724228,0.1621023408724228,0.1621023408724228,0.1621023408724228,0.1621023408724228,0.1621023408724228,0.1621023408724228,0.1621023408724228,0.1621023408724228,0.1621023408724228,0.1621023408724228,0.1621023408724228,0.1621023408724228,0.1621023408724228,0.1621023408724228,0.1621023408724228,0.1621023408724228,0.1621023408724228,0.1621023408724228,0.1621023408724228,0.1621023408724228,0.1621023408724228,0.1621023408724228,0.1621023408724228
"No targets calculated, so the baseline emissions are put in as target pathways for all un/conditional best/worst pathways.
",FSM,baseline_emissions,conditional,worst,KYOTOGHG,IPCM0EL,MtCO2eq,AR4,0.14773,0.15433,0.16004000000000002,0.16097999999999998,0.16558,0.17032,0.17027,0.17379,0.18085,0.17328,0.18774000000000002,0.23175,0.20609,0.20615,0.20608,0.18412,0.18405,0.20329,0.18122,0.22771999999999998,0.17998,0.1908,0.20558,0.2146,0.22191999999999998,0.22926,0.25258,0.25924,0.23053000000000004,0.23053000000000004,0.23053000000000004,0.23053000000000004,0.23053000000000004,0.23053000000000004,0.23053000000000004,0.23053000000000004,0.23053000000000004,0.23053000000000004,0.23053000000000004,0.23053000000000004,0.23053000000000004,0.23053000000000004,0.23053000000000004,0.23053000000000004,0.23053000000000004,0.23053000000000004,0.23053000000000004,0.23053000000000004,0.23053000000000004,0.23053000000000004,0.23053000000000004,0.23053000000000004,0.23053000000000004,0.23053000000000004,0.23053000000000004,0.23053000000000004,0.23053000000000004,0.23053000000000004,0.23053000000000004,0.23053000000000004,0.23053000000000004
"No targets calculated, so the baseline emissions are put in as target pathways for all un/conditional best/worst pathways.
",FSM,baseline_emissions,conditional,best,KYOTOGHG,IPCM0EL,MtCO2eq,AR4,0.14773,0.15433,0.16004000000000002,0.16097999999999998,0.16558,0.17032,0.17027,0.17379,0.18085,0.17328,0.18774000000000002,0.23175,0.20609,0.20615,0.20608,0.18412,0.18405,0.20329,0.18122,0.22771999999999998,0.17998,0.1908,0.20558,0.2146,0.22191999999999998,0.22926,0.25258,0.25924,0.23053000000000004,0.23053000000000004,0.23053000000000004,0.23053000000000004,0.23053000000000004,0.23053000000000004,0.23053000000000004,0.23053000000000004,0.23053000000000004,0.23053000000000004,0.23053000000000004,0.23053000000000004,0.23053000000000004,0.23053000000000004,0.23053000000000004,0.23053000000000004,0.23053000000000004,0.23053000000000004,0.23053000000000004,0.23053000000000004,0.23053000000000004,0.23053000000000004,0.23053000000000004,0.23053000000000004,0.23053000000000004,0.23053000000000004,0.23053000000000004,0.23053000000000004,0.23053000000000004,0.23053000000000004,0.23053000000000004,0.23053000000000004,0.23053000000000004
"No targets calculated, so the baseline emissions are put in as target pathways for all un/conditional best/worst pathways.
",FSM,baseline_emissions,unconditional,worst,KYOTOGHG,IPCM0EL,MtCO2eq,AR4,0.14773,0.15433,0.16004000000000002,0.16097999999999998,0.16558,0.17032,0.17027,0.17379,0.18085,0.17328,0.18774000000000002,0.23175,0.20609,0.20615,0.20608,0.18412,0.18405,0.20329,0.18122,0.22771999999999998,0.17998,0.1908,0.20558,0.2146,0.22191999999999998,0.22926,0.25258,0.25924,0.23053000000000004,0.23053000000000004,0.23053000000000004,0.23053000000000004,0.23053000000000004,0.23053000000000004,0.23053000000000004,0.23053000000000004,0.23053000000000004,0.23053000000000004,0.23053000000000004,0.23053000000000004,0.23053000000000004,0.23053000000000004,0.23053000000000004,0.23053000000000004,0.23053000000000004,0.23053000000000004,0.23053000000000004,0.23053000000000004,0.23053000000000004,0.23053000000000004,0.23053000000000004,0.23053000000000004,0.23053000000000004,0.23053000000000004,0.23053000000000004,0.23053000000000004,0.23053000000000004,0.23053000000000004,0.23053000000000004,0.23053000000000004,0.23053000000000004
"No targets calculated, so the baseline emissions are put in as target pathways for all un/conditional best/worst pathways.
",FSM,baseline_emissions,unconditional,best,KYOTOGHG,IPCM0EL,MtCO2eq,AR4,0.14773,0.15433,0.16004000000000002,0.16097999999999998,0.16558,0.17032,0.17027,0.17379,0.18085,0.17328,0.18774000000000002,0.23175,0.20609,0.20615,0.20608,0.18412,0.18405,0.20329,0.18122,0.22771999999999998,0.17998,0.1908,0.20558,0.2146,0.22191999999999998,0.22926,0.25258,0.25924,0.23053000000000004,0.23053000000000004,0.23053000000000004,0.23053000000000004,0.23053000000000004,0.23053000000000004,0.23053000000000004,0.23053000000000004,0.23053000000000004,0.23053000000000004,0.23053000000000004,0.23053000000000004,0.23053000000000004,0.23053000000000004,0.23053000000000004,0.23053000000000004,0.23053000000000004,0.23053000000000004,0.23053000000000004,0.23053000000000004,0.23053000000000004,0.23053000000000004,0.23053000000000004,0.23053000000000004,0.23053000000000004,0.23053000000000004,0.23053000000000004,0.23053000000000004,0.23053000000000004,0.23053000000000004,0.23053000000000004,0.23053000000000004,0.23053000000000004
,FSM,,emi_bau,emi_bau,KYOTOGHG,IPCM0EL,MtCO2eq,AR4,0.14773,0.15433,0.16004000000000002,0.16097999999999998,0.16558,0.17032,0.17027,0.17379,0.18085,0.17328,0.18774000000000002,0.23175,0.20609,0.20615,0.20608,0.18412,0.18405,0.20329,0.18122,0.22771999999999998,0.17998,0.1908,0.20558,0.2146,0.22191999999999998,0.22926,0.25258,0.25924,0.23053000000000004,0.23053000000000004,0.23053000000000004,0.23053000000000004,0.23053000000000004,0.23053000000000004,0.23053000000000004,0.23053000000000004,0.23053000000000004,0.23053000000000004,0.23053000000000004,0.23053000000000004,0.23053000000000004,0.23053000000000004,0.23053000000000004,0.23053000000000004,0.23053000000000004,0.23053000000000004,0.23053000000000004,0.23053000000000004,0.23053000000000004,0.23053000000000004,0.23053000000000004,0.23053000000000004,0.23053000000000004,0.23053000000000004,0.23053000000000004,0.23053000000000004,0.23053000000000004,0.23053000000000004,0.23053000000000004,0.23053000000000004,0.23053000000000004
,FSM,,emi_cov,emi_cov,KYOTOGHG,IPCM0EL,MtCO2eq,AR4,0.08868668767156,0.09437548003333998,0.09900614486988002,0.09900486260531999,0.10267607454768,0.10633658186816,0.10633890120242,0.11000928880161001,0.11733930099880001,0.11000533408032,0.12467686224924,0.168670253016,0.14300794178305,0.14300328046164998,0.1430053653952,0.12100512867459999,0.12100683098204999,0.13933703406917,0.11733615108513999,0.16134015309251998,0.11367542001422,0.1210075463772,0.13567464279118002,0.1430066907594,0.15033585635104,0.15724356815364002,0.17866687380454002,0.18425018830780002,0.15819499994703,0.15819499994703,0.15819499994703,0.15819499994703,0.15819499994703,0.15819499994703,0.15819499994703,0.15819499994703,0.15819499994703,0.15819499994703,0.15819499994703,0.15819499994703,0.15819499994703,0.15819499994703,0.15819499994703,0.15819499994703,0.15819499994703,0.15819499994703,0.15819499994703,0.15819499994703,0.15819499994703,0.15819499994703,0.15819499994703,0.15819499994703,0.15819499994703,0.15819499994703,0.15819499994703,0.15819499994703,0.15819499994703,0.15819499994703,0.15819499994703,0.15819499994703,0.15819499994703
,FSM,,emi_ncov,emi_ncov,KYOTOGHG,IPCM0EL,MtCO2eq,AR4,0.05904331232844,0.05995451996666001,0.061033855130119996,0.06197513739468,0.06290392545232,0.06398341813184,0.06393109879758001,0.06378071119838999,0.0635106990012,0.06327466591967999,0.06306313775076001,0.06307974698400001,0.06308205821695,0.06314671953835001,0.06307463460479999,0.06311487132540002,0.06304316901795,0.06395296593083001,0.06388384891486,0.06637984690748,0.06630457998578,0.0697924536228,0.06990535720882,0.07159330924060002,0.07158414364895997,0.07201643184635999,0.07391312619546002,0.07498981169220001,0.07233500005297003,0.07233500005297003,0.07233500005297003,0.07233500005297003,0.07233500005297003,0.07233500005297003,0.07233500005297003,0.07233500005297003,0.07233500005297003,0.07233500005297003,0.07233500005297003,0.07233500005297003,0.07233500005297003,0.07233500005297003,0.07233500005297003,0.07233500005297003,0.07233500005297003,0.07233500005297003,0.07233500005297003,0.07233500005297003,0.07233500005297003,0.07233500005297003,0.07233500005297003,0.07233500005297003,0.07233500005297003,0.07233500005297003,0.07233500005297003,0.07233500005297003,0.07233500005297003,0.07233500005297003,0.07233500005297003,0.07233500005297003,0.07233500005297003
,FSM,,pc_cov,pc_cov,KYOTOGHG,IPCM0EL,MtCO2eq/MtCO2eq,AR4,0.600329572,0.6115173979999999,0.6186337470000001,0.615013434,0.620099496,0.624334088,0.624531046,0.633001259,0.648821128,0.634841494,0.664093226,0.727811232,0.693910145,0.693685571,0.693931315,0.657207955,0.657467161,0.685410173,0.647479037,0.708502341,0.631600289,0.634211459,0.659960321,0.6663871889999999,0.6774326620000001,0.685874414,0.707367463,0.710732095,0.6862230509999999,0.6862230509999999,0.6862230509999999,0.6862230509999999,0.6862230509999999,0.6862230509999999,0.6862230509999999,0.6862230509999999,0.6862230509999999,0.6862230509999999,0.6862230509999999,0.6862230509999999,0.6862230509999999,0.6862230509999999,0.6862230509999999,0.6862230509999999,0.6862230509999999,0.6862230509999999,0.6862230509999999,0.6862230509999999,0.6862230509999999,0.6862230509999999,0.6862230509999999,0.6862230509999999,0.6862230509999999,0.6862230509999999,0.6862230509999999,0.6862230509999999,0.6862230509999999,0.6862230509999999,0.6862230509999999,0.6862230509999999,0.6862230509999999
,GAB,,pop,pop,POP,DEMOGR,Pers,,949488.0,975783.0,1002579.0,1029778.0,1057255.0,1084946.0,1112955.0,1141338.0,1170061.0,1199052.0,1228360.0,1258003.0,1288315.0,1319953.0,1353795.0,1390549.0,1430152.0,1472575.0,1518540.0,1568928.0,1624140.0,1684635.0,1749682.0,1817071.0,1883800.0,1947686.0,2007873.0,2064823.0,2097272.2329,2131365.2676,2165151.4158,2198850.9306,2232691.5263,2266550.2347,2300305.8808,2333839.1755,2366950.7397,2399484.9374,2431385.7502,2462591.8836,2493036.621,2522762.285,2551952.2285,2580748.248,2609293.6578,2637733.3475,2665993.3857,2693919.1610000003,2721535.6904,2748867.9384,2775940.8093,2802907.1471,2829859.583,2856734.0179,2883468.1479,2910001.4195,2936173.613,2961845.9449,2986988.2743,3011566.4942,3035542.6547
,GAB,,gdp,gdp,GDPPPP,ECO,2011GKD,,7962971191.4063,8565346679.6875,8212245117.1875,8149458007.8125,8773056640.625,9031046875.0,10073787109.375,8695913085.9375,7813579589.8438,9045867187.5,11655095703.125,11540178710.9375,11941629882.8125,13664666015.625,16746755859.375,24197951171.875,22063060546.875,21557406250.0,22266582031.25,18064320312.5,21567648437.5,25886447265.625,26626138671.875,26651998046.875,25174449218.75,24360347656.25,24470984375.0,23523367187.5,26202668608.7025,26695116173.0693,27254060400.9335,27891965362.9801,28574901450.5764,29288090916.9656,30017141927.4176,30747969638.3809,31463200474.722,32157828364.8546,32836147936.4259,33501952166.9604,34158555208.8706,34802249181.4845,35435064345.5198,36068488116.8388,36713887889.3665,37382540325.5354,38066054641.5028,38752572335.0107,39447853559.1607,40157335471.598,40886184195.6617,41626149997.6179,42370334048.5385,43125506906.2634,43898138047.4734,44694450745.7244,45514403027.8565,46352925437.1266,47208524054.9786,48079666808.7455,48964779363.4579
"The target value from 'conditional_best' was used for 'conditional_worst' in 2025.
",GAB,RBU,conditional,worst,KYOTOGHG,IPCM0EL,MtCO2eq,AR4,27.5213,21.8835,22.2799,22.436,20.818,21.7132,22.3033,19.8214,20.756,18.4537,16.9076,17.2179,16.6801,18.622,17.1614,16.5574,14.2773,12.8961,13.5213,13.3209,13.8909,13.1137,13.0674,12.4959,11.7322,10.9676,10.4991,9.8379,11.1122,11.134,11.1891,10.153252820068541,9.109988105080383,8.052936546470386,6.9773027026022465,5.879764998768508,5.934942709755158,5.987559853625958,6.0387209887446085,6.089580880673158,6.140892637386859,6.190899006943459,6.238997502962759,6.287246620577109,6.3378052693155595,6.392681737112109,6.450470222412959,6.509313058879159,6.570113976081008,6.63372649639046,6.70095393498111,6.771093391076059,6.84324113510501,6.91784903185311,6.99526853170881,7.07595149945726,7.15909461992486,7.2432920915578105,7.32789122077756,7.41218910680721,7.495432641671511
,GAB,RBU,conditional,best,KYOTOGHG,IPCM0EL,MtCO2eq,AR4,27.5213,21.8835,22.2799,22.436,20.818,21.7132,22.3033,19.8214,20.756,18.4537,16.9076,17.2179,16.6801,18.622,17.1614,16.5574,14.2773,12.8961,13.5213,13.3209,13.8909,13.1137,13.0674,12.4959,11.7322,10.9676,10.4991,9.8379,11.1122,11.134,11.1891,10.153252820068541,9.109988105080383,8.052936546470386,6.9773027026022465,5.879764998768508,5.934942709755158,5.987559853625958,6.0387209887446085,6.089580880673158,6.140892637386859,6.190899006943459,6.238997502962759,6.287246620577109,6.3378052693155595,6.392681737112109,6.450470222412959,6.509313058879159,6.570113976081008,6.63372649639046,6.70095393498111,6.771093391076059,6.84324113510501,6.91784903185311,6.99526853170881,7.07595149945726,7.15909461992486,7.2432920915578105,7.32789122077756,7.41218910680721,7.495432641671511
,GAB,RBU,unconditional,worst,KYOTOGHG,IPCM0EL,MtCO2eq,AR4,27.5213,21.8835,22.2799,22.436,20.818,21.7132,22.3033,19.8214,20.756,18.4537,16.9076,17.2179,16.6801,18.622,17.1614,16.5574,14.2773,12.8961,13.5213,13.3209,13.8909,13.1137,13.0674,12.4959,11.7322,10.9676,10.4991,9.8379,11.1122,11.134,11.1891,11.2762,11.3757,11.4838,11.5968,11.710999999999999,11.8209,11.9257,12.0276,12.1289,12.2311,12.3307,12.4265,12.5226,12.6233,12.7326,12.8477,12.9649,13.085999999999999,13.2127,13.3466,13.4863,13.63,13.7786,13.9328,14.0935,14.2591,14.4268,14.5953,14.7632,14.929
,GAB,RBU,unconditional,best,KYOTOGHG,IPCM0EL,MtCO2eq,AR4,27.5213,21.8835,22.2799,22.436,20.818,21.7132,22.3033,19.8214,20.756,18.4537,16.9076,17.2179,16.6801,18.622,17.1614,16.5574,14.2773,12.8961,13.5213,13.3209,13.8909,13.1137,13.0674,12.4959,11.7322,10.9676,10.4991,9.8379,11.1122,11.134,11.1891,11.2762,11.3757,11.4838,11.5968,11.710999999999999,11.8209,11.9257,12.0276,12.1289,12.2311,12.3307,12.4265,12.5226,12.6233,12.7326,12.8477,12.9649,13.085999999999999,13.2127,13.3466,13.4863,13.63,13.7786,13.9328,14.0935,14.2591,14.4268,14.5953,14.7632,14.929
"No targets calculated, so the baseline emissions are put in as target pathways for all un/conditional best/worst pathways.
",GAB,baseline_emissions,conditional,worst,KYOTOGHG,IPCM0EL,MtCO2eq,AR4,27.5213,21.8835,22.2799,22.436,20.818,21.7132,22.3033,19.8214,20.756,18.4537,16.9076,17.2179,16.6801,18.622,17.1614,16.5574,14.2773,12.8961,13.5213,13.3209,13.8909,13.1137,13.0674,12.4959,11.7322,10.9676,10.4991,9.8379,11.1122,11.134,11.1891,11.2762,11.3757,11.4838,11.5968,11.710999999999999,11.8209,11.9257,12.0276,12.1289,12.2311,12.3307,12.4265,12.5226,12.6233,12.7326,12.8477,12.9649,13.085999999999999,13.2127,13.3466,13.4863,13.63,13.7786,13.9328,14.0935,14.2591,14.4268,14.5953,14.7632,14.929
"No targets calculated, so the baseline emissions are put in as target pathways for all un/conditional best/worst pathways.
",GAB,baseline_emissions,conditional,best,KYOTOGHG,IPCM0EL,MtCO2eq,AR4,27.5213,21.8835,22.2799,22.436,20.818,21.7132,22.3033,19.8214,20.756,18.4537,16.9076,17.2179,16.6801,18.622,17.1614,16.5574,14.2773,12.8961,13.5213,13.3209,13.8909,13.1137,13.0674,12.4959,11.7322,10.9676,10.4991,9.8379,11.1122,11.134,11.1891,11.2762,11.3757,11.4838,11.5968,11.710999999999999,11.8209,11.9257,12.0276,12.1289,12.2311,12.3307,12.4265,12.5226,12.6233,12.7326,12.8477,12.9649,13.085999999999999,13.2127,13.3466,13.4863,13.63,13.7786,13.9328,14.0935,14.2591,14.4268,14.5953,14.7632,14.929
"No targets calculated, so the baseline emissions are put in as target pathways for all un/conditional best/worst pathways.
",GAB,baseline_emissions,unconditional,worst,KYOTOGHG,IPCM0EL,MtCO2eq,AR4,27.5213,21.8835,22.2799,22.436,20.818,21.7132,22.3033,19.8214,20.756,18.4537,16.9076,17.2179,16.6801,18.622,17.1614,16.5574,14.2773,12.8961,13.5213,13.3209,13.8909,13.1137,13.0674,12.4959,11.7322,10.9676,10.4991,9.8379,11.1122,11.134,11.1891,11.2762,11.3757,11.4838,11.5968,11.710999999999999,11.8209,11.9257,12.0276,12.1289,12.2311,12.3307,12.4265,12.5226,12.6233,12.7326,12.8477,12.9649,13.085999999999999,13.2127,13.3466,13.4863,13.63,13.7786,13.9328,14.0935,14.2591,14.4268,14.5953,14.7632,14.929
"No targets calculated, so the baseline emissions are put in as target pathways for all un/conditional best/worst pathways.
",GAB,baseline_emissions,unconditional,best,KYOTOGHG,IPCM0EL,MtCO2eq,AR4,27.5213,21.8835,22.2799,22.436,20.818,21.7132,22.3033,19.8214,20.756,18.4537,16.9076,17.2179,16.6801,18.622,17.1614,16.5574,14.2773,12.8961,13.5213,13.3209,13.8909,13.1137,13.0674,12.4959,11.7322,10.9676,10.4991,9.8379,11.1122,11.134,11.1891,11.2762,11.3757,11.4838,11.5968,11.710999999999999,11.8209,11.9257,12.0276,12.1289,12.2311,12.3307,12.4265,12.5226,12.6233,12.7326,12.8477,12.9649,13.085999999999999,13.2127,13.3466,13.4863,13.63,13.7786,13.9328,14.0935,14.2591,14.4268,14.5953,14.7632,14.929
,GAB,,emi_bau,emi_bau,KYOTOGHG,IPCM0EL,MtCO2eq,AR4,27.5213,21.8835,22.2799,22.436,20.818,21.7132,22.3033,19.8214,20.756,18.4537,16.9076,17.2179,16.6801,18.622,17.1614,16.5574,14.2773,12.8961,13.5213,13.3209,13.8909,13.1137,13.0674,12.4959,11.7322,10.9676,10.4991,9.8379,11.1122,11.134,11.1891,11.2762,11.3757,11.4838,11.5968,11.710999999999999,11.8209,11.9257,12.0276,12.1289,12.2311,12.3307,12.4265,12.5226,12.6233,12.7326,12.8477,12.9649,13.085999999999999,13.2127,13.3466,13.4863,13.63,13.7786,13.9328,14.0935,14.2591,14.4268,14.5953,14.7632,14.929
,GAB,,emi_cov,emi_cov,KYOTOGHG,IPCM0EL,MtCO2eq,AR4,27.521295211293797,21.883486147744502,22.279869855295303,22.435876646872,20.817710296712004,21.7125521649648,22.302148391407798,19.8197593034364,20.753783612052,18.4511795013855,16.904303102537998,17.213471194544102,16.6746380011744,18.61520269067,17.1532344857502,16.547694995891803,14.266291030961401,12.8837819418903,13.507674045138,13.3059669780402,13.874660037682801,13.0970470303933,13.049611060897199,12.4769760340974,11.712140049796002,10.9464040601104,10.4767690862424,9.814433027504398,11.085049995115801,11.10429999933,11.1567300008346,11.2409500011614,11.3373500012703,11.4423500047984,11.551890000384,11.662470002462998,11.768829999381,11.869689995894001,11.9677000021488,12.0647800000917,12.162439998515099,12.2575599967141,12.34839000336,12.439519999947,12.5348099979651,12.638459993988,12.747810006143599,12.858890005889199,12.973679996165998,13.0938300021831,13.2210199987692,13.3535500065114,13.48992999652,13.630819995619202,13.7770499938176,13.929539998057999,14.0865500034996,14.245580002380798,14.4051299986239,14.563769998875198,14.720289997283
,GAB,,emi_ncov,emi_ncov,KYOTOGHG,IPCM0EL,MtCO2eq,AR4,4.788706202062654e-06,1.3852255499390066e-05,3.0144704698356165e-05,0.00012335312799859023,0.00028970328799774505,0.0006478350351989098,0.0011516085922017422,0.001640696563600152,0.002216387947999983,0.002520498614500413,0.0032968974619995875,0.004428805455898599,0.005461998825599136,0.006797309329999415,0.008165514249800863,0.009705004108198807,0.011008969038599693,0.012318058109700377,0.01362595486200047,0.0149330219598011,0.01623996231719887,0.016652969606699573,0.0177889391028007,0.01892396590260094,0.020059950203999685,0.021195939889599485,0.022330913757599085,0.0234669724956011,0.027150004884199098,0.02970000067000016,0.032369999165401044,0.035249998838600194,0.03834999872969977,0.041449995201600906,0.044909999615999924,0.04852999753700095,0.052070000618999815,0.05601000410599941,0.0598999978511998,0.0641199999082997,0.06866000148490056,0.07314000328590052,0.07810999664000037,0.08308000005300013,0.0884900020349002,0.09414000601199987,0.09988999385640016,0.10600999411080053,0.11232000383400038,0.11886999781690032,0.1255800012307998,0.1327499934886006,0.14007000347999962,0.14778000438079894,0.15575000618239934,0.1639600019420009,0.17254999650040007,0.18121999761920124,0.1901700013760997,0.19943000112480103,0.20871000271699977
,GAB,,pc_cov,pc_cov,KYOTOGHG,IPCM0EL,MtCO2eq/MtCO2eq,AR4,0.9999998259999999,0.999999367,0.9999986470000001,0.9999945020000001,0.9999860840000001,0.999970164,0.9999483659999999,0.999917226,0.999893217,0.999863415,0.999805005,0.9997427790000001,0.999672544,0.999634985,0.999524193,0.9994138570000001,0.999228918,0.999044823,0.99899226,0.9988789779999999,0.9988308920000001,0.998730109,0.998638678,0.9984855859999999,0.99829018,0.998067404,0.9978730640000001,0.9976146359999999,0.9975567390000001,0.997332495,0.9971070059999999,0.996873947,0.996628779,0.9963905679999999,0.99612738,0.9958560329999999,0.99559509,0.99530342,0.995019788,0.994713453,0.994386441,0.994068463,0.99371424,0.993365595,0.992989947,0.99260638,0.992225068,0.991823308,0.991416781,0.991003353,0.990590862,0.990156678,0.989723404,0.9892746720000001,0.988821342,0.9883662679999999,0.987898956,0.9874386559999999,0.986970463,0.9864914109999999,0.986019827
,GBR,,pop,pop,POP,DEMOGR,Pers,,57474050.0,57633465.0,57791127.0,57949498.0,58112870.0,58284706.0,58469191.0,58666803.0,58873588.0,59083592.0,59294906.0,59499415.0,59704689.0,59943006.0,60257623.0,60676444.0,61213880.0,61851979.0,62546197.0,63233539.0,63867845.0,64432161.0,64936995.0,65396780.0,65836990.0,66275718.0,66715731.0,67147935.0,67595194.8384,67798490.9298,67949285.5297,68075668.8599,68206313.4229,68332823.7318,68446814.4854,68539896.0857,68623399.8592,68709263.6352,68789991.8235,68858076.0331,68905989.7772,68929038.6242,68931619.6248,68919835.5958,68899797.9554,68877629.2649,68844246.1577,68791443.9736,68726680.6608,68657418.8829,68591125.689,68523634.2128,68445135.0721,68354629.6839,68251110.5055,68133561.9006,68003605.6369,67864802.5781,67719039.2195,67568199.5202,67414164.9112
,GBR,,gdp,gdp,GDPPPP,ECO,2011GKD,,1302681192214.9658,1268984458358.765,1268089471450.806,1297519973037.72,1326835046417.2358,1463601540893.555,1539914851943.97,1639090045158.386,1700749310226.44,1766586177780.151,1870596047325.134,1915404615295.41,1952265610206.604,2012608956878.6616,2092881829536.4385,2177580352973.9385,2255607043838.501,2309076055427.551,2339274752746.582,2211184675559.998,2316443412658.691,2341955293228.149,2399538247604.37,2470245207717.896,2538778389625.549,2648505145988.464,2685481023353.5767,2764708659751.892,2769998122034.77,2828029788120.8765,2879869404539.997,2927295505356.1064,2974091556759.87,3020037895233.422,3064914305412.765,3108500020973.1914,3150386260365.9463,3190366829484.643,3228524665192.4087,3264942885560.042,3299704635741.79,3332851105444.774,3364572380416.908,3395174747521.808,3424964445040.291,3454247503681.9434,3483026565724.516,3511061510317.53,3538293759038.095,3564664806951.029,3590116357064.855,3615025726554.095,3639607275839.181,3663560473385.119,3686587487637.7017,3708392794165.618,3728972965569.1,3748417920278.541,3766572905489.772,3783282663785.565,3798391646195.826
"The target value from 'unconditional_best' was used for 'conditional_worst' in 2030.
The target value from 'unconditional_best' was used for 'conditional_best' in 2030.
",GBR,RBY,conditional,worst,KYOTOGHG,IPCM0EL,MtCO2eq,AR4,812.4498,820.5067,799.2241,780.3732,770.8371,764.1383,785.8380000000003,760.4325,757.5668,726.6904,725.2767,727.7698,707.301,714.0373,711.0953,703.8168,696.6285,685.6165,665.1578,608.3927,622.8277,575.5728,592.2164,577.9338,537.4193,519.7811,494.7203,481.9158,493.4672,506.5653,518.8894,519.2181465910821,518.964573387992,518.1354937389104,516.739119502008,514.7842533704398,512.2562344724715,509.17219079224463,505.5876782815627,501.55485257752287,497.12300599999986,506.0878675560948,514.9627297580822,523.803067360412,532.6661598125162,541.6114051188056,550.6511222841582,559.758790138837,568.9369195628168,578.1884137610691,587.5167251935596,596.9421762950868,606.453625035761,616.0065032960248,625.5548305863334,635.0512925121564,644.494555168507,653.8977222102552,663.232860097678,672.4710937110618,681.5823709557047
,GBR,RBY,conditional,best,KYOTOGHG,IPCM0EL,MtCO2eq,AR4,812.4498,820.5067,799.2241,780.3732,770.8371,764.1383,785.8380000000003,760.4325,757.5668,726.6904,725.2767,727.7698,707.301,714.0373,711.0953,703.8168,696.6285,685.6165,665.1578,608.3927,622.8277,575.5728,592.2164,577.9338,537.4193,519.7811,494.7203,481.9158,493.4672,506.5653,518.8894,519.2181465910821,518.964573387992,518.1354937389104,516.739119502008,514.7842533704398,512.2562344724715,509.17219079224463,505.5876782815627,501.55485257752287,497.12300599999986,506.0878675560948,514.9627297580822,523.803067360412,532.6661598125162,541.6114051188056,550.6511222841582,559.758790138837,568.9369195628168,578.1884137610691,587.5167251935596,596.9421762950868,606.453625035761,616.0065032960248,625.5548305863334,635.0512925121564,644.494555168507,653.8977222102552,663.232860097678,672.4710937110618,681.5823709557047
"The target value from 'unconditional_best' was used for 'unconditional_worst' in 2030.
",GBR,RBY,unconditional,worst,KYOTOGHG,IPCM0EL,MtCO2eq,AR4,812.4498,820.5067,799.2241,780.3732,770.8371,764.1383,785.8380000000003,760.4325,757.5668,726.6904,725.2767,727.7698,707.301,714.0373,711.0953,703.8168,696.6285,685.6165,665.1578,608.3927,622.8277,575.5728,592.2164,577.9338,537.4193,519.7811,494.7203,481.9158,493.4672,506.5653,518.8894,519.2181465910821,518.964573387992,518.1354937389104,516.739119502008,514.7842533704398,512.2562344724715,509.17219079224463,505.5876782815627,501.55485257752287,497.12300599999986,506.0878675560948,514.9627297580822,523.803067360412,532.6661598125162,541.6114051188056,550.6511222841582,559.758790138837,568.9369195628168,578.1884137610691,587.5167251935596,596.9421762950868,606.453625035761,616.0065032960248,625.5548305863334,635.0512925121564,644.494555168507,653.8977222102552,663.232860097678,672.4710937110618,681.5823709557047
,GBR,RBY,unconditional,best,KYOTOGHG,IPCM0EL,MtCO2eq,AR4,812.4498,820.5067,799.2241,780.3732,770.8371,764.1383,785.8380000000003,760.4325,757.5668,726.6904,725.2767,727.7698,707.301,714.0373,711.0953,703.8168,696.6285,685.6165,665.1578,608.3927,622.8277,575.5728,592.2164,577.9338,537.4193,519.7811,494.7203,481.9158,493.4672,506.5653,518.8894,519.2181465910821,518.964573387992,518.1354937389104,516.739119502008,514.7842533704398,512.2562344724715,509.17219079224463,505.5876782815627,501.55485257752287,497.12300599999986,506.0878675560948,514.9627297580822,523.803067360412,532.6661598125162,541.6114051188056,550.6511222841582,559.758790138837,568.9369195628168,578.1884137610691,587.5167251935596,596.9421762950868,606.453625035761,616.0065032960248,625.5548305863334,635.0512925121564,644.494555168507,653.8977222102552,663.232860097678,672.4710937110618,681.5823709557047
"No targets calculated, so the baseline emissions are put in as target pathways for all un/conditional best/worst pathways.
",GBR,baseline_emissions,conditional,worst,KYOTOGHG,IPCM0EL,MtCO2eq,AR4,812.4498,820.5067,799.2241,780.3732,770.8371,764.1383,785.8380000000003,760.4325,757.5668,726.6904,725.2767,727.7698,707.301,714.0373,711.0953,703.8168,696.6285,685.6165,665.1578,608.3927,622.8277,575.5728,592.2164,577.9338,537.4193,519.7811,494.7203,481.9158,493.4672,506.5653,518.8894,530.6456,542.3224,553.9216,565.4467,576.9022,588.2661,599.5516,610.8197,622.1337,633.5602,644.9855,656.2961,667.5627,678.8583,690.2586,701.7793,713.3866,725.0837,736.8743,748.7628,760.7751,772.8969999999997,785.0717,797.2406,809.3434,821.3784,833.3623,845.2595,857.0332,868.6451
"No targets calculated, so the baseline emissions are put in as target pathways for all un/conditional best/worst pathways.
",GBR,baseline_emissions,conditional,best,KYOTOGHG,IPCM0EL,MtCO2eq,AR4,812.4498,820.5067,799.2241,780.3732,770.8371,764.1383,785.8380000000003,760.4325,757.5668,726.6904,725.2767,727.7698,707.301,714.0373,711.0953,703.8168,696.6285,685.6165,665.1578,608.3927,622.8277,575.5728,592.2164,577.9338,537.4193,519.7811,494.7203,481.9158,493.4672,506.5653,518.8894,530.6456,542.3224,553.9216,565.4467,576.9022,588.2661,599.5516,610.8197,622.1337,633.5602,644.9855,656.2961,667.5627,678.8583,690.2586,701.7793,713.3866,725.0837,736.8743,748.7628,760.7751,772.8969999999997,785.0717,797.2406,809.3434,821.3784,833.3623,845.2595,857.0332,868.6451
"No targets calculated, so the baseline emissions are put in as target pathways for all un/conditional best/worst pathways.
",GBR,baseline_emissions,unconditional,worst,KYOTOGHG,IPCM0EL,MtCO2eq,AR4,812.4498,820.5067,799.2241,780.3732,770.8371,764.1383,785.8380000000003,760.4325,757.5668,726.6904,725.2767,727.7698,707.301,714.0373,711.0953,703.8168,696.6285,685.6165,665.1578,608.3927,622.8277,575.5728,592.2164,577.9338,537.4193,519.7811,494.7203,481.9158,493.4672,506.5653,518.8894,530.6456,542.3224,553.9216,565.4467,576.9022,588.2661,599.5516,610.8197,622.1337,633.5602,644.9855,656.2961,667.5627,678.8583,690.2586,701.7793,713.3866,725.0837,736.8743,748.7628,760.7751,772.8969999999997,785.0717,797.2406,809.3434,821.3784,833.3623,845.2595,857.0332,868.6451
"No targets calculated, so the baseline emissions are put in as target pathways for all un/conditional best/worst pathways.
",GBR,baseline_emissions,unconditional,best,KYOTOGHG,IPCM0EL,MtCO2eq,AR4,812.4498,820.5067,799.2241,780.3732,770.8371,764.1383,785.8380000000003,760.4325,757.5668,726.6904,725.2767,727.7698,707.301,714.0373,711.0953,703.8168,696.6285,685.6165,665.1578,608.3927,622.8277,575.5728,592.2164,577.9338,537.4193,519.7811,494.7203,481.9158,493.4672,506.5653,518.8894,530.6456,542.3224,553.9216,565.4467,576.9022,588.2661,599.5516,610.8197,622.1337,633.5602,644.9855,656.2961,667.5627,678.8583,690.2586,701.7793,713.3866,725.0837,736.8743,748.7628,760.7751,772.8969999999997,785.0717,797.2406,809.3434,821.3784,833.3623,845.2595,857.0332,868.6451
,GBR,,emi_bau,emi_bau,KYOTOGHG,IPCM0EL,MtCO2eq,AR4,812.4498,820.5067,799.2241,780.3732,770.8371,764.1383,785.8380000000003,760.4325,757.5668,726.6904,725.2767,727.7698,707.301,714.0373,711.0953,703.8168,696.6285,685.6165,665.1578,608.3927,622.8277,575.5728,592.2164,577.9338,537.4193,519.7811,494.7203,481.9158,493.4672,506.5653,518.8894,530.6456,542.3224,553.9216,565.4467,576.9022,588.2661,599.5516,610.8197,622.1337,633.5602,644.9855,656.2961,667.5627,678.8583,690.2586,701.7793,713.3866,725.0837,736.8743,748.7628,760.7751,772.8969999999997,785.0717,797.2406,809.3434,821.3784,833.3623,845.2595,857.0332,868.6451
,GBR,,emi_cov,emi_cov,KYOTOGHG,IPCM0EL,MtCO2eq,AR4,812.4498,820.5067,799.2241,780.3732,770.8371,764.1383,785.8380000000003,760.4325,757.5668,726.6904,725.2767,727.7698,707.301,714.0373,711.0953,703.8168,696.6285,685.6165,665.1578,608.3927,622.8277,575.5728,592.2164,577.9338,537.4193,519.7811,494.7203,481.9158,493.4672,506.5653,518.8894,530.6456,542.3224,553.9216,565.4467,576.9022,588.2661,599.5516,610.8197,622.1337,633.5602,644.9855,656.2961,667.5627,678.8583,690.2586,701.7793,713.3866,725.0837,736.8743,748.7628,760.7751,772.8969999999997,785.0717,797.2406,809.3434,821.3784,833.3623,845.2595,857.0332,868.6451
,GBR,,emi_ncov,emi_ncov,KYOTOGHG,IPCM0EL,MtCO2eq,AR4,0.0,0.0,0.0,0.0,0.0,0.0,0.0,0.0,0.0,0.0,0.0,0.0,0.0,0.0,0.0,0.0,0.0,0.0,0.0,0.0,0.0,0.0,0.0,0.0,0.0,0.0,0.0,0.0,0.0,0.0,0.0,0.0,0.0,0.0,0.0,0.0,0.0,0.0,0.0,0.0,0.0,0.0,0.0,0.0,0.0,0.0,0.0,0.0,0.0,0.0,0.0,0.0,0.0,0.0,0.0,0.0,0.0,0.0,0.0,0.0,0.0
,GBR,,pc_cov,pc_cov,KYOTOGHG,IPCM0EL,MtCO2eq/MtCO2eq,AR4,1.0,1.0,1.0,1.0,1.0,1.0,1.0,1.0,1.0,1.0,1.0,1.0,1.0,1.0,1.0,1.0,1.0,1.0,1.0,1.0,1.0,1.0,1.0,1.0,1.0,1.0,1.0,1.0,1.0,1.0,1.0,1.0,1.0,1.0,1.0,1.0,1.0,1.0,1.0,1.0,1.0,1.0,1.0,1.0,1.0,1.0,1.0,1.0,1.0,1.0,1.0,1.0,1.0,1.0,1.0,1.0,1.0,1.0,1.0,1.0,1.0
,GEO,,pop,pop,POP,DEMOGR,Pers,,5410399.0,5372988.0,5303929.0,5208957.0,5097128.0,4976260.0,4846634.0,4709607.0,4575398.0,4456647.0,4362187.0,4296979.0,4258571.0,4238929.0,4225816.0,4210168.0,4189720.0,4166867.0,4142655.0,4119494.0,4099099.0,4081017.0,4064106.0,4048701.0,4035311.0,4024183.0,4015450.0,4008716.0,3983405.4594,3972512.6666,3961107.1867,3949926.4753,3939509.6286,3929447.9549,3919334.9009,3908765.6409,3897687.2546,3886367.9372,3874886.5245,3863322.9667,3851758.3561,3840188.5826,3828489.1109,3816563.8027,3804319.93,3791668.3731,3778787.2668,3765910.438,3753035.7846,3740161.9676,3727288.4532,3714804.629,3702982.1396,3691646.0871,3680623.6832,3669744.2337,3659034.6553,3648509.9547,3637984.9786,3627276.9952,3616205.7344
,GEO,,gdp,gdp,GDPPPP,ECO,2011GKD,,55324222656.25,46881875000.0,21307582031.25,12292221679.6875,11313450195.3125,12075196289.0625,13073971679.6875,13815228515.625,13283412109.375,13266637695.3125,13223302734.375,13766659179.6875,14685208984.375,16265512695.3125,17366273437.5,19386576171.875,21966382812.5,25233789062.5,27467019531.25,28534978515.625,30249531250.0,33618207031.25,35579902343.75,37641492187.5,39177238281.25,41783058593.75,43442570312.5,45307726562.5,47838286622.7477,50039479049.5002,52091608824.6338,54024630764.4151,55907185631.8497,57741730697.5737,59530497555.7717,61275527077.1867,62954360041.32401,64549922754.9448,66072308323.0715,67531677572.4016,68938198799.4621,70305015247.7375,71653217591.0164,73004891416.6584,74382302196.0691,75807993824.5264,77239517352.4446,78625176887.2267,79973713680.2965,81293626928.4311,82593247024.793,83855982674.038,85084850248.5421,86317954912.8417,87594117329.0615,88953354944.9872,90381976195.6634,91834301989.1358,93303447765.9208,94782138456.6337,96262656132.9452
"The target value from 'conditional_best' was used for 'conditional_worst' in 2030.
",GEO,ABS,conditional,worst,KYOTOGHG,IPCM0EL,MtCO2eq,AR4,46.5928,39.0056,26.5988,18.0789,14.1708,11.9077,14.924000000000001,15.2131,13.6269,12.4772,11.78,11.0833,11.1107,11.7992,12.4427,12.703,14.9746,15.6329,14.9137,14.0709,13.8448,17.0268,18.328,17.3643,18.8834,17.0197,17.5294,17.6581,19.408359489848394,21.15861897969679,22.90887846954518,24.01024705681817,25.019501518935687,25.936641855897726,26.76166806770428,27.49458015435537,28.135378115850965,28.68406195219109,29.140631663375743,29.505087249404912,29.777428710278606,30.05301278107506,30.328744223032377,30.611549480710668,30.908281313089642,31.225571422407704,31.5550196524962,31.88586790861281,32.22106361397459,32.56318576389651,32.914813353693496,33.2725568466659,33.63641624281374,34.013907471340545,34.412914889352,34.84176496743633,35.295004972641955,35.75966624281374,36.23294872589547,36.71168394192879,37.19255603979448
,GEO,ABS,conditional,best,KYOTOGHG,IPCM0EL,MtCO2eq,AR4,46.5928,39.0056,26.5988,18.0789,14.1708,11.9077,14.924000000000001,15.2131,13.6269,12.4772,11.78,11.0833,11.1107,11.7992,12.4427,12.703,14.9746,15.6329,14.9137,14.0709,13.8448,17.0268,18.328,17.3643,18.8834,17.0197,17.5294,17.6581,19.408359489848394,21.15861897969679,22.90887846954518,24.01024705681817,25.019501518935687,25.936641855897726,26.76166806770428,27.49458015435537,28.135378115850965,28.68406195219109,29.140631663375743,29.505087249404912,29.777428710278606,30.05301278107506,30.328744223032377,30.611549480710668,30.908281313089642,31.225571422407704,31.5550196524962,31.88586790861281,32.22106361397459,32.56318576389651,32.914813353693496,33.2725568466659,33.63641624281374,34.013907471340545,34.412914889352,34.84176496743633,35.295004972641955,35.75966624281374,36.23294872589547,36.71168394192879,37.19255603979448
"The target value from 'unconditional_best' was used for 'unconditional_worst' in 2030.
",GEO,ABS,unconditional,worst,KYOTOGHG,IPCM0EL,MtCO2eq,AR4,46.5928,39.0056,26.5988,18.0789,14.1708,11.9077,14.924000000000001,15.2131,13.6269,12.4772,11.78,11.0833,11.1107,11.7992,12.4427,12.703,14.9746,15.6329,14.9137,14.0709,13.8448,17.0268,18.328,17.3643,18.8834,17.0197,17.5294,17.6581,19.408359489848394,21.15861897969679,22.90887846954518,24.289443439231917,25.617527957791506,26.893132025223935,28.1162556415292,29.28689880670732,30.405061520758274,31.470743783682067,32.483945595478716,33.44466695614821,34.35290786569054,34.67083706923036,34.988936288387045,35.31519625715332,35.65752270171344,36.023566324826405,36.403636236330826,36.785321296195484,37.17202181675769,37.566713071312606,37.9723703331554,38.38508324309814,38.80485180114082,39.24034680374363,39.70066408640891,40.1954095314896,40.71829256116165,41.25435180114082,41.80035695470667,42.352652686096576,42.90741364393104
,GEO,ABS,unconditional,best,KYOTOGHG,IPCM0EL,MtCO2eq,AR4,46.5928,39.0056,26.5988,18.0789,14.1708,11.9077,14.924000000000001,15.2131,13.6269,12.4772,11.78,11.0833,11.1107,11.7992,12.4427,12.703,14.9746,15.6329,14.9137,14.0709,13.8448,17.0268,18.328,17.3643,18.8834,17.0197,17.5294,17.6581,19.408359489848394,21.15861897969679,22.90887846954518,24.289443439231917,25.617527957791506,26.893132025223935,28.1162556415292,29.28689880670732,30.405061520758274,31.470743783682067,32.483945595478716,33.44466695614821,34.35290786569054,34.67083706923036,34.988936288387045,35.31519625715332,35.65752270171344,36.023566324826405,36.403636236330826,36.785321296195484,37.17202181675769,37.566713071312606,37.9723703331554,38.38508324309814,38.80485180114082,39.24034680374363,39.70066408640891,40.1954095314896,40.71829256116165,41.25435180114082,41.80035695470667,42.352652686096576,42.90741364393104
"The target value from 'conditional_best' was used for 'conditional_worst' in 2030.
",GEO,ABU,conditional,worst,KYOTOGHG,IPCM0EL,MtCO2eq,AR4,46.5928,39.0056,26.5988,18.0789,14.1708,11.9077,14.924000000000001,15.2131,13.6269,12.4772,11.78,11.0833,11.1107,11.7992,12.4427,12.703,14.9746,15.6329,14.9137,14.0709,13.8448,17.0268,18.328,17.3643,18.8834,17.0197,17.5294,17.6581,19.408359489848394,21.15861897969679,22.90887846954518,24.01024705681817,25.019501518935687,25.936641855897726,26.76166806770428,27.49458015435537,28.135378115850965,28.68406195219109,29.140631663375743,29.505087249404912,29.777428710278606,30.05301278107506,30.328744223032377,30.611549480710668,30.908281313089642,31.225571422407704,31.5550196524962,31.88586790861281,32.22106361397459,32.56318576389651,32.914813353693496,33.2725568466659,33.63641624281374,34.013907471340545,34.412914889352,34.84176496743633,35.295004972641955,35.75966624281374,36.23294872589547,36.71168394192879,37.19255603979448
,GEO,ABU,conditional,best,KYOTOGHG,IPCM0EL,MtCO2eq,AR4,46.5928,39.0056,26.5988,18.0789,14.1708,11.9077,14.924000000000001,15.2131,13.6269,12.4772,11.78,11.0833,11.1107,11.7992,12.4427,12.703,14.9746,15.6329,14.9137,14.0709,13.8448,17.0268,18.328,17.3643,18.8834,17.0197,17.5294,17.6581,19.408359489848394,21.15861897969679,22.90887846954518,24.01024705681817,25.019501518935687,25.936641855897726,26.76166806770428,27.49458015435537,28.135378115850965,28.68406195219109,29.140631663375743,29.505087249404912,29.777428710278606,30.05301278107506,30.328744223032377,30.611549480710668,30.908281313089642,31.225571422407704,31.5550196524962,31.88586790861281,32.22106361397459,32.56318576389651,32.914813353693496,33.2725568466659,33.63641624281374,34.013907471340545,34.412914889352,34.84176496743633,35.295004972641955,35.75966624281374,36.23294872589547,36.71168394192879,37.19255603979448
"The target value from 'unconditional_best' was used for 'unconditional_worst' in 2030.
",GEO,ABU,unconditional,worst,KYOTOGHG,IPCM0EL,MtCO2eq,AR4,46.5928,39.0056,26.5988,18.0789,14.1708,11.9077,14.924000000000001,15.2131,13.6269,12.4772,11.78,11.0833,11.1107,11.7992,12.4427,12.703,14.9746,15.6329,14.9137,14.0709,13.8448,17.0268,18.328,17.3643,18.8834,17.0197,17.5294,17.6581,19.408359489848394,21.15861897969679,22.90887846954518,24.289443439231917,25.617527957791506,26.893132025223935,28.1162556415292,29.28689880670732,30.405061520758274,31.470743783682067,32.483945595478716,33.44466695614821,34.35290786569054,34.67083706923036,34.988936288387045,35.31519625715332,35.65752270171344,36.023566324826405,36.403636236330826,36.785321296195484,37.17202181675769,37.566713071312606,37.9723703331554,38.38508324309814,38.80485180114082,39.24034680374363,39.70066408640891,40.1954095314896,40.71829256116165,41.25435180114082,41.80035695470667,42.352652686096576,42.90741364393104
,GEO,ABU,unconditional,best,KYOTOGHG,IPCM0EL,MtCO2eq,AR4,46.5928,39.0056,26.5988,18.0789,14.1708,11.9077,14.924000000000001,15.2131,13.6269,12.4772,11.78,11.0833,11.1107,11.7992,12.4427,12.703,14.9746,15.6329,14.9137,14.0709,13.8448,17.0268,18.328,17.3643,18.8834,17.0197,17.5294,17.6581,19.408359489848394,21.15861897969679,22.90887846954518,24.289443439231917,25.617527957791506,26.893132025223935,28.1162556415292,29.28689880670732,30.405061520758274,31.470743783682067,32.483945595478716,33.44466695614821,34.35290786569054,34.67083706923036,34.988936288387045,35.31519625715332,35.65752270171344,36.023566324826405,36.403636236330826,36.785321296195484,37.17202181675769,37.566713071312606,37.9723703331554,38.38508324309814,38.80485180114082,39.24034680374363,39.70066408640891,40.1954095314896,40.71829256116165,41.25435180114082,41.80035695470667,42.352652686096576,42.90741364393104
"The target value from 'conditional_best' was used for 'conditional_worst' in 2030.
",GEO,RBU,conditional,worst,KYOTOGHG,IPCM0EL,MtCO2eq,AR4,46.5928,39.0056,26.5988,18.0789,14.1708,11.9077,14.924000000000001,15.2131,13.6269,12.4772,11.78,11.0833,11.1107,11.7992,12.4427,12.703,14.9746,15.6329,14.9137,14.0709,13.8448,17.0268,18.328,17.3643,18.8834,17.0197,17.5294,17.6581,19.408359489848394,21.15861897969679,22.90887846954518,24.04265951040873,25.08892757677987,26.047682668658585,26.918924786044876,27.70265392893875,28.398870097340204,29.007573291249237,29.528763510665858,29.962440755590055,30.30860502602183,30.589105026021826,30.869755026021828,31.157605026021827,31.45963002602183,31.78258002602183,32.11790502602183,32.45465502602183,32.79583002602183,33.14405502602183,33.50195502602183,33.86608002602183,34.23643002602183,34.62065502602182,35.02678002602183,35.463280026021835,35.92460502602183,36.397555026021834,36.87928002602183,37.36655502602183,37.85600502602183
,GEO,RBU,conditional,best,KYOTOGHG,IPCM0EL,MtCO2eq,AR4,46.5928,39.0056,26.5988,18.0789,14.1708,11.9077,14.924000000000001,15.2131,13.6269,12.4772,11.78,11.0833,11.1107,11.7992,12.4427,12.703,14.9746,15.6329,14.9137,14.0709,13.8448,17.0268,18.328,17.3643,18.8834,17.0197,17.5294,17.6581,19.408359489848394,21.15861897969679,22.90887846954518,24.04265951040873,25.08892757677987,26.047682668658585,26.918924786044876,27.70265392893875,28.398870097340204,29.007573291249237,29.528763510665858,29.962440755590055,30.30860502602183,30.589105026021826,30.869755026021828,31.157605026021827,31.45963002602183,31.78258002602183,32.11790502602183,32.45465502602183,32.79583002602183,33.14405502602183,33.50195502602183,33.86608002602183,34.23643002602183,34.62065502602182,35.02678002602183,35.463280026021835,35.92460502602183,36.397555026021834,36.87928002602183,37.36655502602183,37.85600502602183
"The target value from 'unconditional_best' was used for 'unconditional_worst' in 2030.
",GEO,RBU,unconditional,worst,KYOTOGHG,IPCM0EL,MtCO2eq,AR4,46.5928,39.0056,26.5988,18.0789,14.1708,11.9077,14.924000000000001,15.2131,13.6269,12.4772,11.78,11.0833,11.1107,11.7992,12.4427,12.703,14.9746,15.6329,14.9137,14.0709,13.8448,17.0268,18.328,17.3643,18.8834,17.0197,17.5294,17.6581,19.408359489848394,21.15861897969679,22.90887846954518,24.289250890002666,25.61711552576471,26.892472376831293,28.115321443202422,29.28566272487811,30.403496221858333,31.468821934143115,32.48163986173244,33.44195000462632,34.34975236282474,34.66765236282473,34.98572236282474,35.31195236282474,35.65424736282474,36.020257362824736,36.400292362824736,36.78194236282474,37.16860736282474,37.56326236282474,37.96888236282474,38.381557362824736,38.80128736282474,39.236742362824735,39.69701736282474,40.19171736282474,40.71455236282474,41.25056236282474,41.79651736282474,42.34876236282474,42.90347236282474
,GEO,RBU,unconditional,best,KYOTOGHG,IPCM0EL,MtCO2eq,AR4,46.5928,39.0056,26.5988,18.0789,14.1708,11.9077,14.924000000000001,15.2131,13.6269,12.4772,11.78,11.0833,11.1107,11.7992,12.4427,12.703,14.9746,15.6329,14.9137,14.0709,13.8448,17.0268,18.328,17.3643,18.8834,17.0197,17.5294,17.6581,19.408359489848394,21.15861897969679,22.90887846954518,24.289250890002666,25.61711552576471,26.892472376831293,28.115321443202422,29.28566272487811,30.403496221858333,31.468821934143115,32.48163986173244,33.44195000462632,34.34975236282474,34.66765236282473,34.98572236282474,35.31195236282474,35.65424736282474,36.020257362824736,36.400292362824736,36.78194236282474,37.16860736282474,37.56326236282474,37.96888236282474,38.381557362824736,38.80128736282474,39.236742362824735,39.69701736282474,40.19171736282474,40.71455236282474,41.25056236282474,41.79651736282474,42.34876236282474,42.90347236282474
"The target value from 'conditional_best' was used for 'conditional_worst' in 2030.
",GEO,REI,conditional,worst,KYOTOGHG,IPCM0EL,MtCO2eq,AR4,46.5928,39.0056,26.5988,18.0789,14.1708,11.9077,14.924000000000001,15.2131,13.6269,12.4772,11.78,11.0833,11.1107,11.7992,12.4427,12.703,14.9746,15.6329,14.9137,14.0709,13.8448,17.0268,18.328,17.3643,18.8834,17.0197,17.5294,17.6581,19.408359489848394,21.15861897969679,22.90887846954518,24.212573625634555,25.452876179413458,26.629786130881875,27.743303480039813,28.793428226887276,29.780160371424255,30.703499913650756,31.563446853566777,32.36000119117232,33.093162926467386,33.39943344577714,33.70586774611327,34.020163535715106,34.3499366323088,34.702557182080945,35.06868966652852,35.436378070726605,35.80889801520256,36.18911566791786,36.579897196833954,36.977475638344345,37.381850992449046,37.80137609149287,38.24481322038655,38.72141600711992,39.225124553717336,39.741526129858336,40.26750889604192,40.799551560201145,41.33396904924272
,GEO,REI,conditional,best,KYOTOGHG,IPCM0EL,MtCO2eq,AR4,46.5928,39.0056,26.5988,18.0789,14.1708,11.9077,14.924000000000001,15.2131,13.6269,12.4772,11.78,11.0833,11.1107,11.7992,12.4427,12.703,14.9746,15.6329,14.9137,14.0709,13.8448,17.0268,18.328,17.3643,18.8834,17.0197,17.5294,17.6581,19.408359489848394,21.15861897969679,22.90887846954518,24.212573625634555,25.452876179413458,26.629786130881875,27.743303480039813,28.793428226887276,29.780160371424255,30.703499913650756,31.563446853566777,32.36000119117232,33.093162926467386,33.39943344577714,33.70586774611327,34.020163535715106,34.3499366323088,34.702557182080945,35.06868966652852,35.436378070726605,35.80889801520256,36.18911566791786,36.579897196833954,36.977475638344345,37.381850992449046,37.80137609149287,38.24481322038655,38.72141600711992,39.225124553717336,39.741526129858336,40.26750889604192,40.799551560201145,41.33396904924272
"The target value from 'unconditional_best' was used for 'unconditional_worst' in 2030.
",GEO,REI,unconditional,worst,KYOTOGHG,IPCM0EL,MtCO2eq,AR4,46.5928,39.0056,26.5988,18.0789,14.1708,11.9077,14.924000000000001,15.2131,13.6269,12.4772,11.78,11.0833,11.1107,11.7992,12.4427,12.703,14.9746,15.6329,14.9137,14.0709,13.8448,17.0268,18.328,17.3643,18.8834,17.0197,17.5294,17.6581,19.408359489848394,21.15861897969679,22.90887846954518,24.531418277557766,26.135827477311334,27.722106068805868,29.290254052041373,30.84027142701786,32.37215819373531,33.88591435219373,35.381539902393136,36.85903484433352,38.31839917801486,38.67302820037352,39.02784686392062,39.39176830451222,39.77361083741018,40.18190831609372,40.605851192822485,41.03159566084132,41.46293454391875,41.90318656285225,42.355670438439304,42.81602442334607,43.28424851757258,43.770014421728575,44.283467939394946,44.83532379771779,45.418565272725324,46.01650393983596,46.625536616469574,47.241586017075,47.86038521491261
,GEO,REI,unconditional,best,KYOTOGHG,IPCM0EL,MtCO2eq,AR4,46.5928,39.0056,26.5988,18.0789,14.1708,11.9077,14.924000000000001,15.2131,13.6269,12.4772,11.78,11.0833,11.1107,11.7992,12.4427,12.703,14.9746,15.6329,14.9137,14.0709,13.8448,17.0268,18.328,17.3643,18.8834,17.0197,17.5294,17.6581,19.408359489848394,21.15861897969679,22.90887846954518,24.531418277557766,26.135827477311334,27.722106068805868,29.290254052041373,30.84027142701786,32.37215819373531,33.88591435219373,35.381539902393136,36.85903484433352,38.31839917801486,38.67302820037352,39.02784686392062,39.39176830451222,39.77361083741018,40.18190831609372,40.605851192822485,41.03159566084132,41.46293454391875,41.90318656285225,42.355670438439304,42.81602442334607,43.28424851757258,43.770014421728575,44.283467939394946,44.83532379771779,45.418565272725324,46.01650393983596,46.625536616469574,47.241586017075,47.86038521491261
"No targets calculated, so the baseline emissions are put in as target pathways for all un/conditional best/worst pathways.
",GEO,baseline_emissions,conditional,worst,KYOTOGHG,IPCM0EL,MtCO2eq,AR4,46.5928,39.0056,26.5988,18.0789,14.1708,11.9077,14.924000000000001,15.2131,13.6269,12.4772,11.78,11.0833,11.1107,11.7992,12.4427,12.703,14.9746,15.6329,14.9137,14.0709,13.8448,17.0268,18.328,17.3643,18.8834,17.0197,17.5294,17.6581,19.408359489848394,21.15861897969679,22.90887846954518,24.65913795939357,26.40939744924197,28.15965693909036,29.90991642893875,31.660175918787147,33.410435408635536,35.160694898483925,36.91095438833232,38.66121387818072,40.41147336802911,40.7854733680291,41.159673368029104,41.543473368029105,41.94617336802911,42.376773368029106,42.823873368029105,43.27287336802911,43.727773368029105,44.19207336802911,44.66927336802911,45.154773368029105,45.648573368029105,46.1608733680291,46.70237336802911,47.28437336802911,47.899473368029106,48.53007336802911,49.172373368029106,49.82207336802911,50.47467336802911
"No targets calculated, so the baseline emissions are put in as target pathways for all un/conditional best/worst pathways.
",GEO,baseline_emissions,conditional,best,KYOTOGHG,IPCM0EL,MtCO2eq,AR4,46.5928,39.0056,26.5988,18.0789,14.1708,11.9077,14.924000000000001,15.2131,13.6269,12.4772,11.78,11.0833,11.1107,11.7992,12.4427,12.703,14.9746,15.6329,14.9137,14.0709,13.8448,17.0268,18.328,17.3643,18.8834,17.0197,17.5294,17.6581,19.408359489848394,21.15861897969679,22.90887846954518,24.65913795939357,26.40939744924197,28.15965693909036,29.90991642893875,31.660175918787147,33.410435408635536,35.160694898483925,36.91095438833232,38.66121387818072,40.41147336802911,40.7854733680291,41.159673368029104,41.543473368029105,41.94617336802911,42.376773368029106,42.823873368029105,43.27287336802911,43.727773368029105,44.19207336802911,44.66927336802911,45.154773368029105,45.648573368029105,46.1608733680291,46.70237336802911,47.28437336802911,47.899473368029106,48.53007336802911,49.172373368029106,49.82207336802911,50.47467336802911
"No targets calculated, so the baseline emissions are put in as target pathways for all un/conditional best/worst pathways.
",GEO,baseline_emissions,unconditional,worst,KYOTOGHG,IPCM0EL,MtCO2eq,AR4,46.5928,39.0056,26.5988,18.0789,14.1708,11.9077,14.924000000000001,15.2131,13.6269,12.4772,11.78,11.0833,11.1107,11.7992,12.4427,12.703,14.9746,15.6329,14.9137,14.0709,13.8448,17.0268,18.328,17.3643,18.8834,17.0197,17.5294,17.6581,19.408359489848394,21.15861897969679,22.90887846954518,24.65913795939357,26.40939744924197,28.15965693909036,29.90991642893875,31.660175918787147,33.410435408635536,35.160694898483925,36.91095438833232,38.66121387818072,40.41147336802911,40.7854733680291,41.159673368029104,41.543473368029105,41.94617336802911,42.376773368029106,42.823873368029105,43.27287336802911,43.727773368029105,44.19207336802911,44.66927336802911,45.154773368029105,45.648573368029105,46.1608733680291,46.70237336802911,47.28437336802911,47.899473368029106,48.53007336802911,49.172373368029106,49.82207336802911,50.47467336802911
"No targets calculated, so the baseline emissions are put in as target pathways for all un/conditional best/worst pathways.
",GEO,baseline_emissions,unconditional,best,KYOTOGHG,IPCM0EL,MtCO2eq,AR4,46.5928,39.0056,26.5988,18.0789,14.1708,11.9077,14.924000000000001,15.2131,13.6269,12.4772,11.78,11.0833,11.1107,11.7992,12.4427,12.703,14.9746,15.6329,14.9137,14.0709,13.8448,17.0268,18.328,17.3643,18.8834,17.0197,17.5294,17.6581,19.408359489848394,21.15861897969679,22.90887846954518,24.65913795939357,26.40939744924197,28.15965693909036,29.90991642893875,31.660175918787147,33.410435408635536,35.160694898483925,36.91095438833232,38.66121387818072,40.41147336802911,40.7854733680291,41.159673368029104,41.543473368029105,41.94617336802911,42.376773368029106,42.823873368029105,43.27287336802911,43.727773368029105,44.19207336802911,44.66927336802911,45.154773368029105,45.648573368029105,46.1608733680291,46.70237336802911,47.28437336802911,47.899473368029106,48.53007336802911,49.172373368029106,49.82207336802911,50.47467336802911
,GEO,,emi_bau,emi_bau,KYOTOGHG,IPCM0EL,MtCO2eq,AR4,46.5928,39.0056,26.5988,18.0789,14.1708,11.9077,14.924000000000001,15.2131,13.6269,12.4772,11.78,11.0833,11.1107,11.7992,12.4427,12.703,14.9746,15.6329,14.9137,14.0709,13.8448,17.0268,18.328,17.3643,18.8834,17.0197,17.5294,17.6581,19.408359489848394,21.15861897969679,22.90887846954518,24.65913795939357,26.40939744924197,28.15965693909036,29.90991642893875,31.660175918787147,33.410435408635536,35.160694898483925,36.91095438833232,38.66121387818072,40.41147336802911,40.7854733680291,41.159673368029104,41.543473368029105,41.94617336802911,42.376773368029106,42.823873368029105,43.27287336802911,43.727773368029105,44.19207336802911,44.66927336802911,45.154773368029105,45.648573368029105,46.1608733680291,46.70237336802911,47.28437336802911,47.899473368029106,48.53007336802911,49.172373368029106,49.82207336802911,50.47467336802911
,GEO,,emi_cov,emi_cov,KYOTOGHG,IPCM0EL,MtCO2eq,AR4,46.5928,39.0056,26.5988,18.0789,14.1708,11.9077,14.924000000000001,15.2131,13.6269,12.4772,11.78,11.0833,11.1107,11.7992,12.4427,12.703,14.9746,15.6329,14.9137,14.0709,13.8448,17.0268,18.328,17.3643,18.8834,17.0197,17.5294,17.6581,19.408359489848394,21.158504955899108,22.90887846954518,24.659074905977803,26.409384244543244,28.15965693909036,29.909873388569007,31.660116365996245,33.410435408635536,35.16067893552844,36.910937926046664,38.66106124370833,40.41147336802911,40.7854733680291,41.159673368029104,41.543473368029105,41.94608846897421,42.376722812538475,42.82378969018054,43.27287336802911,43.727690809992986,44.19207336802911,44.66927336802911,45.154773368029105,45.648573368029105,46.16077758421686,46.70237336802911,47.28418451424187,47.89944213757247,48.53007336802911,49.172373368029106,49.82192046408594,50.47467336802911
,GEO,,emi_ncov,emi_ncov,KYOTOGHG,IPCM0EL,MtCO2eq,AR4,0.0,0.0,0.0,0.0,0.0,0.0,0.0,0.0,0.0,0.0,0.0,0.0,0.0,0.0,0.0,0.0,0.0,0.0,0.0,0.0,0.0,0.0,0.0,0.0,0.0,0.0,0.0,0.0,0.0,0.00011402379768205768,0.0,6.305341576388668e-05,1.3204698723534678e-05,0.0,4.304036974266315e-05,5.955279090264879e-05,0.0,1.596295548526856e-05,1.6462285654678103e-05,0.00015263447238797806,0.0,0.0,0.0,0.0,8.489905489877341e-05,5.0555490628500954e-05,8.36778485622514e-05,0.0,8.255803611907686e-05,0.0,0.0,0.0,0.0,9.57838122407741e-05,0.0,0.00018885378723487156,3.123045663547037e-05,0.0,0.0,0.00015290394316758702,0.0
,GEO,,pc_cov,pc_cov,KYOTOGHG,IPCM0EL,MtCO2eq/MtCO2eq,AR4,1.0,1.0,1.0,1.0,1.0,1.0,1.0,1.0,1.0,1.0,1.0,1.0,1.0,1.0,1.0,1.0,1.0,1.0,1.0,1.0,1.0,1.0,1.0,1.0,1.0,1.0,1.0,1.0,1.0,0.999994611,1.0,0.9999974429999999,0.9999995,1.0,0.999998561,0.999998119,1.0,0.999999546,0.9999995540000001,0.9999960520000001,1.0,1.0,1.0,1.0,0.999997976,0.999998807,0.999998046,1.0,0.999998112,1.0,1.0,1.0,1.0,0.999997925,1.0,0.9999960059999999,0.999999348,1.0,1.0,0.999996931,1.0
,GHA,,pop,pop,POP,DEMOGR,Pers,,14773277.0,15207367.0,15653336.0,16106765.0,16561674.0,17014057.0,17462496.0,17908985.0,18357156.0,18812359.0,19278856.0,19756928.0,20246381.0,20750299.0,21272323.0,21814642.0,22379055.0,22963946.0,23563825.0,24170940.0,24779619.0,25387712.0,25996450.0,26607645.0,27224473.0,27849205.0,28481945.0,29121465.0,29749210.8861,30420590.6313,31101933.9313,31795942.3736,32503996.0537,33225588.5547,33960214.6228,34707370.9675,35464774.3443,36229509.1148,37000124.3477,37775168.584,38553190.4947,39336743.519,40128561.7543,40927465.6297,41732275.198,42541809.7912,43355188.9375,44172226.4515,44992782.6289,45816717.8831,46643892.6774,47477768.3647,48320305.1085,49169111.1557,50021794.0703,50875960.7706,51728505.2447,52577702.906,53423233.0635,54264773.9688,55102001.6618
,GHA,,gdp,gdp,GDPPPP,ECO,2011GKD,,41016390625.0,44880500000.0,42555289062.5,40849167968.75,43067308593.75,44364972656.25,45437179687.5,47439937500.0,47679871093.75,50260359375.0,57415921875.0,53996019531.25,55669855468.75,60526070312.5,63962683593.75,66426820312.5,69020117187.5,80701304687.5,88979609375.0,86813718750.0,95523281250.0,113220320312.5,120685492187.5,128253593750.0,136205875000.0,132697156250.0,136352796875.0,146161171875.0,158968939518.5454,168970616271.5633,179428416825.0451,190495402125.619,202084039793.883,214082132882.6345,226375628315.5181,238848526042.3835,251419332230.4268,264055291012.1159,276714190180.9419,289356071685.6741,301942681114.8951,314389434898.8533,326757942083.4344,339229782629.6315,351986052154.13,365207648543.901,378819669328.0019,392672248502.0799,406834725267.6973,421377560254.313,436372565477.2069,451744600856.5892,467426487276.7934,483504962493.4453,500069276423.5797,517211585167.741,534895572678.9721,553080165079.719,571853537137.6365,591304837940.881,611524324136.455
"The target value from 'conditional_best' was used for 'conditional_worst' in 2025, 2030.
",GHA,ABS,conditional,worst,KYOTOGHG,IPCM0EL,MtCO2eq,AR4,10.9077,10.6641,11.1356,11.5846,11.8471,12.2813,13.0034,14.0402,14.2238,15.1099,16.82,16.9922,17.6643,18.3442,18.8142,19.6429,21.8915,21.7358,21.3912,20.3496,23.489,26.4548,26.1452,29.3942,29.6006,30.2911,31.3615,32.8511,34.68756666666667,36.524033333333335,38.3605,38.08378113892311,37.52574000526694,36.686376599031504,35.5656909202168,34.16368296882282,33.07554408864459,31.729749882485805,30.12630035034648,28.265195492226606,26.146435308126193,27.186881452639287,28.22419627233157,29.27429028250877,30.35324325927772,31.477261924346095,32.6416492904827,33.83498025361161,35.06360209377501,36.33394672141563,37.65261530777733,39.01770366884747,40.42586890380381,41.88176568467731,43.39009099869916,44.95566877870141,46.57151701663768,48.23044212846016,49.9370987861998,51.69584545548553,53.51095597154577
,GHA,ABS,conditional,best,KYOTOGHG,IPCM0EL,MtCO2eq,AR4,10.9077,10.6641,11.1356,11.5846,11.8471,12.2813,13.0034,14.0402,14.2238,15.1099,16.82,16.9922,17.6643,18.3442,18.8142,19.6429,21.8915,21.7358,21.3912,20.3496,23.489,26.4548,26.1452,29.3942,29.6006,30.2911,31.3615,32.8511,34.68756666666667,36.524033333333335,38.3605,38.08378113892311,37.52574000526694,36.686376599031504,35.5656909202168,34.16368296882282,33.07554408864459,31.729749882485805,30.12630035034648,28.265195492226606,26.146435308126193,27.186881452639287,28.22419627233157,29.27429028250877,30.35324325927772,31.477261924346095,32.6416492904827,33.83498025361161,35.06360209377501,36.33394672141563,37.65261530777733,39.01770366884747,40.42586890380381,41.88176568467731,43.39009099869916,44.95566877870141,46.57151701663768,48.23044212846016,49.9370987861998,51.69584545548553,53.51095597154577
"The target value from 'unconditional_best' was used for 'unconditional_worst' in 2025, 2030.
",GHA,ABS,unconditional,worst,KYOTOGHG,IPCM0EL,MtCO2eq,AR4,10.9077,10.6641,11.1356,11.5846,11.8471,12.2813,13.0034,14.0402,14.2238,15.1099,16.82,16.9922,17.6643,18.3442,18.8142,19.6429,21.8915,21.7358,21.3912,20.3496,23.489,26.4548,26.1452,29.3942,29.6006,30.2911,31.3615,32.8511,34.68756666666667,36.524033333333335,38.3605,39.491158872794905,40.4968288881532,41.377510046074896,42.13320234656,42.76390578960848,44.297248668263755,45.77831930479746,47.20711769920962,48.583643851500206,49.90789776166924,51.89388473063644,53.873894676840344,55.878297337564675,57.93778553240467,60.08329439268918,62.3058583842733,64.58366945112883,66.9288431799381,69.35365669853921,71.8707102170818,74.47636905956112,77.16425235032452,79.94324485293902,82.82231210154954,85.81066194203466,88.89496722904383,92.06149696433705,95.3191359114814,98.6762034399987,102.14085737825508
,GHA,ABS,unconditional,best,KYOTOGHG,IPCM0EL,MtCO2eq,AR4,10.9077,10.6641,11.1356,11.5846,11.8471,12.2813,13.0034,14.0402,14.2238,15.1099,16.82,16.9922,17.6643,18.3442,18.8142,19.6429,21.8915,21.7358,21.3912,20.3496,23.489,26.4548,26.1452,29.3942,29.6006,30.2911,31.3615,32.8511,34.68756666666667,36.524033333333335,38.3605,39.491158872794905,40.4968288881532,41.377510046074896,42.13320234656,42.76390578960848,44.297248668263755,45.77831930479746,47.20711769920962,48.583643851500206,49.90789776166924,51.89388473063644,53.873894676840344,55.878297337564675,57.93778553240467,60.08329439268918,62.3058583842733,64.58366945112883,66.9288431799381,69.35365669853921,71.8707102170818,74.47636905956112,77.16425235032452,79.94324485293902,82.82231210154954,85.81066194203466,88.89496722904383,92.06149696433705,95.3191359114814,98.6762034399987,102.14085737825508
"The target value from 'conditional_best' was used for 'conditional_worst' in 2025, 2030.
",GHA,ABU,conditional,worst,KYOTOGHG,IPCM0EL,MtCO2eq,AR4,10.9077,10.6641,11.1356,11.5846,11.8471,12.2813,13.0034,14.0402,14.2238,15.1099,16.82,16.9922,17.6643,18.3442,18.8142,19.6429,21.8915,21.7358,21.3912,20.3496,23.489,26.4548,26.1452,29.3942,29.6006,30.2911,31.3615,32.8511,34.68756666666667,36.524033333333335,38.3605,38.08378113892311,37.52574000526694,36.686376599031504,35.56569092021681,34.163682968822826,33.07554408864459,31.72974988248581,30.126300350346487,28.265195492226606,26.146435308126193,27.186881452639287,28.22419627233157,29.27429028250877,30.35324325927772,31.477261924346095,32.6416492904827,33.83498025361161,35.06360209377501,36.33394672141563,37.65261530777733,39.01770366884747,40.42586890380381,41.88176568467731,43.39009099869916,44.95566877870141,46.57151701663768,48.23044212846016,49.9370987861998,51.69584545548553,53.51095597154577
,GHA,ABU,conditional,best,KYOTOGHG,IPCM0EL,MtCO2eq,AR4,10.9077,10.6641,11.1356,11.5846,11.8471,12.2813,13.0034,14.0402,14.2238,15.1099,16.82,16.9922,17.6643,18.3442,18.8142,19.6429,21.8915,21.7358,21.3912,20.3496,23.489,26.4548,26.1452,29.3942,29.6006,30.2911,31.3615,32.8511,34.68756666666667,36.524033333333335,38.3605,38.08378113892311,37.52574000526694,36.686376599031504,35.56569092021681,34.163682968822826,33.07554408864459,31.72974988248581,30.126300350346487,28.265195492226606,26.146435308126193,27.186881452639287,28.22419627233157,29.27429028250877,30.35324325927772,31.477261924346095,32.6416492904827,33.83498025361161,35.06360209377501,36.33394672141563,37.65261530777733,39.01770366884747,40.42586890380381,41.88176568467731,43.39009099869916,44.95566877870141,46.57151701663768,48.23044212846016,49.9370987861998,51.69584545548553,53.51095597154577
"The target value from 'unconditional_best' was used for 'unconditional_worst' in 2025, 2030.
",GHA,ABU,unconditional,worst,KYOTOGHG,IPCM0EL,MtCO2eq,AR4,10.9077,10.6641,11.1356,11.5846,11.8471,12.2813,13.0034,14.0402,14.2238,15.1099,16.82,16.9922,17.6643,18.3442,18.8142,19.6429,21.8915,21.7358,21.3912,20.3496,23.489,26.4548,26.1452,29.3942,29.6006,30.2911,31.3615,32.8511,34.68756666666667,36.524033333333335,38.3605,39.491158872794905,40.4968288881532,41.377510046074896,42.13320234656,42.76390578960848,44.29797069586729,45.77983075082647,47.20948595448603,48.58693630684594,49.912181807906244,51.89833925209646,53.878519160461465,55.88309387719419,57.942758856532166,60.08845188524636,62.311206659598966,64.58921325157912,66.93458828785953,69.35960995013521,71.87687953014577,74.4827620398894,77.17087605598512,79.95010710465961,82.82942148965067,85.81802784722954,88.90259788805626,92.06939943523508,95.32731801499268,98.68467371097762,102.1496250518162
,GHA,ABU,unconditional,best,KYOTOGHG,IPCM0EL,MtCO2eq,AR4,10.9077,10.6641,11.1356,11.5846,11.8471,12.2813,13.0034,14.0402,14.2238,15.1099,16.82,16.9922,17.6643,18.3442,18.8142,19.6429,21.8915,21.7358,21.3912,20.3496,23.489,26.4548,26.1452,29.3942,29.6006,30.2911,31.3615,32.8511,34.68756666666667,36.524033333333335,38.3605,39.491158872794905,40.4968288881532,41.377510046074896,42.13320234656,42.76390578960848,44.29797069586729,45.77983075082647,47.20948595448603,48.58693630684594,49.912181807906244,51.89833925209646,53.878519160461465,55.88309387719419,57.942758856532166,60.08845188524636,62.311206659598966,64.58921325157912,66.93458828785953,69.35960995013521,71.87687953014577,74.4827620398894,77.17087605598512,79.95010710465961,82.82942148965067,85.81802784722954,88.90259788805626,92.06939943523508,95.32731801499268,98.68467371097762,102.1496250518162
"The target value from 'conditional_best' was used for 'conditional_worst' in 2030.
",GHA,AEI,conditional,worst,KYOTOGHG,IPCM0EL,MtCO2eq,AR4,10.9077,10.6641,11.1356,11.5846,11.8471,12.2813,13.0034,14.0402,14.2238,15.1099,16.82,16.9922,17.6643,18.3442,18.8142,19.6429,21.8915,21.7358,21.3912,20.3496,23.489,26.4548,26.1452,29.3942,29.6006,30.2911,31.3615,32.8511,34.68756666666667,36.524033333333335,38.3605,37.581550881904306,36.46549107751632,35.01232058683603,33.22203940986347,31.094647546598615,28.72620468386084,25.994631030437237,22.89992658632781,19.442091351532543,15.621125326051446,16.24273739006366,16.86247865154061,17.48985480985064,18.134472688823447,18.80601495563475,19.50167540648167,20.214628140222043,20.948665324157073,21.70762968781864,22.495465085199985,23.31103386611075,24.152338822438974,25.0221608768722,25.92330623321331,26.85865693861122,27.824041609034605,28.815162454875452,29.8348003988213,30.885559395752303,31.969992838317935
,GHA,AEI,conditional,best,KYOTOGHG,IPCM0EL,MtCO2eq,AR4,10.9077,10.6641,11.1356,11.5846,11.8471,12.2813,13.0034,14.0402,14.2238,15.1099,16.82,16.9922,17.6643,18.3442,18.8142,19.6429,21.8915,21.7358,21.3912,20.3496,23.489,26.4548,26.1452,29.3942,29.6006,30.2911,31.3615,32.8511,34.68756666666667,36.524033333333335,38.3605,37.581550881904306,36.46549107751632,35.01232058683603,33.22203940986347,31.094647546598615,28.72620468386084,25.994631030437237,22.89992658632781,19.442091351532543,15.621125326051446,16.24273739006366,16.86247865154061,17.48985480985064,18.134472688823447,18.80601495563475,19.50167540648167,20.214628140222043,20.948665324157073,21.70762968781864,22.495465085199985,23.31103386611075,24.152338822438974,25.0221608768722,25.92330623321331,26.85865693861122,27.824041609034605,28.815162454875452,29.8348003988213,30.885559395752303,31.969992838317935
,GHA,AEI,unconditional,worst,KYOTOGHG,IPCM0EL,MtCO2eq,AR4,10.9077,10.6641,11.1356,11.5846,11.8471,12.2813,13.0034,14.0402,14.2238,15.1099,16.82,16.9922,17.6643,18.3442,18.8142,19.6429,21.8915,21.7358,21.3912,20.3496,23.489,26.4548,26.1452,29.3942,29.6006,30.2911,31.3615,32.8511,34.68756666666667,36.524033333333335,38.3605,40.61636,42.87222,45.12808,47.38394,49.6398,52.06978,54.499759999999995,56.92974,59.359719999999996,61.7897,64.2485,66.6999,69.1815,71.7313,74.3876,77.1393,79.9594,82.8629,85.865,88.9813,92.2073,95.5351,98.9757,102.5402,106.24,110.0586,113.979,118.0122,122.1685,126.458
,GHA,AEI,unconditional,best,KYOTOGHG,IPCM0EL,MtCO2eq,AR4,10.9077,10.6641,11.1356,11.5846,11.8471,12.2813,13.0034,14.0402,14.2238,15.1099,16.82,16.9922,17.6643,18.3442,18.8142,19.6429,21.8915,21.7358,21.3912,20.3496,23.489,26.4548,26.1452,29.3942,29.6006,30.2911,31.3615,32.8511,34.68756666666667,36.524033333333335,38.3605,40.61636,42.87222,45.12808,47.38394,49.6398,52.06978,54.499759999999995,56.92974,59.359719999999996,61.7897,64.2485,66.6999,69.1815,71.7313,74.3876,77.1393,79.9594,82.8629,85.865,88.9813,92.2073,95.5351,98.9757,102.5402,106.24,110.0586,113.979,118.0122,122.1685,126.458
"The target value from 'conditional_best' was used for 'conditional_worst' in 2025, 2030.
",GHA,RBU,conditional,worst,KYOTOGHG,IPCM0EL,MtCO2eq,AR4,10.9077,10.6641,11.1356,11.5846,11.8471,12.2813,13.0034,14.0402,14.2238,15.1099,16.82,16.9922,17.6643,18.3442,18.8142,19.6429,21.8915,21.7358,21.3912,20.3496,23.489,26.4548,26.1452,29.3942,29.6006,30.2911,31.3615,32.8511,34.68756666666667,36.524033333333335,38.3605,38.08465746378853,37.5275899983447,36.68929760366852,35.56978027975998,34.16903802661908,33.08049139337705,31.734226909137295,30.13024457389983,28.26854438766463,26.149126350431708,27.189679579698744,28.227101161862894,29.277303249771254,30.356367274492705,31.480501625762443,32.645008832926145,33.838462616013814,35.06721090834212,36.33768628233861,37.656490588652616,39.021719447289136,40.43002961336805,41.88607623798826,43.394556791804085,44.96029570413619,46.576310248336256,48.235406099978725,49.94223841016248,51.701166093098294,53.51646342388606
,GHA,RBU,conditional,best,KYOTOGHG,IPCM0EL,MtCO2eq,AR4,10.9077,10.6641,11.1356,11.5846,11.8471,12.2813,13.0034,14.0402,14.2238,15.1099,16.82,16.9922,17.6643,18.3442,18.8142,19.6429,21.8915,21.7358,21.3912,20.3496,23.489,26.4548,26.1452,29.3942,29.6006,30.2911,31.3615,32.8511,34.68756666666667,36.524033333333335,38.3605,38.08465746378853,37.5275899983447,36.68929760366852,35.56978027975998,34.16903802661908,33.08049139337705,31.734226909137295,30.13024457389983,28.26854438766463,26.149126350431708,27.189679579698744,28.227101161862894,29.277303249771254,30.356367274492705,31.480501625762443,32.645008832926145,33.838462616013814,35.06721090834212,36.33768628233861,37.656490588652616,39.021719447289136,40.43002961336805,41.88607623798826,43.394556791804085,44.96029570413619,46.576310248336256,48.235406099978725,49.94223841016248,51.701166093098294,53.51646342388606
"The target value from 'unconditional_best' was used for 'unconditional_worst' in 2025, 2030.
",GHA,RBU,unconditional,worst,KYOTOGHG,IPCM0EL,MtCO2eq,AR4,10.9077,10.6641,11.1356,11.5846,11.8471,12.2813,13.0034,14.0402,14.2238,15.1099,16.82,16.9922,17.6643,18.3442,18.8142,19.6429,21.8915,21.7358,21.3912,20.3496,23.489,26.4548,26.1452,29.3942,29.6006,30.2911,31.3615,32.8511,34.68756666666667,36.524033333333335,38.3605,39.491158872794905,40.4968288881532,41.377510046074896,42.13320234656,42.76390578960848,44.29752018779247,45.77888768627133,47.20800828504509,48.584881984113714,49.90950878347723,51.89555985989958,53.875633720620954,55.880101083257074,57.93965575816423,60.08523387525414,62.307869610975374,64.58575420533792,66.93100363611403,69.35589542744619,71.87303019621753,74.47877314909637,77.166743204456,79.94582541266274,82.82498559726801,85.8134319013787,88.8978367494454,92.06446869999289,95.32221280338747,98.67938869769941,102.14415447462866
,GHA,RBU,unconditional,best,KYOTOGHG,IPCM0EL,MtCO2eq,AR4,10.9077,10.6641,11.1356,11.5846,11.8471,12.2813,13.0034,14.0402,14.2238,15.1099,16.82,16.9922,17.6643,18.3442,18.8142,19.6429,21.8915,21.7358,21.3912,20.3496,23.489,26.4548,26.1452,29.3942,29.6006,30.2911,31.3615,32.8511,34.68756666666667,36.524033333333335,38.3605,39.491158872794905,40.4968288881532,41.377510046074896,42.13320234656,42.76390578960848,44.29752018779247,45.77888768627133,47.20800828504509,48.584881984113714,49.90950878347723,51.89555985989958,53.875633720620954,55.880101083257074,57.93965575816423,60.08523387525414,62.307869610975374,64.58575420533792,66.93100363611403,69.35589542744619,71.87303019621753,74.47877314909637,77.166743204456,79.94582541266274,82.82498559726801,85.8134319013787,88.8978367494454,92.06446869999289,95.32221280338747,98.67938869769941,102.14415447462866
"No targets calculated, so the baseline emissions are put in as target pathways for all un/conditional best/worst pathways.
",GHA,baseline_emissions,conditional,worst,KYOTOGHG,IPCM0EL,MtCO2eq,AR4,10.9077,10.6641,11.1356,11.5846,11.8471,12.2813,13.0034,14.0402,14.2238,15.1099,16.82,16.9922,17.6643,18.3442,18.8142,19.6429,21.8915,21.7358,21.3912,20.3496,23.489,26.4548,26.1452,29.3942,29.6006,30.2911,31.3615,32.8511,34.68756666666667,36.524033333333335,38.3605,40.61636,42.87222,45.12808,47.38394,49.6398,52.06978,54.499759999999995,56.92974,59.359719999999996,61.7897,64.2485,66.6999,69.1815,71.7313,74.3876,77.1393,79.9594,82.8629,85.865,88.9813,92.2073,95.5351,98.9757,102.5402,106.24,110.0586,113.979,118.0122,122.1685,126.458
"No targets calculated, so the baseline emissions are put in as target pathways for all un/conditional best/worst pathways.
",GHA,baseline_emissions,conditional,best,KYOTOGHG,IPCM0EL,MtCO2eq,AR4,10.9077,10.6641,11.1356,11.5846,11.8471,12.2813,13.0034,14.0402,14.2238,15.1099,16.82,16.9922,17.6643,18.3442,18.8142,19.6429,21.8915,21.7358,21.3912,20.3496,23.489,26.4548,26.1452,29.3942,29.6006,30.2911,31.3615,32.8511,34.68756666666667,36.524033333333335,38.3605,40.61636,42.87222,45.12808,47.38394,49.6398,52.06978,54.499759999999995,56.92974,59.359719999999996,61.7897,64.2485,66.6999,69.1815,71.7313,74.3876,77.1393,79.9594,82.8629,85.865,88.9813,92.2073,95.5351,98.9757,102.5402,106.24,110.0586,113.979,118.0122,122.1685,126.458
"No targets calculated, so the baseline emissions are put in as target pathways for all un/conditional best/worst pathways.
",GHA,baseline_emissions,unconditional,worst,KYOTOGHG,IPCM0EL,MtCO2eq,AR4,10.9077,10.6641,11.1356,11.5846,11.8471,12.2813,13.0034,14.0402,14.2238,15.1099,16.82,16.9922,17.6643,18.3442,18.8142,19.6429,21.8915,21.7358,21.3912,20.3496,23.489,26.4548,26.1452,29.3942,29.6006,30.2911,31.3615,32.8511,34.68756666666667,36.524033333333335,38.3605,40.61636,42.87222,45.12808,47.38394,49.6398,52.06978,54.499759999999995,56.92974,59.359719999999996,61.7897,64.2485,66.6999,69.1815,71.7313,74.3876,77.1393,79.9594,82.8629,85.865,88.9813,92.2073,95.5351,98.9757,102.5402,106.24,110.0586,113.979,118.0122,122.1685,126.458
"No targets calculated, so the baseline emissions are put in as target pathways for all un/conditional best/worst pathways.
",GHA,baseline_emissions,unconditional,best,KYOTOGHG,IPCM0EL,MtCO2eq,AR4,10.9077,10.6641,11.1356,11.5846,11.8471,12.2813,13.0034,14.0402,14.2238,15.1099,16.82,16.9922,17.6643,18.3442,18.8142,19.6429,21.8915,21.7358,21.3912,20.3496,23.489,26.4548,26.1452,29.3942,29.6006,30.2911,31.3615,32.8511,34.68756666666667,36.524033333333335,38.3605,40.61636,42.87222,45.12808,47.38394,49.6398,52.06978,54.499759999999995,56.92974,59.359719999999996,61.7897,64.2485,66.6999,69.1815,71.7313,74.3876,77.1393,79.9594,82.8629,85.865,88.9813,92.2073,95.5351,98.9757,102.5402,106.24,110.0586,113.979,118.0122,122.1685,126.458
,GHA,,emi_bau,emi_bau,KYOTOGHG,IPCM0EL,MtCO2eq,AR4,10.9077,10.6641,11.1356,11.5846,11.8471,12.2813,13.0034,14.0402,14.2238,15.1099,16.82,16.9922,17.6643,18.3442,18.8142,19.6429,21.8915,21.7358,21.3912,20.3496,23.489,26.4548,26.1452,29.3942,29.6006,30.2911,31.3615,32.8511,34.68756666666667,36.524033333333335,38.3605,40.61636,42.87222,45.12808,47.38394,49.6398,52.06978,54.499759999999995,56.92974,59.359719999999996,61.7897,64.2485,66.6999,69.1815,71.7313,74.3876,77.1393,79.9594,82.8629,85.865,88.9813,92.2073,95.5351,98.9757,102.5402,106.24,110.0586,113.979,118.0122,122.1685,126.458
,GHA,,emi_cov,emi_cov,KYOTOGHG,IPCM0EL,MtCO2eq,AR4,10.2786452292561,10.0350511773039,10.43180641685,10.880794297239401,11.2927989158977,11.8017491191067,12.523853501940199,13.4858983515976,14.074300678981002,14.960401213959498,16.74524995206,16.9174502416914,17.5895504939547,18.3358944066312,18.8142,19.634594392593,21.8863889258205,21.7358,21.3912,20.3496,23.489,26.4548,26.1452,29.3942,29.6006,30.2911,31.3615,32.8511,34.68756666666667,36.524033333333335,38.3605,40.6163248668486,42.87222,45.12797760438647,47.38391493389574,49.6398,52.06978,54.499759999999995,56.92974,59.35965998732308,61.78966997020581,64.2485,66.6998300318049,69.1814499817755,71.7313,74.3876,77.1393,79.9594,82.8629,85.865,88.9812100399057,92.2072799910159,95.5351,98.9757,102.54014996038241,106.24,110.0586,113.979,118.0122,122.1685,126.458
,GHA,,emi_ncov,emi_ncov,KYOTOGHG,IPCM0EL,MtCO2eq,AR4,0.6290547707438999,0.6290488226960992,0.70379358315,0.7038057027605995,0.5543010841022995,0.4795508808932988,0.4795464980598005,0.5543016484024007,0.14949932101899926,0.1494987860405007,0.07475004794000042,0.07474975830859873,0.07474950604529987,0.008305593368800915,0.0,0.00830560740699971,0.005111074179499651,0.0,0.0,0.0,0.0,0.0,0.0,0.0,0.0,0.0,0.0,0.0,0.0,0.0,0.0,3.513315139841742e-05,0.0,0.0001023956135249736,2.5066104261273165e-05,0.0,0.0,0.0,0.0,6.001267691642055e-05,3.0029794194483696e-05,0.0,6.99681951057516e-05,5.001822449863485e-05,0.0,0.0,0.0,0.0,0.0,0.0,8.996009429463434e-05,2.0008984107383023e-05,0.0,0.0,5.0039617596429855e-05,0.0,0.0,0.0,0.0,0.0,0.0
,GHA,,pc_cov,pc_cov,KYOTOGHG,IPCM0EL,MtCO2eq/MtCO2eq,AR4,0.942329293,0.9410124790000001,0.936797875,0.939246439,0.953212087,0.9609527590000001,0.963121453,0.960520388,0.989489495,0.990105905,0.995555883,0.9956009370000001,0.995768329,0.999547236,1.0,0.99957717,0.999766527,1.0,1.0,1.0,1.0,1.0,1.0,1.0,1.0,1.0,1.0,1.0,1.0,1.0,1.0,0.999999135,1.0,0.9999977309999999,0.999999471,1.0,1.0,1.0,1.0,0.9999989890000001,0.9999995140000001,1.0,0.9999989509999999,0.999999277,1.0,1.0,1.0,1.0,1.0,1.0,0.9999989890000001,0.9999997829999999,1.0,1.0,0.999999512,1.0,1.0,1.0,1.0,1.0,1.0
,GIN,,pop,pop,POP,DEMOGR,Pers,,6352283.0,6534939.0,6716038.0,6897166.0,7081116.0,7269625.0,7463782.0,7662075.0,7860781.0,8054743.0,8240730.0,8417081.0,8586074.0,8753093.0,8925743.0,9109581.0,9307425.0,9518162.0,9738792.0,9964469.0,10192176.0,10420472.0,10652031.0,10892817.0,11150982.0,11432088.0,11738429.0,12067519.0,12204365.0888,12454107.2869,12706996.6268,12964838.14,13228663.6499,13497170.5453,13769059.5459,14043034.2496,14318671.2295,14595402.2339,14871709.1346,15146065.5043,15416936.2415,15685519.2281,15953546.7647,16220280.1266,16484983.3082,16746923.2458,17005715.8181,17261510.692,17514378.1164,17764388.5472,18011612.5684,18256956.2259,18501121.9717,18743878.9859,18985002.1956,19224272.6899,19460781.6601,19693488.4311,19921970.3677,20145790.1741,20364495.6058
,GIN,,gdp,gdp,GDPPPP,ECO,2011GKD,,18255240234.375,18989537109.375,18838593750.0,19712101562.5,20855242187.5,22160751953.125,24486675781.25,22350177734.375,22122941406.25,20767074218.75,19406416015.625,18111275390.625,17192281250.0,15441987304.6875,14934626953.125,14850250976.5625,15109662109.375,15520030273.4375,16224427734.375,15600789062.5,17979863281.25,18624066406.25,20383453125.0,21702845703.125,22367636718.75,22939271484.375,23011945312.5,27440246093.75,29250664955.7815,33010705956.4178,36623624481.5651,40122567409.2603,43729492913.2952,47437540269.2972,51238538260.7635,55123197909.2765,59084931718.8132,63106015501.3005,67160940519.2801,71225659124.3556,75277364777.2547,79290658891.0896,83289902943.715,87327682192.7665,91456549765.9149,95729095847.5146,100129226996.7294,104615349247.9505,109202519215.7423,113906608730.504,118744316578.754,123699008368.0592,128754792301.9072,133931074156.3566,139248524860.3597,144729129347.6115,150386626891.0815,156212395461.1782,162196095063.9529,168327601643.0173,174596965078.7108
"The target value from 'conditional_best' was used for 'conditional_worst' in 2030.
",GIN,ABS,conditional,worst,KYOTOGHG,IPCM0EL,MtCO2eq,AR4,9.7936,10.1391,10.116,10.5037,11.1212,11.8934,11.3799,11.2268,12.2211,12.4619,13.142999999999999,14.183,15.5584,15.4789,15.652000000000001,17.1193,17.3014,17.5684,18.5652,18.9541,21.2522,22.5919,23.5407,23.7842,24.3171,25.0875,28.1458,27.45300000000001,29.57200000000001,31.69100000000001,33.81,34.85113,35.76512,36.55197,37.21168,37.74425,38.14967999999999,38.427969999999995,38.57912,38.60313,38.5,39.99205,41.439789999999995,42.869119999999995,44.30503,45.77125,47.26308999999999,48.76508,50.283939999999994,51.82659999999999,53.39977999999999,55.00018999999998,56.62244,58.270239999999994,59.94736999999999,61.65767999999998,63.40081999999999,65.16852999999999,66.95345999999999,68.74812,70.5453
,GIN,ABS,conditional,best,KYOTOGHG,IPCM0EL,MtCO2eq,AR4,9.7936,10.1391,10.116,10.5037,11.1212,11.8934,11.3799,11.2268,12.2211,12.4619,13.142999999999999,14.183,15.5584,15.4789,15.652000000000001,17.1193,17.3014,17.5684,18.5652,18.9541,21.2522,22.5919,23.5407,23.7842,24.3171,25.0875,28.1458,27.45300000000001,29.57200000000001,31.69100000000001,33.81,34.85113,35.76512,36.55197,37.21168,37.74425,38.14967999999999,38.427969999999995,38.57912,38.60313,38.5,39.99205,41.439789999999995,42.869119999999995,44.30503,45.77125,47.26308999999999,48.76508,50.283939999999994,51.82659999999999,53.39977999999999,55.00018999999998,56.62244,58.270239999999994,59.94736999999999,61.65767999999998,63.40081999999999,65.16852999999999,66.95345999999999,68.74812,70.5453
,GIN,ABS,unconditional,worst,KYOTOGHG,IPCM0EL,MtCO2eq,AR4,9.7936,10.1391,10.116,10.5037,11.1212,11.8934,11.3799,11.2268,12.2211,12.4619,13.142999999999999,14.183,15.5584,15.4789,15.652000000000001,17.1193,17.3014,17.5684,18.5652,18.9541,21.2522,22.5919,23.5407,23.7842,24.3171,25.0875,28.1458,27.45300000000001,29.57200000000001,31.69100000000001,33.81,35.929,38.048,40.167,42.286,44.405,46.523999999999994,48.643,50.762,52.881,55.0,57.1315,59.1997,61.2416,63.2929,65.3875,67.5187,69.6644,71.8342,74.038,76.2854,78.57169999999998,80.8892,83.2432,85.6391,88.08239999999998,90.5726,93.0979,95.6478,98.2116,100.779
,GIN,ABS,unconditional,best,KYOTOGHG,IPCM0EL,MtCO2eq,AR4,9.7936,10.1391,10.116,10.5037,11.1212,11.8934,11.3799,11.2268,12.2211,12.4619,13.142999999999999,14.183,15.5584,15.4789,15.652000000000001,17.1193,17.3014,17.5684,18.5652,18.9541,21.2522,22.5919,23.5407,23.7842,24.3171,25.0875,28.1458,27.45300000000001,29.57200000000001,31.69100000000001,33.81,35.929,38.048,40.167,42.286,44.405,46.523999999999994,48.643,50.762,52.881,55.0,57.1315,59.1997,61.2416,63.2929,65.3875,67.5187,69.6644,71.8342,74.038,76.2854,78.57169999999998,80.8892,83.2432,85.6391,88.08239999999998,90.5726,93.0979,95.6478,98.2116,100.779
"The target value from 'conditional_best' was used for 'conditional_worst' in 2030.
",GIN,ABU,conditional,worst,KYOTOGHG,IPCM0EL,MtCO2eq,AR4,9.7936,10.1391,10.116,10.5037,11.1212,11.8934,11.3799,11.2268,12.2211,12.4619,13.142999999999999,14.183,15.5584,15.4789,15.652000000000001,17.1193,17.3014,17.5684,18.5652,18.9541,21.2522,22.5919,23.5407,23.7842,24.3171,25.0875,28.1458,27.45300000000001,29.57200000000001,31.69100000000001,33.81,34.85113,35.76512,36.55197,37.21168,37.74425,38.14967999999999,38.427969999999995,38.57912,38.60313,38.5,39.99205,41.439789999999995,42.869119999999995,44.30503,45.77125,47.26308999999999,48.76508,50.283939999999994,51.82659999999999,53.39977999999999,55.00018999999998,56.62244,58.270239999999994,59.94736999999999,61.65767999999998,63.40081999999999,65.16852999999999,66.95345999999999,68.74812,70.5453
,GIN,ABU,conditional,best,KYOTOGHG,IPCM0EL,MtCO2eq,AR4,9.7936,10.1391,10.116,10.5037,11.1212,11.8934,11.3799,11.2268,12.2211,12.4619,13.142999999999999,14.183,15.5584,15.4789,15.652000000000001,17.1193,17.3014,17.5684,18.5652,18.9541,21.2522,22.5919,23.5407,23.7842,24.3171,25.0875,28.1458,27.45300000000001,29.57200000000001,31.69100000000001,33.81,34.85113,35.76512,36.55197,37.21168,37.74425,38.14967999999999,38.427969999999995,38.57912,38.60313,38.5,39.99205,41.439789999999995,42.869119999999995,44.30503,45.77125,47.26308999999999,48.76508,50.283939999999994,51.82659999999999,53.39977999999999,55.00018999999998,56.62244,58.270239999999994,59.94736999999999,61.65767999999998,63.40081999999999,65.16852999999999,66.95345999999999,68.74812,70.5453
,GIN,ABU,unconditional,worst,KYOTOGHG,IPCM0EL,MtCO2eq,AR4,9.7936,10.1391,10.116,10.5037,11.1212,11.8934,11.3799,11.2268,12.2211,12.4619,13.142999999999999,14.183,15.5584,15.4789,15.652000000000001,17.1193,17.3014,17.5684,18.5652,18.9541,21.2522,22.5919,23.5407,23.7842,24.3171,25.0875,28.1458,27.45300000000001,29.57200000000001,31.69100000000001,33.81,35.929,38.048,40.167,42.286,44.405,46.523999999999994,48.643,50.762,52.881,55.0,57.1315,59.1997,61.2416,63.2929,65.3875,67.5187,69.6644,71.8342,74.038,76.2854,78.57169999999998,80.8892,83.2432,85.6391,88.08239999999998,90.5726,93.0979,95.6478,98.2116,100.779
,GIN,ABU,unconditional,best,KYOTOGHG,IPCM0EL,MtCO2eq,AR4,9.7936,10.1391,10.116,10.5037,11.1212,11.8934,11.3799,11.2268,12.2211,12.4619,13.142999999999999,14.183,15.5584,15.4789,15.652000000000001,17.1193,17.3014,17.5684,18.5652,18.9541,21.2522,22.5919,23.5407,23.7842,24.3171,25.0875,28.1458,27.45300000000001,29.57200000000001,31.69100000000001,33.81,35.929,38.048,40.167,42.286,44.405,46.523999999999994,48.643,50.762,52.881,55.0,57.1315,59.1997,61.2416,63.2929,65.3875,67.5187,69.6644,71.8342,74.038,76.2854,78.57169999999998,80.8892,83.2432,85.6391,88.08239999999998,90.5726,93.0979,95.6478,98.2116,100.779
"The target value from 'conditional_best' was used for 'conditional_worst' in 2030.
",GIN,RBU,conditional,worst,KYOTOGHG,IPCM0EL,MtCO2eq,AR4,9.7936,10.1391,10.116,10.5037,11.1212,11.8934,11.3799,11.2268,12.2211,12.4619,13.142999999999999,14.183,15.5584,15.4789,15.652000000000001,17.1193,17.3014,17.5684,18.5652,18.9541,21.2522,22.5919,23.5407,23.7842,24.3171,25.0875,28.1458,27.45300000000001,29.57200000000001,31.69100000000001,33.81,34.921764932647335,35.91472159856192,36.78886999774377,37.54421013019288,38.180741995909244,38.69846559489287,39.09738092714377,39.37748799266192,39.53878679144732,39.5812773235,41.115231734682546,42.603631693963685,44.073104606088314,45.54934231833733,47.05674129073375,48.59047980403998,50.134653381367876,51.69617075475933,53.28215655413259,54.89951951152957,56.54487722688807,58.212688321382835,59.906766990828636,61.630999396999066,63.389343667626456,65.181439972917,66.99879632973582,68.83385631241205,70.67891956335731,72.5265735888183
,GIN,RBU,conditional,best,KYOTOGHG,IPCM0EL,MtCO2eq,AR4,9.7936,10.1391,10.116,10.5037,11.1212,11.8934,11.3799,11.2268,12.2211,12.4619,13.142999999999999,14.183,15.5584,15.4789,15.652000000000001,17.1193,17.3014,17.5684,18.5652,18.9541,21.2522,22.5919,23.5407,23.7842,24.3171,25.0875,28.1458,27.45300000000001,29.57200000000001,31.69100000000001,33.81,34.921764932647335,35.91472159856192,36.78886999774377,37.54421013019288,38.180741995909244,38.69846559489287,39.09738092714377,39.37748799266192,39.53878679144732,39.5812773235,41.115231734682546,42.603631693963685,44.073104606088314,45.54934231833733,47.05674129073375,48.59047980403998,50.134653381367876,51.69617075475933,53.28215655413259,54.89951951152957,56.54487722688807,58.212688321382835,59.906766990828636,61.630999396999066,63.389343667626456,65.181439972917,66.99879632973582,68.83385631241205,70.67891956335731,72.5265735888183
,GIN,RBU,unconditional,worst,KYOTOGHG,IPCM0EL,MtCO2eq,AR4,9.7936,10.1391,10.116,10.5037,11.1212,11.8934,11.3799,11.2268,12.2211,12.4619,13.142999999999999,14.183,15.5584,15.4789,15.652000000000001,17.1193,17.3014,17.5684,18.5652,18.9541,21.2522,22.5919,23.5407,23.7842,24.3171,25.0875,28.1458,27.45300000000001,29.57200000000001,31.69100000000001,33.81,35.929,38.048,40.167,42.286,44.405,46.523999999999994,48.643,50.762,52.881,55.0,57.1315,59.1997,61.2416,63.2929,65.3875,67.5187,69.6644,71.8342,74.038,76.2854,78.57169999999998,80.8892,83.2432,85.6391,88.08239999999998,90.5726,93.0979,95.6478,98.2116,100.779
,GIN,RBU,unconditional,best,KYOTOGHG,IPCM0EL,MtCO2eq,AR4,9.7936,10.1391,10.116,10.5037,11.1212,11.8934,11.3799,11.2268,12.2211,12.4619,13.142999999999999,14.183,15.5584,15.4789,15.652000000000001,17.1193,17.3014,17.5684,18.5652,18.9541,21.2522,22.5919,23.5407,23.7842,24.3171,25.0875,28.1458,27.45300000000001,29.57200000000001,31.69100000000001,33.81,35.929,38.048,40.167,42.286,44.405,46.523999999999994,48.643,50.762,52.881,55.0,57.1315,59.1997,61.2416,63.2929,65.3875,67.5187,69.6644,71.8342,74.038,76.2854,78.57169999999998,80.8892,83.2432,85.6391,88.08239999999998,90.5726,93.0979,95.6478,98.2116,100.779
"No targets calculated, so the baseline emissions are put in as target pathways for all un/conditional best/worst pathways.
",GIN,baseline_emissions,conditional,worst,KYOTOGHG,IPCM0EL,MtCO2eq,AR4,9.7936,10.1391,10.116,10.5037,11.1212,11.8934,11.3799,11.2268,12.2211,12.4619,13.142999999999999,14.183,15.5584,15.4789,15.652000000000001,17.1193,17.3014,17.5684,18.5652,18.9541,21.2522,22.5919,23.5407,23.7842,24.3171,25.0875,28.1458,27.45300000000001,29.57200000000001,31.69100000000001,33.81,35.929,38.048,40.167,42.286,44.405,46.523999999999994,48.643,50.762,52.881,55.0,57.1315,59.1997,61.2416,63.2929,65.3875,67.5187,69.6644,71.8342,74.038,76.2854,78.57169999999998,80.8892,83.2432,85.6391,88.08239999999998,90.5726,93.0979,95.6478,98.2116,100.779
"No targets calculated, so the baseline emissions are put in as target pathways for all un/conditional best/worst pathways.
",GIN,baseline_emissions,conditional,best,KYOTOGHG,IPCM0EL,MtCO2eq,AR4,9.7936,10.1391,10.116,10.5037,11.1212,11.8934,11.3799,11.2268,12.2211,12.4619,13.142999999999999,14.183,15.5584,15.4789,15.652000000000001,17.1193,17.3014,17.5684,18.5652,18.9541,21.2522,22.5919,23.5407,23.7842,24.3171,25.0875,28.1458,27.45300000000001,29.57200000000001,31.69100000000001,33.81,35.929,38.048,40.167,42.286,44.405,46.523999999999994,48.643,50.762,52.881,55.0,57.1315,59.1997,61.2416,63.2929,65.3875,67.5187,69.6644,71.8342,74.038,76.2854,78.57169999999998,80.8892,83.2432,85.6391,88.08239999999998,90.5726,93.0979,95.6478,98.2116,100.779
"No targets calculated, so the baseline emissions are put in as target pathways for all un/conditional best/worst pathways.
",GIN,baseline_emissions,unconditional,worst,KYOTOGHG,IPCM0EL,MtCO2eq,AR4,9.7936,10.1391,10.116,10.5037,11.1212,11.8934,11.3799,11.2268,12.2211,12.4619,13.142999999999999,14.183,15.5584,15.4789,15.652000000000001,17.1193,17.3014,17.5684,18.5652,18.9541,21.2522,22.5919,23.5407,23.7842,24.3171,25.0875,28.1458,27.45300000000001,29.57200000000001,31.69100000000001,33.81,35.929,38.048,40.167,42.286,44.405,46.523999999999994,48.643,50.762,52.881,55.0,57.1315,59.1997,61.2416,63.2929,65.3875,67.5187,69.6644,71.8342,74.038,76.2854,78.57169999999998,80.8892,83.2432,85.6391,88.08239999999998,90.5726,93.0979,95.6478,98.2116,100.779
"No targets calculated, so the baseline emissions are put in as target pathways for all un/conditional best/worst pathways.
",GIN,baseline_emissions,unconditional,best,KYOTOGHG,IPCM0EL,MtCO2eq,AR4,9.7936,10.1391,10.116,10.5037,11.1212,11.8934,11.3799,11.2268,12.2211,12.4619,13.142999999999999,14.183,15.5584,15.4789,15.652000000000001,17.1193,17.3014,17.5684,18.5652,18.9541,21.2522,22.5919,23.5407,23.7842,24.3171,25.0875,28.1458,27.45300000000001,29.57200000000001,31.69100000000001,33.81,35.929,38.048,40.167,42.286,44.405,46.523999999999994,48.643,50.762,52.881,55.0,57.1315,59.1997,61.2416,63.2929,65.3875,67.5187,69.6644,71.8342,74.038,76.2854,78.57169999999998,80.8892,83.2432,85.6391,88.08239999999998,90.5726,93.0979,95.6478,98.2116,100.779
,GIN,,emi_bau,emi_bau,KYOTOGHG,IPCM0EL,MtCO2eq,AR4,9.7936,10.1391,10.116,10.5037,11.1212,11.8934,11.3799,11.2268,12.2211,12.4619,13.142999999999999,14.183,15.5584,15.4789,15.652000000000001,17.1193,17.3014,17.5684,18.5652,18.9541,21.2522,22.5919,23.5407,23.7842,24.3171,25.0875,28.1458,27.45300000000001,29.57200000000001,31.69100000000001,33.81,35.929,38.048,40.167,42.286,44.405,46.523999999999994,48.643,50.762,52.881,55.0,57.1315,59.1997,61.2416,63.2929,65.3875,67.5187,69.6644,71.8342,74.038,76.2854,78.57169999999998,80.8892,83.2432,85.6391,88.08239999999998,90.5726,93.0979,95.6478,98.2116,100.779
,GIN,,emi_cov,emi_cov,KYOTOGHG,IPCM0EL,MtCO2eq,AR4,8.758449856588799,9.0508380735492,8.981699151455999,9.3033382248737,9.7344624957352,10.426711430537601,9.864469670327999,9.695079288492002,10.643593152666599,10.821285867778101,11.467000959959998,12.46358342177,13.787695804396801,13.6725048627335,13.817921429312,15.4227383208767,15.561480020320603,15.77900487638,16.5323111198256,16.9053219900532,19.179200927092197,20.393198592287398,21.3117031280013,21.521332824301197,21.9482248027896,22.7546713773,25.7654548659816,25.02516564095701,27.00593751792401,29.06540603747001,31.110240360990005,33.145018476369,35.177507753343995,37.208281026186,39.237771700002,41.26630664254,43.29407809250399,45.320999425429,47.346954114606,49.37187871077,51.395742254999995,53.4299236631155,55.403807480839305,57.3526884620928,59.3106299758236,61.30998414830001,63.34435272649019,65.3926354898284,67.46399217323079,69.567870384186,71.7134326641838,73.89619010543719,76.1087891080972,78.3562877408192,80.6438398939191,82.97669558041918,85.35437630850879,87.7656139733415,90.2003807939712,92.6484577379568,95.10000740839199
,GIN,,emi_ncov,emi_ncov,KYOTOGHG,IPCM0EL,MtCO2eq,AR4,1.0351501434112003,1.0882619264508002,1.1343008485440005,1.2003617751263003,1.3867375042648002,1.4666885694623988,1.515430329672,1.5317207115079996,1.5775068473334006,1.640614132221899,1.6759990400400004,1.7194165782300004,1.7707041956031995,1.8063951372664995,1.834078570688001,1.6965616791232991,1.7399199796793985,1.78939512362,2.032888880174401,2.0487780099468,2.0729990729078014,2.1987014077126,2.2289968719986994,2.262867175698802,2.368875197210401,2.3328286227,2.3803451340184005,2.427834359043,2.5660624820759987,2.6255939625300013,2.699759639009997,2.783981523631002,2.870492246656003,2.958718973814,3.0482282999979984,3.1386933574599993,3.2299219074960037,3.3220005745709993,3.4150458853940027,3.509121289229999,3.6042577450000044,3.7015763368845014,3.7958925191606947,3.8889115379072003,3.982270024176398,4.077515851699995,4.174347273509802,4.271764510171607,4.370207826769198,4.470129615813999,4.571967335816201,4.675509894562801,4.780410891902808,4.886912259180802,4.995260106080909,5.105704419580799,5.218223691491199,5.332286026658496,5.447419206028798,5.563142262043201,5.678992591608006
,GIN,,pc_cov,pc_cov,KYOTOGHG,IPCM0EL,MtCO2eq/MtCO2eq,AR4,0.894303408,0.892666812,0.887870616,0.885720101,0.875306846,0.8766804640000001,0.86683272,0.86356569,0.870919406,0.8683495990000001,0.87247972,0.87876919,0.886189827,0.883299515,0.882821456,0.900897719,0.8994347290000001,0.89814695,0.8905000279999999,0.891908452,0.9024572009999999,0.902677446,0.905313059,0.9048583859999999,0.902583976,0.907012312,0.915428052,0.911563969,0.9132266170000001,0.91715017,0.9201490790000001,0.922514361,0.9245560279999999,0.926339558,0.927914007,0.929316668,0.9305751459999999,0.931706503,0.932724363,0.93364117,0.9344680409999999,0.935209537,0.9358798690000001,0.936498858,0.937081884,0.9376407440000001,0.938174946,0.9386808109999999,0.939162574,0.939623847,0.940067597,0.940493716,0.9409017409999999,0.941293556,0.9416708009999999,0.942034908,0.942386288,0.942723885,0.943047104,0.943355548,0.9436490479999999
,GMB,,pop,pop,POP,DEMOGR,Pers,,955593.0,992673.0,1027475.0,1060862.0,1094212.0,1128575.0,1164091.0,1200526.0,1238125.0,1277133.0,1317703.0,1360074.0,1404261.0,1449925.0,1496527.0,1543741.0,1591445.0,1639848.0,1689285.0,1740279.0,1793196.0,1848147.0,1905013.0,1963712.0,2024042.0,2085860.0,2149136.0,2213889.0,2256258.5705,2311643.2644,2367547.4535,2424205.4222,2481716.0707,2539977.841,2598888.5784,2658345.7006,2718188.1891,2778211.1368,2838246.5637,2898127.1588,2957685.9885,3017091.3361,3076584.9213,3136109.9656,3195609.6133,3255027.0091,3314338.9213,3373504.913,3432442.4011,3491068.8501,3549301.7751,3607398.4088,3665554.0277,3723593.4289,3781341.708,3838624.3418,3895109.9532,3950674.0663,4005452.0637,4059577.9038,4113183.8666
,GMB,,gdp,gdp,GDPPPP,ECO,2011GKD,,2384022216.7969,2436475341.7969,2494238281.25,2588280761.7188,2613218994.1406,2635240966.7969,2739006835.9375,2767711914.0625,2833022949.2188,3032975097.6563,3229839599.6094,3316498535.1563,3076127197.2656,3273010009.7656,3677117919.9219,3721235107.4219,3646381103.5156,3703220214.8438,3885672119.1406,4027290527.3438,4264086425.7813,3931380371.0938,4146118164.0625,4426652832.0313,4420974121.0938,4702424804.6875,4712949707.0313,4915488281.25,5081478637.8526,5335329466.2762,5608889142.3838,5908328996.3223,6231929799.6183,6575420137.3719,6934531179.6758,7304972516.6077,7685484708.508,8076360526.6017,8475658639.5349,8881498928.687,9292061371.9713,9706686976.0401,10128028696.3287,10559278316.731,11003630894.7667,11464290455.4458,11939995776.6018,12428095768.6689,12929770683.862,13446270615.9981,13978922454.3061,14526063956.4943,15086429595.7359,15662093672.6229,16255255185.2634,16868248207.5915,17501718698.692,18154948088.8716,18828355682.141003,19522390842.3219,20237531951.4982
"The target value from 'conditional_best' was used for 'conditional_worst' in 2025, 2030.
",GMB,ABS,conditional,worst,KYOTOGHG,IPCM0EL,MtCO2eq,AR4,1.1602,1.2004,1.1954,1.1948,1.2342,1.2668,1.3155,1.2732,1.337,1.3322,1.4201,1.4443,1.4625,1.5081,1.6399,1.6898,1.8030000000000002,1.8172,1.9718,2.2687,2.4084,2.0766,2.1573,2.2415,2.3844,2.4526,2.501,2.59,2.66,2.73,2.8,2.633368,2.450752,2.2521519999999997,2.037568,1.8069999999999997,1.8669624935064935,1.9264437402597403,1.9854437402597398,2.043962493506493,2.102,2.169809974025974,2.238220519480519,2.3077230129870125,2.3789726233766233,2.4525699220779216,2.528460311688311,2.606152415584415,2.6859738181818176,2.7680337142857137,2.8526596883116877,2.9397971428571426,3.0292276883116878,3.1211697142857138,3.215732415584415,3.313134181818181,3.4132112207792202,3.5154721558441553,3.6198623896103888,3.7262727272727267,3.834539376623376
,GMB,ABS,conditional,best,KYOTOGHG,IPCM0EL,MtCO2eq,AR4,1.1602,1.2004,1.1954,1.1948,1.2342,1.2668,1.3155,1.2732,1.337,1.3322,1.4201,1.4443,1.4625,1.5081,1.6399,1.6898,1.8030000000000002,1.8172,1.9718,2.2687,2.4084,2.0766,2.1573,2.2415,2.3844,2.4526,2.501,2.59,2.66,2.73,2.8,2.633368,2.450752,2.2521519999999997,2.037568,1.8069999999999997,1.8669624935064935,1.9264437402597403,1.9854437402597398,2.043962493506493,2.102,2.169809974025974,2.238220519480519,2.3077230129870125,2.3789726233766233,2.4525699220779216,2.528460311688311,2.606152415584415,2.6859738181818176,2.7680337142857137,2.8526596883116877,2.9397971428571426,3.0292276883116878,3.1211697142857138,3.215732415584415,3.313134181818181,3.4132112207792202,3.5154721558441553,3.6198623896103888,3.7262727272727267,3.834539376623376
,GMB,ABS,unconditional,worst,KYOTOGHG,IPCM0EL,MtCO2eq,AR4,1.1602,1.2004,1.1954,1.1948,1.2342,1.2668,1.3155,1.2732,1.337,1.3322,1.4201,1.4443,1.4625,1.5081,1.6399,1.6898,1.8030000000000002,1.8172,1.9718,2.2687,2.4084,2.0766,2.1573,2.2415,2.3844,2.4526,2.501,2.59,2.66,2.73,2.8,2.89,2.98,3.07,3.16,3.25,3.37,3.49,3.61,3.73,3.85,3.9742,4.0995,4.2268,4.3573,4.4921,4.6311,4.7734,4.9196,5.0699,5.2249,5.3845,5.5483,5.7167,5.8899,6.0683,6.2516,6.4389,6.6301,6.825,7.0233
,GMB,ABS,unconditional,best,KYOTOGHG,IPCM0EL,MtCO2eq,AR4,1.1602,1.2004,1.1954,1.1948,1.2342,1.2668,1.3155,1.2732,1.337,1.3322,1.4201,1.4443,1.4625,1.5081,1.6399,1.6898,1.8030000000000002,1.8172,1.9718,2.2687,2.4084,2.0766,2.1573,2.2415,2.3844,2.4526,2.501,2.59,2.66,2.73,2.8,2.89,2.98,3.07,3.16,3.25,3.37,3.49,3.61,3.73,3.85,3.9742,4.0995,4.2268,4.3573,4.4921,4.6311,4.7734,4.9196,5.0699,5.2249,5.3845,5.5483,5.7167,5.8899,6.0683,6.2516,6.4389,6.6301,6.825,7.0233
"The target value from 'conditional_best' was used for 'conditional_worst' in 2025, 2030.
",GMB,ABU,conditional,worst,KYOTOGHG,IPCM0EL,MtCO2eq,AR4,1.1602,1.2004,1.1954,1.1948,1.2342,1.2668,1.3155,1.2732,1.337,1.3322,1.4201,1.4443,1.4625,1.5081,1.6399,1.6898,1.8030000000000002,1.8172,1.9718,2.2687,2.4084,2.0766,2.1573,2.2415,2.3844,2.4526,2.501,2.59,2.66,2.73,2.8,2.633368,2.450752,2.2521519999999997,2.037568,1.8069999999999997,1.8669624935064935,1.9264437402597403,1.9854437402597402,2.0439624935064935,2.1020000000000003,2.1698099740259744,2.2382205194805196,2.307723012987013,2.3789726233766237,2.452569922077922,2.528460311688312,2.6061524155844156,2.6859738181818185,2.768033714285714,2.8526596883116886,2.939797142857143,3.0292276883116886,3.1211697142857147,3.215732415584416,3.313134181818182,3.4132112207792207,3.515472155844156,3.6198623896103896,3.7262727272727276,3.834539376623377
,GMB,ABU,conditional,best,KYOTOGHG,IPCM0EL,MtCO2eq,AR4,1.1602,1.2004,1.1954,1.1948,1.2342,1.2668,1.3155,1.2732,1.337,1.3322,1.4201,1.4443,1.4625,1.5081,1.6399,1.6898,1.8030000000000002,1.8172,1.9718,2.2687,2.4084,2.0766,2.1573,2.2415,2.3844,2.4526,2.501,2.59,2.66,2.73,2.8,2.633368,2.450752,2.2521519999999997,2.037568,1.8069999999999997,1.8669624935064935,1.9264437402597403,1.9854437402597402,2.0439624935064935,2.1020000000000003,2.1698099740259744,2.2382205194805196,2.307723012987013,2.3789726233766237,2.452569922077922,2.528460311688312,2.6061524155844156,2.6859738181818185,2.768033714285714,2.8526596883116886,2.939797142857143,3.0292276883116886,3.1211697142857147,3.215732415584416,3.313134181818182,3.4132112207792207,3.515472155844156,3.6198623896103896,3.7262727272727276,3.834539376623377
,GMB,ABU,unconditional,worst,KYOTOGHG,IPCM0EL,MtCO2eq,AR4,1.1602,1.2004,1.1954,1.1948,1.2342,1.2668,1.3155,1.2732,1.337,1.3322,1.4201,1.4443,1.4625,1.5081,1.6399,1.6898,1.8030000000000002,1.8172,1.9718,2.2687,2.4084,2.0766,2.1573,2.2415,2.3844,2.4526,2.501,2.59,2.66,2.73,2.8,2.89,2.98,3.07,3.16,3.25,3.37,3.49,3.61,3.73,3.85,3.9742,4.0995,4.2268,4.3573,4.4921,4.6311,4.7734,4.9196,5.0699,5.2249,5.3845,5.5483,5.7167,5.8899,6.0683,6.2516,6.4389,6.6301,6.825,7.0233
,GMB,ABU,unconditional,best,KYOTOGHG,IPCM0EL,MtCO2eq,AR4,1.1602,1.2004,1.1954,1.1948,1.2342,1.2668,1.3155,1.2732,1.337,1.3322,1.4201,1.4443,1.4625,1.5081,1.6399,1.6898,1.8030000000000002,1.8172,1.9718,2.2687,2.4084,2.0766,2.1573,2.2415,2.3844,2.4526,2.501,2.59,2.66,2.73,2.8,2.89,2.98,3.07,3.16,3.25,3.37,3.49,3.61,3.73,3.85,3.9742,4.0995,4.2268,4.3573,4.4921,4.6311,4.7734,4.9196,5.0699,5.2249,5.3845,5.5483,5.7167,5.8899,6.0683,6.2516,6.4389,6.6301,6.825,7.0233
"The target value from 'conditional_best' was used for 'conditional_worst' in 2025, 2030.
",GMB,RBU,conditional,worst,KYOTOGHG,IPCM0EL,MtCO2eq,AR4,1.1602,1.2004,1.1954,1.1948,1.2342,1.2668,1.3155,1.2732,1.337,1.3322,1.4201,1.4443,1.4625,1.5081,1.6399,1.6898,1.8030000000000002,1.8172,1.9718,2.2687,2.4084,2.0766,2.1573,2.2415,2.3844,2.4526,2.501,2.59,2.66,2.73,2.8,2.88743368,2.97470752,3.0618215199999996,3.14877568,3.23557,3.3549698,3.4743648,3.5937550000000003,3.7131404,3.8325210000000003,3.9561571320000004,4.08088827,4.207610328,4.337517858,4.471705866,4.610074806,4.751728764,4.897265016,5.046882654,5.2011789539999995,5.36005437,5.523110718,5.690746182000001,5.863159854,6.0407499179999995,6.223217736,6.409667394,6.599999346,6.7940145,6.991414218
,GMB,RBU,conditional,best,KYOTOGHG,IPCM0EL,MtCO2eq,AR4,1.1602,1.2004,1.1954,1.1948,1.2342,1.2668,1.3155,1.2732,1.337,1.3322,1.4201,1.4443,1.4625,1.5081,1.6399,1.6898,1.8030000000000002,1.8172,1.9718,2.2687,2.4084,2.0766,2.1573,2.2415,2.3844,2.4526,2.501,2.59,2.66,2.73,2.8,2.88743368,2.97470752,3.0618215199999996,3.14877568,3.23557,3.3549698,3.4743648,3.5937550000000003,3.7131404,3.8325210000000003,3.9561571320000004,4.08088827,4.207610328,4.337517858,4.471705866,4.610074806,4.751728764,4.897265016,5.046882654,5.2011789539999995,5.36005437,5.523110718,5.690746182000001,5.863159854,6.0407499179999995,6.223217736,6.409667394,6.599999346,6.7940145,6.991414218
,GMB,RBU,unconditional,worst,KYOTOGHG,IPCM0EL,MtCO2eq,AR4,1.1602,1.2004,1.1954,1.1948,1.2342,1.2668,1.3155,1.2732,1.337,1.3322,1.4201,1.4443,1.4625,1.5081,1.6399,1.6898,1.8030000000000002,1.8172,1.9718,2.2687,2.4084,2.0766,2.1573,2.2415,2.3844,2.4526,2.501,2.59,2.66,2.73,2.8,2.89,2.98,3.07,3.16,3.25,3.37,3.49,3.61,3.73,3.85,3.9742,4.0995,4.2268,4.3573,4.4921,4.6311,4.7734,4.9196,5.0699,5.2249,5.3845,5.5483,5.7167,5.8899,6.0683,6.2516,6.4389,6.6301,6.825,7.0233
,GMB,RBU,unconditional,best,KYOTOGHG,IPCM0EL,MtCO2eq,AR4,1.1602,1.2004,1.1954,1.1948,1.2342,1.2668,1.3155,1.2732,1.337,1.3322,1.4201,1.4443,1.4625,1.5081,1.6399,1.6898,1.8030000000000002,1.8172,1.9718,2.2687,2.4084,2.0766,2.1573,2.2415,2.3844,2.4526,2.501,2.59,2.66,2.73,2.8,2.89,2.98,3.07,3.16,3.25,3.37,3.49,3.61,3.73,3.85,3.9742,4.0995,4.2268,4.3573,4.4921,4.6311,4.7734,4.9196,5.0699,5.2249,5.3845,5.5483,5.7167,5.8899,6.0683,6.2516,6.4389,6.6301,6.825,7.0233
"No targets calculated, so the baseline emissions are put in as target pathways for all un/conditional best/worst pathways.
",GMB,baseline_emissions,conditional,worst,KYOTOGHG,IPCM0EL,MtCO2eq,AR4,1.1602,1.2004,1.1954,1.1948,1.2342,1.2668,1.3155,1.2732,1.337,1.3322,1.4201,1.4443,1.4625,1.5081,1.6399,1.6898,1.8030000000000002,1.8172,1.9718,2.2687,2.4084,2.0766,2.1573,2.2415,2.3844,2.4526,2.501,2.59,2.66,2.73,2.8,2.89,2.98,3.07,3.16,3.25,3.37,3.49,3.61,3.73,3.85,3.9742,4.0995,4.2268,4.3573,4.4921,4.6311,4.7734,4.9196,5.0699,5.2249,5.3845,5.5483,5.7167,5.8899,6.0683,6.2516,6.4389,6.6301,6.825,7.0233
"No targets calculated, so the baseline emissions are put in as target pathways for all un/conditional best/worst pathways.
",GMB,baseline_emissions,conditional,best,KYOTOGHG,IPCM0EL,MtCO2eq,AR4,1.1602,1.2004,1.1954,1.1948,1.2342,1.2668,1.3155,1.2732,1.337,1.3322,1.4201,1.4443,1.4625,1.5081,1.6399,1.6898,1.8030000000000002,1.8172,1.9718,2.2687,2.4084,2.0766,2.1573,2.2415,2.3844,2.4526,2.501,2.59,2.66,2.73,2.8,2.89,2.98,3.07,3.16,3.25,3.37,3.49,3.61,3.73,3.85,3.9742,4.0995,4.2268,4.3573,4.4921,4.6311,4.7734,4.9196,5.0699,5.2249,5.3845,5.5483,5.7167,5.8899,6.0683,6.2516,6.4389,6.6301,6.825,7.0233
"No targets calculated, so the baseline emissions are put in as target pathways for all un/conditional best/worst pathways.
",GMB,baseline_emissions,unconditional,worst,KYOTOGHG,IPCM0EL,MtCO2eq,AR4,1.1602,1.2004,1.1954,1.1948,1.2342,1.2668,1.3155,1.2732,1.337,1.3322,1.4201,1.4443,1.4625,1.5081,1.6399,1.6898,1.8030000000000002,1.8172,1.9718,2.2687,2.4084,2.0766,2.1573,2.2415,2.3844,2.4526,2.501,2.59,2.66,2.73,2.8,2.89,2.98,3.07,3.16,3.25,3.37,3.49,3.61,3.73,3.85,3.9742,4.0995,4.2268,4.3573,4.4921,4.6311,4.7734,4.9196,5.0699,5.2249,5.3845,5.5483,5.7167,5.8899,6.0683,6.2516,6.4389,6.6301,6.825,7.0233
"No targets calculated, so the baseline emissions are put in as target pathways for all un/conditional best/worst pathways.
",GMB,baseline_emissions,unconditional,best,KYOTOGHG,IPCM0EL,MtCO2eq,AR4,1.1602,1.2004,1.1954,1.1948,1.2342,1.2668,1.3155,1.2732,1.337,1.3322,1.4201,1.4443,1.4625,1.5081,1.6399,1.6898,1.8030000000000002,1.8172,1.9718,2.2687,2.4084,2.0766,2.1573,2.2415,2.3844,2.4526,2.501,2.59,2.66,2.73,2.8,2.89,2.98,3.07,3.16,3.25,3.37,3.49,3.61,3.73,3.85,3.9742,4.0995,4.2268,4.3573,4.4921,4.6311,4.7734,4.9196,5.0699,5.2249,5.3845,5.5483,5.7167,5.8899,6.0683,6.2516,6.4389,6.6301,6.825,7.0233
,GMB,,emi_bau,emi_bau,KYOTOGHG,IPCM0EL,MtCO2eq,AR4,1.1602,1.2004,1.1954,1.1948,1.2342,1.2668,1.3155,1.2732,1.337,1.3322,1.4201,1.4443,1.4625,1.5081,1.6399,1.6898,1.8030000000000002,1.8172,1.9718,2.2687,2.4084,2.0766,2.1573,2.2415,2.3844,2.4526,2.501,2.59,2.66,2.73,2.8,2.89,2.98,3.07,3.16,3.25,3.37,3.49,3.61,3.73,3.85,3.9742,4.0995,4.2268,4.3573,4.4921,4.6311,4.7734,4.9196,5.0699,5.2249,5.3845,5.5483,5.7167,5.8899,6.0683,6.2516,6.4389,6.6301,6.825,7.0233
,GMB,,emi_cov,emi_cov,KYOTOGHG,IPCM0EL,MtCO2eq,AR4,1.1602,1.2004,1.1954,1.1948,1.2342,1.2668,1.3155,1.2732,1.337,1.3322,1.4201,1.4443,1.4625,1.5081,1.6399,1.6898,1.8030000000000002,1.8172,1.9718,2.2687,2.4084,2.0766,2.1573,2.2415,2.3844,2.4526,2.501,2.59,2.66,2.73,2.8,2.89,2.98,3.07,3.16,3.25,3.37,3.49,3.61,3.73,3.85,3.9742,4.0995,4.2268,4.3573,4.4921,4.6311,4.7734,4.9196,5.0699,5.2249,5.3845,5.5483,5.7167,5.8899,6.0683,6.2516,6.4389,6.6301,6.825,7.0233
,GMB,,emi_ncov,emi_ncov,KYOTOGHG,IPCM0EL,MtCO2eq,AR4,0.0,0.0,0.0,0.0,0.0,0.0,0.0,0.0,0.0,0.0,0.0,0.0,0.0,0.0,0.0,0.0,0.0,0.0,0.0,0.0,0.0,0.0,0.0,0.0,0.0,0.0,0.0,0.0,0.0,0.0,0.0,0.0,0.0,0.0,0.0,0.0,0.0,0.0,0.0,0.0,0.0,0.0,0.0,0.0,0.0,0.0,0.0,0.0,0.0,0.0,0.0,0.0,0.0,0.0,0.0,0.0,0.0,0.0,0.0,0.0,0.0
,GMB,,pc_cov,pc_cov,KYOTOGHG,IPCM0EL,MtCO2eq/MtCO2eq,AR4,1.0,1.0,1.0,1.0,1.0,1.0,1.0,1.0,1.0,1.0,1.0,1.0,1.0,1.0,1.0,1.0,1.0,1.0,1.0,1.0,1.0,1.0,1.0,1.0,1.0,1.0,1.0,1.0,1.0,1.0,1.0,1.0,1.0,1.0,1.0,1.0,1.0,1.0,1.0,1.0,1.0,1.0,1.0,1.0,1.0,1.0,1.0,1.0,1.0,1.0,1.0,1.0,1.0,1.0,1.0,1.0,1.0,1.0,1.0,1.0,1.0
,GNB,,pop,pop,POP,DEMOGR,Pers,,975261.0,997522.0,1020350.0,1043423.0,1066346.0,1088854.0,1110833.0,1132510.0,1154371.0,1177131.0,1201301.0,1227106.0,1254453.0,1283305.0,1313492.0,1344930.0,1377581.0,1411543.0,1446936.0,1483921.0,1522599.0,1562989.0,1604979.0,1648255.0,1692437.0,1737202.0,1782438.0,1828145.0,1855535.16,1890516.5961,1925536.0154,1960744.6538,1996255.8922,2032026.826,2068015.5153,2104181.1048,2140361.2271,2176364.2794,2212104.3436,2247492.6345,2282437.4039,2317106.0468,2351665.5496,2386021.9189,2420081.981,2453753.3845,2486981.1108,2519777.9806,2552154.0379,2584119.331,2615683.9024,2647037.8265,2678283.6013,2709300.7512,2739969.9509,2770173.0373,2799717.9474,2828522.9822,2856634.294,2884095.0848,2910945.5482
,GNB,,gdp,gdp,GDPPPP,ECO,2011GKD,,1312745361.3281,1363421264.6484,1199043334.9609,1337288330.0781,1480427001.9531,1516673339.8438,1561260009.7656,1794072265.625,1521461669.9219,1801507812.5,1764475708.0078,1786061889.6484,1759765991.2109,1763349853.5156,1831692993.1641,1871102172.8516,1823618408.2031,1891398925.7813,1950780517.5781,1927077148.4375,2050714111.3281,2358332275.3906,2150761230.4688,2220940429.6875,2366355224.6094,2709025146.4844,2984393798.8281,3308010498.0469,3110087199.0031,3232171603.5033,3368292115.4954,3521885361.894,3690523780.7681,3872247235.4166,4065118119.4174,4267205014.9862,4478445314.4638,4699225071.9888,4928295182.0568,5164430331.401,5406436441.513,5654835214.8318,5911705334.4204,6178219876.4752,6455560802.9168,6744921874.8077,7045891284.5801,7357877532.5116,7681853989.1103,8018849909.8916,8369958379.5845,8735498747.8729,9115211107.3545,9509449500.7945,9918678675.326,10343483678.4976,10785402079.3798,11245159193.7871,11722237235.7728,12216144564.9947,12726413748.0596
"No targets calculated, so the baseline emissions are put in as target pathways for all un/conditional best/worst pathways.
",GNB,baseline_emissions,conditional,worst,KYOTOGHG,IPCM0EL,MtCO2eq,AR4,1.6022,1.6185,1.6562,1.6885,1.7245,1.7559,1.681,1.6725,1.6449,1.7831,1.7566,1.9864,2.0997,2.1413,2.0971,2.064,2.2319999999999998,2.2621,2.1785,2.2872,2.3819,2.385,2.5715,2.5267,2.5258,2.7017,2.6719999999999997,2.8096,2.8594615384615385,2.9093230769230765,2.9591846153846157,3.0090461538461537,3.058907692307692,3.10876923076923,3.1586307692307685,3.2084923076923064,3.2583538461538453,3.308215384615384,3.3580769230769216,3.4079384615384605,3.457799999999999,3.6120949999999987,3.766389999999999,3.9206849999999993,4.074979999999999,4.229275,4.38357,4.537865,4.6921599999999986,4.846455000000001,5.00075,5.155044999999999,5.3093400000000015,5.463635,5.617930000000001,5.7722250000000015,5.926520000000001,6.080815000000001,6.2351100000000015,6.389405000000003,6.543700000000001
"No targets calculated, so the baseline emissions are put in as target pathways for all un/conditional best/worst pathways.
",GNB,baseline_emissions,conditional,best,KYOTOGHG,IPCM0EL,MtCO2eq,AR4,1.6022,1.6185,1.6562,1.6885,1.7245,1.7559,1.681,1.6725,1.6449,1.7831,1.7566,1.9864,2.0997,2.1413,2.0971,2.064,2.2319999999999998,2.2621,2.1785,2.2872,2.3819,2.385,2.5715,2.5267,2.5258,2.7017,2.6719999999999997,2.8096,2.8594615384615385,2.9093230769230765,2.9591846153846157,3.0090461538461537,3.058907692307692,3.10876923076923,3.1586307692307685,3.2084923076923064,3.2583538461538453,3.308215384615384,3.3580769230769216,3.4079384615384605,3.457799999999999,3.6120949999999987,3.766389999999999,3.9206849999999993,4.074979999999999,4.229275,4.38357,4.537865,4.6921599999999986,4.846455000000001,5.00075,5.155044999999999,5.3093400000000015,5.463635,5.617930000000001,5.7722250000000015,5.926520000000001,6.080815000000001,6.2351100000000015,6.389405000000003,6.543700000000001
"No targets calculated, so the baseline emissions are put in as target pathways for all un/conditional best/worst pathways.
",GNB,baseline_emissions,unconditional,worst,KYOTOGHG,IPCM0EL,MtCO2eq,AR4,1.6022,1.6185,1.6562,1.6885,1.7245,1.7559,1.681,1.6725,1.6449,1.7831,1.7566,1.9864,2.0997,2.1413,2.0971,2.064,2.2319999999999998,2.2621,2.1785,2.2872,2.3819,2.385,2.5715,2.5267,2.5258,2.7017,2.6719999999999997,2.8096,2.8594615384615385,2.9093230769230765,2.9591846153846157,3.0090461538461537,3.058907692307692,3.10876923076923,3.1586307692307685,3.2084923076923064,3.2583538461538453,3.308215384615384,3.3580769230769216,3.4079384615384605,3.457799999999999,3.6120949999999987,3.766389999999999,3.9206849999999993,4.074979999999999,4.229275,4.38357,4.537865,4.6921599999999986,4.846455000000001,5.00075,5.155044999999999,5.3093400000000015,5.463635,5.617930000000001,5.7722250000000015,5.926520000000001,6.080815000000001,6.2351100000000015,6.389405000000003,6.543700000000001
"No targets calculated, so the baseline emissions are put in as target pathways for all un/conditional best/worst pathways.
",GNB,baseline_emissions,unconditional,best,KYOTOGHG,IPCM0EL,MtCO2eq,AR4,1.6022,1.6185,1.6562,1.6885,1.7245,1.7559,1.681,1.6725,1.6449,1.7831,1.7566,1.9864,2.0997,2.1413,2.0971,2.064,2.2319999999999998,2.2621,2.1785,2.2872,2.3819,2.385,2.5715,2.5267,2.5258,2.7017,2.6719999999999997,2.8096,2.8594615384615385,2.9093230769230765,2.9591846153846157,3.0090461538461537,3.058907692307692,3.10876923076923,3.1586307692307685,3.2084923076923064,3.2583538461538453,3.308215384615384,3.3580769230769216,3.4079384615384605,3.457799999999999,3.6120949999999987,3.766389999999999,3.9206849999999993,4.074979999999999,4.229275,4.38357,4.537865,4.6921599999999986,4.846455000000001,5.00075,5.155044999999999,5.3093400000000015,5.463635,5.617930000000001,5.7722250000000015,5.926520000000001,6.080815000000001,6.2351100000000015,6.389405000000003,6.543700000000001
,GNB,,emi_bau,emi_bau,KYOTOGHG,IPCM0EL,MtCO2eq,AR4,1.6022,1.6185,1.6562,1.6885,1.7245,1.7559,1.681,1.6725,1.6449,1.7831,1.7566,1.9864,2.0997,2.1413,2.0971,2.064,2.2319999999999998,2.2621,2.1785,2.2872,2.3819,2.385,2.5715,2.5267,2.5258,2.7017,2.6719999999999997,2.8096,2.8594615384615385,2.9093230769230765,2.9591846153846157,3.0090461538461537,3.058907692307692,3.10876923076923,3.1586307692307685,3.2084923076923064,3.2583538461538453,3.308215384615384,3.3580769230769216,3.4079384615384605,3.457799999999999,3.6120949999999987,3.766389999999999,3.9206849999999993,4.074979999999999,4.229275,4.38357,4.537865,4.6921599999999986,4.846455000000001,5.00075,5.155044999999999,5.3093400000000015,5.463635,5.617930000000001,5.7722250000000015,5.926520000000001,6.080815000000001,6.2351100000000015,6.389405000000003,6.543700000000001
,GNB,,emi_cov,emi_cov,KYOTOGHG,IPCM0EL,MtCO2eq,AR4,0.234957895499,0.24029215464150003,0.24331449837239996,0.24826656454599996,0.25769700845800003,0.2557664589384,0.255671721896,0.2782290234975,0.2471783696358,0.2726294620709,0.228769738257,0.23381471830079997,0.23700284381339998,0.27976650659720004,0.30255514736940003,0.317291976912,0.32240702534399995,0.3411820513802,0.34434627123100003,0.3543220362912,0.3621001156536,0.372576736485,0.3808440847085,0.3917643650338,0.4106233498058,0.4745880976039,0.502833729472,0.525823987104,0.44957906914153845,0.46924424485726146,0.4916701247650308,0.5167771100545847,0.5432884473519384,0.5708573996196922,0.5991237967597844,0.6278132971814152,0.6568506590571999,0.6862439457548307,0.7157892410807689,0.7453489940652306,0.7747908504191997,0.8280252833128448,0.8822073789036698,0.9373313717377647,0.9933893619704598,1.05035574776695,1.10817425930247,1.16677615737482,1.2261375007587196,1.2862729579405052,1.347164784411,1.4088045301603347,1.4711066762627407,1.53397995343392,1.5973184416278403,1.6610486909271007,1.72514594780444,1.7895660437928655,1.8542013763770004,1.9189765888018557,1.9838083971011002
,GNB,,emi_ncov,emi_ncov,KYOTOGHG,IPCM0EL,MtCO2eq,AR4,1.367242104501,1.3782078453585,1.4128855016275998,1.4402334354539998,1.466802991542,1.5001335410616001,1.425328278104,1.3942709765025,1.3977216303642002,1.5104705379291,1.527830261743,1.7525852816992,1.8626971561866,1.8615334934028003,1.7945448526306003,1.7467080230879999,1.9095929746559999,1.9209179486198003,1.8341537287690002,1.9328779637087998,2.0197998843464,2.0124232635149997,2.1906559152915,2.1349356349661996,2.1151766501941998,2.2271119023961004,2.1691662705279997,2.283776012896,2.40988246932,2.440078832065815,2.467514490619585,2.492269043791569,2.515619244955754,2.537911831149538,2.559506972470984,2.580679010510891,2.6015031870966454,2.6219714388605535,2.642287681996153,2.66258946747323,2.683009149580799,2.7840697166871538,2.8841826210963295,2.9833536282622344,3.0815906380295393,3.17891925223305,3.2753957406975296,3.3710888426251797,3.4660224992412787,3.560182042059495,3.653585215589,3.7462404698396647,3.838233323737261,3.92965504656608,4.020611558372161,4.111176309072901,4.20137405219556,4.291248956207136,4.380908623623001,4.470428411198148,4.559891602898901
,GNB,,pc_cov,pc_cov,KYOTOGHG,IPCM0EL,MtCO2eq/MtCO2eq,AR4,0.146647045,0.148465959,0.146911302,0.147033796,0.14943288400000002,0.145661176,0.152095016,0.166355171,0.150269542,0.152896339,0.130234395,0.11770777199999999,0.112874622,0.130652644,0.144273114,0.153726733,0.14444759199999999,0.150825362,0.158065766,0.154915196,0.152021544,0.156216661,0.148101919,0.155049814,0.162571601,0.175662767,0.188186276,0.187152615,0.15722508,0.161289837,0.16615054099999998,0.17174117100000003,0.17760864399999998,0.183628104,0.189678326,0.195672371,0.20158972600000002,0.20743629600000002,0.21315451,0.21870964,0.224070464,0.22923685100000002,0.234231553,0.23907336899999998,0.243777727,0.248353618,0.252801771,0.25712006800000003,0.261316217,0.265404911,0.269392548,0.273286563,0.27707901100000004,0.280761792,0.284325088,0.28776575600000004,0.29108919699999997,0.294297071,0.2973807,0.300337291,0.303163103
,GNQ,,pop,pop,POP,DEMOGR,Pers,,419188.0,432853.0,447266.0,462637.0,479098.0,496768.0,515853.0,536460.0,558492.0,581770.0,606181.0,631666.0,658384.0,686664.0,716949.0,749535.0,784496.0,821687.0,860840.0,901599.0,943639.0,986853.0,1031191.0,1076413.0,1122277.0,1168568.0,1215180.0,1262002.0,1286987.562,1317139.9673,1347107.9595,1376902.5834,1406639.5835,1436436.7147,1466411.6892,1496682.468,1527170.3174,1557640.1419,1587975.3053,1618058.6169,1647772.175,1677159.5259,1706376.1265,1735471.4116,1764495.0458,1793496.9933,1822415.9734,1851175.9623,1879805.0735,1908331.429,1936783.1492,1965225.806,1993715.349,2022265.7931,2050891.6505,2079607.9584,2108363.3011,2137013.4151,2165433.6261,2193498.2196,2221080.493
,GNQ,,gdp,gdp,GDPPPP,ECO,2011GKD,,776428771.9727,774777160.6445,926977050.7813,962286926.2695,659572021.4844,770799377.4414,1188921386.7188,3009548095.7031,2431653320.3125,3809747070.3125,5889602539.0625,8400451171.875,7439988281.25,7959050781.25,10731820312.5,16133046875.0,15442290039.0625,17721148437.5,26059271484.375,19972531250.0,23816253906.25,34168398437.5,36601800781.25,32854109375.0,31450525390.625,22235828125.0,18541712890.625,20226701171.875,26192379555.6407,26495109944.3971,26938989610.9266,27598473600.1974,28434901616.3002,29374428822.62,30344033479.3207,31271005290.1992,32134575709.0217,32968756179.1576,33782792107.8302,34585520223.9618,35385356691.9456,36181836815.3437,36973585575.0664,37767280988.2099,38569509422.6458,39386784830.8002,40208964861.8545,41026807138.1884,41847905120.4789,42679564209.37,43528841767.2723,44387980939.571,45248355204.8392,46115338395.3148,46994032406.8365,47889306978.7575,48801161584.0146,49725164146.8901,50659354633.4104,51601724101.1384,52550207739.0076
"The target value from 'conditional_best' was used for 'conditional_worst' in 2030, 2050.
",GNQ,RBY,conditional,worst,KYOTOGHG,IPCM0EL,MtCO2eq,AR4,0.20222,0.2909,0.32243,0.27332,4.5289,4.5556,4.5008,5.8171,6.2635,6.4312,5.8846,10.0517,10.7036,12.3198,12.366,12.0297,11.9301,12.2717,11.859000000000002,11.2588,11.5573,13.0262,9.869,11.9762,12.1894,12.9423,13.0733,13.0496,15.5526,15.3922,15.3236,14.601208461314169,13.95190089866746,13.326841123313104,12.68861642818579,12.009332615446182,11.288353636236092,10.54390234947675,9.782173713731035,9.00756614049545,8.223131908571428,7.997394553268964,7.7655536540117795,7.529639632888408,7.291263693085189,7.051816161401117,6.809478407082049,6.562736367302655,6.313080301314224,6.0615283139536436,5.808883267138575,5.5544403546243535,5.297231057202806,5.0372879583969326,4.774684345708151,4.509417072655629,4.241021596773718,3.968770220425475,3.692502106177861,3.41211067109713,3.1277047785714274
,GNQ,RBY,conditional,best,KYOTOGHG,IPCM0EL,MtCO2eq,AR4,0.20222,0.2909,0.32243,0.27332,4.5289,4.5556,4.5008,5.8171,6.2635,6.4312,5.8846,10.0517,10.7036,12.3198,12.366,12.0297,11.9301,12.2717,11.859000000000002,11.2588,11.5573,13.0262,9.869,11.9762,12.1894,12.9423,13.0733,13.0496,15.5526,15.3922,15.3236,14.601208461314169,13.95190089866746,13.326841123313104,12.68861642818579,12.009332615446182,11.288353636236092,10.54390234947675,9.782173713731035,9.00756614049545,8.223131908571428,7.997394553268964,7.7655536540117795,7.529639632888408,7.291263693085189,7.051816161401117,6.809478407082049,6.562736367302655,6.313080301314224,6.0615283139536436,5.808883267138575,5.5544403546243535,5.297231057202806,5.0372879583969326,4.774684345708151,4.509417072655629,4.241021596773718,3.968770220425475,3.692502106177861,3.41211067109713,3.1277047785714274
,GNQ,RBY,unconditional,worst,KYOTOGHG,IPCM0EL,MtCO2eq,AR4,0.20222,0.2909,0.32243,0.27332,4.5289,4.5556,4.5008,5.8171,6.2635,6.4312,5.8846,10.0517,10.7036,12.3198,12.366,12.0297,11.9301,12.2717,11.859000000000002,11.2588,11.5573,13.0262,9.869,11.9762,12.1894,12.9423,13.0733,13.0496,15.5526,15.3922,15.3236,15.3764,15.5164,15.7016,15.8937,16.0568,16.1837,16.2941,16.3942,16.4892,16.5837,16.6746,16.7587,16.8398,16.9213,17.0066,17.0916,17.1723,17.2522,17.3341,17.4207,17.5105,17.6008,17.6918,17.7839,17.8773,17.9703,18.0595,18.1432,18.2194,18.2866
,GNQ,RBY,unconditional,best,KYOTOGHG,IPCM0EL,MtCO2eq,AR4,0.20222,0.2909,0.32243,0.27332,4.5289,4.5556,4.5008,5.8171,6.2635,6.4312,5.8846,10.0517,10.7036,12.3198,12.366,12.0297,11.9301,12.2717,11.859000000000002,11.2588,11.5573,13.0262,9.869,11.9762,12.1894,12.9423,13.0733,13.0496,15.5526,15.3922,15.3236,15.3764,15.5164,15.7016,15.8937,16.0568,16.1837,16.2941,16.3942,16.4892,16.5837,16.6746,16.7587,16.8398,16.9213,17.0066,17.0916,17.1723,17.2522,17.3341,17.4207,17.5105,17.6008,17.6918,17.7839,17.8773,17.9703,18.0595,18.1432,18.2194,18.2866
"No targets calculated, so the baseline emissions are put in as target pathways for all un/conditional best/worst pathways.
",GNQ,baseline_emissions,conditional,worst,KYOTOGHG,IPCM0EL,MtCO2eq,AR4,0.20222,0.2909,0.32243,0.27332,4.5289,4.5556,4.5008,5.8171,6.2635,6.4312,5.8846,10.0517,10.7036,12.3198,12.366,12.0297,11.9301,12.2717,11.859000000000002,11.2588,11.5573,13.0262,9.869,11.9762,12.1894,12.9423,13.0733,13.0496,15.5526,15.3922,15.3236,15.3764,15.5164,15.7016,15.8937,16.0568,16.1837,16.2941,16.3942,16.4892,16.5837,16.6746,16.7587,16.8398,16.9213,17.0066,17.0916,17.1723,17.2522,17.3341,17.4207,17.5105,17.6008,17.6918,17.7839,17.8773,17.9703,18.0595,18.1432,18.2194,18.2866
"No targets calculated, so the baseline emissions are put in as target pathways for all un/conditional best/worst pathways.
",GNQ,baseline_emissions,conditional,best,KYOTOGHG,IPCM0EL,MtCO2eq,AR4,0.20222,0.2909,0.32243,0.27332,4.5289,4.5556,4.5008,5.8171,6.2635,6.4312,5.8846,10.0517,10.7036,12.3198,12.366,12.0297,11.9301,12.2717,11.859000000000002,11.2588,11.5573,13.0262,9.869,11.9762,12.1894,12.9423,13.0733,13.0496,15.5526,15.3922,15.3236,15.3764,15.5164,15.7016,15.8937,16.0568,16.1837,16.2941,16.3942,16.4892,16.5837,16.6746,16.7587,16.8398,16.9213,17.0066,17.0916,17.1723,17.2522,17.3341,17.4207,17.5105,17.6008,17.6918,17.7839,17.8773,17.9703,18.0595,18.1432,18.2194,18.2866
"No targets calculated, so the baseline emissions are put in as target pathways for all un/conditional best/worst pathways.
",GNQ,baseline_emissions,unconditional,worst,KYOTOGHG,IPCM0EL,MtCO2eq,AR4,0.20222,0.2909,0.32243,0.27332,4.5289,4.5556,4.5008,5.8171,6.2635,6.4312,5.8846,10.0517,10.7036,12.3198,12.366,12.0297,11.9301,12.2717,11.859000000000002,11.2588,11.5573,13.0262,9.869,11.9762,12.1894,12.9423,13.0733,13.0496,15.5526,15.3922,15.3236,15.3764,15.5164,15.7016,15.8937,16.0568,16.1837,16.2941,16.3942,16.4892,16.5837,16.6746,16.7587,16.8398,16.9213,17.0066,17.0916,17.1723,17.2522,17.3341,17.4207,17.5105,17.6008,17.6918,17.7839,17.8773,17.9703,18.0595,18.1432,18.2194,18.2866
"No targets calculated, so the baseline emissions are put in as target pathways for all un/conditional best/worst pathways.
",GNQ,baseline_emissions,unconditional,best,KYOTOGHG,IPCM0EL,MtCO2eq,AR4,0.20222,0.2909,0.32243,0.27332,4.5289,4.5556,4.5008,5.8171,6.2635,6.4312,5.8846,10.0517,10.7036,12.3198,12.366,12.0297,11.9301,12.2717,11.859000000000002,11.2588,11.5573,13.0262,9.869,11.9762,12.1894,12.9423,13.0733,13.0496,15.5526,15.3922,15.3236,15.3764,15.5164,15.7016,15.8937,16.0568,16.1837,16.2941,16.3942,16.4892,16.5837,16.6746,16.7587,16.8398,16.9213,17.0066,17.0916,17.1723,17.2522,17.3341,17.4207,17.5105,17.6008,17.6918,17.7839,17.8773,17.9703,18.0595,18.1432,18.2194,18.2866
,GNQ,,emi_bau,emi_bau,KYOTOGHG,IPCM0EL,MtCO2eq,AR4,0.20222,0.2909,0.32243,0.27332,4.5289,4.5556,4.5008,5.8171,6.2635,6.4312,5.8846,10.0517,10.7036,12.3198,12.366,12.0297,11.9301,12.2717,11.859000000000002,11.2588,11.5573,13.0262,9.869,11.9762,12.1894,12.9423,13.0733,13.0496,15.5526,15.3922,15.3236,15.3764,15.5164,15.7016,15.8937,16.0568,16.1837,16.2941,16.3942,16.4892,16.5837,16.6746,16.7587,16.8398,16.9213,17.0066,17.0916,17.1723,17.2522,17.3341,17.4207,17.5105,17.6008,17.6918,17.7839,17.8773,17.9703,18.0595,18.1432,18.2194,18.2866
,GNQ,,emi_cov,emi_cov,KYOTOGHG,IPCM0EL,MtCO2eq,AR4,0.20222,0.2909,0.32243,0.27332,4.5289,4.5556,4.5008,5.8171,6.2635,6.4312,5.8846,10.0517,10.7036,12.3198,12.366,12.0297,11.9301,12.2717,11.859000000000002,11.2588,11.5573,13.0262,9.869,11.9762,12.1894,12.9423,13.0733,13.0496,15.552557992427401,15.3922,15.3236,15.3764,15.5163410066472,15.7016,15.8936400012825,16.0568,16.1837,16.2941,16.394179999076,16.4892,16.5837,16.6746,16.7587,16.8398,16.9213,17.0066,17.0916,17.1723,17.252109995272598,17.3340599928972,17.420680001036402,17.5105,17.600720004364,17.6917100018134,17.7839,17.8773,17.9703,18.0595,18.1431800061936,18.2194,18.2866
,GNQ,,emi_ncov,emi_ncov,KYOTOGHG,IPCM0EL,MtCO2eq,AR4,0.0,0.0,0.0,0.0,0.0,0.0,0.0,0.0,0.0,0.0,0.0,0.0,0.0,0.0,0.0,0.0,0.0,0.0,0.0,0.0,0.0,0.0,0.0,0.0,0.0,0.0,0.0,0.0,4.2007572599904306e-05,0.0,0.0,0.0,5.899335280081784e-05,0.0,5.999871750062246e-05,0.0,0.0,0.0,2.000092400039313e-05,0.0,0.0,0.0,0.0,0.0,0.0,0.0,0.0,0.0,9.00047274000311e-05,4.0007102800111216e-05,1.999896359914386e-05,0.0,7.99956360003951e-05,8.99981866002604e-05,0.0,0.0,0.0,0.0,1.9993806400554794e-05,0.0,0.0
,GNQ,,pc_cov,pc_cov,KYOTOGHG,IPCM0EL,MtCO2eq/MtCO2eq,AR4,1.0,1.0,1.0,1.0,1.0,1.0,1.0,1.0,1.0,1.0,1.0,1.0,1.0,1.0,1.0,1.0,1.0,1.0,1.0,1.0,1.0,1.0,1.0,1.0,1.0,1.0,1.0,1.0,0.999997299,1.0,1.0,1.0,0.999996198,1.0,0.999996225,1.0,1.0,1.0,0.99999878,1.0,1.0,1.0,1.0,1.0,1.0,1.0,1.0,1.0,0.999994783,0.999997692,0.999998852,1.0,0.999995455,0.999994913,1.0,1.0,1.0,1.0,0.999998898,1.0,1.0
,GRC,,pop,pop,POP,DEMOGR,Pers,,10225992.0,10315107.0,10420236.0,10533815.0,10644949.0,10745503.0,10832141.0,10906257.0,10970121.0,11027900.0,11082104.0,11134457.0,11182305.0,11218884.0,11234992.0,11224791.0,11185228.0,11120358.0,11040309.0,10959272.0,10887637.0,10829079.0,10781125.0,10740500.0,10701456.0,10659750.0,10615185.0,10569450.0,10521370.5176,10491650.8612,10458999.4358,10424954.8237,10389577.3997,10353638.7148,10317911.283,10283170.1662,10248394.926,10212429.9277,10175853.5189,10139248.9526,10103204.7157,10066155.1129,10026499.2082,9984767.7639,9941480.2283,9897145.378,9851958.3179,9805789.3205,9758649.5353,9710546.3311,9661482.9859,9611182.458,9559120.8403,9504930.5387,9448247.8371,9388713.3815,9326702.1304,9262984.3884,9197798.2368,9131382.6542,9063977.5656
,GRC,,gdp,gdp,GDPPPP,ECO,2011GKD,,163656109375.0,175126531250.0,179924203125.0,182093734375.0,190398765625.0,199266546875.0,206281859375.0,223174843750.0,237053078125.0,242308828125.0,249373421875.0,261775406250.0,276045031250.0,286708781250.0,305724437500.0,309347375000.0,335516312500.0,344017843750.0,356183968750.0,345864250000.0,319313343750.0,290233968750.0,275014218750.0,273674656250.0,275677750000.0,277125031250.0,276039906250.0,283278375000.0,266140931134.2525,273188527183.1446,278680905874.2532,282723086241.9205,286500444638.2947,290155189079.1904,293829017174.5386,297663675797.9032,301667240136.0655,305691295941.7294,309643091878.097,313429811407.4425,316958613546.2904,320273874592.62103,323466261698.6085,326512338035.2175,329388634401.1305,332071686841.0038,334590113495.4347,336971716333.5709,339191867048.0226,341225978162.2256,343049503207.6866,344656878451.8347,346105802968.4558,347466366445.6207,348808265604.7982,350200920278.2802,351607517534.663,352952546691.7841,354247348946.9418,355503292051.4095,356731748459.1514
"The target value from 'unconditional_best' was used for 'conditional_worst' in 2030.
The target value from 'unconditional_best' was used for 'conditional_best' in 2030.
",GRC,RBY,conditional,worst,KYOTOGHG,IPCM0EL,MtCO2eq,AR4,103.766,103.8133,105.074,104.6985,107.4575,109.8024,112.8874,117.8126,123.38600000000001,123.5512,126.9113,128.0053,127.9438,131.7245,132.5037,136.9482,133.0394,135.5798,132.2302,125.0804,118.9112,115.8971,112.5696,103.0177,99.5722,95.7775,92.1329,95.8439,84.8461,86.9564,88.5768,86.39079592493367,84.03480232678518,81.5658514931466,79.03307695773029,76.47738815777818,73.90011596667264,71.26399812239978,68.5495546907364,65.74019066345842,62.822959999999995,63.584604253785834,64.33321287811495,65.06546429432771,65.77816226635541,66.46792254424292,67.14170164178687,67.80633073019293,68.45798686043773,69.09290975479338,69.70733913553201,70.29488253051615,70.86143104151951,71.42164975168092,71.99026641543465,72.58225947239679,73.1906097374753,73.79971205809939,74.41219862867858,75.03076431491789,75.65791596863589
,GRC,RBY,conditional,best,KYOTOGHG,IPCM0EL,MtCO2eq,AR4,103.766,103.8133,105.074,104.6985,107.4575,109.8024,112.8874,117.8126,123.38600000000001,123.5512,126.9113,128.0053,127.9438,131.7245,132.5037,136.9482,133.0394,135.5798,132.2302,125.0804,118.9112,115.8971,112.5696,103.0177,99.5722,95.7775,92.1329,95.8439,84.8461,86.9564,88.5768,86.39079592493367,84.03480232678518,81.5658514931466,79.03307695773029,76.47738815777818,73.90011596667264,71.26399812239978,68.5495546907364,65.74019066345842,62.822959999999995,63.584604253785834,64.33321287811495,65.06546429432771,65.77816226635541,66.46792254424292,67.14170164178687,67.80633073019293,68.45798686043773,69.09290975479338,69.70733913553201,70.29488253051615,70.86143104151951,71.42164975168092,71.99026641543465,72.58225947239679,73.1906097374753,73.79971205809939,74.41219862867858,75.03076431491789,75.65791596863589
"The target value from 'unconditional_best' was used for 'unconditional_worst' in 2030.
",GRC,RBY,unconditional,worst,KYOTOGHG,IPCM0EL,MtCO2eq,AR4,103.766,103.8133,105.074,104.6985,107.4575,109.8024,112.8874,117.8126,123.38600000000001,123.5512,126.9113,128.0053,127.9438,131.7245,132.5037,136.9482,133.0394,135.5798,132.2302,125.0804,118.9112,115.8971,112.5696,103.0177,99.5722,95.7775,92.1329,95.8439,84.8461,86.9564,88.5768,86.39079592493367,84.03480232678518,81.5658514931466,79.03307695773029,76.47738815777818,73.90011596667264,71.26399812239978,68.5495546907364,65.74019066345842,62.822959999999995,63.584604253785834,64.33321287811495,65.06546429432771,65.77816226635541,66.46792254424292,67.14170164178687,67.80633073019293,68.45798686043773,69.09290975479338,69.70733913553201,70.29488253051615,70.86143104151951,71.42164975168092,71.99026641543465,72.58225947239679,73.1906097374753,73.79971205809939,74.41219862867858,75.03076431491789,75.65791596863589
,GRC,RBY,unconditional,best,KYOTOGHG,IPCM0EL,MtCO2eq,AR4,103.766,103.8133,105.074,104.6985,107.4575,109.8024,112.8874,117.8126,123.38600000000001,123.5512,126.9113,128.0053,127.9438,131.7245,132.5037,136.9482,133.0394,135.5798,132.2302,125.0804,118.9112,115.8971,112.5696,103.0177,99.5722,95.7775,92.1329,95.8439,84.8461,86.9564,88.5768,86.39079592493367,84.03480232678518,81.5658514931466,79.03307695773029,76.47738815777818,73.90011596667264,71.26399812239978,68.5495546907364,65.74019066345842,62.822959999999995,63.584604253785834,64.33321287811495,65.06546429432771,65.77816226635541,66.46792254424292,67.14170164178687,67.80633073019293,68.45798686043773,69.09290975479338,69.70733913553201,70.29488253051615,70.86143104151951,71.42164975168092,71.99026641543465,72.58225947239679,73.1906097374753,73.79971205809939,74.41219862867858,75.03076431491789,75.65791596863589
"No targets calculated, so the baseline emissions are put in as target pathways for all un/conditional best/worst pathways.
",GRC,baseline_emissions,conditional,worst,KYOTOGHG,IPCM0EL,MtCO2eq,AR4,103.766,103.8133,105.074,104.6985,107.4575,109.8024,112.8874,117.8126,123.38600000000001,123.5512,126.9113,128.0053,127.9438,131.7245,132.5037,136.9482,133.0394,135.5798,132.2302,125.0804,118.9112,115.8971,112.5696,103.0177,99.5722,95.7775,92.1329,95.8439,84.8461,86.9564,88.5768,89.7407,90.8148,91.852,92.9052,94.0269,95.2287,96.4723,97.7366,99.0001,100.242,101.4573,102.6518,103.8202,104.9574,106.05799999999999,107.1331,108.1936,109.2334,110.2465,111.2269,112.1644,113.0684,113.9623,114.8696,115.8142,116.7849,117.7568,118.7341,119.7211,120.7218
"No targets calculated, so the baseline emissions are put in as target pathways for all un/conditional best/worst pathways.
",GRC,baseline_emissions,conditional,best,KYOTOGHG,IPCM0EL,MtCO2eq,AR4,103.766,103.8133,105.074,104.6985,107.4575,109.8024,112.8874,117.8126,123.38600000000001,123.5512,126.9113,128.0053,127.9438,131.7245,132.5037,136.9482,133.0394,135.5798,132.2302,125.0804,118.9112,115.8971,112.5696,103.0177,99.5722,95.7775,92.1329,95.8439,84.8461,86.9564,88.5768,89.7407,90.8148,91.852,92.9052,94.0269,95.2287,96.4723,97.7366,99.0001,100.242,101.4573,102.6518,103.8202,104.9574,106.05799999999999,107.1331,108.1936,109.2334,110.2465,111.2269,112.1644,113.0684,113.9623,114.8696,115.8142,116.7849,117.7568,118.7341,119.7211,120.7218
"No targets calculated, so the baseline emissions are put in as target pathways for all un/conditional best/worst pathways.
",GRC,baseline_emissions,unconditional,worst,KYOTOGHG,IPCM0EL,MtCO2eq,AR4,103.766,103.8133,105.074,104.6985,107.4575,109.8024,112.8874,117.8126,123.38600000000001,123.5512,126.9113,128.0053,127.9438,131.7245,132.5037,136.9482,133.0394,135.5798,132.2302,125.0804,118.9112,115.8971,112.5696,103.0177,99.5722,95.7775,92.1329,95.8439,84.8461,86.9564,88.5768,89.7407,90.8148,91.852,92.9052,94.0269,95.2287,96.4723,97.7366,99.0001,100.242,101.4573,102.6518,103.8202,104.9574,106.05799999999999,107.1331,108.1936,109.2334,110.2465,111.2269,112.1644,113.0684,113.9623,114.8696,115.8142,116.7849,117.7568,118.7341,119.7211,120.7218
"No targets calculated, so the baseline emissions are put in as target pathways for all un/conditional best/worst pathways.
",GRC,baseline_emissions,unconditional,best,KYOTOGHG,IPCM0EL,MtCO2eq,AR4,103.766,103.8133,105.074,104.6985,107.4575,109.8024,112.8874,117.8126,123.38600000000001,123.5512,126.9113,128.0053,127.9438,131.7245,132.5037,136.9482,133.0394,135.5798,132.2302,125.0804,118.9112,115.8971,112.5696,103.0177,99.5722,95.7775,92.1329,95.8439,84.8461,86.9564,88.5768,89.7407,90.8148,91.852,92.9052,94.0269,95.2287,96.4723,97.7366,99.0001,100.242,101.4573,102.6518,103.8202,104.9574,106.05799999999999,107.1331,108.1936,109.2334,110.2465,111.2269,112.1644,113.0684,113.9623,114.8696,115.8142,116.7849,117.7568,118.7341,119.7211,120.7218
,GRC,,emi_bau,emi_bau,KYOTOGHG,IPCM0EL,MtCO2eq,AR4,103.766,103.8133,105.074,104.6985,107.4575,109.8024,112.8874,117.8126,123.38600000000001,123.5512,126.9113,128.0053,127.9438,131.7245,132.5037,136.9482,133.0394,135.5798,132.2302,125.0804,118.9112,115.8971,112.5696,103.0177,99.5722,95.7775,92.1329,95.8439,84.8461,86.9564,88.5768,89.7407,90.8148,91.852,92.9052,94.0269,95.2287,96.4723,97.7366,99.0001,100.242,101.4573,102.6518,103.8202,104.9574,106.05799999999999,107.1331,108.1936,109.2334,110.2465,111.2269,112.1644,113.0684,113.9623,114.8696,115.8142,116.7849,117.7568,118.7341,119.7211,120.7218
,GRC,,emi_cov,emi_cov,KYOTOGHG,IPCM0EL,MtCO2eq,AR4,103.766,103.8133,105.074,104.6985,107.4575,109.8024,112.8874,117.8126,123.38600000000001,123.5512,126.9113,128.0053,127.9438,131.7245,132.5037,136.9482,133.0394,135.5798,132.2302,125.0804,118.9112,115.8971,112.5696,103.0177,99.5722,95.7775,92.1329,95.8439,84.8461,86.9564,88.5768,89.7407,90.8148,91.852,92.9052,94.0269,95.2287,96.4723,97.7366,99.0001,100.242,101.4573,102.6518,103.8202,104.9574,106.05799999999999,107.1331,108.1936,109.2334,110.2465,111.2269,112.1644,113.0684,113.9623,114.8696,115.8142,116.7849,117.7568,118.7341,119.7211,120.7218
,GRC,,emi_ncov,emi_ncov,KYOTOGHG,IPCM0EL,MtCO2eq,AR4,0.0,0.0,0.0,0.0,0.0,0.0,0.0,0.0,0.0,0.0,0.0,0.0,0.0,0.0,0.0,0.0,0.0,0.0,0.0,0.0,0.0,0.0,0.0,0.0,0.0,0.0,0.0,0.0,0.0,0.0,0.0,0.0,0.0,0.0,0.0,0.0,0.0,0.0,0.0,0.0,0.0,0.0,0.0,0.0,0.0,0.0,0.0,0.0,0.0,0.0,0.0,0.0,0.0,0.0,0.0,0.0,0.0,0.0,0.0,0.0,0.0
,GRC,,pc_cov,pc_cov,KYOTOGHG,IPCM0EL,MtCO2eq/MtCO2eq,AR4,1.0,1.0,1.0,1.0,1.0,1.0,1.0,1.0,1.0,1.0,1.0,1.0,1.0,1.0,1.0,1.0,1.0,1.0,1.0,1.0,1.0,1.0,1.0,1.0,1.0,1.0,1.0,1.0,1.0,1.0,1.0,1.0,1.0,1.0,1.0,1.0,1.0,1.0,1.0,1.0,1.0,1.0,1.0,1.0,1.0,1.0,1.0,1.0,1.0,1.0,1.0,1.0,1.0,1.0,1.0,1.0,1.0,1.0,1.0,1.0,1.0
,GRD,,pop,pop,POP,DEMOGR,Pers,,96331.0,96460.0,97165.0,98230.0,99352.0,100288.0,101001.0,101567.0,102021.0,102432.0,102833.0,103249.0,103634.0,104005.0,104347.0,104661.0,104933.0,105190.0,105456.0,105789.0,106233.0,106796.0,107446.0,108170.0,108902.0,109599.0,110261.0,110874.0,110749.94685,110789.907525,110821.97725,110828.26355,110796.2959,110744.614225,110691.69455,110655.983375,110618.917925,110552.87655,110462.77697500002,110353.6052,110230.396975,110104.933575,109986.649325,109876.991,109777.294625,109688.804925,109596.401725,109483.019925,109346.93475,109186.421925,108999.75265,108796.709325,108588.1715,108374.08535,108154.441875,107929.274925,107702.73145,107478.938875,107257.988975,107040.04425,106825.333875
,GRD,,gdp,gdp,GDPPPP,ECO,2011GKD,,431618804.9316,439619934.082,509763214.1113,506442138.6719,533705993.6523,538753112.793,587999572.7539,609186767.5781,674646606.4453,712081054.6875,739954711.9141,750371459.9609,787385498.0469,860540771.4844,879047546.3867,1011171325.6836,993383544.9219,1076447631.8359,1128717895.5078,1079741821.2891,1102546752.9297,1140874145.5078,1128100219.7266,1154747070.3125,1240680664.0625,1304838500.9766,1346920532.2266,1415454101.5625,1353925111.8923,1355702666.2809749,1358739575.7954,1365226042.456,1376372594.9398751,1390850086.22945,1407363397.2518,1424641992.39295,1442930275.73335,1463028308.235075,1484498219.1222248,1506883190.2067006,1529710567.510625,1553870081.7183,1580253249.4542,1608368246.722225,1637709928.5174,1667762739.04505,1698450642.1162248,1729716763.5259,1761068700.99135,1792014748.7111504,1822063768.1568754,1851621138.735025,1881280860.099,1910833965.2850754,1940070114.317675,1968777483.759225,1996919375.6324,2024514511.1685,2051435464.9911246,2077557915.6519003,2102760437.5505247
"The target value from 'conditional_best' was used for 'conditional_worst' in 2025, 2030.
",GRD,ABS,conditional,worst,KYOTOGHG,IPCM0EL,MtCO2eq,AR4,0.15054,0.15453,0.1622,0.16598,0.1904,0.19825,0.20264000000000001,0.21834,0.22541,0.2447,0.25585,0.2573,0.26899999999999996,0.28119,0.27144,0.28541,0.30079,0.30971,0.32418,0.32428,0.33305,0.32826,0.34684,0.3833,0.32252,0.32913000000000003,0.33793,0.33807,0.312975,0.3123075,0.31161,0.28883974906494897,0.26693649208920484,0.24544467651354338,0.2239903904669638,0.20230727142857144,0.19728525311507916,0.192337173335973,0.1873792815117019,0.18233581472314292,0.17714327142857145,0.17852359815586896,0.18004343312382626,0.18166789927227844,0.18336346096645145,0.1850871925938347,0.18684445985599185,0.18864465273065975,0.19044082132915477,0.19218601576279332,0.19383328614289178,0.1953665353647587,0.1968032019584765,0.1981419444986543,0.19938678726146486,0.2005430959484721,0.2016242848135856,0.20266120664079743,0.20366190998245337,0.20463578481629008,0.20559892824699916
,GRD,ABS,conditional,best,KYOTOGHG,IPCM0EL,MtCO2eq,AR4,0.15054,0.15453,0.1622,0.16598,0.1904,0.19825,0.20264000000000001,0.21834,0.22541,0.2447,0.25585,0.2573,0.26899999999999996,0.28119,0.27144,0.28541,0.30079,0.30971,0.32418,0.32428,0.33305,0.32826,0.34684,0.3833,0.32252,0.32913000000000003,0.33793,0.33807,0.312975,0.3123075,0.31161,0.28883974906494897,0.26693649208920484,0.24544467651354338,0.2239903904669638,0.20230727142857144,0.19728525311507916,0.192337173335973,0.1873792815117019,0.18233581472314292,0.17714327142857145,0.17852359815586896,0.18004343312382626,0.18166789927227844,0.18336346096645145,0.1850871925938347,0.18684445985599185,0.18864465273065975,0.19044082132915477,0.19218601576279332,0.19383328614289178,0.1953665353647587,0.1968032019584765,0.1981419444986543,0.19938678726146486,0.2005430959484721,0.2016242848135856,0.20266120664079743,0.20366190998245337,0.20463578481629008,0.20559892824699916
,GRD,ABS,unconditional,worst,KYOTOGHG,IPCM0EL,MtCO2eq,AR4,0.15054,0.15453,0.1622,0.16598,0.1904,0.19825,0.20264000000000001,0.21834,0.22541,0.2447,0.25585,0.2573,0.26899999999999996,0.28119,0.27144,0.28541,0.30079,0.30971,0.32418,0.32428,0.33305,0.32826,0.34684,0.3833,0.32252,0.32913000000000003,0.33793,0.33807,0.312975,0.3123075,0.31161,0.311495,0.312375,0.313945,0.31589,0.31792000000000004,0.320065,0.32247750000000003,0.32504,0.3276325,0.33014,0.3327125,0.335545,0.3385725,0.34173249999999994,0.344945,0.34822,0.351575,0.35492250000000003,0.358175,0.361245,0.3641025,0.36678,0.369275,0.371595,0.37375,0.375765,0.37769749999999996,0.3795625,0.3813775,0.3831725
,GRD,ABS,unconditional,best,KYOTOGHG,IPCM0EL,MtCO2eq,AR4,0.15054,0.15453,0.1622,0.16598,0.1904,0.19825,0.20264000000000001,0.21834,0.22541,0.2447,0.25585,0.2573,0.26899999999999996,0.28119,0.27144,0.28541,0.30079,0.30971,0.32418,0.32428,0.33305,0.32826,0.34684,0.3833,0.32252,0.32913000000000003,0.33793,0.33807,0.312975,0.3123075,0.31161,0.311495,0.312375,0.313945,0.31589,0.31792000000000004,0.320065,0.32247750000000003,0.32504,0.3276325,0.33014,0.3327125,0.335545,0.3385725,0.34173249999999994,0.344945,0.34822,0.351575,0.35492250000000003,0.358175,0.361245,0.3641025,0.36678,0.369275,0.371595,0.37375,0.375765,0.37769749999999996,0.3795625,0.3813775,0.3831725
"The target value from 'conditional_best' was used for 'conditional_worst' in 2025, 2030.
",GRD,RBY,conditional,worst,KYOTOGHG,IPCM0EL,MtCO2eq,AR4,0.15054,0.15453,0.1622,0.16598,0.1904,0.19825,0.20264000000000001,0.21834,0.22541,0.2447,0.25585,0.2573,0.26899999999999996,0.28119,0.27144,0.28541,0.30079,0.30971,0.32418,0.32428,0.33305,0.32826,0.34684,0.3833,0.32252,0.32913000000000003,0.33793,0.33807,0.312975,0.3123075,0.31161,0.28678088921330247,0.26280713947578843,0.23921951633962257,0.21563875415130412,0.19180063851254633,0.18592420000072338,0.1801010478760913,0.17425021308549063,0.16829997191583482,0.16219181064976135,0.16345563337011185,0.16484718938775722,0.16633454537837378,0.16788699622241945,0.1694652393668805,0.17107418763088353,0.17272243844790044,0.17436700465057225,0.17596489907154017,0.17747313454344532,0.17887697260890753,0.18019237993008866,0.18141812830220702,0.18255790233960764,0.1836166148614173,0.18460654791545275,0.18555595021169272,0.1864721909788273,0.1873638676503282,0.1882457186835757
,GRD,RBY,conditional,best,KYOTOGHG,IPCM0EL,MtCO2eq,AR4,0.15054,0.15453,0.1622,0.16598,0.1904,0.19825,0.20264000000000001,0.21834,0.22541,0.2447,0.25585,0.2573,0.26899999999999996,0.28119,0.27144,0.28541,0.30079,0.30971,0.32418,0.32428,0.33305,0.32826,0.34684,0.3833,0.32252,0.32913000000000003,0.33793,0.33807,0.312975,0.3123075,0.31161,0.28678088921330247,0.26280713947578843,0.23921951633962257,0.21563875415130412,0.19180063851254633,0.18592420000072338,0.1801010478760913,0.17425021308549063,0.16829997191583482,0.16219181064976135,0.16345563337011185,0.16484718938775722,0.16633454537837378,0.16788699622241945,0.1694652393668805,0.17107418763088353,0.17272243844790044,0.17436700465057225,0.17596489907154017,0.17747313454344532,0.17887697260890753,0.18019237993008866,0.18141812830220702,0.18255790233960764,0.1836166148614173,0.18460654791545275,0.18555595021169272,0.1864721909788273,0.1873638676503282,0.1882457186835757
,GRD,RBY,unconditional,worst,KYOTOGHG,IPCM0EL,MtCO2eq,AR4,0.15054,0.15453,0.1622,0.16598,0.1904,0.19825,0.20264000000000001,0.21834,0.22541,0.2447,0.25585,0.2573,0.26899999999999996,0.28119,0.27144,0.28541,0.30079,0.30971,0.32418,0.32428,0.33305,0.32826,0.34684,0.3833,0.32252,0.32913000000000003,0.33793,0.33807,0.312975,0.3123075,0.31161,0.311495,0.312375,0.313945,0.31589,0.31792000000000004,0.320065,0.32247750000000003,0.32504,0.3276325,0.33014,0.3327125,0.335545,0.3385725,0.34173249999999994,0.344945,0.34822,0.351575,0.35492250000000003,0.358175,0.361245,0.3641025,0.36678,0.369275,0.371595,0.37375,0.375765,0.37769749999999996,0.3795625,0.3813775,0.3831725
,GRD,RBY,unconditional,best,KYOTOGHG,IPCM0EL,MtCO2eq,AR4,0.15054,0.15453,0.1622,0.16598,0.1904,0.19825,0.20264000000000001,0.21834,0.22541,0.2447,0.25585,0.2573,0.26899999999999996,0.28119,0.27144,0.28541,0.30079,0.30971,0.32418,0.32428,0.33305,0.32826,0.34684,0.3833,0.32252,0.32913000000000003,0.33793,0.33807,0.312975,0.3123075,0.31161,0.311495,0.312375,0.313945,0.31589,0.31792000000000004,0.320065,0.32247750000000003,0.32504,0.3276325,0.33014,0.3327125,0.335545,0.3385725,0.34173249999999994,0.344945,0.34822,0.351575,0.35492250000000003,0.358175,0.361245,0.3641025,0.36678,0.369275,0.371595,0.37375,0.375765,0.37769749999999996,0.3795625,0.3813775,0.3831725
"No targets calculated, so the baseline emissions are put in as target pathways for all un/conditional best/worst pathways.
",GRD,baseline_emissions,conditional,worst,KYOTOGHG,IPCM0EL,MtCO2eq,AR4,0.15054,0.15453,0.1622,0.16598,0.1904,0.19825,0.20264000000000001,0.21834,0.22541,0.2447,0.25585,0.2573,0.26899999999999996,0.28119,0.27144,0.28541,0.30079,0.30971,0.32418,0.32428,0.33305,0.32826,0.34684,0.3833,0.32252,0.32913000000000003,0.33793,0.33807,0.312975,0.3123075,0.31161,0.311495,0.312375,0.313945,0.31589,0.31792000000000004,0.320065,0.32247750000000003,0.32504,0.3276325,0.33014,0.3327125,0.335545,0.3385725,0.34173249999999994,0.344945,0.34822,0.351575,0.35492250000000003,0.358175,0.361245,0.3641025,0.36678,0.369275,0.371595,0.37375,0.375765,0.37769749999999996,0.3795625,0.3813775,0.3831725
"No targets calculated, so the baseline emissions are put in as target pathways for all un/conditional best/worst pathways.
",GRD,baseline_emissions,conditional,best,KYOTOGHG,IPCM0EL,MtCO2eq,AR4,0.15054,0.15453,0.1622,0.16598,0.1904,0.19825,0.20264000000000001,0.21834,0.22541,0.2447,0.25585,0.2573,0.26899999999999996,0.28119,0.27144,0.28541,0.30079,0.30971,0.32418,0.32428,0.33305,0.32826,0.34684,0.3833,0.32252,0.32913000000000003,0.33793,0.33807,0.312975,0.3123075,0.31161,0.311495,0.312375,0.313945,0.31589,0.31792000000000004,0.320065,0.32247750000000003,0.32504,0.3276325,0.33014,0.3327125,0.335545,0.3385725,0.34173249999999994,0.344945,0.34822,0.351575,0.35492250000000003,0.358175,0.361245,0.3641025,0.36678,0.369275,0.371595,0.37375,0.375765,0.37769749999999996,0.3795625,0.3813775,0.3831725
"No targets calculated, so the baseline emissions are put in as target pathways for all un/conditional best/worst pathways.
",GRD,baseline_emissions,unconditional,worst,KYOTOGHG,IPCM0EL,MtCO2eq,AR4,0.15054,0.15453,0.1622,0.16598,0.1904,0.19825,0.20264000000000001,0.21834,0.22541,0.2447,0.25585,0.2573,0.26899999999999996,0.28119,0.27144,0.28541,0.30079,0.30971,0.32418,0.32428,0.33305,0.32826,0.34684,0.3833,0.32252,0.32913000000000003,0.33793,0.33807,0.312975,0.3123075,0.31161,0.311495,0.312375,0.313945,0.31589,0.31792000000000004,0.320065,0.32247750000000003,0.32504,0.3276325,0.33014,0.3327125,0.335545,0.3385725,0.34173249999999994,0.344945,0.34822,0.351575,0.35492250000000003,0.358175,0.361245,0.3641025,0.36678,0.369275,0.371595,0.37375,0.375765,0.37769749999999996,0.3795625,0.3813775,0.3831725
"No targets calculated, so the baseline emissions are put in as target pathways for all un/conditional best/worst pathways.
",GRD,baseline_emissions,unconditional,best,KYOTOGHG,IPCM0EL,MtCO2eq,AR4,0.15054,0.15453,0.1622,0.16598,0.1904,0.19825,0.20264000000000001,0.21834,0.22541,0.2447,0.25585,0.2573,0.26899999999999996,0.28119,0.27144,0.28541,0.30079,0.30971,0.32418,0.32428,0.33305,0.32826,0.34684,0.3833,0.32252,0.32913000000000003,0.33793,0.33807,0.312975,0.3123075,0.31161,0.311495,0.312375,0.313945,0.31589,0.31792000000000004,0.320065,0.32247750000000003,0.32504,0.3276325,0.33014,0.3327125,0.335545,0.3385725,0.34173249999999994,0.344945,0.34822,0.351575,0.35492250000000003,0.358175,0.361245,0.3641025,0.36678,0.369275,0.371595,0.37375,0.375765,0.37769749999999996,0.3795625,0.3813775,0.3831725
,GRD,,emi_bau,emi_bau,KYOTOGHG,IPCM0EL,MtCO2eq,AR4,0.15054,0.15453,0.1622,0.16598,0.1904,0.19825,0.20264000000000001,0.21834,0.22541,0.2447,0.25585,0.2573,0.26899999999999996,0.28119,0.27144,0.28541,0.30079,0.30971,0.32418,0.32428,0.33305,0.32826,0.34684,0.3833,0.32252,0.32913000000000003,0.33793,0.33807,0.312975,0.3123075,0.31161,0.311495,0.312375,0.313945,0.31589,0.31792000000000004,0.320065,0.32247750000000003,0.32504,0.3276325,0.33014,0.3327125,0.335545,0.3385725,0.34173249999999994,0.344945,0.34822,0.351575,0.35492250000000003,0.358175,0.361245,0.3641025,0.36678,0.369275,0.371595,0.37375,0.375765,0.37769749999999996,0.3795625,0.3813775,0.3831725
,GRD,,emi_cov,emi_cov,KYOTOGHG,IPCM0EL,MtCO2eq,AR4,0.12763611563586003,0.13140123343524,0.138903264282,0.14268655302956,0.16612241796639998,0.17362204364050002,0.17776271701080001,0.19281060991044,0.19973340444087997,0.2183557308721,0.22326008592020005,0.22504607667859997,0.23658527807499996,0.24891386229528,0.23880315834648,0.25173360588278,0.26648669441156003,0.27470768053557,0.28892163306654,0.28845967222204,0.29504753790625,0.28941491204682,0.30779816350399997,0.34349531342809997,0.28193550744831997,0.28783506472128,0.29577973596285,0.29517154921301997,0.272417794421175,0.27174460964178004,0.27104116909077003,0.27092518971326,0.27181268454375,0.273396055620395,0.27535762056179003,0.27740490945040003,0.27956817767351494,0.2820012241707525,0.28458554825328,0.28720012804028,0.28972898352256,0.2923233927463875,0.29518001628380997,0.29823330047899504,0.30142021324864243,0.30466007316870997,0.30796296552543995,0.31134653900245,0.3147225483770925,0.31800274889295005,0.32109889524311996,0.32398073184318,0.32668103523762004,0.3291972843987,0.331537043021415,0.3337103964675,0.33574255768599,0.33769151641175,0.33957240002262506,0.3414028578567075,0.343213145092625
,GRD,,emi_ncov,emi_ncov,KYOTOGHG,IPCM0EL,MtCO2eq,AR4,0.02290388436413999,0.02312876656476001,0.023296735718000006,0.023293446970439998,0.02427758203360002,0.024627956359499988,0.024877282989199993,0.025529390089560008,0.025676595559120014,0.026344269127900003,0.032589914079799984,0.032253923321399994,0.03241472192500001,0.03227613770471999,0.03263684165352001,0.03367639411722002,0.03430330558843997,0.03500231946442999,0.03525836693346002,0.03582032777796,0.038002462093750015,0.03884508795317999,0.039041836496,0.03980468657189999,0.040584492551680014,0.04129493527872001,0.04215026403714999,0.04289845078698002,0.04055720557882502,0.040562890358219965,0.04056883090922998,0.04056981028674002,0.04056231545625001,0.040548944379605004,0.04053237943821,0.04051509054960001,0.04049682232648503,0.040476275829247524,0.04045445174672,0.040432371959719965,0.040411016477439984,0.04038910725361252,0.04036498371619001,0.040339199521004974,0.040312286751357486,0.04028492683129002,0.040257034474560006,0.040228460997550015,0.04019995162290752,0.040172251107049986,0.040146104756880005,0.04012176815682,0.040098964762379966,0.04007771560130002,0.040057956978585,0.040039603532500044,0.040022442314010004,0.040005983588249985,0.03999009997737497,0.03997464214329251,0.03995935490737498
,GRD,,pc_cov,pc_cov,KYOTOGHG,IPCM0EL,MtCO2eq/MtCO2eq,AR4,0.8478551590000001,0.8503283079999999,0.85637031,0.859661122,0.8724916909999999,0.8757732340000001,0.877234095,0.883075066,0.8860893679999999,0.892340543,0.8726210120000001,0.874644682,0.879499175,0.885215912,0.879764067,0.882006958,0.8859559640000001,0.886983567,0.891238303,0.889538893,0.885895625,0.881663657,0.8874356,0.896152657,0.8741644159999999,0.874533056,0.875269245,0.8731077859999999,0.8704139129999999,0.8701187440000001,0.869808957,0.8697577479999999,0.87014865,0.870840611,0.871688311,0.872561995,0.8734731309999999,0.8744834109999999,0.875540082,0.8765923040000001,0.877594304,0.8786065829999999,0.879703218,0.8808550620000001,0.882035549,0.8832134779999999,0.884391952,0.885576446,0.886735973,0.887841834,0.888867376,0.889806392,0.8906729790000001,0.891469188,0.892199957,0.8928706259999999,0.893490766,0.8940793,0.8946415940000001,0.895183533,0.89571445
,GTM,,pop,pop,POP,DEMOGR,Pers,,9263813.0,9483270.0,9708544.0,9938692.0,10172297.0,10408489.0,10646674.0,10887634.0,11133501.0,11387203.0,11650743.0,11924946.0,12208848.0,12500478.0,12796925.0,13096028.0,13397021.0,13700327.0,14006428.0,14316263.0,14630417.0,14948801.0,15270771.0,15595816.0,15923236.0,16252429.0,16583076.0,16914970.0,17316038.7133,17743921.0778,18177807.7965,18620518.4153,19074701.7869,19538563.7786,20010315.4031,20488172.1355,20971761.4658,21460614.9335,21952815.7599,22446459.4662,22939654.4883,23433117.9697,23928923.673,24427217.1502,24928133.6369,25431798.0347,25938122.1887,26447213.6017,26959476.8732,27475308.5946,27995097.3199,28519324.8729,29047915.9306,29580411.6129,30116345.4872,30655243.549,31197179.9085,31741842.9345,32288189.7671,32835198.464,33381868.2039
,GTM,,gdp,gdp,GDPPPP,ECO,2011GKD,,32810488281.25,34968640625.0,35853640625.0,38043914062.5,40518753906.25,43427425781.25,45185972656.25,47626882812.5,50389246093.75,52511609375.0,54983570312.5,57425246093.75,60441117187.5,62447039062.5,64842488281.25,68735554687.5,72868906250.0,78596281250.0,83033695312.5,87188328125.0,91629843750.0,98504593750.0,101019437500.0,104015882812.5,109220718750.0,116639570312.5,121507789062.5,125235992187.5,129305321378.5381,133825115168.8565,138609430817.5038,143796168241.6504,149428505251.67902,155445455452.7885,161787583890.8802,168396861607.8903,175292146318.1469,182482888214.186,189897781368.1687,197465409782.1597,205114302797.2291,212830334981.6326,220663310784.6232,228636813902.5988,236773257893.6904,245093795951.2241,253616443124.4462,262363264492.9745,271361755842.2168,280641192165.4933,290232748960.6785,300124810866.6677,310283545557.5637,320708867297.5485,331401486720.9831,342362961426.4722,353629835788.6714,365229371925.7944,377149932337.4399,389379958662.4127,401907956959.5115
"The target value from 'conditional_best' was used for 'conditional_worst' in 2030.
",GTM,ABS,conditional,worst,KYOTOGHG,IPCM0EL,MtCO2eq,AR4,15.6993,16.1977,17.5491,17.2775,18.7391,18.8227,17.5847,18.7415,19.854,20.3833,21.2124,22.1251,22.6165,22.2279,23.5669,24.7581,25.1892,25.8133,24.5769,25.8558,26.9775,27.6621,28.0955,29.7247,34.6218,33.0896,33.9384,34.2275,35.555592307692315,36.88368461538462,38.21177692307693,38.56441925824127,38.851533424989476,39.07311942332156,39.22917725323748,39.319706914737246,39.344708407820896,39.304181732488374,39.198126888739736,39.02654387657494,38.78943269599401,40.220928013819595,41.686924455444796,43.19028455952547,44.7333435549651,46.31828601073789,47.94631720627788,49.61932039070078,51.34068541241485,53.1139527797576,54.94288899096043,56.82772003591722,58.76618601568914,60.75836226024081,62.804625419395364,64.90557813286985,67.06747278772836,69.29467852191935,71.58493543650394,73.93575764264945,76.34488524141702
,GTM,ABS,conditional,best,KYOTOGHG,IPCM0EL,MtCO2eq,AR4,15.6993,16.1977,17.5491,17.2775,18.7391,18.8227,17.5847,18.7415,19.854,20.3833,21.2124,22.1251,22.6165,22.2279,23.5669,24.7581,25.1892,25.8133,24.5769,25.8558,26.9775,27.6621,28.0955,29.7247,34.6218,33.0896,33.9384,34.2275,35.555592307692315,36.88368461538462,38.21177692307693,38.56441925824127,38.851533424989476,39.07311942332156,39.22917725323748,39.319706914737246,39.344708407820896,39.304181732488374,39.198126888739736,39.02654387657494,38.78943269599401,40.220928013819595,41.686924455444796,43.19028455952547,44.7333435549651,46.31828601073789,47.94631720627788,49.61932039070078,51.34068541241485,53.1139527797576,54.94288899096043,56.82772003591722,58.76618601568914,60.75836226024081,62.804625419395364,64.90557813286985,67.06747278772836,69.29467852191935,71.58493543650394,73.93575764264945,76.34488524141702
"The target value from 'unconditional_best' was used for 'unconditional_worst' in 2030.
",GTM,ABS,unconditional,worst,KYOTOGHG,IPCM0EL,MtCO2eq,AR4,15.6993,16.1977,17.5491,17.2775,18.7391,18.8227,17.5847,18.7415,19.854,20.3833,21.2124,22.1251,22.6165,22.2279,23.5669,24.7581,25.1892,25.8133,24.5769,25.8558,26.9775,27.6621,28.0955,29.7247,34.6218,33.0896,33.9384,34.2275,35.555592307692315,36.88368461538462,38.21177692307693,38.90196718791718,39.549304868130584,40.15378996371715,40.71542247467687,41.23420240100972,41.71012974271575,42.14320449979491,42.53342667224724,42.88079626007271,43.18531326327133,44.779035301428095,46.4111683638166,48.084899391311964,49.80282825673337,51.567387099169736,53.37991778846321,55.24251699624215,57.15895873143766,59.13318473671104,61.16938835531905,63.26782118785708,65.4259672283711,67.64391034372623,69.92206986824816,72.26111673685796,74.66801189936182,77.14761963393757,79.69742393463112,82.31465719489307,84.99680340876938
,GTM,ABS,unconditional,best,KYOTOGHG,IPCM0EL,MtCO2eq,AR4,15.6993,16.1977,17.5491,17.2775,18.7391,18.8227,17.5847,18.7415,19.854,20.3833,21.2124,22.1251,22.6165,22.2279,23.5669,24.7581,25.1892,25.8133,24.5769,25.8558,26.9775,27.6621,28.0955,29.7247,34.6218,33.0896,33.9384,34.2275,35.555592307692315,36.88368461538462,38.21177692307693,38.90196718791718,39.549304868130584,40.15378996371715,40.71542247467687,41.23420240100972,41.71012974271575,42.14320449979491,42.53342667224724,42.88079626007271,43.18531326327133,44.779035301428095,46.4111683638166,48.084899391311964,49.80282825673337,51.567387099169736,53.37991778846321,55.24251699624215,57.15895873143766,59.13318473671104,61.16938835531905,63.26782118785708,65.4259672283711,67.64391034372623,69.92206986824816,72.26111673685796,74.66801189936182,77.14761963393757,79.69742393463112,82.31465719489307,84.99680340876938
"The target value from 'conditional_best' was used for 'conditional_worst' in 2030.
",GTM,ABU,conditional,worst,KYOTOGHG,IPCM0EL,MtCO2eq,AR4,15.6993,16.1977,17.5491,17.2775,18.7391,18.8227,17.5847,18.7415,19.854,20.3833,21.2124,22.1251,22.6165,22.2279,23.5669,24.7581,25.1892,25.8133,24.5769,25.8558,26.9775,27.6621,28.0955,29.7247,34.6218,33.0896,33.9384,34.2275,35.555592307692315,36.88368461538462,38.21177692307693,38.56441925824127,38.85153342498948,39.07311942332156,39.22917725323748,39.319706914737246,39.344708407820896,39.30418173248838,39.198126888739736,39.02654387657495,38.789432695994016,40.2209280138196,41.6869244554448,43.19028455952548,44.73334355496511,46.3182860107379,47.94631720627789,49.619320390700786,51.34068541241486,53.113952779757604,54.942888990960434,56.827720035917224,58.76618601568915,60.758362260240816,62.80462541939537,64.90557813286985,67.06747278772838,69.29467852191937,71.58493543650395,73.93575764264945,76.34488524141703
,GTM,ABU,conditional,best,KYOTOGHG,IPCM0EL,MtCO2eq,AR4,15.6993,16.1977,17.5491,17.2775,18.7391,18.8227,17.5847,18.7415,19.854,20.3833,21.2124,22.1251,22.6165,22.2279,23.5669,24.7581,25.1892,25.8133,24.5769,25.8558,26.9775,27.6621,28.0955,29.7247,34.6218,33.0896,33.9384,34.2275,35.555592307692315,36.88368461538462,38.21177692307693,38.56441925824127,38.85153342498948,39.07311942332156,39.22917725323748,39.319706914737246,39.344708407820896,39.30418173248838,39.198126888739736,39.02654387657495,38.789432695994016,40.2209280138196,41.6869244554448,43.19028455952548,44.73334355496511,46.3182860107379,47.94631720627789,49.619320390700786,51.34068541241486,53.113952779757604,54.942888990960434,56.827720035917224,58.76618601568915,60.758362260240816,62.80462541939537,64.90557813286985,67.06747278772838,69.29467852191937,71.58493543650395,73.93575764264945,76.34488524141703
"The target value from 'unconditional_best' was used for 'unconditional_worst' in 2030.
",GTM,ABU,unconditional,worst,KYOTOGHG,IPCM0EL,MtCO2eq,AR4,15.6993,16.1977,17.5491,17.2775,18.7391,18.8227,17.5847,18.7415,19.854,20.3833,21.2124,22.1251,22.6165,22.2279,23.5669,24.7581,25.1892,25.8133,24.5769,25.8558,26.9775,27.6621,28.0955,29.7247,34.6218,33.0896,33.9384,34.2275,35.555592307692315,36.88368461538462,38.21177692307693,39.056545372355046,39.86884539364027,40.6486769869326,41.39604015223202,42.11093488953851,42.79336119885213,43.44331908017283,44.06080853350062,44.64582955883552,45.19838215617751,46.866395012589855,48.574609410245,50.32636084819802,52.12437039146754,53.97118355249031,55.86820475192112,57.81762839703303,59.82340442091761,61.889658309248226,64.02077887657104,66.21702945175882,68.47577674608388,70.79710853583713,73.18146370247317,75.62954445631944,78.14863622952251,80.74383004695594,83.41249261989202,86.15172733073032,88.95890089074314
,GTM,ABU,unconditional,best,KYOTOGHG,IPCM0EL,MtCO2eq,AR4,15.6993,16.1977,17.5491,17.2775,18.7391,18.8227,17.5847,18.7415,19.854,20.3833,21.2124,22.1251,22.6165,22.2279,23.5669,24.7581,25.1892,25.8133,24.5769,25.8558,26.9775,27.6621,28.0955,29.7247,34.6218,33.0896,33.9384,34.2275,35.555592307692315,36.88368461538462,38.21177692307693,39.056545372355046,39.86884539364027,40.6486769869326,41.39604015223202,42.11093488953851,42.79336119885213,43.44331908017283,44.06080853350062,44.64582955883552,45.19838215617751,46.866395012589855,48.574609410245,50.32636084819802,52.12437039146754,53.97118355249031,55.86820475192112,57.81762839703303,59.82340442091761,61.889658309248226,64.02077887657104,66.21702945175882,68.47577674608388,70.79710853583713,73.18146370247317,75.62954445631944,78.14863622952251,80.74383004695594,83.41249261989202,86.15172733073032,88.95890089074314
"The target value from 'conditional_best' was used for 'conditional_worst' in 2030.
",GTM,RBU,conditional,worst,KYOTOGHG,IPCM0EL,MtCO2eq,AR4,15.6993,16.1977,17.5491,17.2775,18.7391,18.8227,17.5847,18.7415,19.854,20.3833,21.2124,22.1251,22.6165,22.2279,23.5669,24.7581,25.1892,25.8133,24.5769,25.8558,26.9775,27.6621,28.0955,29.7247,34.6218,33.0896,33.9384,34.2275,35.555592307692315,36.88368461538462,38.21177692307693,38.599683508938455,38.924430886170455,39.186019054772906,39.38444801474581,39.51971776608914,39.59182830880295,39.600779642887204,39.54657176834191,39.42920468516708,39.24867839336269,40.69712183390683,42.18047487271278,43.70163393933065,45.26296191049868,46.866669219294586,48.513975415002626,50.206786043379445,51.94853108678702,53.74279297124784,55.593382788275214,57.50052920335993,59.46194556159402,61.47770808480773,63.54819788215241,65.67402472827018,67.86151503507311,70.11508966871665,72.43246197429278,74.81111663140277,77.2487669851386
,GTM,RBU,conditional,best,KYOTOGHG,IPCM0EL,MtCO2eq,AR4,15.6993,16.1977,17.5491,17.2775,18.7391,18.8227,17.5847,18.7415,19.854,20.3833,21.2124,22.1251,22.6165,22.2279,23.5669,24.7581,25.1892,25.8133,24.5769,25.8558,26.9775,27.6621,28.0955,29.7247,34.6218,33.0896,33.9384,34.2275,35.555592307692315,36.88368461538462,38.21177692307693,38.599683508938455,38.924430886170455,39.186019054772906,39.38444801474581,39.51971776608914,39.59182830880295,39.600779642887204,39.54657176834191,39.42920468516708,39.24867839336269,40.69712183390683,42.18047487271278,43.70163393933065,45.26296191049868,46.866669219294586,48.513975415002626,50.206786043379445,51.94853108678702,53.74279297124784,55.593382788275214,57.50052920335993,59.46194556159402,61.47770808480773,63.54819788215241,65.67402472827018,67.86151503507311,70.11508966871665,72.43246197429278,74.81111663140277,77.2487669851386
"The target value from 'unconditional_best' was used for 'unconditional_worst' in 2030.
",GTM,RBU,unconditional,worst,KYOTOGHG,IPCM0EL,MtCO2eq,AR4,15.6993,16.1977,17.5491,17.2775,18.7391,18.8227,17.5847,18.7415,19.854,20.3833,21.2124,22.1251,22.6165,22.2279,23.5669,24.7581,25.1892,25.8133,24.5769,25.8558,26.9775,27.6621,28.0955,29.7247,34.6218,33.0896,33.9384,34.2275,35.555592307692315,36.88368461538462,38.21177692307693,39.073936483667254,39.90479590546772,40.70435518847834,41.47261433269908,42.20957333812994,42.91523220477097,43.58959093262211,44.23264952168339,44.844407971954816,45.42486628343637,47.10123736901577,48.81801144134438,50.5785407132966,52.385559884848895,54.2416272237212,56.1481541879659,58.107346180789804,60.123172927965236,62.19978058752104,64.34157996587089,66.5488357113996,68.81890134025898,71.15186506857728,73.54816797699587,76.00851579454097,78.54023045985923,81.14842850839055,83.83046345628668,86.58342417131463,89.4046641696262
,GTM,RBU,unconditional,best,KYOTOGHG,IPCM0EL,MtCO2eq,AR4,15.6993,16.1977,17.5491,17.2775,18.7391,18.8227,17.5847,18.7415,19.854,20.3833,21.2124,22.1251,22.6165,22.2279,23.5669,24.7581,25.1892,25.8133,24.5769,25.8558,26.9775,27.6621,28.0955,29.7247,34.6218,33.0896,33.9384,34.2275,35.555592307692315,36.88368461538462,38.21177692307693,39.073936483667254,39.90479590546772,40.70435518847834,41.47261433269908,42.20957333812994,42.91523220477097,43.58959093262211,44.23264952168339,44.844407971954816,45.42486628343637,47.10123736901577,48.81801144134438,50.5785407132966,52.385559884848895,54.2416272237212,56.1481541879659,58.107346180789804,60.123172927965236,62.19978058752104,64.34157996587089,66.5488357113996,68.81890134025898,71.15186506857728,73.54816797699587,76.00851579454097,78.54023045985923,81.14842850839055,83.83046345628668,86.58342417131463,89.4046641696262
"No targets calculated, so the baseline emissions are put in as target pathways for all un/conditional best/worst pathways.
",GTM,baseline_emissions,conditional,worst,KYOTOGHG,IPCM0EL,MtCO2eq,AR4,15.6993,16.1977,17.5491,17.2775,18.7391,18.8227,17.5847,18.7415,19.854,20.3833,21.2124,22.1251,22.6165,22.2279,23.5669,24.7581,25.1892,25.8133,24.5769,25.8558,26.9775,27.6621,28.0955,29.7247,34.6218,33.0896,33.9384,34.2275,35.555592307692315,36.88368461538462,38.21177692307693,39.53986923076923,40.867961538461536,42.19605384615385,43.52414615384616,44.852238461538455,46.18033076923078,47.50842307692307,48.83651538461538,50.16460769230769,51.4927,53.393,55.3391,57.3348,59.3832,61.4872,63.6484,65.8693,68.1544,70.5084,72.9363,75.4384,78.0117,80.6563,83.3727,86.1617,89.0316,91.9882,95.0285,98.1492,101.3473
"No targets calculated, so the baseline emissions are put in as target pathways for all un/conditional best/worst pathways.
",GTM,baseline_emissions,conditional,best,KYOTOGHG,IPCM0EL,MtCO2eq,AR4,15.6993,16.1977,17.5491,17.2775,18.7391,18.8227,17.5847,18.7415,19.854,20.3833,21.2124,22.1251,22.6165,22.2279,23.5669,24.7581,25.1892,25.8133,24.5769,25.8558,26.9775,27.6621,28.0955,29.7247,34.6218,33.0896,33.9384,34.2275,35.555592307692315,36.88368461538462,38.21177692307693,39.53986923076923,40.867961538461536,42.19605384615385,43.52414615384616,44.852238461538455,46.18033076923078,47.50842307692307,48.83651538461538,50.16460769230769,51.4927,53.393,55.3391,57.3348,59.3832,61.4872,63.6484,65.8693,68.1544,70.5084,72.9363,75.4384,78.0117,80.6563,83.3727,86.1617,89.0316,91.9882,95.0285,98.1492,101.3473
"No targets calculated, so the baseline emissions are put in as target pathways for all un/conditional best/worst pathways.
",GTM,baseline_emissions,unconditional,worst,KYOTOGHG,IPCM0EL,MtCO2eq,AR4,15.6993,16.1977,17.5491,17.2775,18.7391,18.8227,17.5847,18.7415,19.854,20.3833,21.2124,22.1251,22.6165,22.2279,23.5669,24.7581,25.1892,25.8133,24.5769,25.8558,26.9775,27.6621,28.0955,29.7247,34.6218,33.0896,33.9384,34.2275,35.555592307692315,36.88368461538462,38.21177692307693,39.53986923076923,40.867961538461536,42.19605384615385,43.52414615384616,44.852238461538455,46.18033076923078,47.50842307692307,48.83651538461538,50.16460769230769,51.4927,53.393,55.3391,57.3348,59.3832,61.4872,63.6484,65.8693,68.1544,70.5084,72.9363,75.4384,78.0117,80.6563,83.3727,86.1617,89.0316,91.9882,95.0285,98.1492,101.3473
"No targets calculated, so the baseline emissions are put in as target pathways for all un/conditional best/worst pathways.
",GTM,baseline_emissions,unconditional,best,KYOTOGHG,IPCM0EL,MtCO2eq,AR4,15.6993,16.1977,17.5491,17.2775,18.7391,18.8227,17.5847,18.7415,19.854,20.3833,21.2124,22.1251,22.6165,22.2279,23.5669,24.7581,25.1892,25.8133,24.5769,25.8558,26.9775,27.6621,28.0955,29.7247,34.6218,33.0896,33.9384,34.2275,35.555592307692315,36.88368461538462,38.21177692307693,39.53986923076923,40.867961538461536,42.19605384615385,43.52414615384616,44.852238461538455,46.18033076923078,47.50842307692307,48.83651538461538,50.16460769230769,51.4927,53.393,55.3391,57.3348,59.3832,61.4872,63.6484,65.8693,68.1544,70.5084,72.9363,75.4384,78.0117,80.6563,83.3727,86.1617,89.0316,91.9882,95.0285,98.1492,101.3473
,GTM,,emi_bau,emi_bau,KYOTOGHG,IPCM0EL,MtCO2eq,AR4,15.6993,16.1977,17.5491,17.2775,18.7391,18.8227,17.5847,18.7415,19.854,20.3833,21.2124,22.1251,22.6165,22.2279,23.5669,24.7581,25.1892,25.8133,24.5769,25.8558,26.9775,27.6621,28.0955,29.7247,34.6218,33.0896,33.9384,34.2275,35.555592307692315,36.88368461538462,38.21177692307693,39.53986923076923,40.867961538461536,42.19605384615385,43.52414615384616,44.852238461538455,46.18033076923078,47.50842307692307,48.83651538461538,50.16460769230769,51.4927,53.393,55.3391,57.3348,59.3832,61.4872,63.6484,65.8693,68.1544,70.5084,72.9363,75.4384,78.0117,80.6563,83.3727,86.1617,89.0316,91.9882,95.0285,98.1492,101.3473
,GTM,,emi_cov,emi_cov,KYOTOGHG,IPCM0EL,MtCO2eq,AR4,15.6991115613021,16.1971875371674,17.547894710262902,17.2724473679,18.7268519930663,18.796044986303002,17.5388050056667,18.675482653937,19.758245805881998,20.2515999723891,21.0341404935552,21.8897593601933,22.3166307892615,21.8587305235143,23.1138702290678,24.208118293124702,24.570086895151196,25.118650415951002,23.806702078806598,25.0121940482838,26.0604936882675,26.715778618488596,27.083106865382003,28.646300041402302,33.477304041438,31.879101230121595,32.6619016703208,32.8849021821125,34.17273366940775,35.45415100868527,36.73414202993678,38.013339541803084,39.292268224225495,40.571559404261365,41.85092285563542,43.13104053841269,44.41195091897009,45.694599372336604,46.9785333800177,48.26441479218118,49.5524000183037,51.392500015006,53.2775999886478,55.2119000226456,57.198300026731204,59.2402000191448,61.3391000313692,63.497200013676796,65.71910002745119,68.0096999825196,70.3740000077235,72.811299965504,75.3182000195976,77.8954000074784,80.5440000197556,83.2654999920969,86.0686000399512,88.9593000311782,91.9353999632845,94.9946000092404,98.13439995572871
,GTM,,emi_ncov,emi_ncov,KYOTOGHG,IPCM0EL,MtCO2eq,AR4,0.00018843869789885638,0.000512462832599109,0.0012052897370983125,0.005052632099999126,0.01224800693370105,0.026655013696999446,0.045894994333301076,0.06601734606300051,0.09575419411800075,0.13170002761089858,0.17825950644479957,0.23534063980670167,0.29986921073850137,0.36916947648570014,0.45302977093219937,0.5499817068752981,0.6191131048488027,0.6946495840489998,0.7701979211933998,0.8436059517162008,0.9170063117324991,0.946321381511403,1.0123931346179973,1.0783999585976967,1.1444959585620005,1.2104987698784013,1.2764983296791983,1.3425978178875,1.3828586382845638,1.4295336066993458,1.4776348931401526,1.5265296889661442,1.575693314236038,1.6244944418924876,1.6732232982107405,1.7211979231257672,1.768379850260684,1.8138237045864651,1.857982004597681,1.9001929001265117,1.9402999816963005,2.0004999849939975,2.0615000113522024,2.122899977354398,2.1848999732688004,2.246999980855197,2.3092999686308033,2.372099986323202,2.435299972548799,2.4987000174803953,2.562299992276501,2.6271000344959967,2.6934999804024033,2.760899992521598,2.8286999802443984,2.896200007903097,2.9629999600487977,3.028899968821809,3.093100036715498,3.1545999907595963,3.212900044271293
,GTM,,pc_cov,pc_cov,KYOTOGHG,IPCM0EL,MtCO2eq/MtCO2eq,AR4,0.9999879970000001,0.999968362,0.9999313190000001,0.99970756,0.9993463929999999,0.99858389,0.9973900609999999,0.996477478,0.995177083,0.9935388270000001,0.991596448,0.9893631829999999,0.9867411309999999,0.983391617,0.980776862,0.9777857870000001,0.9754214859999999,0.97308947,0.968661714,0.967372661,0.966008477,0.9657899659999999,0.9639660040000001,0.9637204090000001,0.96694291,0.963417546,0.962387787,0.960774295,0.9611071409999999,0.961242115,0.96133038,0.961392647,0.961444289,0.9615012709999999,0.961556436,0.96162515,0.961707077,0.9618210079999999,0.9619550659999999,0.9621208459999999,0.962318931,0.962532542,0.962747858,0.962973622,0.963206766,0.963455809,0.963717863,0.963987776,0.964267898,0.9645616690000001,0.964869345,0.96517556,0.965473128,0.965769568,0.966071628,0.966386457,0.966719682,0.9670729509999999,0.967450817,0.967859137,0.9682981190000001
,GUY,,pop,pop,POP,DEMOGR,Pers,,743309.0,744474.0,748602.0,754144.0,758896.0,761291.0,760795.0,757970.0,753778.0,749674.0,746715.0,745206.0,744789.0,745143.0,745737.0,746163.0,746343.0,746474.0,746817.0,747718.0,749436.0,752028.0,755399.0,759285.0,763380.0,767432.0,771368.0,775222.0,779615.8809999998,786580.5705,793674.4817,801146.6832,809210.3536,817621.1253,826134.3303,834504.7877,842777.3384,851043.7485,859128.3262,866854.9445,874047.0928,880806.941,887327.8302,893569.6898,899492.3943,905055.7714,910277.7248,915236.1871,919981.1637,924562.8887,929031.8379,933350.8802,937503.4234,941571.2177,945636.3995,949781.4962,953978.8116,958154.3591,962321.3704,966492.8877,970681.7862
,GUY,,gdp,gdp,GDPPPP,ECO,2011GKD,,2137243498.2902,2266714849.4524,2442563998.0459,2642246181.4305,2867693807.8324,3011980288.7296,3251598908.7911,3452569364.3265,3394597117.5374,3495082345.3051,3447416275.723,3526000876.926,3565937313.6029,3543392550.9627,3598788253.45,3528577421.2277,3709579658.4247,3969978813.8532,4048451283.104,4192258679.9069,4365752920.8614,4592610458.1914,4834930645.9237,5076704495.1454,5272001454.3333,5438723638.8667,5619078875.0695,5735965683.5765,6026019400.0390005,6258905249.3543,6498515047.1437,6752011978.6464,7017591237.8481,7288894241.1977,7559605870.2763,7823422677.7367,8078631144.6741,8327507510.7939,8569725921.1033,8804965569.5888,9032909700.4036,9251532353.9516,9461320489.0515,9665729724.8214,9868216211.8153,10072233119.5573,10275854743.2568,10477746975.103,10682248091.3043,10893702930.0757,11116470141.5994,11349771610.5105,11590047383.6942,11837505184.0161,12092360350.8912,12354838371.6679,12627732327.6068,12911837040.6916,13204390052.2441,13502628075.8153,13803785153.7343
"No targets calculated, so the baseline emissions are put in as target pathways for all un/conditional best/worst pathways.
",GUY,baseline_emissions,conditional,worst,KYOTOGHG,IPCM0EL,MtCO2eq,AR4,2.8256,2.8457,2.8684,2.8882,2.8908,2.9315,3.0525,3.2502,3.3033,3.3819,3.205,3.6755,2.9989,3.3052,3.2603,2.9634,2.7793,3.0927,3.1715,3.2118,3.4168,3.5557,3.8110000000000004,3.8794,4.0695,4.1172,3.9153,4.0538,4.1248,4.2174,4.3166,4.4259,4.542,4.6606,4.7779,4.8901,4.9964,5.0982,5.1956,5.2884,5.3766,5.4594,5.5373,5.6121,5.6857,5.7598,5.8329999999999975,5.9043,5.9759,6.0501,6.129,6.2123,6.2982,6.3871,6.4788,6.5737,6.6729,6.7768,6.8838,6.9924,7.1012
"No targets calculated, so the baseline emissions are put in as target pathways for all un/conditional best/worst pathways.
",GUY,baseline_emissions,conditional,best,KYOTOGHG,IPCM0EL,MtCO2eq,AR4,2.8256,2.8457,2.8684,2.8882,2.8908,2.9315,3.0525,3.2502,3.3033,3.3819,3.205,3.6755,2.9989,3.3052,3.2603,2.9634,2.7793,3.0927,3.1715,3.2118,3.4168,3.5557,3.8110000000000004,3.8794,4.0695,4.1172,3.9153,4.0538,4.1248,4.2174,4.3166,4.4259,4.542,4.6606,4.7779,4.8901,4.9964,5.0982,5.1956,5.2884,5.3766,5.4594,5.5373,5.6121,5.6857,5.7598,5.8329999999999975,5.9043,5.9759,6.0501,6.129,6.2123,6.2982,6.3871,6.4788,6.5737,6.6729,6.7768,6.8838,6.9924,7.1012
"No targets calculated, so the baseline emissions are put in as target pathways for all un/conditional best/worst pathways.
",GUY,baseline_emissions,unconditional,worst,KYOTOGHG,IPCM0EL,MtCO2eq,AR4,2.8256,2.8457,2.8684,2.8882,2.8908,2.9315,3.0525,3.2502,3.3033,3.3819,3.205,3.6755,2.9989,3.3052,3.2603,2.9634,2.7793,3.0927,3.1715,3.2118,3.4168,3.5557,3.8110000000000004,3.8794,4.0695,4.1172,3.9153,4.0538,4.1248,4.2174,4.3166,4.4259,4.542,4.6606,4.7779,4.8901,4.9964,5.0982,5.1956,5.2884,5.3766,5.4594,5.5373,5.6121,5.6857,5.7598,5.8329999999999975,5.9043,5.9759,6.0501,6.129,6.2123,6.2982,6.3871,6.4788,6.5737,6.6729,6.7768,6.8838,6.9924,7.1012
"No targets calculated, so the baseline emissions are put in as target pathways for all un/conditional best/worst pathways.
",GUY,baseline_emissions,unconditional,best,KYOTOGHG,IPCM0EL,MtCO2eq,AR4,2.8256,2.8457,2.8684,2.8882,2.8908,2.9315,3.0525,3.2502,3.3033,3.3819,3.205,3.6755,2.9989,3.3052,3.2603,2.9634,2.7793,3.0927,3.1715,3.2118,3.4168,3.5557,3.8110000000000004,3.8794,4.0695,4.1172,3.9153,4.0538,4.1248,4.2174,4.3166,4.4259,4.542,4.6606,4.7779,4.8901,4.9964,5.0982,5.1956,5.2884,5.3766,5.4594,5.5373,5.6121,5.6857,5.7598,5.8329999999999975,5.9043,5.9759,6.0501,6.129,6.2123,6.2982,6.3871,6.4788,6.5737,6.6729,6.7768,6.8838,6.9924,7.1012
,GUY,,emi_bau,emi_bau,KYOTOGHG,IPCM0EL,MtCO2eq,AR4,2.8256,2.8457,2.8684,2.8882,2.8908,2.9315,3.0525,3.2502,3.3033,3.3819,3.205,3.6755,2.9989,3.3052,3.2603,2.9634,2.7793,3.0927,3.1715,3.2118,3.4168,3.5557,3.8110000000000004,3.8794,4.0695,4.1172,3.9153,4.0538,4.1248,4.2174,4.3166,4.4259,4.542,4.6606,4.7779,4.8901,4.9964,5.0982,5.1956,5.2884,5.3766,5.4594,5.5373,5.6121,5.6857,5.7598,5.8329999999999975,5.9043,5.9759,6.0501,6.129,6.2123,6.2982,6.3871,6.4788,6.5737,6.6729,6.7768,6.8838,6.9924,7.1012
,GUY,,emi_cov,emi_cov,KYOTOGHG,IPCM0EL,MtCO2eq,AR4,1.4389919641887998,1.4390213902921998,1.43901991594,1.4390636868089999,1.4390151536376001,1.4650123730385,1.5340576753425001,1.6800994846254,1.7690995284963003,1.7180530809401997,1.6880975567300003,2.094119918116,1.6570810817363002,1.6594551070924004,1.6590697543222,1.4650666076772,1.3137878336354,1.5919964365850998,1.5891999513569997,1.5953948831016003,1.7504955534392,1.8156352042948998,2.032056629317,1.9727803265744,2.047495975143,2.0406121878804004,2.1434471865113998,2.1655100307946,2.134541390816,2.1816265216679995,2.2320676162642004,2.2876443431055002,2.3466787267859996,2.4069843053046,2.4666288640829,2.5236801771262,2.5777314660856,2.6294946068148,2.6790204352152003,2.7262072611072,2.7710550894923998,2.8131571271592,2.852767622657,2.8908018352746,2.9282258685158,2.9659041470812,3.003124792228999,3.0393793252152004,3.0757864016201,3.1135155241658996,3.1536345005459996,3.1959907792233997,3.2396691048174002,3.2848728643807,3.3315003661776004,3.3797549977184,3.4301960907161995,3.4830270335839995,3.5374342575264,3.592655053548,3.6479775412948006
,GUY,,emi_ncov,emi_ncov,KYOTOGHG,IPCM0EL,MtCO2eq,AR4,1.3866080358112003,1.4066786097078001,1.42938008406,1.449136313191,1.4517848463623997,1.4664876269615004,1.5184423246575,1.5701005153746,1.5342004715036999,1.6638469190598002,1.5169024432699998,1.581380081884,1.3418189182636997,1.6457448929075997,1.6012302456778,1.4983333923228,1.4655121663646,1.5007035634149,1.5823000486430003,1.6164051168984002,1.6663044465608,1.7400647957051,1.778943370683,1.9066196734256,2.0220040248569995,2.0765878121196004,1.7718528134886,1.8882899692054,1.9902586091839998,2.035773478332,2.0845323837358,2.1382556568945,2.195321273214,2.2536156946954,2.3112711359171,2.3664198228738003,2.4186685339144005,2.4687053931852003,2.5165795647847995,2.5621927388928003,2.6055449105076,2.6462428728407996,2.6845323773430003,2.7212981647254,2.7574741314841997,2.7938958529188,2.8298752077709985,2.8649206747847997,2.9001135983799,2.9365844758341,2.975365499454,3.0163092207766002,3.0585308951825994,3.1022271356193003,3.1472996338223993,3.1939450022815996,3.242703909283801,3.2937729664160003,3.3463657424736,3.399744946452,3.4532224587052
,GUY,,pc_cov,pc_cov,KYOTOGHG,IPCM0EL,MtCO2eq/MtCO2eq,AR4,0.509269523,0.505682746,0.50168035,0.498256245,0.49779132200000004,0.49974837899999996,0.502557797,0.516921877,0.535555211,0.5080141579999999,0.526707506,0.569751032,0.5525629670000001,0.5020740370000001,0.508870274,0.494387058,0.472704578,0.5147594129999999,0.5010877979999999,0.49672921200000003,0.512320169,0.510626657,0.533208247,0.508527176,0.503132074,0.49563105700000004,0.547454138,0.534192617,0.51748967,0.51729182,0.517089287,0.516876645,0.516661983,0.516453741,0.516257951,0.516079462,0.515917754,0.515769214,0.5156325420000001,0.5155070079999999,0.515391714,0.515286868,0.51519109,0.515101626,0.515015894,0.514931794,0.514850813,0.514773864,0.514698439,0.514622159,0.514543074,0.5144617579999999,0.5143801570000001,0.514298017,0.5142156520000001,0.514132832,0.5140487779999999,0.51396338,0.513878128,0.51379427,0.513712829
,HKG,,pop,pop,POP,DEMOGR,Pers,,5727938.0,5800037.0,5864739.0,5928334.0,5999617.0,6084227.0,6185585.0,6299921.0,6416992.0,6522466.0,6606327.0,6664772.0,6701775.0,6724677.0,6744566.0,6769574.0,6802080.0,6840015.0,6881863.0,6924642.0,6966331.0,7006590.0,7046848.0,7088778.0,7134670.0,7185996.0,7243542.0,7306322.0,7323013.6604,7360388.4861,7395890.5317,7429408.7376,7461130.4826,7491964.8495,7522813.1384,7554570.297,7586862.038,7618079.6914,7647262.1447,7673447.6154,7695674.5112,7716038.488,7736439.9428,7755634.7761,7772390.2428,7785484.6417,7795851.1727,7805257.3559,7813746.0969,7821365.5117,7828168.8018,7834230.8876,7839770.1741,7845060.7358,7850379.1516,7856004.3694,7861705.0151,7867152.8968,7872481.1274,7877819.9315,7883296.8343
,HKG,,gdp,gdp,GDPPPP,ECO,2011GKD,,144123421875.0,155100468750.0,168232750000.0,182232812500.0,192223593750.0,195659890625.0,210841203125.0,225507500000.0,215812562500.0,218262062500.0,237766312500.0,244058093750.0,256466375000.0,262697031250.0,278731031250.0,304620812500.0,313192843750.0,331153468750.0,333253375000.0,322014687500.0,336422218750.0,350074000000.0,351741593750.0,361351250000.0,369613093750.0,381390437500.0,388582687500.0,403549093750.0,406512154564.2299,416542224281.1661,425280101768.8254,433161169716.3687,440885345287.3286,448621412024.819,456522626858.8903,464736030006.1519,472691463135.5986,479825469890.5749,486295516855.0957,492257263273.093,497863029707.8151,503368605883.7888,508844019202.4096,514164582341.1163,519210815845.5499,523867526709.5681,528145318948.2506,532151683773.7231,535917152755.0632,539469100257.7845,542832103352.9832,545939011107.2182,548772957584.0659,551428435253.7781,553995407916.082,556559889290.7064,558986201495.406,561161235049.8252,563200076067.1199,565214896464.6863,567315400163.7886
"No targets calculated, so the baseline emissions are put in as target pathways for all un/conditional best/worst pathways.
",HKG,baseline_emissions,conditional,worst,KYOTOGHG,IPCM0EL,MtCO2eq,AR4,30.9415,32.3954,36.8029,38.7214,35.1208,35.226,32.7935,34.4363,43.1342,46.8533,44.6174,42.2198,43.9331,47.6474,45.9896,48.1384,46.2104,47.8018,47.9964,46.1934,44.6905,47.8593,47.4907,49.0203,48.2179,48.588,49.6234,52.6236,49.7207,50.7725,51.7969,52.7819,53.7533,54.7527,55.8157,56.9749,58.1649,59.3205,60.4718,61.6481,62.8788,64.1669,65.4837,66.8108,68.13,69.4236,70.6892,71.9376,73.1704,74.389,75.5948,76.7781,77.9353,79.077,80.2135,81.3548,82.4717,83.5382,84.5699,85.5825,86.5916
"No targets calculated, so the baseline emissions are put in as target pathways for all un/conditional best/worst pathways.
",HKG,baseline_emissions,conditional,best,KYOTOGHG,IPCM0EL,MtCO2eq,AR4,30.9415,32.3954,36.8029,38.7214,35.1208,35.226,32.7935,34.4363,43.1342,46.8533,44.6174,42.2198,43.9331,47.6474,45.9896,48.1384,46.2104,47.8018,47.9964,46.1934,44.6905,47.8593,47.4907,49.0203,48.2179,48.588,49.6234,52.6236,49.7207,50.7725,51.7969,52.7819,53.7533,54.7527,55.8157,56.9749,58.1649,59.3205,60.4718,61.6481,62.8788,64.1669,65.4837,66.8108,68.13,69.4236,70.6892,71.9376,73.1704,74.389,75.5948,76.7781,77.9353,79.077,80.2135,81.3548,82.4717,83.5382,84.5699,85.5825,86.5916
"No targets calculated, so the baseline emissions are put in as target pathways for all un/conditional best/worst pathways.
",HKG,baseline_emissions,unconditional,worst,KYOTOGHG,IPCM0EL,MtCO2eq,AR4,30.9415,32.3954,36.8029,38.7214,35.1208,35.226,32.7935,34.4363,43.1342,46.8533,44.6174,42.2198,43.9331,47.6474,45.9896,48.1384,46.2104,47.8018,47.9964,46.1934,44.6905,47.8593,47.4907,49.0203,48.2179,48.588,49.6234,52.6236,49.7207,50.7725,51.7969,52.7819,53.7533,54.7527,55.8157,56.9749,58.1649,59.3205,60.4718,61.6481,62.8788,64.1669,65.4837,66.8108,68.13,69.4236,70.6892,71.9376,73.1704,74.389,75.5948,76.7781,77.9353,79.077,80.2135,81.3548,82.4717,83.5382,84.5699,85.5825,86.5916
"No targets calculated, so the baseline emissions are put in as target pathways for all un/conditional best/worst pathways.
",HKG,baseline_emissions,unconditional,best,KYOTOGHG,IPCM0EL,MtCO2eq,AR4,30.9415,32.3954,36.8029,38.7214,35.1208,35.226,32.7935,34.4363,43.1342,46.8533,44.6174,42.2198,43.9331,47.6474,45.9896,48.1384,46.2104,47.8018,47.9964,46.1934,44.6905,47.8593,47.4907,49.0203,48.2179,48.588,49.6234,52.6236,49.7207,50.7725,51.7969,52.7819,53.7533,54.7527,55.8157,56.9749,58.1649,59.3205,60.4718,61.6481,62.8788,64.1669,65.4837,66.8108,68.13,69.4236,70.6892,71.9376,73.1704,74.389,75.5948,76.7781,77.9353,79.077,80.2135,81.3548,82.4717,83.5382,84.5699,85.5825,86.5916
,HKG,,emi_bau,emi_bau,KYOTOGHG,IPCM0EL,MtCO2eq,AR4,30.9415,32.3954,36.8029,38.7214,35.1208,35.226,32.7935,34.4363,43.1342,46.8533,44.6174,42.2198,43.9331,47.6474,45.9896,48.1384,46.2104,47.8018,47.9964,46.1934,44.6905,47.8593,47.4907,49.0203,48.2179,48.588,49.6234,52.6236,49.7207,50.7725,51.7969,52.7819,53.7533,54.7527,55.8157,56.9749,58.1649,59.3205,60.4718,61.6481,62.8788,64.1669,65.4837,66.8108,68.13,69.4236,70.6892,71.9376,73.1704,74.389,75.5948,76.7781,77.9353,79.077,80.2135,81.3548,82.4717,83.5382,84.5699,85.5825,86.5916
,HKG,,emi_cov,emi_cov,KYOTOGHG,IPCM0EL,MtCO2eq,AR4,0.0,0.0,0.0,0.0,0.0,0.0,0.0,0.0,0.0,0.0,0.0,0.0,0.0,0.0,0.0,0.0,0.0,0.0,0.0,0.0,0.0,0.0,0.0,0.0,0.0,0.0,0.0,0.0,0.0,0.0,0.0,0.0,0.0,0.0,0.0,0.0,0.0,0.0,0.0,0.0,0.0,0.0,0.0,0.0,0.0,0.0,0.0,0.0,0.0,0.0,0.0,0.0,0.0,0.0,0.0,0.0,0.0,0.0,0.0,0.0,0.0
,HKG,,emi_ncov,emi_ncov,KYOTOGHG,IPCM0EL,MtCO2eq,AR4,30.9415,32.3954,36.8029,38.7214,35.1208,35.226,32.7935,34.4363,43.1342,46.8533,44.6174,42.2198,43.9331,47.6474,45.9896,48.1384,46.2104,47.8018,47.9964,46.1934,44.6905,47.8593,47.4907,49.0203,48.2179,48.588,49.6234,52.6236,49.7207,50.7725,51.7969,52.7819,53.7533,54.7527,55.8157,56.9749,58.1649,59.3205,60.4718,61.6481,62.8788,64.1669,65.4837,66.8108,68.13,69.4236,70.6892,71.9376,73.1704,74.389,75.5948,76.7781,77.9353,79.077,80.2135,81.3548,82.4717,83.5382,84.5699,85.5825,86.5916
,HKG,,pc_cov,pc_cov,KYOTOGHG,IPCM0EL,MtCO2eq/MtCO2eq,AR4,0.0,0.0,0.0,0.0,0.0,0.0,0.0,0.0,0.0,0.0,0.0,0.0,0.0,0.0,0.0,0.0,0.0,0.0,0.0,0.0,0.0,0.0,0.0,0.0,0.0,0.0,0.0,0.0,0.0,0.0,0.0,0.0,0.0,0.0,0.0,0.0,0.0,0.0,0.0,0.0,0.0,0.0,0.0,0.0,0.0,0.0,0.0,0.0,0.0,0.0,0.0,0.0,0.0,0.0,0.0,0.0,0.0,0.0,0.0,0.0,0.0
,HND,,pop,pop,POP,DEMOGR,Pers,,4955303.0,5098591.0,5244678.0,5394412.0,5548960.0,5709014.0,5874809.0,6045699.0,6220406.0,6397151.0,6574509.0,6751912.0,6929265.0,7106319.0,7282953.0,7458985.0,7634298.0,7808518.0,7980955.0,8150775.0,8317470.0,8480671.0,8640691.0,8798521.0,8955589.0,9112916.0,9270795.0,9429013.0,9630627.3536,9825363.5155,10021075.2168,10219117.3752,10420923.4025,10625570.4525,10832136.5843,11039700.3955,11247632.5883,11455579.9502,11663039.4811,11869513.5079,12074509.5592,12278312.8676,12481682.1534,12684836.798,12887993.2983,13091365.3327,13295036.954000002,13498947.8961,13703091.0425,13907456.3095,14112030.6499,14316973.8389,14522358.0175,14728034.8681,14933853.9643,15139662.8045,15345275.2508,15550472.0746,15755054.5301,15958830.410999997,16161614.0035
,HND,,gdp,gdp,GDPPPP,ECO,2011GKD,,13944254882.8125,14747226562.5,15417286132.8125,16030994140.625,16223103515.625,17467019531.25,17961769531.25,18634363281.25,19136712890.625,18447695312.5,19756580078.125,20441849609.375,21287728515.625,22108123046.875,23272601562.5,25062009765.625,26585546875.0,28058205078.125,28753150390.625,29074132812.5,30734564453.125,32813171875.0,33659156250.0,33461554687.5,35261972656.25,37822617187.5,39248246093.75,41143730468.75,41758484509.9266,43416716902.7385,45136691484.1403,46960996384.9332,48912554892.1861,50969155271.4884,53109044134.1856,55310856381.8268,57568988158.8472,59884055422.3548,62244267234.5815,64637837324.4193,67052991878.1543,69480035028.8906,71926486397.2262,74406176794.6481,76932607630.8344,79518916678.8365,82173365059.3397,84898625759.6795,87699536578.3413,90581470101.1651,93550365260.7419,96601507245.177,99725347847.2245,102921184166.9891,106188548245.8445,109527219845.7965,112948115754.4109,116458776352.9528,120054124852.952,123729102076.7174,127478661027.9215
"The target value from 'conditional_best' was used for 'conditional_worst' in 2030.
",HND,ABS,conditional,worst,KYOTOGHG,IPCM0EL,MtCO2eq,AR4,9.2981,9.4427,9.7828,9.1193,9.8804,10.5321,10.5294,10.9105,11.329,10.8922,11.5112,12.2336,12.7213,14.3779,15.1034,15.6944,15.0376,16.9162,16.6754,16.2091,16.3735,17.656,17.6619,18.0183,18.4163,19.268,19.9762,20.1051,21.124942914265603,22.144785828531198,23.164628742796804,23.531418047672908,23.876455538371737,24.19974121489329,24.501275077237572,24.781057125404576,25.0390873593943,25.275365779206748,25.48989238484192,25.682667176299812,25.853690153580438,26.563023809620823,27.280007559015758,28.008296446367932,28.75154551628011,29.51298480816864,30.293889337592603,31.093579096253833,31.91256409037595,32.75143932721988,33.610799814046516,34.489965542557684,35.38749149511976,36.30337767173272,37.23762407239656,38.190400699185865,39.164767589442405,40.162679767023505,41.18243721118364,42.22216989910289,43.280262811073015
,HND,ABS,conditional,best,KYOTOGHG,IPCM0EL,MtCO2eq,AR4,9.2981,9.4427,9.7828,9.1193,9.8804,10.5321,10.5294,10.9105,11.329,10.8922,11.5112,12.2336,12.7213,14.3779,15.1034,15.6944,15.0376,16.9162,16.6754,16.2091,16.3735,17.656,17.6619,18.0183,18.4163,19.268,19.9762,20.1051,21.124942914265603,22.144785828531198,23.164628742796804,23.531418047672908,23.876455538371737,24.19974121489329,24.501275077237572,24.781057125404576,25.0390873593943,25.275365779206748,25.48989238484192,25.682667176299812,25.853690153580438,26.563023809620823,27.280007559015758,28.008296446367932,28.75154551628011,29.51298480816864,30.293889337592603,31.093579096253833,31.91256409037595,32.75143932721988,33.610799814046516,34.489965542557684,35.38749149511976,36.30337767173272,37.23762407239656,38.190400699185865,39.164767589442405,40.162679767023505,41.18243721118364,42.22216989910289,43.280262811073015
,HND,ABS,unconditional,worst,KYOTOGHG,IPCM0EL,MtCO2eq,AR4,9.2981,9.4427,9.7828,9.1193,9.8804,10.5321,10.5294,10.9105,11.329,10.8922,11.5112,12.2336,12.7213,14.3779,15.1034,15.6944,15.0376,16.9162,16.6754,16.2091,16.3735,17.656,17.6619,18.0183,18.4163,19.268,19.9762,20.1051,21.124942914265603,22.144785828531198,23.164628742796804,23.88973935786732,24.61484997293784,25.33996058800836,26.065071203078887,26.79018181814941,27.51529243321993,28.24040304829045,28.96551366336097,29.690624278431486,30.415734893502012,31.25023489350201,32.093734893502024,32.95053489350201,33.82493489350201,34.72073489350201,35.639434893502006,36.58023489350201,37.543734893502005,38.530634893502004,39.54163489350201,40.57593489350201,41.631834893502024,42.709334893502024,43.808434893502,44.929334893502016,46.075634893502006,47.24963489350203,48.449334893502005,49.672534893502025,50.91733489350202
,HND,ABS,unconditional,best,KYOTOGHG,IPCM0EL,MtCO2eq,AR4,9.2981,9.4427,9.7828,9.1193,9.8804,10.5321,10.5294,10.9105,11.329,10.8922,11.5112,12.2336,12.7213,14.3779,15.1034,15.6944,15.0376,16.9162,16.6754,16.2091,16.3735,17.656,17.6619,18.0183,18.4163,19.268,19.9762,20.1051,21.124942914265603,22.144785828531198,23.164628742796804,23.88973935786732,24.61484997293784,25.33996058800836,26.065071203078887,26.79018181814941,27.51529243321993,28.24040304829045,28.96551366336097,29.690624278431486,30.415734893502012,31.25023489350201,32.093734893502024,32.95053489350201,33.82493489350201,34.72073489350201,35.639434893502006,36.58023489350201,37.543734893502005,38.530634893502004,39.54163489350201,40.57593489350201,41.631834893502024,42.709334893502024,43.808434893502,44.929334893502016,46.075634893502006,47.24963489350203,48.449334893502005,49.672534893502025,50.91733489350202
"The target value from 'conditional_best' was used for 'conditional_worst' in 2030.
",HND,ABU,conditional,worst,KYOTOGHG,IPCM0EL,MtCO2eq,AR4,9.2981,9.4427,9.7828,9.1193,9.8804,10.5321,10.5294,10.9105,11.329,10.8922,11.5112,12.2336,12.7213,14.3779,15.1034,15.6944,15.0376,16.9162,16.6754,16.2091,16.3735,17.656,17.6619,18.0183,18.4163,19.268,19.9762,20.1051,21.124942914265603,22.144785828531198,23.164628742796804,23.531418047672908,23.876455538371737,24.19974121489329,24.501275077237572,24.781057125404576,25.0390873593943,25.275365779206748,25.48989238484192,25.682667176299812,25.853690153580438,26.563023809620823,27.280007559015758,28.008296446367932,28.75154551628011,29.51298480816864,30.293889337592603,31.093579096253833,31.91256409037595,32.75143932721988,33.610799814046516,34.489965542557684,35.38749149511976,36.30337767173272,37.23762407239656,38.190400699185865,39.164767589442405,40.162679767023505,41.18243721118364,42.22216989910289,43.280262811073015
,HND,ABU,conditional,best,KYOTOGHG,IPCM0EL,MtCO2eq,AR4,9.2981,9.4427,9.7828,9.1193,9.8804,10.5321,10.5294,10.9105,11.329,10.8922,11.5112,12.2336,12.7213,14.3779,15.1034,15.6944,15.0376,16.9162,16.6754,16.2091,16.3735,17.656,17.6619,18.0183,18.4163,19.268,19.9762,20.1051,21.124942914265603,22.144785828531198,23.164628742796804,23.531418047672908,23.876455538371737,24.19974121489329,24.501275077237572,24.781057125404576,25.0390873593943,25.275365779206748,25.48989238484192,25.682667176299812,25.853690153580438,26.563023809620823,27.280007559015758,28.008296446367932,28.75154551628011,29.51298480816864,30.293889337592603,31.093579096253833,31.91256409037595,32.75143932721988,33.610799814046516,34.489965542557684,35.38749149511976,36.30337767173272,37.23762407239656,38.190400699185865,39.164767589442405,40.162679767023505,41.18243721118364,42.22216989910289,43.280262811073015
,HND,ABU,unconditional,worst,KYOTOGHG,IPCM0EL,MtCO2eq,AR4,9.2981,9.4427,9.7828,9.1193,9.8804,10.5321,10.5294,10.9105,11.329,10.8922,11.5112,12.2336,12.7213,14.3779,15.1034,15.6944,15.0376,16.9162,16.6754,16.2091,16.3735,17.656,17.6619,18.0183,18.4163,19.268,19.9762,20.1051,21.124942914265603,22.144785828531198,23.164628742796804,23.88973935786732,24.61484997293784,25.33996058800836,26.065071203078887,26.79018181814941,27.51529243321993,28.24040304829045,28.96551366336097,29.690624278431486,30.415734893502012,31.25023489350201,32.093734893502024,32.95053489350201,33.82493489350201,34.72073489350201,35.639434893502006,36.58023489350201,37.543734893502005,38.530634893502004,39.54163489350201,40.57593489350201,41.631834893502024,42.709334893502024,43.808434893502,44.929334893502016,46.075634893502006,47.24963489350203,48.449334893502005,49.672534893502025,50.91733489350202
,HND,ABU,unconditional,best,KYOTOGHG,IPCM0EL,MtCO2eq,AR4,9.2981,9.4427,9.7828,9.1193,9.8804,10.5321,10.5294,10.9105,11.329,10.8922,11.5112,12.2336,12.7213,14.3779,15.1034,15.6944,15.0376,16.9162,16.6754,16.2091,16.3735,17.656,17.6619,18.0183,18.4163,19.268,19.9762,20.1051,21.124942914265603,22.144785828531198,23.164628742796804,23.88973935786732,24.61484997293784,25.33996058800836,26.065071203078887,26.79018181814941,27.51529243321993,28.24040304829045,28.96551366336097,29.690624278431486,30.415734893502012,31.25023489350201,32.093734893502024,32.95053489350201,33.82493489350201,34.72073489350201,35.639434893502006,36.58023489350201,37.543734893502005,38.530634893502004,39.54163489350201,40.57593489350201,41.631834893502024,42.709334893502024,43.808434893502,44.929334893502016,46.075634893502006,47.24963489350203,48.449334893502005,49.672534893502025,50.91733489350202
"The target value from 'conditional_best' was used for 'conditional_worst' in 2030.
",HND,RBU,conditional,worst,KYOTOGHG,IPCM0EL,MtCO2eq,AR4,9.2981,9.4427,9.7828,9.1193,9.8804,10.5321,10.5294,10.9105,11.329,10.8922,11.5112,12.2336,12.7213,14.3779,15.1034,15.6944,15.0376,16.9162,16.6754,16.2091,16.3735,17.656,17.6619,18.0183,18.4163,19.268,19.9762,20.1051,21.124942914265603,22.144785828531198,23.164628742796804,23.53139326749931,23.876404473749705,24.199662361547983,24.50116693089415,24.780918181788206,25.038916114230133,25.27516072821995,25.489652023757653,25.682390000843235,25.85337465947671,26.56269965947671,27.27967465947672,28.007954659476706,28.75119465947671,29.51262465947671,30.293519659476704,31.093199659476706,31.912174659476705,32.7510396594767,33.6103896594767,34.48954465947671,35.38705965947672,36.30293465947672,37.2371696594767,38.18993465947671,39.1642896594767,40.162189659476724,41.1819346594767,42.22165465947672,43.279734659476716
,HND,RBU,conditional,best,KYOTOGHG,IPCM0EL,MtCO2eq,AR4,9.2981,9.4427,9.7828,9.1193,9.8804,10.5321,10.5294,10.9105,11.329,10.8922,11.5112,12.2336,12.7213,14.3779,15.1034,15.6944,15.0376,16.9162,16.6754,16.2091,16.3735,17.656,17.6619,18.0183,18.4163,19.268,19.9762,20.1051,21.124942914265603,22.144785828531198,23.164628742796804,23.53139326749931,23.876404473749705,24.199662361547983,24.50116693089415,24.780918181788206,25.038916114230133,25.27516072821995,25.489652023757653,25.682390000843235,25.85337465947671,26.56269965947671,27.27967465947672,28.007954659476706,28.75119465947671,29.51262465947671,30.293519659476704,31.093199659476706,31.912174659476705,32.7510396594767,33.6103896594767,34.48954465947671,35.38705965947672,36.30293465947672,37.2371696594767,38.18993465947671,39.1642896594767,40.162189659476724,41.1819346594767,42.22165465947672,43.279734659476716
,HND,RBU,unconditional,worst,KYOTOGHG,IPCM0EL,MtCO2eq,AR4,9.2981,9.4427,9.7828,9.1193,9.8804,10.5321,10.5294,10.9105,11.329,10.8922,11.5112,12.2336,12.7213,14.3779,15.1034,15.6944,15.0376,16.9162,16.6754,16.2091,16.3735,17.656,17.6619,18.0183,18.4163,19.268,19.9762,20.1051,21.124942914265603,22.144785828531198,23.164628742796804,23.88973935786732,24.61484997293784,25.33996058800836,26.065071203078887,26.79018181814941,27.51529243321993,28.24040304829045,28.96551366336097,29.690624278431486,30.415734893502012,31.25023489350201,32.093734893502024,32.95053489350201,33.82493489350201,34.72073489350201,35.639434893502006,36.58023489350201,37.543734893502005,38.530634893502004,39.54163489350201,40.57593489350201,41.631834893502024,42.709334893502024,43.808434893502,44.929334893502016,46.075634893502006,47.24963489350203,48.449334893502005,49.672534893502025,50.91733489350202
,HND,RBU,unconditional,best,KYOTOGHG,IPCM0EL,MtCO2eq,AR4,9.2981,9.4427,9.7828,9.1193,9.8804,10.5321,10.5294,10.9105,11.329,10.8922,11.5112,12.2336,12.7213,14.3779,15.1034,15.6944,15.0376,16.9162,16.6754,16.2091,16.3735,17.656,17.6619,18.0183,18.4163,19.268,19.9762,20.1051,21.124942914265603,22.144785828531198,23.164628742796804,23.88973935786732,24.61484997293784,25.33996058800836,26.065071203078887,26.79018181814941,27.51529243321993,28.24040304829045,28.96551366336097,29.690624278431486,30.415734893502012,31.25023489350201,32.093734893502024,32.95053489350201,33.82493489350201,34.72073489350201,35.639434893502006,36.58023489350201,37.543734893502005,38.530634893502004,39.54163489350201,40.57593489350201,41.631834893502024,42.709334893502024,43.808434893502,44.929334893502016,46.075634893502006,47.24963489350203,48.449334893502005,49.672534893502025,50.91733489350202
"No targets calculated, so the baseline emissions are put in as target pathways for all un/conditional best/worst pathways.
",HND,baseline_emissions,conditional,worst,KYOTOGHG,IPCM0EL,MtCO2eq,AR4,9.2981,9.4427,9.7828,9.1193,9.8804,10.5321,10.5294,10.9105,11.329,10.8922,11.5112,12.2336,12.7213,14.3779,15.1034,15.6944,15.0376,16.9162,16.6754,16.2091,16.3735,17.656,17.6619,18.0183,18.4163,19.268,19.9762,20.1051,21.124942914265603,22.144785828531198,23.164628742796804,23.88973935786732,24.61484997293784,25.33996058800836,26.065071203078887,26.79018181814941,27.51529243321993,28.24040304829045,28.96551366336097,29.690624278431486,30.415734893502012,31.25023489350201,32.093734893502024,32.95053489350201,33.82493489350201,34.72073489350201,35.639434893502006,36.58023489350201,37.543734893502005,38.530634893502004,39.54163489350201,40.57593489350201,41.631834893502024,42.709334893502024,43.808434893502,44.929334893502016,46.075634893502006,47.24963489350203,48.449334893502005,49.672534893502025,50.91733489350202
"No targets calculated, so the baseline emissions are put in as target pathways for all un/conditional best/worst pathways.
",HND,baseline_emissions,conditional,best,KYOTOGHG,IPCM0EL,MtCO2eq,AR4,9.2981,9.4427,9.7828,9.1193,9.8804,10.5321,10.5294,10.9105,11.329,10.8922,11.5112,12.2336,12.7213,14.3779,15.1034,15.6944,15.0376,16.9162,16.6754,16.2091,16.3735,17.656,17.6619,18.0183,18.4163,19.268,19.9762,20.1051,21.124942914265603,22.144785828531198,23.164628742796804,23.88973935786732,24.61484997293784,25.33996058800836,26.065071203078887,26.79018181814941,27.51529243321993,28.24040304829045,28.96551366336097,29.690624278431486,30.415734893502012,31.25023489350201,32.093734893502024,32.95053489350201,33.82493489350201,34.72073489350201,35.639434893502006,36.58023489350201,37.543734893502005,38.530634893502004,39.54163489350201,40.57593489350201,41.631834893502024,42.709334893502024,43.808434893502,44.929334893502016,46.075634893502006,47.24963489350203,48.449334893502005,49.672534893502025,50.91733489350202
"No targets calculated, so the baseline emissions are put in as target pathways for all un/conditional best/worst pathways.
",HND,baseline_emissions,unconditional,worst,KYOTOGHG,IPCM0EL,MtCO2eq,AR4,9.2981,9.4427,9.7828,9.1193,9.8804,10.5321,10.5294,10.9105,11.329,10.8922,11.5112,12.2336,12.7213,14.3779,15.1034,15.6944,15.0376,16.9162,16.6754,16.2091,16.3735,17.656,17.6619,18.0183,18.4163,19.268,19.9762,20.1051,21.124942914265603,22.144785828531198,23.164628742796804,23.88973935786732,24.61484997293784,25.33996058800836,26.065071203078887,26.79018181814941,27.51529243321993,28.24040304829045,28.96551366336097,29.690624278431486,30.415734893502012,31.25023489350201,32.093734893502024,32.95053489350201,33.82493489350201,34.72073489350201,35.639434893502006,36.58023489350201,37.543734893502005,38.530634893502004,39.54163489350201,40.57593489350201,41.631834893502024,42.709334893502024,43.808434893502,44.929334893502016,46.075634893502006,47.24963489350203,48.449334893502005,49.672534893502025,50.91733489350202
"No targets calculated, so the baseline emissions are put in as target pathways for all un/conditional best/worst pathways.
",HND,baseline_emissions,unconditional,best,KYOTOGHG,IPCM0EL,MtCO2eq,AR4,9.2981,9.4427,9.7828,9.1193,9.8804,10.5321,10.5294,10.9105,11.329,10.8922,11.5112,12.2336,12.7213,14.3779,15.1034,15.6944,15.0376,16.9162,16.6754,16.2091,16.3735,17.656,17.6619,18.0183,18.4163,19.268,19.9762,20.1051,21.124942914265603,22.144785828531198,23.164628742796804,23.88973935786732,24.61484997293784,25.33996058800836,26.065071203078887,26.79018181814941,27.51529243321993,28.24040304829045,28.96551366336097,29.690624278431486,30.415734893502012,31.25023489350201,32.093734893502024,32.95053489350201,33.82493489350201,34.72073489350201,35.639434893502006,36.58023489350201,37.543734893502005,38.530634893502004,39.54163489350201,40.57593489350201,41.631834893502024,42.709334893502024,43.808434893502,44.929334893502016,46.075634893502006,47.24963489350203,48.449334893502005,49.672534893502025,50.91733489350202
,HND,,emi_bau,emi_bau,KYOTOGHG,IPCM0EL,MtCO2eq,AR4,9.2981,9.4427,9.7828,9.1193,9.8804,10.5321,10.5294,10.9105,11.329,10.8922,11.5112,12.2336,12.7213,14.3779,15.1034,15.6944,15.0376,16.9162,16.6754,16.2091,16.3735,17.656,17.6619,18.0183,18.4163,19.268,19.9762,20.1051,21.124942914265603,22.144785828531198,23.164628742796804,23.88973935786732,24.61484997293784,25.33996058800836,26.065071203078887,26.79018181814941,27.51529243321993,28.24040304829045,28.96551366336097,29.690624278431486,30.415734893502012,31.25023489350201,32.093734893502024,32.95053489350201,33.82493489350201,34.72073489350201,35.639434893502006,36.58023489350201,37.543734893502005,38.530634893502004,39.54163489350201,40.57593489350201,41.631834893502024,42.709334893502024,43.808434893502,44.929334893502016,46.075634893502006,47.24963489350203,48.449334893502005,49.672534893502025,50.91733489350202
,HND,,emi_cov,emi_cov,KYOTOGHG,IPCM0EL,MtCO2eq,AR4,9.2981,9.4427,9.7828,9.1193,9.8804,10.5321,10.5294,10.9105,11.329,10.8922,11.5112,12.2336,12.7213,14.3779,15.1034,15.6944,15.0376,16.9162,16.6754,16.2091,16.3735,17.656,17.6619,18.0183,18.4163,19.268,19.9762,20.1051,21.124942914265603,22.144785828531198,23.164512317372743,23.88973935786732,24.61484997293784,25.339844480308948,26.065071203078887,26.790066834689046,27.51529243321993,28.24040304829045,28.96551366336097,29.690624278431486,30.415734893502012,31.25023489350201,32.093734893502024,32.95053489350201,33.82493489350201,34.72073489350201,35.63932537351858,36.58023489350201,37.543734893502005,38.530634893502004,39.54163489350201,40.57593489350201,41.631726858890474,42.709334893502024,43.808434893502,44.929334893502016,46.07552767549961,47.24963489350203,48.449334893502005,49.672534893502025,50.91733489350202
,HND,,emi_ncov,emi_ncov,KYOTOGHG,IPCM0EL,MtCO2eq,AR4,0.0,0.0,0.0,0.0,0.0,0.0,0.0,0.0,0.0,0.0,0.0,0.0,0.0,0.0,0.0,0.0,0.0,0.0,0.0,0.0,0.0,0.0,0.0,0.0,0.0,0.0,0.0,0.0,0.0,0.0,0.0001164254240604526,0.0,0.0,0.0001161076994136263,0.0,0.00011498346036543552,0.0,0.0,0.0,0.0,0.0,0.0,0.0,0.0,0.0,0.0,0.00010951998342844757,0.0,0.0,0.0,0.0,0.0,0.00010803461154839336,0.0,0.0,0.0,0.00010721800239829286,0.0,0.0,0.0,0.0
,HND,,pc_cov,pc_cov,KYOTOGHG,IPCM0EL,MtCO2eq/MtCO2eq,AR4,1.0,1.0,1.0,1.0,1.0,1.0,1.0,1.0,1.0,1.0,1.0,1.0,1.0,1.0,1.0,1.0,1.0,1.0,1.0,1.0,1.0,1.0,1.0,1.0,1.0,1.0,1.0,1.0,1.0,1.0,0.999994974,1.0,1.0,0.999995418,1.0,0.9999957079999999,1.0,1.0,1.0,1.0,1.0,1.0,1.0,1.0,1.0,1.0,0.999996927,1.0,1.0,1.0,1.0,1.0,0.999997405,1.0,1.0,1.0,0.999997673,1.0,1.0,1.0,1.0
,HRV,,pop,pop,POP,DEMOGR,Pers,,4776374.0,4760003.0,4732862.0,4697538.0,4657803.0,4616766.0,4574888.0,4532401.0,4491907.0,4456437.0,4428075.0,4408075.0,4395799.0,4388895.0,4383882.0,4378058.0,4370777.0,4362426.0,4352636.0,4341264.0,4328165.0,4313099.0,4295878.0,4276598.0,4255512.0,4232874.0,4208602.0,4182857.0,4189177.6627,4180624.1179,4170345.9689,4159300.2416,4148699.3324,4138623.3443,4129153.8563,4120374.0349,4112215.4466,4104439.4337,4096876.0429,4089356.3776,4081712.35,4073119.4445,4063184.031,4052383.1162,4041191.1486,4030080.0626,4018960.1961,4007620.9395,3996350.6416,3985437.0272,3975167.3498,3965368.7004,3955676.9766,3946092.5093,3936615.5277,3927245.9313,3918266.8047,3909933.7737,3902205.5354,3895041.0791,3888399.5128
,HRV,,gdp,gdp,GDPPPP,ECO,2011GKD,,56441257812.5,44372300781.25,39588656250.0,36013808593.75,39048382812.5,41004542968.75,42856113281.25,46382203125.0,48655101562.5,48844289062.5,51522152343.75,54438226562.5,59121363281.25,64614250000.0,68064000000.0,72180757812.5,79949789062.5,87729062500.0,92847835937.5,88846968750.0,87338125000.0,90150398437.5,90686164062.5,90211617187.5,89626570312.5,93782390625.0,97717625000.0,101625843750.0,98980519459.4955,101062424468.7647,102774361556.4972,104177470788.1658,105519686473.8901,106813964709.8792,108073194331.0958,109310269807.1045,110515376611.376,111666773548.2473,112759505585.443,113788617783.4612,114749154471.5296,115651513215.2345,116509760893.5287,117324480393.5411,118096304297.2257,118825915651.6048,119521000476.0557,120182597343.1547,120801438162.9213,121368239937.2644,121873710598.0457,122316454269.9045,122715064190.1381,123090092076.6488,123461913778.2908,123850772613.4524,124236945561.9271,124596641021.2808,124943974155.828,125293089621.4387,125658146488.0205
"The target value from 'unconditional_best' was used for 'conditional_worst' in 2030.
The target value from 'unconditional_best' was used for 'conditional_best' in 2030.
",HRV,RBY,conditional,worst,KYOTOGHG,IPCM0EL,MtCO2eq,AR4,32.5698,25.7768,24.1163,24.2242,23.316,23.9008,24.6214,25.7228,25.9329,26.9811,26.6332,27.8361,29.03,30.5121,30.8085,31.3063,31.8574,33.3739,32.3164,29.3312,28.9173,28.5314,26.6571,25.6989,24.9376,25.4574,25.6289,26.2975,23.8554,24.3497,24.7736,24.300530127005434,23.790094525718192,23.248399752980184,22.680601504310925,22.091538199486877,21.48118033038777,20.847182457426047,20.190154542764816,19.5107670782838,18.8095175,19.030935597768188,19.249080848842368,19.464487595539932,19.67748980180924,19.88855501717801,20.099286268598416,20.310084312808492,20.519680086804446,20.727004905951492,20.93072291445616,21.129164292576615,21.323798481685664,21.51829908521537,21.716206121018427,21.921326778106245,22.130321416995137,22.338848506356307,22.549446172197367,22.764786126105253,22.98760687245659
,HRV,RBY,conditional,best,KYOTOGHG,IPCM0EL,MtCO2eq,AR4,32.5698,25.7768,24.1163,24.2242,23.316,23.9008,24.6214,25.7228,25.9329,26.9811,26.6332,27.8361,29.03,30.5121,30.8085,31.3063,31.8574,33.3739,32.3164,29.3312,28.9173,28.5314,26.6571,25.6989,24.9376,25.4574,25.6289,26.2975,23.8554,24.3497,24.7736,24.300530127005434,23.790094525718192,23.248399752980184,22.680601504310925,22.091538199486877,21.48118033038777,20.847182457426047,20.190154542764816,19.5107670782838,18.8095175,19.030935597768188,19.249080848842368,19.464487595539932,19.67748980180924,19.88855501717801,20.099286268598416,20.310084312808492,20.519680086804446,20.727004905951492,20.93072291445616,21.129164292576615,21.323798481685664,21.51829908521537,21.716206121018427,21.921326778106245,22.130321416995137,22.338848506356307,22.549446172197367,22.764786126105253,22.98760687245659
"The target value from 'unconditional_best' was used for 'unconditional_worst' in 2030.
",HRV,RBY,unconditional,worst,KYOTOGHG,IPCM0EL,MtCO2eq,AR4,32.5698,25.7768,24.1163,24.2242,23.316,23.9008,24.6214,25.7228,25.9329,26.9811,26.6332,27.8361,29.03,30.5121,30.8085,31.3063,31.8574,33.3739,32.3164,29.3312,28.9173,28.5314,26.6571,25.6989,24.9376,25.4574,25.6289,26.2975,23.8554,24.3497,24.7736,24.300530127005434,23.790094525718192,23.248399752980184,22.680601504310925,22.091538199486877,21.48118033038777,20.847182457426047,20.190154542764816,19.5107670782838,18.8095175,19.030935597768188,19.249080848842368,19.464487595539932,19.67748980180924,19.88855501717801,20.099286268598416,20.310084312808492,20.519680086804446,20.727004905951492,20.93072291445616,21.129164292576615,21.323798481685664,21.51829908521537,21.716206121018427,21.921326778106245,22.130321416995137,22.338848506356307,22.549446172197367,22.764786126105253,22.98760687245659
,HRV,RBY,unconditional,best,KYOTOGHG,IPCM0EL,MtCO2eq,AR4,32.5698,25.7768,24.1163,24.2242,23.316,23.9008,24.6214,25.7228,25.9329,26.9811,26.6332,27.8361,29.03,30.5121,30.8085,31.3063,31.8574,33.3739,32.3164,29.3312,28.9173,28.5314,26.6571,25.6989,24.9376,25.4574,25.6289,26.2975,23.8554,24.3497,24.7736,24.300530127005434,23.790094525718192,23.248399752980184,22.680601504310925,22.091538199486877,21.48118033038777,20.847182457426047,20.190154542764816,19.5107670782838,18.8095175,19.030935597768188,19.249080848842368,19.464487595539932,19.67748980180924,19.88855501717801,20.099286268598416,20.310084312808492,20.519680086804446,20.727004905951492,20.93072291445616,21.129164292576615,21.323798481685664,21.51829908521537,21.716206121018427,21.921326778106245,22.130321416995137,22.338848506356307,22.549446172197367,22.764786126105253,22.98760687245659
"No targets calculated, so the baseline emissions are put in as target pathways for all un/conditional best/worst pathways.
",HRV,baseline_emissions,conditional,worst,KYOTOGHG,IPCM0EL,MtCO2eq,AR4,32.5698,25.7768,24.1163,24.2242,23.316,23.9008,24.6214,25.7228,25.9329,26.9811,26.6332,27.8361,29.03,30.5121,30.8085,31.3063,31.8574,33.3739,32.3164,29.3312,28.9173,28.5314,26.6571,25.6989,24.9376,25.4574,25.6289,26.2975,23.8554,24.3497,24.7736,25.1352,25.4825,25.8207,26.1547,26.4898,26.8261,27.1607,27.4942,27.8274,28.160999999999998,28.4925,28.8191,29.1416,29.4605,29.7765,30.092,30.4076,30.7214,31.0318,31.3368,31.6339,31.9253,32.2165,32.5128,32.8199,33.1328,33.445,33.7603,34.0827,34.4163
"No targets calculated, so the baseline emissions are put in as target pathways for all un/conditional best/worst pathways.
",HRV,baseline_emissions,conditional,best,KYOTOGHG,IPCM0EL,MtCO2eq,AR4,32.5698,25.7768,24.1163,24.2242,23.316,23.9008,24.6214,25.7228,25.9329,26.9811,26.6332,27.8361,29.03,30.5121,30.8085,31.3063,31.8574,33.3739,32.3164,29.3312,28.9173,28.5314,26.6571,25.6989,24.9376,25.4574,25.6289,26.2975,23.8554,24.3497,24.7736,25.1352,25.4825,25.8207,26.1547,26.4898,26.8261,27.1607,27.4942,27.8274,28.160999999999998,28.4925,28.8191,29.1416,29.4605,29.7765,30.092,30.4076,30.7214,31.0318,31.3368,31.6339,31.9253,32.2165,32.5128,32.8199,33.1328,33.445,33.7603,34.0827,34.4163
"No targets calculated, so the baseline emissions are put in as target pathways for all un/conditional best/worst pathways.
",HRV,baseline_emissions,unconditional,worst,KYOTOGHG,IPCM0EL,MtCO2eq,AR4,32.5698,25.7768,24.1163,24.2242,23.316,23.9008,24.6214,25.7228,25.9329,26.9811,26.6332,27.8361,29.03,30.5121,30.8085,31.3063,31.8574,33.3739,32.3164,29.3312,28.9173,28.5314,26.6571,25.6989,24.9376,25.4574,25.6289,26.2975,23.8554,24.3497,24.7736,25.1352,25.4825,25.8207,26.1547,26.4898,26.8261,27.1607,27.4942,27.8274,28.160999999999998,28.4925,28.8191,29.1416,29.4605,29.7765,30.092,30.4076,30.7214,31.0318,31.3368,31.6339,31.9253,32.2165,32.5128,32.8199,33.1328,33.445,33.7603,34.0827,34.4163
"No targets calculated, so the baseline emissions are put in as target pathways for all un/conditional best/worst pathways.
",HRV,baseline_emissions,unconditional,best,KYOTOGHG,IPCM0EL,MtCO2eq,AR4,32.5698,25.7768,24.1163,24.2242,23.316,23.9008,24.6214,25.7228,25.9329,26.9811,26.6332,27.8361,29.03,30.5121,30.8085,31.3063,31.8574,33.3739,32.3164,29.3312,28.9173,28.5314,26.6571,25.6989,24.9376,25.4574,25.6289,26.2975,23.8554,24.3497,24.7736,25.1352,25.4825,25.8207,26.1547,26.4898,26.8261,27.1607,27.4942,27.8274,28.160999999999998,28.4925,28.8191,29.1416,29.4605,29.7765,30.092,30.4076,30.7214,31.0318,31.3368,31.6339,31.9253,32.2165,32.5128,32.8199,33.1328,33.445,33.7603,34.0827,34.4163
,HRV,,emi_bau,emi_bau,KYOTOGHG,IPCM0EL,MtCO2eq,AR4,32.5698,25.7768,24.1163,24.2242,23.316,23.9008,24.6214,25.7228,25.9329,26.9811,26.6332,27.8361,29.03,30.5121,30.8085,31.3063,31.8574,33.3739,32.3164,29.3312,28.9173,28.5314,26.6571,25.6989,24.9376,25.4574,25.6289,26.2975,23.8554,24.3497,24.7736,25.1352,25.4825,25.8207,26.1547,26.4898,26.8261,27.1607,27.4942,27.8274,28.160999999999998,28.4925,28.8191,29.1416,29.4605,29.7765,30.092,30.4076,30.7214,31.0318,31.3368,31.6339,31.9253,32.2165,32.5128,32.8199,33.1328,33.445,33.7603,34.0827,34.4163
,HRV,,emi_cov,emi_cov,KYOTOGHG,IPCM0EL,MtCO2eq,AR4,32.5698,25.7768,24.1163,24.2242,23.316,23.9008,24.6214,25.7228,25.9329,26.9811,26.6332,27.8361,29.03,30.5121,30.8085,31.3063,31.8574,33.3739,32.3164,29.3312,28.9173,28.5314,26.6571,25.6989,24.9376,25.4574,25.6289,26.2975,23.8554,24.3497,24.7736,25.1352,25.4825,25.8207,26.1547,26.4898,26.8261,27.1607,27.4942,27.8274,28.160999999999998,28.4925,28.8191,29.1416,29.4605,29.7765,30.092,30.4076,30.7214,31.0318,31.3368,31.6339,31.9253,32.2165,32.5128,32.8199,33.1328,33.445,33.7603,34.0827,34.4163
,HRV,,emi_ncov,emi_ncov,KYOTOGHG,IPCM0EL,MtCO2eq,AR4,0.0,0.0,0.0,0.0,0.0,0.0,0.0,0.0,0.0,0.0,0.0,0.0,0.0,0.0,0.0,0.0,0.0,0.0,0.0,0.0,0.0,0.0,0.0,0.0,0.0,0.0,0.0,0.0,0.0,0.0,0.0,0.0,0.0,0.0,0.0,0.0,0.0,0.0,0.0,0.0,0.0,0.0,0.0,0.0,0.0,0.0,0.0,0.0,0.0,0.0,0.0,0.0,0.0,0.0,0.0,0.0,0.0,0.0,0.0,0.0,0.0
,HRV,,pc_cov,pc_cov,KYOTOGHG,IPCM0EL,MtCO2eq/MtCO2eq,AR4,1.0,1.0,1.0,1.0,1.0,1.0,1.0,1.0,1.0,1.0,1.0,1.0,1.0,1.0,1.0,1.0,1.0,1.0,1.0,1.0,1.0,1.0,1.0,1.0,1.0,1.0,1.0,1.0,1.0,1.0,1.0,1.0,1.0,1.0,1.0,1.0,1.0,1.0,1.0,1.0,1.0,1.0,1.0,1.0,1.0,1.0,1.0,1.0,1.0,1.0,1.0,1.0,1.0,1.0,1.0,1.0,1.0,1.0,1.0,1.0,1.0
,HTI,,pop,pop,POP,DEMOGR,Pers,,7037917.0,7178607.0,7319493.0,7460689.0,7602320.0,7744503.0,7887304.0,8030726.0,8174680.0,8319057.0,8463806.0,8608819.0,8754150.0,8900104.0,9047077.0,9195288.0,9344785.0,9495328.0,9646580.0,9798046.0,9949322.0,10100320.0,10250930.0,10400675.0,10549009.0,10695542.0,10839970.0,10982366.0,11136844.0971,11283203.9268,11431293.0335,11582551.8657,11737444.9556,11895036.542,12054391.0696,12214572.8931,12375182.5927,12535768.0594,12695314.3201,12852806.5786,13007230.4076,13159228.5037,13309995.7344,13459345.1001,13607088.0205,13753034.3393,13897304.5847,14040168.2379,14181656.8019,14321800.9992,14460630.8232,14598366.0554,14735091.1155,14870632.0595,15004814.4703,15137463.5011,15268623.4523,15398148.6291,15525579.009,15650454.6977,15772315.8089
,HTI,,gdp,gdp,GDPPPP,ECO,2011GKD,,9197464843.75,9255607421.875,8926853515.625,8351393554.6875,7639167480.4688,9982963867.1875,11613321289.0625,12157129882.8125,12203765625.0,13597628906.25,15690107421.875,15033736328.125,14895499023.4375,14306798828.125,13989495117.1875,14614865234.375,14496267578.125,15347057617.1875,15008244140.625,15739499023.4375,14670628906.25,15376170898.4375,15337431640.625,15977896484.375,16260139648.4375,16869097656.25,16812873046.875,16497341796.875,17622994697.5383,18558579511.5067,19545575188.6998,20609143829.1844,21755043880.2933,22969618171.2953,24239543742.9818,25551778421.0457,26910463030.8895,28320273305.051006,29769138203.2033,31244983174.3744,32735737998.1744,34234225443.231007,35748763557.032005,37290349337.776,38869725338.043,40497355884.2095,42182126798.7957,43924412301.9915,45721981953.571,47573024945.1343,49476164039.2068,51431034866.2164,53436390384.8589,55489984872.2739,57589749851.2961,59733800640.5638,61925497708.40701,64170548876.5527,66470744198.8516,68827891477.2345,71243815833.2179
"The target value from 'conditional_best' was used for 'conditional_worst' in 2030.
",HTI,ABS,conditional,worst,KYOTOGHG,IPCM0EL,MtCO2eq,AR4,6.5127,6.7989,7.1777,6.9537,6.7039,7.4186,7.7404,8.2304,8.2341,8.4177,8.7386,9.0061,9.2336,9.1973,9.5466,11.7012,11.9224,12.3949,12.6765,12.7842,12.780999999999999,13.3544,13.6384,14.1942,14.982000000000001,15.3953,15.8844,16.2117,16.947584615384613,17.68346923076923,18.419353846153847,18.621803468285123,18.783267267595022,18.903745244083545,18.98323739775068,19.021743728596448,19.01926423662084,18.97579892182385,18.891347784205482,18.76591082376574,18.599488040504614,19.298785268738435,20.004071113351063,20.720540518671104,21.45281121299065,22.205284468588104,22.981279277673405,23.77942475215984,24.59726772389223,25.43249932872454,26.28317146253353,27.150149949373976,28.034444917309767,28.934469022240503,29.848418464052077,30.774922354657786,31.714485758089562,32.668696018447825,33.63719237570975,34.619902677870776,35.61632186089895
,HTI,ABS,conditional,best,KYOTOGHG,IPCM0EL,MtCO2eq,AR4,6.5127,6.7989,7.1777,6.9537,6.7039,7.4186,7.7404,8.2304,8.2341,8.4177,8.7386,9.0061,9.2336,9.1973,9.5466,11.7012,11.9224,12.3949,12.6765,12.7842,12.780999999999999,13.3544,13.6384,14.1942,14.982000000000001,15.3953,15.8844,16.2117,16.947584615384613,17.68346923076923,18.419353846153847,18.621803468285123,18.783267267595022,18.903745244083545,18.98323739775068,19.021743728596448,19.01926423662084,18.97579892182385,18.891347784205482,18.76591082376574,18.599488040504614,19.298785268738435,20.004071113351063,20.720540518671104,21.45281121299065,22.205284468588104,22.981279277673405,23.77942475215984,24.59726772389223,25.43249932872454,26.28317146253353,27.150149949373976,28.034444917309767,28.934469022240503,29.848418464052077,30.774922354657786,31.714485758089562,32.668696018447825,33.63719237570975,34.619902677870776,35.61632186089895
"The target value from 'unconditional_best' was used for 'unconditional_worst' in 2030.
",HTI,ABS,unconditional,worst,KYOTOGHG,IPCM0EL,MtCO2eq,AR4,6.5127,6.7989,7.1777,6.9537,6.7039,7.4186,7.7404,8.2304,8.2341,8.4177,8.7386,9.0061,9.2336,9.1973,9.5466,11.7012,11.9224,12.3949,12.6765,12.7842,12.780999999999999,13.3544,13.6384,14.1942,14.982000000000001,15.3953,15.8844,16.2117,16.947584615384613,17.68346923076923,18.419353846153847,19.071889243842623,19.71802060671557,20.357747934772668,20.991071228013926,21.617990486439346,22.23850571004893,22.852616898842665,23.46032405282057,24.061627171982632,24.656526256328846,25.583553948240382,26.518520486461107,27.468312581042362,28.43905175202979,29.436572573216893,30.46527488713647,31.523341367524978,32.60751995685816,33.71474989511321,34.84244866602087,35.99176405458969,37.164035143329656,38.35715765972508,39.56874038500814,40.79696599291528,42.0425040247015,43.307458752882475,44.59135193370465,45.89408791841731,47.21499716576547
,HTI,ABS,unconditional,best,KYOTOGHG,IPCM0EL,MtCO2eq,AR4,6.5127,6.7989,7.1777,6.9537,6.7039,7.4186,7.7404,8.2304,8.2341,8.4177,8.7386,9.0061,9.2336,9.1973,9.5466,11.7012,11.9224,12.3949,12.6765,12.7842,12.780999999999999,13.3544,13.6384,14.1942,14.982000000000001,15.3953,15.8844,16.2117,16.947584615384613,17.68346923076923,18.419353846153847,19.071889243842623,19.71802060671557,20.357747934772668,20.991071228013926,21.617990486439346,22.23850571004893,22.852616898842665,23.46032405282057,24.061627171982632,24.656526256328846,25.583553948240382,26.518520486461107,27.468312581042362,28.43905175202979,29.436572573216893,30.46527488713647,31.523341367524978,32.60751995685816,33.71474989511321,34.84244866602087,35.99176405458969,37.164035143329656,38.35715765972508,39.56874038500814,40.79696599291528,42.0425040247015,43.307458752882475,44.59135193370465,45.89408791841731,47.21499716576547
"The target value from 'conditional_best' was used for 'conditional_worst' in 2030.
",HTI,ABU,conditional,worst,KYOTOGHG,IPCM0EL,MtCO2eq,AR4,6.5127,6.7989,7.1777,6.9537,6.7039,7.4186,7.7404,8.2304,8.2341,8.4177,8.7386,9.0061,9.2336,9.1973,9.5466,11.7012,11.9224,12.3949,12.6765,12.7842,12.780999999999999,13.3544,13.6384,14.1942,14.982000000000001,15.3953,15.8844,16.2117,16.947584615384613,17.68346923076923,18.419353846153847,18.621803468285123,18.78326726759502,18.90374524408354,18.983237397750678,19.021743728596444,19.019264236620838,18.97579892182384,18.891347784205482,18.765910823765733,18.599488040504607,19.298785268738428,20.00407111335106,20.720540518671097,21.452811212990646,22.205284468588097,22.981279277673398,23.77942475215983,24.597267723892223,25.432499328724532,26.283171462533524,27.150149949373965,28.03444491730976,28.934469022240492,29.84841846405207,30.774922354657775,31.714485758089555,32.66869601844781,33.63719237570974,34.61990267787076,35.616321860898935
,HTI,ABU,conditional,best,KYOTOGHG,IPCM0EL,MtCO2eq,AR4,6.5127,6.7989,7.1777,6.9537,6.7039,7.4186,7.7404,8.2304,8.2341,8.4177,8.7386,9.0061,9.2336,9.1973,9.5466,11.7012,11.9224,12.3949,12.6765,12.7842,12.780999999999999,13.3544,13.6384,14.1942,14.982000000000001,15.3953,15.8844,16.2117,16.947584615384613,17.68346923076923,18.419353846153847,18.621803468285123,18.78326726759502,18.90374524408354,18.983237397750678,19.021743728596444,19.019264236620838,18.97579892182384,18.891347784205482,18.765910823765733,18.599488040504607,19.298785268738428,20.00407111335106,20.720540518671097,21.452811212990646,22.205284468588097,22.981279277673398,23.77942475215983,24.597267723892223,25.432499328724532,26.283171462533524,27.150149949373965,28.03444491730976,28.934469022240492,29.84841846405207,30.774922354657775,31.714485758089555,32.66869601844781,33.63719237570974,34.61990267787076,35.616321860898935
"The target value from 'unconditional_best' was used for 'unconditional_worst' in 2030.
",HTI,ABU,unconditional,worst,KYOTOGHG,IPCM0EL,MtCO2eq,AR4,6.5127,6.7989,7.1777,6.9537,6.7039,7.4186,7.7404,8.2304,8.2341,8.4177,8.7386,9.0061,9.2336,9.1973,9.5466,11.7012,11.9224,12.3949,12.6765,12.7842,12.780999999999999,13.3544,13.6384,14.1942,14.982000000000001,15.3953,15.8844,16.2117,16.947584615384613,17.68346923076923,18.419353846153847,19.071889243842623,19.71802060671557,20.357747934772668,20.991071228013922,21.617990486439343,22.23850571004893,22.852616898842662,23.460324052820567,24.061627171982632,24.656526256328842,25.58355394824038,26.518520486461103,27.46831258104236,28.439051752029787,29.43657257321689,30.465274887136466,31.523341367524974,32.607519956858155,33.71474989511321,34.842448666020864,35.99176405458968,37.16403514332965,38.357157659725075,39.568740385008134,40.796965992915275,42.04250402470149,43.30745875288247,44.591351933704644,45.894087918417306,47.21499716576546
,HTI,ABU,unconditional,best,KYOTOGHG,IPCM0EL,MtCO2eq,AR4,6.5127,6.7989,7.1777,6.9537,6.7039,7.4186,7.7404,8.2304,8.2341,8.4177,8.7386,9.0061,9.2336,9.1973,9.5466,11.7012,11.9224,12.3949,12.6765,12.7842,12.780999999999999,13.3544,13.6384,14.1942,14.982000000000001,15.3953,15.8844,16.2117,16.947584615384613,17.68346923076923,18.419353846153847,19.071889243842623,19.71802060671557,20.357747934772668,20.991071228013922,21.617990486439343,22.23850571004893,22.852616898842662,23.460324052820567,24.061627171982632,24.656526256328842,25.58355394824038,26.518520486461103,27.46831258104236,28.439051752029787,29.43657257321689,30.465274887136466,31.523341367524974,32.607519956858155,33.71474989511321,34.842448666020864,35.99176405458968,37.16403514332965,38.357157659725075,39.568740385008134,40.796965992915275,42.04250402470149,43.30745875288247,44.591351933704644,45.894087918417306,47.21499716576546
"The target value from 'conditional_best' was used for 'conditional_worst' in 2030.
",HTI,RBU,conditional,worst,KYOTOGHG,IPCM0EL,MtCO2eq,AR4,6.5127,6.7989,7.1777,6.9537,6.7039,7.4186,7.7404,8.2304,8.2341,8.4177,8.7386,9.0061,9.2336,9.1973,9.5466,11.7012,11.9224,12.3949,12.6765,12.7842,12.780999999999999,13.3544,13.6384,14.1942,14.982000000000001,15.3953,15.8844,16.2117,16.947584615384613,17.68346923076923,18.419353846153847,18.567659912912838,18.67082010324416,18.72883441714781,18.741702854623778,18.70942541567208,18.63200210029271,18.50943290848566,18.341717840250947,18.128856895588555,17.870850074498485,18.54275222019539,19.22040837725144,19.908809977207103,20.61239384809834,21.33538884164694,22.080983928003747,22.847861923845592,23.63366576427836,24.436177035284075,25.253523950035056,26.08653841378805,26.936190982675917,27.800956497061307,28.67910182099266,29.569309771146806,30.47206562559017,31.388894543960117,32.31944989906634,33.263662365470786,34.221046665107
,HTI,RBU,conditional,best,KYOTOGHG,IPCM0EL,MtCO2eq,AR4,6.5127,6.7989,7.1777,6.9537,6.7039,7.4186,7.7404,8.2304,8.2341,8.4177,8.7386,9.0061,9.2336,9.1973,9.5466,11.7012,11.9224,12.3949,12.6765,12.7842,12.780999999999999,13.3544,13.6384,14.1942,14.982000000000001,15.3953,15.8844,16.2117,16.947584615384613,17.68346923076923,18.419353846153847,18.567659912912838,18.67082010324416,18.72883441714781,18.741702854623778,18.70942541567208,18.63200210029271,18.50943290848566,18.341717840250947,18.128856895588555,17.870850074498485,18.54275222019539,19.22040837725144,19.908809977207103,20.61239384809834,21.33538884164694,22.080983928003747,22.847861923845592,23.63366576427836,24.436177035284075,25.253523950035056,26.08653841378805,26.936190982675917,27.800956497061307,28.67910182099266,29.569309771146806,30.47206562559017,31.388894543960117,32.31944989906634,33.263662365470786,34.221046665107
"The target value from 'unconditional_best' was used for 'unconditional_worst' in 2030.
",HTI,RBU,unconditional,worst,KYOTOGHG,IPCM0EL,MtCO2eq,AR4,6.5127,6.7989,7.1777,6.9537,6.7039,7.4186,7.7404,8.2304,8.2341,8.4177,8.7386,9.0061,9.2336,9.1973,9.5466,11.7012,11.9224,12.3949,12.6765,12.7842,12.780999999999999,13.3544,13.6384,14.1942,14.982000000000001,15.3953,15.8844,16.2117,16.947584615384613,17.68346923076923,18.419353846153847,19.060467727889165,19.694300016652285,20.320850712443196,20.940119815261895,21.552107325108395,22.156813241982693,22.75423756588478,23.34438029681467,23.927241434772352,24.502820979757818,25.424069712934738,26.353207802782492,27.29707902858179,28.26176674969328,29.25306916800757,30.27535869806512,31.32682934255574,32.40424931681909,33.504576941174854,34.625245798392754,35.76739651835291,36.93235983591547,38.11804459630021,39.32207448725688,40.54264351147529,41.780417036385515,43.03748621676776,44.31337579017199,45.6079907041082,46.920665591146296
,HTI,RBU,unconditional,best,KYOTOGHG,IPCM0EL,MtCO2eq,AR4,6.5127,6.7989,7.1777,6.9537,6.7039,7.4186,7.7404,8.2304,8.2341,8.4177,8.7386,9.0061,9.2336,9.1973,9.5466,11.7012,11.9224,12.3949,12.6765,12.7842,12.780999999999999,13.3544,13.6384,14.1942,14.982000000000001,15.3953,15.8844,16.2117,16.947584615384613,17.68346923076923,18.419353846153847,19.060467727889165,19.694300016652285,20.320850712443196,20.940119815261895,21.552107325108395,22.156813241982693,22.75423756588478,23.34438029681467,23.927241434772352,24.502820979757818,25.424069712934738,26.353207802782492,27.29707902858179,28.26176674969328,29.25306916800757,30.27535869806512,31.32682934255574,32.40424931681909,33.504576941174854,34.625245798392754,35.76739651835291,36.93235983591547,38.11804459630021,39.32207448725688,40.54264351147529,41.780417036385515,43.03748621676776,44.31337579017199,45.6079907041082,46.920665591146296
"No targets calculated, so the baseline emissions are put in as target pathways for all un/conditional best/worst pathways.
",HTI,baseline_emissions,conditional,worst,KYOTOGHG,IPCM0EL,MtCO2eq,AR4,6.5127,6.7989,7.1777,6.9537,6.7039,7.4186,7.7404,8.2304,8.2341,8.4177,8.7386,9.0061,9.2336,9.1973,9.5466,11.7012,11.9224,12.3949,12.6765,12.7842,12.780999999999999,13.3544,13.6384,14.1942,14.982000000000001,15.3953,15.8844,16.2117,16.947584615384613,17.68346923076923,18.419353846153847,19.15523846153846,19.891123076923076,20.627007692307693,21.362892307692302,22.09877692307692,22.83466153846154,23.57054615384615,24.306430769230772,25.04231538461539,25.7782,26.7474,27.7249,28.7179,29.7328,30.7757,31.8512,32.9574,34.0909,35.2485,36.4275,37.6291,38.8547,40.1021,41.3688,42.6529,43.9551,45.2776,46.6199,47.9819,49.3629
"No targets calculated, so the baseline emissions are put in as target pathways for all un/conditional best/worst pathways.
",HTI,baseline_emissions,conditional,best,KYOTOGHG,IPCM0EL,MtCO2eq,AR4,6.5127,6.7989,7.1777,6.9537,6.7039,7.4186,7.7404,8.2304,8.2341,8.4177,8.7386,9.0061,9.2336,9.1973,9.5466,11.7012,11.9224,12.3949,12.6765,12.7842,12.780999999999999,13.3544,13.6384,14.1942,14.982000000000001,15.3953,15.8844,16.2117,16.947584615384613,17.68346923076923,18.419353846153847,19.15523846153846,19.891123076923076,20.627007692307693,21.362892307692302,22.09877692307692,22.83466153846154,23.57054615384615,24.306430769230772,25.04231538461539,25.7782,26.7474,27.7249,28.7179,29.7328,30.7757,31.8512,32.9574,34.0909,35.2485,36.4275,37.6291,38.8547,40.1021,41.3688,42.6529,43.9551,45.2776,46.6199,47.9819,49.3629
"No targets calculated, so the baseline emissions are put in as target pathways for all un/conditional best/worst pathways.
",HTI,baseline_emissions,unconditional,worst,KYOTOGHG,IPCM0EL,MtCO2eq,AR4,6.5127,6.7989,7.1777,6.9537,6.7039,7.4186,7.7404,8.2304,8.2341,8.4177,8.7386,9.0061,9.2336,9.1973,9.5466,11.7012,11.9224,12.3949,12.6765,12.7842,12.780999999999999,13.3544,13.6384,14.1942,14.982000000000001,15.3953,15.8844,16.2117,16.947584615384613,17.68346923076923,18.419353846153847,19.15523846153846,19.891123076923076,20.627007692307693,21.362892307692302,22.09877692307692,22.83466153846154,23.57054615384615,24.306430769230772,25.04231538461539,25.7782,26.7474,27.7249,28.7179,29.7328,30.7757,31.8512,32.9574,34.0909,35.2485,36.4275,37.6291,38.8547,40.1021,41.3688,42.6529,43.9551,45.2776,46.6199,47.9819,49.3629
"No targets calculated, so the baseline emissions are put in as target pathways for all un/conditional best/worst pathways.
",HTI,baseline_emissions,unconditional,best,KYOTOGHG,IPCM0EL,MtCO2eq,AR4,6.5127,6.7989,7.1777,6.9537,6.7039,7.4186,7.7404,8.2304,8.2341,8.4177,8.7386,9.0061,9.2336,9.1973,9.5466,11.7012,11.9224,12.3949,12.6765,12.7842,12.780999999999999,13.3544,13.6384,14.1942,14.982000000000001,15.3953,15.8844,16.2117,16.947584615384613,17.68346923076923,18.419353846153847,19.15523846153846,19.891123076923076,20.627007692307693,21.362892307692302,22.09877692307692,22.83466153846154,23.57054615384615,24.306430769230772,25.04231538461539,25.7782,26.7474,27.7249,28.7179,29.7328,30.7757,31.8512,32.9574,34.0909,35.2485,36.4275,37.6291,38.8547,40.1021,41.3688,42.6529,43.9551,45.2776,46.6199,47.9819,49.3629
,HTI,,emi_bau,emi_bau,KYOTOGHG,IPCM0EL,MtCO2eq,AR4,6.5127,6.7989,7.1777,6.9537,6.7039,7.4186,7.7404,8.2304,8.2341,8.4177,8.7386,9.0061,9.2336,9.1973,9.5466,11.7012,11.9224,12.3949,12.6765,12.7842,12.780999999999999,13.3544,13.6384,14.1942,14.982000000000001,15.3953,15.8844,16.2117,16.947584615384613,17.68346923076923,18.419353846153847,19.15523846153846,19.891123076923076,20.627007692307693,21.362892307692302,22.09877692307692,22.83466153846154,23.57054615384615,24.306430769230772,25.04231538461539,25.7782,26.7474,27.7249,28.7179,29.7328,30.7757,31.8512,32.9574,34.0909,35.2485,36.4275,37.6291,38.8547,40.1021,41.3688,42.6529,43.9551,45.2776,46.6199,47.9819,49.3629
,HTI,,emi_cov,emi_cov,KYOTOGHG,IPCM0EL,MtCO2eq,AR4,6.3654557203416,6.629537837252999,7.0295008437795,6.8523821641586995,6.6034929478049,7.3000690514304,7.607554889614399,8.0860993103616,8.0863010504262,8.2665432179991,8.582352267790599,8.8434946303414,9.028356333289599,8.9960989914565,9.336570370377599,11.4906694587384,11.717507070214399,12.1921404081708,12.4627100542335,12.5672756105754,12.573950714068,13.1300997780424,13.4155428022336,13.9728343255116,14.75871456444,15.169884619205702,15.6568632609396,15.982035168663002,16.70460109530889,17.436218079811155,18.168410134998922,18.90125482569303,19.63461797449403,20.36833191769627,21.102260001258763,21.836292203132654,22.57044228633586,23.304719372825673,24.039042141236187,24.77334599216465,25.507580404843598,26.4726423620112,27.4459688748672,28.4347292147388,29.4452960441808,30.4837433367071,31.5546514408768,32.6561284638666,33.784788945265994,34.937446509882,36.11141271767251,37.3078824239526,38.528249649027195,39.7703238173973,41.0316156114216,42.31023308464081,43.6068732805272,44.923726804724,46.260295769653496,47.6164806455275,48.9915844174989
,HTI,,emi_ncov,emi_ncov,KYOTOGHG,IPCM0EL,MtCO2eq,AR4,0.14724427965839992,0.16936216274700022,0.14819915622049976,0.10131783584130066,0.10040705219510072,0.11853094856959968,0.13284511038560037,0.1443006896383994,0.14779894957379955,0.15115678200090063,0.15624773220940044,0.16260536965859976,0.20524366671040012,0.20120100854349987,0.21002962962240104,0.2105305412615994,0.2048929297856006,0.20275959182919917,0.21378994576649948,0.21692438942459905,0.207049285932,0.22430022195760096,0.22285719776639992,0.22136567448840055,0.22328543556000044,0.22541538079429907,0.22753673906039862,0.2296648313369995,0.24298352007572346,0.24725115095807634,0.25094371115492387,0.25398363584542993,0.25650510242904556,0.25867577461142355,0.26063230643353846,0.26248471994426387,0.2642192521256766,0.26582678102047674,0.26738862799458357,0.2689693924507383,0.27061959515640155,0.27475763798880015,0.2789311251328013,0.2831707852611993,0.287503955819201,0.29195666329289954,0.2965485591231975,0.3012715361333971,0.3061110547340015,0.3110534901179988,0.3160872823274976,0.3212175760474018,0.3264503509728044,0.331776182602703,0.33718438857839717,0.3426669153591981,0.34822671947279665,0.3538731952760019,0.3596042303465023,0.3654193544724996,0.37131558250110414
,HTI,,pc_cov,pc_cov,KYOTOGHG,IPCM0EL,MtCO2eq/MtCO2eq,AR4,0.977391208,0.97508977,0.979352835,0.9854296509999999,0.9850225909999999,0.984022464,0.982837436,0.9824673540000001,0.982050382,0.9820429829999999,0.982119821,0.981944974,0.977772086,0.978123905,0.9779995359999999,0.982007782,0.982814456,0.9836416920000001,0.983134939,0.9830318370000001,0.983800228,0.9832040209999999,0.983659579,0.984404498,0.98509642,0.9853581690000001,0.9856754590000001,0.98583339,0.985662646,0.98601795,0.986376085,0.986740774,0.987104544,0.987459365,0.987799765,0.9881222059999999,0.988429027,0.988722078,0.988999264,0.989259404,0.9895019979999999,0.989727688,0.989939328,0.990139572,0.990330411,0.990513403,0.9906895640000001,0.9908587590000001,0.99102074,0.991175412,0.9913228390000001,0.991463586,0.9915981759999999,0.9917267129999999,0.9918493070000001,0.991966152,0.9920776720000001,0.992184365,0.992286465,0.992384225,0.9924778409999999
,HUN,,pop,pop,POP,DEMOGR,Pers,,10377137.0,10363049.0,10358619.0,10359066.0,10357591.0,10349302.0,10332453.0,10308480.0,10279602.0,10249416.0,10220507.0,10193449.0,10167283.0,10141342.0,10114480.0,10085937.0,10055653.0,10024149.0,9991867.0,9959439.0,9927370.0,9895680.0,9864358.0,9833923.0,9804991.0,9777923.0,9752975.0,9729823.0,9675199.0371,9625828.4539,9571726.3277,9515028.854,9458291.617,9401687.7865,9345394.3862,9289592.6513,9233703.3941,9177082.3757,9119821.0951,9062017.1103,9003774.0538,8943305.7825,8879443.1385,8813206.6422,8745598.5197,8677602.4295,8609155.8767,8539821.5434,8470001.9096,8400092.3939,8330481.334,8261015.7304,8191088.436000002,8120405.9446,8048680.8803,7975632.1092,7901922.4794,7828330.5248,7754755.193,7681097.3816,7607259.6969
,HUN,,gdp,gdp,GDPPPP,ECO,2011GKD,,124032921875.0,110997531250.0,112574343750.0,117683359375.0,124345578125.0,129104781250.0,131677859375.0,134156109375.0,136146812500.0,138637828125.0,146745234375.0,159824781250.0,169697109375.0,175204906250.0,179211015625.0,189609859375.0,197462921875.0,202924906250.0,215907421875.0,215040859375.0,225163218750.0,234988453125.0,234169531250.0,239963578125.0,245144593750.0,255810296875.0,255733125000.0,267415500000.0,268686442007.3761,272204414801.5291,275696741288.8557,279391376386.0784,283453759818.7192,287770630744.5215,292229755952.0922,296719479564.4475,301225524148.8311,305768724381.0377,310290238294.2711,314731160043.8616,319032541849.062,323269069574.6049,327493874132.1841,331615471286.6768,335542121318.3367,339181893535.4874,342538187360.4678,345688982625.8472,348654234492.6334,351453960157.8849,354108202959.7489,356609093695.5099,358970909954.2327,361246955557.575,363490561108.2025,365755166781.9385,368048232259.4662,370304601415.166,372468899970.4591,374485635562.0582,376299225473.9521
"The target value from 'unconditional_best' was used for 'conditional_worst' in 2030.
The target value from 'unconditional_best' was used for 'conditional_best' in 2030.
",HUN,RBY,conditional,worst,KYOTOGHG,IPCM0EL,MtCO2eq,AR4,94.6912,87.9169,78.0777,78.8877,77.7848,76.1611,78.3582,76.7816,76.3158,76.7225,73.8149,75.7877,74.1494,77.1462,76.113,75.8855,74.6684,72.9015,71.0893,65.0681,65.425,63.7984,60.0858,57.2278,57.8363,61.1761,61.5372,64.1734,59.7746,60.593999999999994,61.4445,61.15991037256729,60.91932791143912,60.69912118161991,60.47738777337538,60.23393499635806,59.97059636305015,59.69550030881692,59.39992941407161,59.07576088016245,58.715869999999995,59.752143959526414,60.801248285005535,61.84760901021803,62.87532939244264,63.8681899124561,64.82748167626626,65.76853656771596,66.6963576225855,67.6158671825297,68.53222967157984,69.43915094794781,70.33380671724147,71.22684860402538,72.12917031524047,73.05223041670617,73.99780417918325,74.95314193084444,75.9073499647488,76.84896971507692,77.7664619218839
,HUN,RBY,conditional,best,KYOTOGHG,IPCM0EL,MtCO2eq,AR4,94.6912,87.9169,78.0777,78.8877,77.7848,76.1611,78.3582,76.7816,76.3158,76.7225,73.8149,75.7877,74.1494,77.1462,76.113,75.8855,74.6684,72.9015,71.0893,65.0681,65.425,63.7984,60.0858,57.2278,57.8363,61.1761,61.5372,64.1734,59.7746,60.593999999999994,61.4445,61.15991037256729,60.91932791143912,60.69912118161991,60.47738777337538,60.23393499635806,59.97059636305015,59.69550030881692,59.39992941407161,59.07576088016245,58.715869999999995,59.752143959526414,60.801248285005535,61.84760901021803,62.87532939244264,63.8681899124561,64.82748167626626,65.76853656771596,66.6963576225855,67.6158671825297,68.53222967157984,69.43915094794781,70.33380671724147,71.22684860402538,72.12917031524047,73.05223041670617,73.99780417918325,74.95314193084444,75.9073499647488,76.84896971507692,77.7664619218839
"The target value from 'unconditional_best' was used for 'unconditional_worst' in 2030.
",HUN,RBY,unconditional,worst,KYOTOGHG,IPCM0EL,MtCO2eq,AR4,94.6912,87.9169,78.0777,78.8877,77.7848,76.1611,78.3582,76.7816,76.3158,76.7225,73.8149,75.7877,74.1494,77.1462,76.113,75.8855,74.6684,72.9015,71.0893,65.0681,65.425,63.7984,60.0858,57.2278,57.8363,61.1761,61.5372,64.1734,59.7746,60.593999999999994,61.4445,61.15991037256729,60.91932791143912,60.69912118161991,60.47738777337538,60.23393499635806,59.97059636305015,59.69550030881692,59.39992941407161,59.07576088016245,58.715869999999995,59.752143959526414,60.801248285005535,61.84760901021803,62.87532939244264,63.8681899124561,64.82748167626626,65.76853656771596,66.6963576225855,67.6158671825297,68.53222967157984,69.43915094794781,70.33380671724147,71.22684860402538,72.12917031524047,73.05223041670617,73.99780417918325,74.95314193084444,75.9073499647488,76.84896971507692,77.7664619218839
,HUN,RBY,unconditional,best,KYOTOGHG,IPCM0EL,MtCO2eq,AR4,94.6912,87.9169,78.0777,78.8877,77.7848,76.1611,78.3582,76.7816,76.3158,76.7225,73.8149,75.7877,74.1494,77.1462,76.113,75.8855,74.6684,72.9015,71.0893,65.0681,65.425,63.7984,60.0858,57.2278,57.8363,61.1761,61.5372,64.1734,59.7746,60.593999999999994,61.4445,61.15991037256729,60.91932791143912,60.69912118161991,60.47738777337538,60.23393499635806,59.97059636305015,59.69550030881692,59.39992941407161,59.07576088016245,58.715869999999995,59.752143959526414,60.801248285005535,61.84760901021803,62.87532939244264,63.8681899124561,64.82748167626626,65.76853656771596,66.6963576225855,67.6158671825297,68.53222967157984,69.43915094794781,70.33380671724147,71.22684860402538,72.12917031524047,73.05223041670617,73.99780417918325,74.95314193084444,75.9073499647488,76.84896971507692,77.7664619218839
"No targets calculated, so the baseline emissions are put in as target pathways for all un/conditional best/worst pathways.
",HUN,baseline_emissions,conditional,worst,KYOTOGHG,IPCM0EL,MtCO2eq,AR4,94.6912,87.9169,78.0777,78.8877,77.7848,76.1611,78.3582,76.7816,76.3158,76.7225,73.8149,75.7877,74.1494,77.1462,76.113,75.8855,74.6684,72.9015,71.0893,65.0681,65.425,63.7984,60.0858,57.2278,57.8363,61.1761,61.5372,64.1734,59.7746,60.593999999999994,61.4445,62.3639,63.36600000000001,64.4308,65.5385,66.6695,67.8274,69.0234,70.2498,71.4989,72.7635,74.0477,75.3478,76.6445,77.9181,79.1485,80.3373,81.5035,82.6533,83.7928,84.9284,86.0523,87.161,88.2677,89.3859,90.5298,91.7016,92.8855,94.068,95.2349,96.3719
"No targets calculated, so the baseline emissions are put in as target pathways for all un/conditional best/worst pathways.
",HUN,baseline_emissions,conditional,best,KYOTOGHG,IPCM0EL,MtCO2eq,AR4,94.6912,87.9169,78.0777,78.8877,77.7848,76.1611,78.3582,76.7816,76.3158,76.7225,73.8149,75.7877,74.1494,77.1462,76.113,75.8855,74.6684,72.9015,71.0893,65.0681,65.425,63.7984,60.0858,57.2278,57.8363,61.1761,61.5372,64.1734,59.7746,60.593999999999994,61.4445,62.3639,63.36600000000001,64.4308,65.5385,66.6695,67.8274,69.0234,70.2498,71.4989,72.7635,74.0477,75.3478,76.6445,77.9181,79.1485,80.3373,81.5035,82.6533,83.7928,84.9284,86.0523,87.161,88.2677,89.3859,90.5298,91.7016,92.8855,94.068,95.2349,96.3719
"No targets calculated, so the baseline emissions are put in as target pathways for all un/conditional best/worst pathways.
",HUN,baseline_emissions,unconditional,worst,KYOTOGHG,IPCM0EL,MtCO2eq,AR4,94.6912,87.9169,78.0777,78.8877,77.7848,76.1611,78.3582,76.7816,76.3158,76.7225,73.8149,75.7877,74.1494,77.1462,76.113,75.8855,74.6684,72.9015,71.0893,65.0681,65.425,63.7984,60.0858,57.2278,57.8363,61.1761,61.5372,64.1734,59.7746,60.593999999999994,61.4445,62.3639,63.36600000000001,64.4308,65.5385,66.6695,67.8274,69.0234,70.2498,71.4989,72.7635,74.0477,75.3478,76.6445,77.9181,79.1485,80.3373,81.5035,82.6533,83.7928,84.9284,86.0523,87.161,88.2677,89.3859,90.5298,91.7016,92.8855,94.068,95.2349,96.3719
"No targets calculated, so the baseline emissions are put in as target pathways for all un/conditional best/worst pathways.
",HUN,baseline_emissions,unconditional,best,KYOTOGHG,IPCM0EL,MtCO2eq,AR4,94.6912,87.9169,78.0777,78.8877,77.7848,76.1611,78.3582,76.7816,76.3158,76.7225,73.8149,75.7877,74.1494,77.1462,76.113,75.8855,74.6684,72.9015,71.0893,65.0681,65.425,63.7984,60.0858,57.2278,57.8363,61.1761,61.5372,64.1734,59.7746,60.593999999999994,61.4445,62.3639,63.36600000000001,64.4308,65.5385,66.6695,67.8274,69.0234,70.2498,71.4989,72.7635,74.0477,75.3478,76.6445,77.9181,79.1485,80.3373,81.5035,82.6533,83.7928,84.9284,86.0523,87.161,88.2677,89.3859,90.5298,91.7016,92.8855,94.068,95.2349,96.3719
,HUN,,emi_bau,emi_bau,KYOTOGHG,IPCM0EL,MtCO2eq,AR4,94.6912,87.9169,78.0777,78.8877,77.7848,76.1611,78.3582,76.7816,76.3158,76.7225,73.8149,75.7877,74.1494,77.1462,76.113,75.8855,74.6684,72.9015,71.0893,65.0681,65.425,63.7984,60.0858,57.2278,57.8363,61.1761,61.5372,64.1734,59.7746,60.593999999999994,61.4445,62.3639,63.36600000000001,64.4308,65.5385,66.6695,67.8274,69.0234,70.2498,71.4989,72.7635,74.0477,75.3478,76.6445,77.9181,79.1485,80.3373,81.5035,82.6533,83.7928,84.9284,86.0523,87.161,88.2677,89.3859,90.5298,91.7016,92.8855,94.068,95.2349,96.3719
,HUN,,emi_cov,emi_cov,KYOTOGHG,IPCM0EL,MtCO2eq,AR4,94.6912,87.9169,78.0777,78.8877,77.7848,76.1611,78.3582,76.7816,76.3158,76.7225,73.8149,75.7877,74.1494,77.1462,76.113,75.8855,74.6684,72.9015,71.0893,65.0681,65.425,63.7984,60.0858,57.2278,57.8363,61.1761,61.5372,64.1734,59.7746,60.593999999999994,61.4445,62.3639,63.36600000000001,64.4308,65.5385,66.6695,67.8274,69.0234,70.2498,71.4989,72.7635,74.0477,75.3478,76.6445,77.9181,79.1485,80.3373,81.5035,82.6533,83.7928,84.9284,86.0523,87.161,88.2677,89.3859,90.5298,91.7016,92.8855,94.068,95.2349,96.3719
,HUN,,emi_ncov,emi_ncov,KYOTOGHG,IPCM0EL,MtCO2eq,AR4,0.0,0.0,0.0,0.0,0.0,0.0,0.0,0.0,0.0,0.0,0.0,0.0,0.0,0.0,0.0,0.0,0.0,0.0,0.0,0.0,0.0,0.0,0.0,0.0,0.0,0.0,0.0,0.0,0.0,0.0,0.0,0.0,0.0,0.0,0.0,0.0,0.0,0.0,0.0,0.0,0.0,0.0,0.0,0.0,0.0,0.0,0.0,0.0,0.0,0.0,0.0,0.0,0.0,0.0,0.0,0.0,0.0,0.0,0.0,0.0,0.0
,HUN,,pc_cov,pc_cov,KYOTOGHG,IPCM0EL,MtCO2eq/MtCO2eq,AR4,1.0,1.0,1.0,1.0,1.0,1.0,1.0,1.0,1.0,1.0,1.0,1.0,1.0,1.0,1.0,1.0,1.0,1.0,1.0,1.0,1.0,1.0,1.0,1.0,1.0,1.0,1.0,1.0,1.0,1.0,1.0,1.0,1.0,1.0,1.0,1.0,1.0,1.0,1.0,1.0,1.0,1.0,1.0,1.0,1.0,1.0,1.0,1.0,1.0,1.0,1.0,1.0,1.0,1.0,1.0,1.0,1.0,1.0,1.0,1.0,1.0
,IDN,,pop,pop,POP,DEMOGR,Pers,,181413402.0,184591903.0,187739786.0,190851175.0,193917462.0,196934260.0,199901228.0,202826446.0,205724592.0,208615169.0,211513823.0,214427417.0,217357793.0,220309469.0,223285676.0,226289470.0,229318262.0,232374245.0,235469762.0,238620563.0,241834215.0,245115987.0,248451722.0,251805307.0,255128076.0,258383256.0,261556381.0,264650963.0,267145959.4374,269471046.7627,271760760.7333,274022737.4808,276261870.5666,278483235.88,280691842.3687,282892647.5065,285063652.128,287164801.7095,289173955.6482,291068992.9178,292827822.8947,294512684.9886,296179276.1914,297795850.6547,299330798.7018,300752646.9612,302094434.718,303398050.2219,304645484.8422,305818807.981,306900173.1987,307916138.5874,308893661.1567,309815606.0004,310664891.5023,311424494.3124,312112151.954,312745584.7277,313307755.5724,313781580.8909,314149929.5942
,IDN,,gdp,gdp,GDPPPP,ECO,2011GKD,,587724937500.0,637263875000.0,689305687500.0,735492187500.0,784367562500.0,847864437500.0,918017812500.0,947095562500.0,871188750000.0,833523625000.0,803548937500.0,822352312500.0,818638500000.0,819669500000.0,889111437500.0,979654375000.0,1077144250000.0,1190927375000.0,1384027125000.0,1532711750000.0,1803318250000.0,2180976500000.0,2251947750000.0,2351437750000.0,2440957000000.0,2516257500000.0,2607675250000.0,2770377500000.0,3050868172498.3936,3229383265143.545,3410676809217.16,3600889807126.952,3803813361400.3066,4016111457976.178,4234516581003.042,4455818110155.403,4676433568691.249,4893677266941.756,5105722557601.151,5310742537612.898,5506905369485.581,5695670047639.253,5880169434356.683,6061050676726.162,6238927388149.571,6414378974024.499,6587732424765.77,6758649467075.492,6926708448777.415,7091519186385.973,7252721689700.803,7409588846218.446,7562104602421.253,7711024039662.053,7857135071985.638,8001256685820.485,8141390801081.965,8276096092294.987,8407069164966.237,8536028011027.997,8664712570042.372
,IDN,ABS,conditional,worst,KYOTOGHG,IPCM0EL,MtCO2eq,AR4,369.9945,408.9461,431.5375,450.2695,428.7178,450.777,481.2311,507.3944,530.7552,538.8518,548.7876,580.9627,585.2982,618.0744,627.2875,628.5054,636.9559,658.6447,647.6371,670.7009,722.4704,778.5732,823.3529,781.4033,829.2356,845.2282,862.0057,888.7277,986.0763384615384,1083.4249769230769,1180.7736153846154,1252.5356021330974,1320.3999559289252,1384.3666767720986,1444.4357646626186,1500.607219600484,1552.8810415856956,1601.2572306182526,1645.7357866981558,1686.3167098254048,1723.0,1753.704569272047,1783.9828394901265,1813.942785086294,1843.684462367588,1873.3005693834536,1902.8304568157978,1932.1805468235027,1961.245424368461,1989.9290321966705,2018.1432311791518,2045.7439754254358,2072.7204674923178,2099.1929189141515,2125.283940657117,2151.1189430245186,2176.1708508258052,2200.0343200449342,2223.0200771030422,2245.4386884591454,2267.6003206669575
,IDN,ABS,conditional,best,KYOTOGHG,IPCM0EL,MtCO2eq,AR4,369.9945,408.9461,431.5375,450.2695,428.7178,450.777,481.2311,507.3944,530.7552,538.8518,548.7876,580.9627,585.2982,618.0744,627.2875,628.5054,636.9559,658.6447,647.6371,670.7009,722.4704,778.5732,823.3529,781.4033,829.2356,845.2282,862.0057,888.7277,986.0763384615384,1083.4249769230769,1180.7736153846154,1249.738489729879,1314.37964498987,1374.6970811645886,1430.6907982540356,1482.36079625821,1529.7070751771125,1572.7296350107426,1611.4284757591008,1645.8035974221866,1675.855,1705.7194259648325,1735.1692173382044,1764.3093941385905,1793.237274916445,1822.0430213024424,1850.7649072588736,1879.311915436391,1907.5815151799231,1935.4802775693279,1962.9224751524887,1989.7680034454986,2016.006360446511,2041.75446844276,2067.131583499671,2092.2596844238856,2116.626117940035,2139.8366311195027,2162.193448237678,2183.998637984737,2205.553880087826
"The target value from 'unconditional_best' was used for 'unconditional_worst' in 2030.
",IDN,ABS,unconditional,worst,KYOTOGHG,IPCM0EL,MtCO2eq,AR4,369.9945,408.9461,431.5375,450.2695,428.7178,450.777,481.2311,507.3944,530.7552,538.8518,548.7876,580.9627,585.2982,618.0744,627.2875,628.5054,636.9559,658.6447,647.6371,670.7009,722.4704,778.5732,823.3529,781.4033,829.2356,845.2282,862.0057,888.7277,986.0763384615384,1083.4249769230769,1180.7736153846154,1258.112621242283,1332.4035454563661,1403.6463880268645,1471.8411489537796,1536.9878282371103,1599.0864258768568,1658.1369418730185,1714.1393762255966,1767.0937289345904,1817.0,1849.3796879670977,1881.3098197060706,1912.9042603028415,1944.2685247370327,1975.5003682935203,2006.641288470287,2037.592602192864,2068.24314339959,2098.491614336245,2128.245067354915,2157.3515979965273,2185.7998197524907,2213.7165024184637,2241.230946125352,2268.47540306184,2294.89404291961,2320.059407731657,2344.299175911914,2367.9408571852973,2391.3115395541854
,IDN,ABS,unconditional,best,KYOTOGHG,IPCM0EL,MtCO2eq,AR4,369.9945,408.9461,431.5375,450.2695,428.7178,450.777,481.2311,507.3944,530.7552,538.8518,548.7876,580.9627,585.2982,618.0744,627.2875,628.5054,636.9559,658.6447,647.6371,670.7009,722.4704,778.5732,823.3529,781.4033,829.2356,845.2282,862.0057,888.7277,986.0763384615384,1083.4249769230769,1180.7736153846154,1258.112621242283,1332.4035454563661,1403.6463880268645,1471.8411489537796,1536.9878282371103,1599.0864258768568,1658.1369418730185,1714.1393762255966,1767.0937289345904,1817.0,1849.3796879670977,1881.3098197060706,1912.9042603028415,1944.2685247370327,1975.5003682935203,2006.641288470287,2037.592602192864,2068.24314339959,2098.491614336245,2128.245067354915,2157.3515979965273,2185.7998197524907,2213.7165024184637,2241.230946125352,2268.47540306184,2294.89404291961,2320.059407731657,2344.299175911914,2367.9408571852973,2391.3115395541854
,IDN,ABU,conditional,worst,KYOTOGHG,IPCM0EL,MtCO2eq,AR4,369.9945,408.9461,431.5375,450.2695,428.7178,450.777,481.2311,507.3944,530.7552,538.8518,548.7876,580.9627,585.2982,618.0744,627.2875,628.5054,636.9559,658.6447,647.6371,670.7009,722.4704,778.5732,823.3529,781.4033,829.2356,845.2282,862.0057,888.7277,986.0763384615384,1083.4249769230769,1180.7736153846154,1252.5510279306336,1320.4331573467673,1384.4200036330162,1444.5115667893813,1500.7078468158618,1553.0088437124584,1601.4145574791703,1645.924988115998,1686.540135622941,1723.2600000000002,1753.9692025790762,1784.2520417758305,1814.2165083156167,1843.9626736039295,1873.5832496783119,1903.1175931586724,1932.4721120830354,1961.541375506207,1990.2293116791848,2018.44776817283,2046.0526773602073,2073.033240168783,2099.509686272781,2125.6046451403276,2151.4435459990905,2176.4992341230864,2200.3663043300253,2223.3555299295354,2245.7775242449843,2267.9425006340925
,IDN,ABU,conditional,best,KYOTOGHG,IPCM0EL,MtCO2eq,AR4,369.9945,408.9461,431.5375,450.2695,428.7178,450.777,481.2311,507.3944,530.7552,538.8518,548.7876,580.9627,585.2982,618.0744,627.2875,628.5054,636.9559,658.6447,647.6371,670.7009,722.4704,778.5732,823.3529,781.4033,829.2356,845.2282,862.0057,888.7277,986.0763384615384,1083.4249769230769,1180.7736153846154,1249.6945855368917,1314.2851486467816,1374.545304714285,1430.4750537394032,1482.0743957221346,1529.3433306624802,1572.2818585604393,1610.8899794160125,1645.1676932291994,1675.1150000000005,1704.9662388602121,1734.4030262173558,1763.5303357166733,1792.4454429360899,1821.2384696940017,1849.9476730522322,1878.4820758515687,1906.739192710955,1934.6256359652505,1962.0557160166372,1988.889390246535,2015.1161612904207,2040.8528998066624,2066.2188092013043,2091.335814419337,2115.691488555467,2138.891752769629,2161.2386978853533,2183.034259209659,2204.5799832582884
"The target value from 'unconditional_best' was used for 'unconditional_worst' in 2030.
",IDN,ABU,unconditional,worst,KYOTOGHG,IPCM0EL,MtCO2eq,AR4,369.9945,408.9461,431.5375,450.2695,428.7178,450.777,481.2311,507.3944,530.7552,538.8518,548.7876,580.9627,585.2982,618.0744,627.2875,628.5054,636.9559,658.6447,647.6371,670.7009,722.4704,778.5732,823.3529,781.4033,829.2356,845.2282,862.0057,888.7277,986.0763384615384,1083.4249769230769,1180.7736153846154,1258.128047039819,1332.436746874208,1403.6997148877822,1471.9169510805425,1537.088455452488,1599.2142280036196,1658.2942687339364,1714.3285776434388,1767.3171547321267,1817.2600000000002,1849.644321274127,1881.5790219917747,1913.1779835321643,1944.546735973374,1975.7830485883783,2006.9284248131617,2037.8841674523967,2068.539094537336,2098.7918938187595,2128.549604348593,2157.660299931299,2186.1125924289554,2214.033269777093,2241.5516506085623,2268.800006036412,2295.2224262168916,2320.3913920167483,2344.634628738407,2368.2796929711362,2391.653719521321
,IDN,ABU,unconditional,best,KYOTOGHG,IPCM0EL,MtCO2eq,AR4,369.9945,408.9461,431.5375,450.2695,428.7178,450.777,481.2311,507.3944,530.7552,538.8518,548.7876,580.9627,585.2982,618.0744,627.2875,628.5054,636.9559,658.6447,647.6371,670.7009,722.4704,778.5732,823.3529,781.4033,829.2356,845.2282,862.0057,888.7277,986.0763384615384,1083.4249769230769,1180.7736153846154,1258.128047039819,1332.436746874208,1403.6997148877822,1471.9169510805425,1537.088455452488,1599.2142280036196,1658.2942687339364,1714.3285776434388,1767.3171547321267,1817.2600000000002,1849.644321274127,1881.5790219917747,1913.1779835321643,1944.546735973374,1975.7830485883783,2006.9284248131617,2037.8841674523967,2068.539094537336,2098.7918938187595,2128.549604348593,2157.660299931299,2186.1125924289554,2214.033269777093,2241.5516506085623,2268.800006036412,2295.2224262168916,2320.3913920167483,2344.634628738407,2368.2796929711362,2391.653719521321
,IDN,RBU,conditional,worst,KYOTOGHG,IPCM0EL,MtCO2eq,AR4,369.9945,408.9461,431.5375,450.2695,428.7178,450.777,481.2311,507.3944,530.7552,538.8518,548.7876,580.9627,585.2982,618.0744,627.2875,628.5054,636.9559,658.6447,647.6371,670.7009,722.4704,778.5732,823.3529,781.4033,829.2356,845.2282,862.0057,888.7277,986.0763384615384,1083.4249769230769,1180.7736153846154,1253.9254618490943,1323.3913936853553,1389.1714108933988,1451.2655134732254,1509.6737014248347,1564.3959747482268,1615.432333443401,1662.782777510358,1706.4473069490978,1746.4259217596202,1777.547950600692,1808.2378844224543,1838.6051656782029,1868.751211041326,1898.7699788846894,1928.7013549023848,1958.45048896822,1987.9105328203873,2016.9841232096921,2045.5819226668536,2073.5579268523256,2100.901191520779,2127.7335626035488,2154.1793180864906,2180.365573352394,2205.758087092208,2229.94600422941,2253.244275824041,2275.9676907991734,2298.4306327354625
,IDN,RBU,conditional,best,KYOTOGHG,IPCM0EL,MtCO2eq,AR4,369.9945,408.9461,431.5375,450.2695,428.7178,450.777,481.2311,507.3944,530.7552,538.8518,548.7876,580.9627,585.2982,618.0744,627.2875,628.5054,636.9559,658.6447,647.6371,670.7009,722.4704,778.5732,823.3529,781.4033,829.2356,845.2282,862.0057,888.7277,986.0763384615384,1083.4249769230769,1180.7736153846154,1252.651946480828,1320.6503674420744,1384.768878268355,1445.0074789596706,1501.3661695160204,1553.8449499374046,1602.443820223823,1647.1627803752756,1688.001830391763,1724.9609702732844,1755.7004848428337,1786.0132151815308,1816.0072586086346,1845.7827853066592,1875.4325988259889,1904.9960946340893,1934.3795883876,1963.4775450740917,1992.1937981154656,2020.4401080703722,2048.0722651077112,2075.079459495557,2101.582039582683,2127.7027558805166,2153.567161423573,2178.6475811496925,2202.5382097151683,2225.550127183201,2247.9942534728143,2270.1811081425917
"The target value from 'unconditional_best' was used for 'unconditional_worst' in 2030.
",IDN,RBU,unconditional,worst,KYOTOGHG,IPCM0EL,MtCO2eq,AR4,369.9945,408.9461,431.5375,450.2695,428.7178,450.777,481.2311,507.3944,530.7552,538.8518,548.7876,580.9627,585.2982,618.0744,627.2875,628.5054,636.9559,658.6447,647.6371,670.7009,722.4704,778.5732,823.3529,781.4033,829.2356,845.2282,862.0057,888.7277,986.0763384615384,1083.4249769230769,1180.7736153846154,1258.2554141011997,1332.7108829125104,1404.1400218185477,1472.5428308193123,1537.9193099148033,1600.269459105022,1659.5932783899664,1715.890767769638,1769.1619272440364,1819.4067568131618,1851.8293341774101,1883.801759841594,1915.438049714735,1946.8438585391941,1978.1170710842712,2009.2992398145896,2040.2915509423278,2070.9826911577916,2101.271228530063,2131.06409229489,2160.2091767840143,2188.6950804065345,2216.6487408744924,2244.199629586803,2271.480173910387,2297.93380729676,2323.132505577831,2347.4043812028967,2371.0773777087948,2394.4790163512216
,IDN,RBU,unconditional,best,KYOTOGHG,IPCM0EL,MtCO2eq,AR4,369.9945,408.9461,431.5375,450.2695,428.7178,450.777,481.2311,507.3944,530.7552,538.8518,548.7876,580.9627,585.2982,618.0744,627.2875,628.5054,636.9559,658.6447,647.6371,670.7009,722.4704,778.5732,823.3529,781.4033,829.2356,845.2282,862.0057,888.7277,986.0763384615384,1083.4249769230769,1180.7736153846154,1258.2554141011997,1332.7108829125104,1404.1400218185477,1472.5428308193123,1537.9193099148033,1600.269459105022,1659.5932783899664,1715.890767769638,1769.1619272440364,1819.4067568131618,1851.8293341774101,1883.801759841594,1915.438049714735,1946.8438585391941,1978.1170710842712,2009.2992398145896,2040.2915509423278,2070.9826911577916,2101.271228530063,2131.06409229489,2160.2091767840143,2188.6950804065345,2216.6487408744924,2244.199629586803,2271.480173910387,2297.93380729676,2323.132505577831,2347.4043812028967,2371.0773777087948,2394.4790163512216
"No targets calculated, so the baseline emissions are put in as target pathways for all un/conditional best/worst pathways.
",IDN,baseline_emissions,conditional,worst,KYOTOGHG,IPCM0EL,MtCO2eq,AR4,369.9945,408.9461,431.5375,450.2695,428.7178,450.777,481.2311,507.3944,530.7552,538.8518,548.7876,580.9627,585.2982,618.0744,627.2875,628.5054,636.9559,658.6447,647.6371,670.7009,722.4704,778.5732,823.3529,781.4033,829.2356,845.2282,862.0057,888.7277,986.0763384615384,1083.4249769230769,1180.7736153846154,1278.122253846154,1375.4708923076926,1472.8195307692306,1570.1681692307693,1667.5168076923078,1764.8654461538465,1862.2140846153848,1959.5627230769232,2056.9113615384617,2154.26,2192.6498,2230.5066,2267.9654,2305.1513000000004,2342.1802,2379.1013000000007,2415.7976,2452.137300000001,2488.0003,2523.2764,2557.7855,2591.514100000001,2624.6125,2657.234000000001,2689.5354,2720.8577,2750.6941,2779.4331,2807.4629999999997,2835.1716
"No targets calculated, so the baseline emissions are put in as target pathways for all un/conditional best/worst pathways.
",IDN,baseline_emissions,conditional,best,KYOTOGHG,IPCM0EL,MtCO2eq,AR4,369.9945,408.9461,431.5375,450.2695,428.7178,450.777,481.2311,507.3944,530.7552,538.8518,548.7876,580.9627,585.2982,618.0744,627.2875,628.5054,636.9559,658.6447,647.6371,670.7009,722.4704,778.5732,823.3529,781.4033,829.2356,845.2282,862.0057,888.7277,986.0763384615384,1083.4249769230769,1180.7736153846154,1278.122253846154,1375.4708923076926,1472.8195307692306,1570.1681692307693,1667.5168076923078,1764.8654461538465,1862.2140846153848,1959.5627230769232,2056.9113615384617,2154.26,2192.6498,2230.5066,2267.9654,2305.1513000000004,2342.1802,2379.1013000000007,2415.7976,2452.137300000001,2488.0003,2523.2764,2557.7855,2591.514100000001,2624.6125,2657.234000000001,2689.5354,2720.8577,2750.6941,2779.4331,2807.4629999999997,2835.1716
"No targets calculated, so the baseline emissions are put in as target pathways for all un/conditional best/worst pathways.
",IDN,baseline_emissions,unconditional,worst,KYOTOGHG,IPCM0EL,MtCO2eq,AR4,369.9945,408.9461,431.5375,450.2695,428.7178,450.777,481.2311,507.3944,530.7552,538.8518,548.7876,580.9627,585.2982,618.0744,627.2875,628.5054,636.9559,658.6447,647.6371,670.7009,722.4704,778.5732,823.3529,781.4033,829.2356,845.2282,862.0057,888.7277,986.0763384615384,1083.4249769230769,1180.7736153846154,1278.122253846154,1375.4708923076926,1472.8195307692306,1570.1681692307693,1667.5168076923078,1764.8654461538465,1862.2140846153848,1959.5627230769232,2056.9113615384617,2154.26,2192.6498,2230.5066,2267.9654,2305.1513000000004,2342.1802,2379.1013000000007,2415.7976,2452.137300000001,2488.0003,2523.2764,2557.7855,2591.514100000001,2624.6125,2657.234000000001,2689.5354,2720.8577,2750.6941,2779.4331,2807.4629999999997,2835.1716
"No targets calculated, so the baseline emissions are put in as target pathways for all un/conditional best/worst pathways.
",IDN,baseline_emissions,unconditional,best,KYOTOGHG,IPCM0EL,MtCO2eq,AR4,369.9945,408.9461,431.5375,450.2695,428.7178,450.777,481.2311,507.3944,530.7552,538.8518,548.7876,580.9627,585.2982,618.0744,627.2875,628.5054,636.9559,658.6447,647.6371,670.7009,722.4704,778.5732,823.3529,781.4033,829.2356,845.2282,862.0057,888.7277,986.0763384615384,1083.4249769230769,1180.7736153846154,1278.122253846154,1375.4708923076926,1472.8195307692306,1570.1681692307693,1667.5168076923078,1764.8654461538465,1862.2140846153848,1959.5627230769232,2056.9113615384617,2154.26,2192.6498,2230.5066,2267.9654,2305.1513000000004,2342.1802,2379.1013000000007,2415.7976,2452.137300000001,2488.0003,2523.2764,2557.7855,2591.514100000001,2624.6125,2657.234000000001,2689.5354,2720.8577,2750.6941,2779.4331,2807.4629999999997,2835.1716
,IDN,,emi_bau,emi_bau,KYOTOGHG,IPCM0EL,MtCO2eq,AR4,369.9945,408.9461,431.5375,450.2695,428.7178,450.777,481.2311,507.3944,530.7552,538.8518,548.7876,580.9627,585.2982,618.0744,627.2875,628.5054,636.9559,658.6447,647.6371,670.7009,722.4704,778.5732,823.3529,781.4033,829.2356,845.2282,862.0057,888.7277,986.0763384615384,1083.4249769230769,1180.7736153846154,1278.122253846154,1375.4708923076926,1472.8195307692306,1570.1681692307693,1667.5168076923078,1764.8654461538465,1862.2140846153848,1959.5627230769232,2056.9113615384617,2154.26,2192.6498,2230.5066,2267.9654,2305.1513000000004,2342.1802,2379.1013000000007,2415.7976,2452.137300000001,2488.0003,2523.2764,2557.7855,2591.514100000001,2624.6125,2657.234000000001,2689.5354,2720.8577,2750.6941,2779.4331,2807.4629999999997,2835.1716
,IDN,,emi_cov,emi_cov,KYOTOGHG,IPCM0EL,MtCO2eq,AR4,368.44792003004403,407.53811043713694,429.9581797713,448.847910035139,427.2993901597246,449.46783044697304,480.05787012774647,506.38219028573525,530.1118801141631,538.3246402063564,548.4606910681932,580.6288579179229,584.9429286749855,617.7138042697007,626.95533119555,628.1726761547993,636.614822854668,658.3143376500186,647.3054618796546,670.3711197209745,722.2772432037377,778.5197649641376,823.2994652201428,781.3464536913282,829.1912599432324,845.171354177409,861.9504997409891,888.7277,985.7810174728563,1082.7334094255073,1179.6289073185392,1276.4745689332196,1373.2754495731153,1470.0366677222328,1566.7619720178936,1663.4546467028617,1760.1175786576218,1856.7533969355798,1953.3620297632228,2049.9432122848507,2146.4951486335804,2184.2845515832264,2221.5440430645717,2258.411328132583,2295.0141827791795,2331.4714476421736,2367.8365646276698,2403.998228493212,2439.83061385639,2475.218626394802,2510.0584638596874,2544.163890546046,2577.513579833484,2610.261058483913,2642.562839780691,2674.5790550127244,2705.6614077302957,2735.3127769837024,2763.9231267522287,2791.88236643964,2819.5790662900836
,IDN,,emi_ncov,emi_ncov,KYOTOGHG,IPCM0EL,MtCO2eq,AR4,1.5465799699559843,1.4079895628630614,1.579320228700007,1.4215899648609625,1.4184098402754102,1.309169553026961,1.1732298722535774,1.0122097142647923,0.6433198858368305,0.5271597936436226,0.32690893180677405,0.3338420820771778,0.3552713250144166,0.360595730299167,0.3321688044500343,0.3327238452006643,0.34107714533202077,0.3303623499813196,0.33163812034545476,0.32978027902550955,0.1931567962623573,0.05343503586245327,0.05343477985715159,0.056846308671773524,0.04434005676757647,0.05684582259103703,0.055200259010914465,0.0,0.29532098868211515,0.6915674975696006,1.1447080660762836,1.6476849129344895,2.195442734577256,2.782863046997844,3.40619721287574,4.062160989446112,4.747867496224763,5.4606876798050115,6.200693313700322,6.968149253610954,7.764851366420058,8.365248416773719,8.962556935428386,9.554071867417077,10.13711722082085,10.708752357826016,11.264735372330877,11.79937150678801,12.3066861436108,12.781673605198392,13.21793614031288,13.621609453953893,14.000520166516814,14.351441516087325,14.671160219310067,14.956344987275891,15.196292269704484,15.381323016297728,15.509973247771427,15.580633560359942,15.5925337099165
,IDN,,pc_cov,pc_cov,KYOTOGHG,IPCM0EL,MtCO2eq/MtCO2eq,AR4,0.995819992,0.9965570290000001,0.996340248,0.9968428020000001,0.996691507,0.9970957490000001,0.997562024,0.998005083,0.9987879159999999,0.999021698,0.999404307,0.999425364,0.999393008,0.999416582,0.999470468,0.9994706109999999,0.99946452,0.999498421,0.9994879259999999,0.999508305,0.9997326440000001,0.9999313679999999,0.9999351009999999,0.9999272509999999,0.999946529,0.999932745,0.999935963,1.0,0.9997005090000001,0.999361684,0.999030544,0.998710855,0.9984038609999999,0.99811052,0.99783068,0.997563946,0.997309785,0.997067637,0.996835675,0.9966123240000001,0.996395583,0.996184868,0.9959818290000001,0.995787382,0.995602407,0.99542787,0.99526513,0.995115745,0.994981241,0.994862672,0.994761598,0.994674452,0.994597552,0.9945319770000001,0.994478785,0.99443906,0.9944148890000001,0.994408203,0.994419735,0.99445028,0.994500321
,IND,,pop,pop,POP,DEMOGR,Pers,,873277798.0,891273209.0,909307016.0,927403860.0,945601831.0,963922588.0,982365243.0,1000900030.0,1019483581.0,1038058156.0,1056575549.0,1075000085.0,1093317189.0,1111523144.0,1129623456.0,1147609927.0,1165486291.0,1183209472.0,1200669765.0,1217726215.0,1234281170.0,1250287943.0,1265780247.0,1280842125.0,1295600772.0,1310152403.0,1324517249.0,1338676785.0,1359892229.9304,1378556449.7667,1397191275.5158,1415808964.0682,1434468399.3159,1453227235.3631,1472144118.9701,1491278837.3745,1510461222.4062,1529443767.3072,1548171416.7183,1566589324.8332,1584642836.1776,1602553369.5272,1620538358.7427,1638535857.1048,1656481802.2742,1674309884.5012,1692110621.9597,1709994356.7352,1727922081.0554,1745853748.9723,1763748230.5888,1781691012.6207,1799739536.2975,1817809364.1064,1835815478.5969,1853672272.9228,1871392520.2938,1888994096.5105,1906399133.6273,1923530476.7056,1940311688.5571
,IND,,gdp,gdp,GDPPPP,ECO,2011GKD,,1128108250000.0,1157975250000.0,1224795375000.0,1316568000000.0,1402970000000.0,1505039750000.0,1636886375000.0,1733927500000.0,1851438750000.0,1980391750000.0,2092157625000.0,2217054250000.0,2352575000000.0,2563315000000.0,2748954500000.0,3131534500000.0,3477341000000.0,3908231750000.0,4068446500000.0,4486512500000.0,5173493500000.0,5628812500000.0,5923752500000.0,6277740500000.0,6653053500000.0,7126301500000.0,7636761500000.0,8182592000000.0,8566862673396.128,9077894901390.652,9589841266724.008,10116198336448.42,10669165453526.51,11244319757938.57,11837335106642.78,12444031651167.89,13053167407435.51,13653926802901.03,14242924554480.64,14816771812710.08,15372054780024.08,15912641040777.18,16445698597401.9,16972656175977.64,17494834738343.4,18013440526866.72,18527876956251.89,19037364345356.09,19542813484278.71,20045229070233.85,20545710782123.81,21040516231499.7,21527699438690.34,22011229344014.49,22495207543459.48,22983877293559.68,23470600536179.69,23949159162403.77,24424639186236.34,24902247950879.38,25387324865182.84
"The target value from 'unconditional_best' was used for 'conditional_worst' in 2030.
The target value from 'unconditional_best' was used for 'conditional_best' in 2030.
",IND,REI,conditional,worst,KYOTOGHG,IPCM0EL,MtCO2eq,AR4,1163.6778,1212.4951,1263.3354,1293.2581,1347.9627,1406.057,1479.9259,1522.5886,1545.8124,1617.4254,1651.5663,1644.1748,1638.1379,1685.2524,1750.0475,1807.0605,1883.8975,1979.7734,2124.6673,2282.9389,2259.6287,2377.3654,2527.3238,2548.1587,2744.4142,2813.5179,2900.7872,2983.61,3000.8024,3088.9334,3181.1647,3320.19480099277,3466.885883210644,3621.270915650325,3783.3535957449244,3953.1468439254418,4127.928136966439,4305.186923077262,4485.259105399564,4668.458945727804,4855.100338179124,4972.869538179124,5089.950138179124,5206.682138179124,5323.372338179124,5440.293838179125,5557.203038179125,5673.797538179124,5790.2587381791245,5906.798438179126,6023.658838179124,6139.889738179124,6254.997438179122,6369.941538179124,6485.696338179124,6603.255738179124,6720.255538179124,6834.505938179124,6947.290738179124,7059.902538179124,7173.645138179124
,IND,REI,conditional,best,KYOTOGHG,IPCM0EL,MtCO2eq,AR4,1163.6778,1212.4951,1263.3354,1293.2581,1347.9627,1406.057,1479.9259,1522.5886,1545.8124,1617.4254,1651.5663,1644.1748,1638.1379,1685.2524,1750.0475,1807.0605,1883.8975,1979.7734,2124.6673,2282.9389,2259.6287,2377.3654,2527.3238,2548.1587,2744.4142,2813.5179,2900.7872,2983.61,3000.8024,3088.9334,3181.1647,3320.19480099277,3466.885883210644,3621.270915650325,3783.3535957449244,3953.1468439254418,4127.928136966439,4305.186923077262,4485.259105399564,4668.458945727804,4855.100338179124,4972.869538179124,5089.950138179124,5206.682138179124,5323.372338179124,5440.293838179125,5557.203038179125,5673.797538179124,5790.2587381791245,5906.798438179126,6023.658838179124,6139.889738179124,6254.997438179122,6369.941538179124,6485.696338179124,6603.255738179124,6720.255538179124,6834.505938179124,6947.290738179124,7059.902538179124,7173.645138179124
,IND,REI,unconditional,worst,KYOTOGHG,IPCM0EL,MtCO2eq,AR4,1163.6778,1212.4951,1263.3354,1293.2581,1347.9627,1406.057,1479.9259,1522.5886,1545.8124,1617.4254,1651.5663,1644.1748,1638.1379,1685.2524,1750.0475,1807.0605,1883.8975,1979.7734,2124.6673,2282.9389,2259.6287,2377.3654,2527.3238,2548.1587,2744.4142,2813.5179,2900.7872,2983.61,3000.8024,3088.9334,3181.1647,3330.2137071509833,3487.547827046376,3653.2448786692657,3827.3512676567734,4009.920742166327,4198.2232295563745,4389.714600218712,4584.734028647517,4783.602046118343,4986.641927437269,5104.411127437269,5221.491727437269,5338.223727437269,5454.913927437269,5571.83542743727,5688.74462743727,5805.339127437269,5921.8003274372695,6038.340027437271,6155.200427437269,6271.431327437269,6386.539027437267,6501.483127437269,6617.237927437269,6734.797327437269,6851.797127437269,6966.047527437269,7078.832327437269,7191.444127437269,7305.186727437269
,IND,REI,unconditional,best,KYOTOGHG,IPCM0EL,MtCO2eq,AR4,1163.6778,1212.4951,1263.3354,1293.2581,1347.9627,1406.057,1479.9259,1522.5886,1545.8124,1617.4254,1651.5663,1644.1748,1638.1379,1685.2524,1750.0475,1807.0605,1883.8975,1979.7734,2124.6673,2282.9389,2259.6287,2377.3654,2527.3238,2548.1587,2744.4142,2813.5179,2900.7872,2983.61,3000.8024,3088.9334,3181.1647,3320.19480099277,3466.885883210644,3621.270915650325,3783.3535957449244,3953.1468439254418,4127.928136966439,4305.186923077262,4485.259105399564,4668.458945727804,4855.100338179124,4972.869538179124,5089.950138179124,5206.682138179124,5323.372338179124,5440.293838179125,5557.203038179125,5673.797538179124,5790.2587381791245,5906.798438179126,6023.658838179124,6139.889738179124,6254.997438179122,6369.941538179124,6485.696338179124,6603.255738179124,6720.255538179124,6834.505938179124,6947.290738179124,7059.902538179124,7173.645138179124
"No targets calculated, so the baseline emissions are put in as target pathways for all un/conditional best/worst pathways.
",IND,baseline_emissions,conditional,worst,KYOTOGHG,IPCM0EL,MtCO2eq,AR4,1163.6778,1212.4951,1263.3354,1293.2581,1347.9627,1406.057,1479.9259,1522.5886,1545.8124,1617.4254,1651.5663,1644.1748,1638.1379,1685.2524,1750.0475,1807.0605,1883.8975,1979.7734,2124.6673,2282.9389,2259.6287,2377.3654,2527.3238,2548.1587,2744.4142,2813.5179,2900.7872,2983.61,3000.8024,3088.9334,3181.1647,3278.2273,3380.3365,3487.3374,3599.0548,3715.3306,3833.4739,3951.1148,4068.5755,4186.144,4304.0949,4421.8641,4538.9447,4655.6767,4772.3669,4889.2884,5006.1976,5122.7921,5239.2533,5355.7930000000015,5472.6534,5588.8843,5703.9919999999975,5818.9361,5934.6909,6052.2503,6169.2501,6283.5005,6396.2853,6508.8971,6622.6397
"No targets calculated, so the baseline emissions are put in as target pathways for all un/conditional best/worst pathways.
",IND,baseline_emissions,conditional,best,KYOTOGHG,IPCM0EL,MtCO2eq,AR4,1163.6778,1212.4951,1263.3354,1293.2581,1347.9627,1406.057,1479.9259,1522.5886,1545.8124,1617.4254,1651.5663,1644.1748,1638.1379,1685.2524,1750.0475,1807.0605,1883.8975,1979.7734,2124.6673,2282.9389,2259.6287,2377.3654,2527.3238,2548.1587,2744.4142,2813.5179,2900.7872,2983.61,3000.8024,3088.9334,3181.1647,3278.2273,3380.3365,3487.3374,3599.0548,3715.3306,3833.4739,3951.1148,4068.5755,4186.144,4304.0949,4421.8641,4538.9447,4655.6767,4772.3669,4889.2884,5006.1976,5122.7921,5239.2533,5355.7930000000015,5472.6534,5588.8843,5703.9919999999975,5818.9361,5934.6909,6052.2503,6169.2501,6283.5005,6396.2853,6508.8971,6622.6397
"No targets calculated, so the baseline emissions are put in as target pathways for all un/conditional best/worst pathways.
",IND,baseline_emissions,unconditional,worst,KYOTOGHG,IPCM0EL,MtCO2eq,AR4,1163.6778,1212.4951,1263.3354,1293.2581,1347.9627,1406.057,1479.9259,1522.5886,1545.8124,1617.4254,1651.5663,1644.1748,1638.1379,1685.2524,1750.0475,1807.0605,1883.8975,1979.7734,2124.6673,2282.9389,2259.6287,2377.3654,2527.3238,2548.1587,2744.4142,2813.5179,2900.7872,2983.61,3000.8024,3088.9334,3181.1647,3278.2273,3380.3365,3487.3374,3599.0548,3715.3306,3833.4739,3951.1148,4068.5755,4186.144,4304.0949,4421.8641,4538.9447,4655.6767,4772.3669,4889.2884,5006.1976,5122.7921,5239.2533,5355.7930000000015,5472.6534,5588.8843,5703.9919999999975,5818.9361,5934.6909,6052.2503,6169.2501,6283.5005,6396.2853,6508.8971,6622.6397
"No targets calculated, so the baseline emissions are put in as target pathways for all un/conditional best/worst pathways.
",IND,baseline_emissions,unconditional,best,KYOTOGHG,IPCM0EL,MtCO2eq,AR4,1163.6778,1212.4951,1263.3354,1293.2581,1347.9627,1406.057,1479.9259,1522.5886,1545.8124,1617.4254,1651.5663,1644.1748,1638.1379,1685.2524,1750.0475,1807.0605,1883.8975,1979.7734,2124.6673,2282.9389,2259.6287,2377.3654,2527.3238,2548.1587,2744.4142,2813.5179,2900.7872,2983.61,3000.8024,3088.9334,3181.1647,3278.2273,3380.3365,3487.3374,3599.0548,3715.3306,3833.4739,3951.1148,4068.5755,4186.144,4304.0949,4421.8641,4538.9447,4655.6767,4772.3669,4889.2884,5006.1976,5122.7921,5239.2533,5355.7930000000015,5472.6534,5588.8843,5703.9919999999975,5818.9361,5934.6909,6052.2503,6169.2501,6283.5005,6396.2853,6508.8971,6622.6397
,IND,,emi_bau,emi_bau,KYOTOGHG,IPCM0EL,MtCO2eq,AR4,1163.6778,1212.4951,1263.3354,1293.2581,1347.9627,1406.057,1479.9259,1522.5886,1545.8124,1617.4254,1651.5663,1644.1748,1638.1379,1685.2524,1750.0475,1807.0605,1883.8975,1979.7734,2124.6673,2282.9389,2259.6287,2377.3654,2527.3238,2548.1587,2744.4142,2813.5179,2900.7872,2983.61,3000.8024,3088.9334,3181.1647,3278.2273,3380.3365,3487.3374,3599.0548,3715.3306,3833.4739,3951.1148,4068.5755,4186.144,4304.0949,4421.8641,4538.9447,4655.6767,4772.3669,4889.2884,5006.1976,5122.7921,5239.2533,5355.7930000000015,5472.6534,5588.8843,5703.9919999999975,5818.9361,5934.6909,6052.2503,6169.2501,6283.5005,6396.2853,6508.8971,6622.6397
,IND,,emi_cov,emi_cov,KYOTOGHG,IPCM0EL,MtCO2eq,AR4,753.6900892591746,797.2454611165338,844.6418922038165,869.5830257364463,919.7116692687881,974.57472042428,1044.1688682670228,1083.1645572656325,1098.5867845666162,1167.6715097063882,1203.7498369478924,1193.4737320696345,1198.2175297385566,1234.192373977337,1288.8411123806848,1339.8567427758871,1406.853941975025,1483.592151146862,1625.0514635802379,1786.8387120981033,1755.3763337205626,1864.6917484107641,2015.9958459152565,2034.1549261325704,2227.623658697842,2295.1003718966444,2376.7625798221825,2453.9901914910906,2474.136047973181,2559.7259688149547,2649.297967228826,2743.561966448749,2842.7270562676526,2946.6428031592354,3055.1390560052473,3168.0622800140904,3282.799161737213,3397.048122474274,3511.122085287102,3625.300736097024,3739.850762710598,3854.2243247611486,3967.929143772748,4081.2954135268087,4194.6210896817165,4308.171396499796,4421.7097575306425,4534.942495744804,4648.045772519585,4761.225285110824,4874.716253212634,4987.595871913545,5099.384676577798,5211.014598306399,5323.431844060269,5437.601656036137,5551.228006085467,5655.15045,5756.65677,5858.007390000001,5960.37573
,IND,,emi_ncov,emi_ncov,KYOTOGHG,IPCM0EL,MtCO2eq,AR4,409.9877107408254,415.24963888346633,418.69350779618344,423.6750742635537,428.2510307312119,431.48227957572,435.75703173297717,439.42404273436756,447.2256154333838,449.753890293612,447.8164630521075,450.70106793036564,439.92037026144334,451.0600260226632,461.2063876193151,467.20375722411296,477.04355802497497,496.1812488531381,499.61583641976216,496.10018790189673,504.2523662794376,512.6736515892359,511.32795408474374,514.0037738674296,516.790541302158,518.4175281033554,524.0246201778176,529.6198085089097,526.666352026819,529.2074311850449,531.8667327711739,534.6653335512511,537.6094437323475,540.6945968407643,543.9157439947527,547.2683199859096,550.6747382627868,554.0666775257262,557.4534147128979,560.8432639029762,564.2441372894024,567.6397752388509,571.0155562272521,574.3812864731915,577.7458103182838,581.117003500204,584.4878424693576,587.8496042551958,591.2075274804154,594.5677148891778,597.9371467873658,601.2884280864545,604.6073234221996,607.9215016936007,611.2590559397303,614.6486439638629,618.0220939145331,628.3500499999999,639.6285299999998,650.8897099999999,662.2639699999999
,IND,,pc_cov,pc_cov,KYOTOGHG,IPCM0EL,MtCO2eq/MtCO2eq,AR4,0.647679357,0.657524687,0.668580879,0.672397123,0.6822975659999999,0.69312604,0.7055548309999999,0.711396734,0.7106857109999999,0.72193222,0.728853475,0.725880078,0.731450954,0.732348682,0.7364606459999999,0.741456494,0.74677839,0.7493747270000001,0.7648498490000001,0.782692306,0.7768428209999999,0.7843521859999999,0.797680078,0.7982842379999999,0.8116936790000001,0.815740455,0.819350892,0.8224902690000001,0.824491492,0.8286763220000001,0.832807546,0.83690413,0.840959785,0.844954894,0.848872614,0.8526999670000001,0.856350988,0.8597695320000001,0.862985604,0.866023896,0.868905275,0.871628851,0.8741964059999999,0.876627755,0.878939356,0.8811448709999999,0.883247149,0.885248202,0.887158056,0.8889860540000001,0.8907409070000001,0.8924135129999999,0.894002775,0.8955270359999999,0.8970023770000001,0.898442957,0.899822169,0.9,0.9,0.9,0.9
,IOT,,pop,pop,POP,DEMOGR,Pers,,,,,,,,,,,,,,,,,,,,,,,,,,,,,,,,,,,,,,,,,,,,,,,,,,,,,,,,,,,,,,
,IOT,,gdp,gdp,GDPPPP,ECO,2011GKD,,,,,,,,,,,,,,,,,,,,,,,,,,,,,,,,,,,,,,,,,,,,,,,,,,,,,,,,,,,,,,
"No targets calculated, so the baseline emissions are put in as target pathways for all un/conditional best/worst pathways.
",IOT,baseline_emissions,conditional,worst,KYOTOGHG,IPCM0EL,MtCO2eq,AR4,,,,,,,,,,,,,,,,,,,,,,,,,,,,,,,,,,,,,,,,,,,,,,,,,,,,,,,,,,,,,
"No targets calculated, so the baseline emissions are put in as target pathways for all un/conditional best/worst pathways.
",IOT,baseline_emissions,conditional,best,KYOTOGHG,IPCM0EL,MtCO2eq,AR4,,,,,,,,,,,,,,,,,,,,,,,,,,,,,,,,,,,,,,,,,,,,,,,,,,,,,,,,,,,,,
"No targets calculated, so the baseline emissions are put in as target pathways for all un/conditional best/worst pathways.
",IOT,baseline_emissions,unconditional,worst,KYOTOGHG,IPCM0EL,MtCO2eq,AR4,,,,,,,,,,,,,,,,,,,,,,,,,,,,,,,,,,,,,,,,,,,,,,,,,,,,,,,,,,,,,
"No targets calculated, so the baseline emissions are put in as target pathways for all un/conditional best/worst pathways.
",IOT,baseline_emissions,unconditional,best,KYOTOGHG,IPCM0EL,MtCO2eq,AR4,,,,,,,,,,,,,,,,,,,,,,,,,,,,,,,,,,,,,,,,,,,,,,,,,,,,,,,,,,,,,
,IOT,,emi_bau,emi_bau,KYOTOGHG,IPCM0EL,MtCO2eq,AR4,,,,,,,,,,,,,,,,,,,,,,,,,,,,,,,,,,,,,,,,,,,,,,,,,,,,,,,,,,,,,
,IOT,,emi_cov,emi_cov,KYOTOGHG,IPCM0EL,MtCO2eq,AR4,,,,,,,,,,,,,,,,,,,,,,,,,,,,,,,,,,,,,,,,,,,,,,,,,,,,,,,,,,,,,
,IOT,,emi_ncov,emi_ncov,KYOTOGHG,IPCM0EL,MtCO2eq,AR4,,,,,,,,,,,,,,,,,,,,,,,,,,,,,,,,,,,,,,,,,,,,,,,,,,,,,,,,,,,,,
,IOT,,pc_cov,pc_cov,KYOTOGHG,IPCM0EL,MtCO2eq/MtCO2eq,AR4,0.0,0.0,0.0,0.0,0.0,0.0,0.0,0.0,0.0,0.0,0.0,0.0,0.0,0.0,0.0,0.0,0.0,0.0,0.0,0.0,0.0,0.0,0.0,0.0,0.0,0.0,0.0,0.0,0.0,0.0,0.0,0.0,0.0,0.0,0.0,0.0,0.0,0.0,0.0,0.0,0.0,0.0,0.0,0.0,0.0,0.0,0.0,0.0,0.0,0.0,0.0,0.0,0.0,0.0,0.0,0.0,0.0,0.0,0.0,0.0,0.0
,IRL,,pop,pop,POP,DEMOGR,Pers,,3510885.0,3517710.0,3529853.0,3546931.0,3567912.0,3592186.0,3619641.0,3651096.0,3687819.0,3731468.0,3783103.0,3842245.0,3907998.0,3980076.0,4058130.0,4141223.0,4230623.0,4324641.0,4415872.0,4494576.0,4554321.0,4591105.0,4608198.0,4615422.0,4626844.0,4652425.0,4695779.0,4753279.0,4791922.7633,4826614.6984,4856587.257,4883502.3261,4909470.1308,4934459.7212,4958438.2032,4981370.8665,5003250.744,5024202.085,5044384.3666,5063955.4943,5083071.9947,5100989.8417,5117078.7183,5131669.2532,5145097.9228,5157707.0025,5169880.0139,5181610.8079,5192663.5579,5202805.0704,5211804.5065,5220551.8137,5229274.079,5236745.5515,5241737.8943,5243021.1054,5242064.409,5241153.9427,5240284.7132,5239451.4694,5238648.5586
,IRL,,gdp,gdp,GDPPPP,ECO,2011GKD,,64131218750.0,65099410156.25,67270679687.5,70875070312.5,75402132812.5,85559375000.0,92134734375.0,103532507812.5,116491320312.5,126475476562.5,138565828125.0,146834953125.0,156117343750.0,160485140625.0,168821875000.0,184490593750.0,202995640625.0,220171968750.0,208321578125.0,193941578125.0,201393734375.0,207166546875.0,215200265625.0,215573859375.0,230379921875.0,314362562500.0,334726093750.0,340123500000.0,319960214793.8848,326114788502.8405,331809926960.2329,337134428924.5983,342330407026.6301,347530127764.1078,352865575128.7644,358468942244.671,364353927213.58704,370369788356.554,376402339455.5721,382337283188.3021,388060260949.4622,393644747406.1388,399184627649.5065,404595847119.3458,409793958672.5521,414694189814.65,419342962451.8077,423808784391.39294,428040050047.5643,431985437716.9589,435593904225.2032,438859120654.1013,441870400311.3803,444720399398.6474,447501754867.0842,450307171950.8423,453079655043.0961,455724145427.0216,458276387756.4055,460772025915.4347,463246577941.2288
"The target value from 'unconditional_best' was used for 'conditional_worst' in 2030.
The target value from 'unconditional_best' was used for 'conditional_best' in 2030.
",IRL,RBY,conditional,worst,KYOTOGHG,IPCM0EL,MtCO2eq,AR4,55.6824,56.3614,56.2114,56.7033,57.9851,59.43,61.5122,62.8811,65.4286,66.5873,68.7299,70.7597,68.6886,69.0794,68.9906,70.4642,70.2142,68.9784,68.3174,62.5601,62.5346,57.8812,58.5,58.3658,58.0427,60.2008,62.3025,61.8206,56.2129,57.6625,59.0891,57.001553546516114,54.74080706765834,52.332034489539296,49.79463502541403,47.14235830170129,44.36932706439628,41.44892221670782,38.36183920114826,35.0922029421048,31.627852500000003,32.37877722977016,33.13829435682024,33.900054819120754,34.657413265080805,35.403555034788724,36.14237421962261,36.8798812649704,37.61226673361438,38.33546722585567,39.04537701491519,39.73852528021681,40.41948334642177,41.09654732124863,41.77818262073673,42.4733202588076,43.17679633167721,43.87951051710329,44.58476432734117,45.29598625588679,46.01690108579746
,IRL,RBY,conditional,best,KYOTOGHG,IPCM0EL,MtCO2eq,AR4,55.6824,56.3614,56.2114,56.7033,57.9851,59.43,61.5122,62.8811,65.4286,66.5873,68.7299,70.7597,68.6886,69.0794,68.9906,70.4642,70.2142,68.9784,68.3174,62.5601,62.5346,57.8812,58.5,58.3658,58.0427,60.2008,62.3025,61.8206,56.2129,57.6625,59.0891,57.001553546516114,54.74080706765834,52.332034489539296,49.79463502541403,47.14235830170129,44.36932706439628,41.44892221670782,38.36183920114826,35.0922029421048,31.627852500000003,32.37877722977016,33.13829435682024,33.900054819120754,34.657413265080805,35.403555034788724,36.14237421962261,36.8798812649704,37.61226673361438,38.33546722585567,39.04537701491519,39.73852528021681,40.41948334642177,41.09654732124863,41.77818262073673,42.4733202588076,43.17679633167721,43.87951051710329,44.58476432734117,45.29598625588679,46.01690108579746
"The target value from 'unconditional_best' was used for 'unconditional_worst' in 2030.
",IRL,RBY,unconditional,worst,KYOTOGHG,IPCM0EL,MtCO2eq,AR4,55.6824,56.3614,56.2114,56.7033,57.9851,59.43,61.5122,62.8811,65.4286,66.5873,68.7299,70.7597,68.6886,69.0794,68.9906,70.4642,70.2142,68.9784,68.3174,62.5601,62.5346,57.8812,58.5,58.3658,58.0427,60.2008,62.3025,61.8206,56.2129,57.6625,59.0891,57.001553546516114,54.74080706765834,52.332034489539296,49.79463502541403,47.14235830170129,44.36932706439628,41.44892221670782,38.36183920114826,35.0922029421048,31.627852500000003,32.37877722977016,33.13829435682024,33.900054819120754,34.657413265080805,35.403555034788724,36.14237421962261,36.8798812649704,37.61226673361438,38.33546722585567,39.04537701491519,39.73852528021681,40.41948334642177,41.09654732124863,41.77818262073673,42.4733202588076,43.17679633167721,43.87951051710329,44.58476432734117,45.29598625588679,46.01690108579746
,IRL,RBY,unconditional,best,KYOTOGHG,IPCM0EL,MtCO2eq,AR4,55.6824,56.3614,56.2114,56.7033,57.9851,59.43,61.5122,62.8811,65.4286,66.5873,68.7299,70.7597,68.6886,69.0794,68.9906,70.4642,70.2142,68.9784,68.3174,62.5601,62.5346,57.8812,58.5,58.3658,58.0427,60.2008,62.3025,61.8206,56.2129,57.6625,59.0891,57.001553546516114,54.74080706765834,52.332034489539296,49.79463502541403,47.14235830170129,44.36932706439628,41.44892221670782,38.36183920114826,35.0922029421048,31.627852500000003,32.37877722977016,33.13829435682024,33.900054819120754,34.657413265080805,35.403555034788724,36.14237421962261,36.8798812649704,37.61226673361438,38.33546722585567,39.04537701491519,39.73852528021681,40.41948334642177,41.09654732124863,41.77818262073673,42.4733202588076,43.17679633167721,43.87951051710329,44.58476432734117,45.29598625588679,46.01690108579746
"No targets calculated, so the baseline emissions are put in as target pathways for all un/conditional best/worst pathways.
",IRL,baseline_emissions,conditional,worst,KYOTOGHG,IPCM0EL,MtCO2eq,AR4,55.6824,56.3614,56.2114,56.7033,57.9851,59.43,61.5122,62.8811,65.4286,66.5873,68.7299,70.7597,68.6886,69.0794,68.9906,70.4642,70.2142,68.9784,68.3174,62.5601,62.5346,57.8812,58.5,58.3658,58.0427,60.2008,62.3025,61.8206,56.2129,57.6625,59.0891,60.4902,61.8782,63.2808,64.7265,66.2451,67.8469,69.5114,71.2229,72.9653,74.7225,76.4966,78.291,80.0907,81.88,83.6428,85.3883,87.1307,88.861,90.5696,92.2468,93.8844,95.4932,97.0928,98.7032,100.3455,102.0075,103.6677,105.3339,107.0142,108.7174
"No targets calculated, so the baseline emissions are put in as target pathways for all un/conditional best/worst pathways.
",IRL,baseline_emissions,conditional,best,KYOTOGHG,IPCM0EL,MtCO2eq,AR4,55.6824,56.3614,56.2114,56.7033,57.9851,59.43,61.5122,62.8811,65.4286,66.5873,68.7299,70.7597,68.6886,69.0794,68.9906,70.4642,70.2142,68.9784,68.3174,62.5601,62.5346,57.8812,58.5,58.3658,58.0427,60.2008,62.3025,61.8206,56.2129,57.6625,59.0891,60.4902,61.8782,63.2808,64.7265,66.2451,67.8469,69.5114,71.2229,72.9653,74.7225,76.4966,78.291,80.0907,81.88,83.6428,85.3883,87.1307,88.861,90.5696,92.2468,93.8844,95.4932,97.0928,98.7032,100.3455,102.0075,103.6677,105.3339,107.0142,108.7174
"No targets calculated, so the baseline emissions are put in as target pathways for all un/conditional best/worst pathways.
",IRL,baseline_emissions,unconditional,worst,KYOTOGHG,IPCM0EL,MtCO2eq,AR4,55.6824,56.3614,56.2114,56.7033,57.9851,59.43,61.5122,62.8811,65.4286,66.5873,68.7299,70.7597,68.6886,69.0794,68.9906,70.4642,70.2142,68.9784,68.3174,62.5601,62.5346,57.8812,58.5,58.3658,58.0427,60.2008,62.3025,61.8206,56.2129,57.6625,59.0891,60.4902,61.8782,63.2808,64.7265,66.2451,67.8469,69.5114,71.2229,72.9653,74.7225,76.4966,78.291,80.0907,81.88,83.6428,85.3883,87.1307,88.861,90.5696,92.2468,93.8844,95.4932,97.0928,98.7032,100.3455,102.0075,103.6677,105.3339,107.0142,108.7174
"No targets calculated, so the baseline emissions are put in as target pathways for all un/conditional best/worst pathways.
",IRL,baseline_emissions,unconditional,best,KYOTOGHG,IPCM0EL,MtCO2eq,AR4,55.6824,56.3614,56.2114,56.7033,57.9851,59.43,61.5122,62.8811,65.4286,66.5873,68.7299,70.7597,68.6886,69.0794,68.9906,70.4642,70.2142,68.9784,68.3174,62.5601,62.5346,57.8812,58.5,58.3658,58.0427,60.2008,62.3025,61.8206,56.2129,57.6625,59.0891,60.4902,61.8782,63.2808,64.7265,66.2451,67.8469,69.5114,71.2229,72.9653,74.7225,76.4966,78.291,80.0907,81.88,83.6428,85.3883,87.1307,88.861,90.5696,92.2468,93.8844,95.4932,97.0928,98.7032,100.3455,102.0075,103.6677,105.3339,107.0142,108.7174
,IRL,,emi_bau,emi_bau,KYOTOGHG,IPCM0EL,MtCO2eq,AR4,55.6824,56.3614,56.2114,56.7033,57.9851,59.43,61.5122,62.8811,65.4286,66.5873,68.7299,70.7597,68.6886,69.0794,68.9906,70.4642,70.2142,68.9784,68.3174,62.5601,62.5346,57.8812,58.5,58.3658,58.0427,60.2008,62.3025,61.8206,56.2129,57.6625,59.0891,60.4902,61.8782,63.2808,64.7265,66.2451,67.8469,69.5114,71.2229,72.9653,74.7225,76.4966,78.291,80.0907,81.88,83.6428,85.3883,87.1307,88.861,90.5696,92.2468,93.8844,95.4932,97.0928,98.7032,100.3455,102.0075,103.6677,105.3339,107.0142,108.7174
,IRL,,emi_cov,emi_cov,KYOTOGHG,IPCM0EL,MtCO2eq,AR4,55.6824,56.3614,56.2114,56.7033,57.9851,59.43,61.5122,62.8811,65.4286,66.5873,68.7299,70.7597,68.6886,69.0794,68.9906,70.4642,70.2142,68.9784,68.3174,62.5601,62.5346,57.8812,58.5,58.3658,58.0427,60.2008,62.3025,61.8206,56.2129,57.6625,59.0891,60.4902,61.8782,63.2808,64.7265,66.2451,67.8469,69.5114,71.2229,72.9653,74.7225,76.4966,78.291,80.0907,81.88,83.6428,85.3883,87.1307,88.861,90.5696,92.2468,93.8844,95.4932,97.0928,98.7032,100.3455,102.0075,103.6677,105.3339,107.0142,108.7174
,IRL,,emi_ncov,emi_ncov,KYOTOGHG,IPCM0EL,MtCO2eq,AR4,0.0,0.0,0.0,0.0,0.0,0.0,0.0,0.0,0.0,0.0,0.0,0.0,0.0,0.0,0.0,0.0,0.0,0.0,0.0,0.0,0.0,0.0,0.0,0.0,0.0,0.0,0.0,0.0,0.0,0.0,0.0,0.0,0.0,0.0,0.0,0.0,0.0,0.0,0.0,0.0,0.0,0.0,0.0,0.0,0.0,0.0,0.0,0.0,0.0,0.0,0.0,0.0,0.0,0.0,0.0,0.0,0.0,0.0,0.0,0.0,0.0
,IRL,,pc_cov,pc_cov,KYOTOGHG,IPCM0EL,MtCO2eq/MtCO2eq,AR4,1.0,1.0,1.0,1.0,1.0,1.0,1.0,1.0,1.0,1.0,1.0,1.0,1.0,1.0,1.0,1.0,1.0,1.0,1.0,1.0,1.0,1.0,1.0,1.0,1.0,1.0,1.0,1.0,1.0,1.0,1.0,1.0,1.0,1.0,1.0,1.0,1.0,1.0,1.0,1.0,1.0,1.0,1.0,1.0,1.0,1.0,1.0,1.0,1.0,1.0,1.0,1.0,1.0,1.0,1.0,1.0,1.0,1.0,1.0,1.0,1.0
,IRN,,pop,pop,POP,DEMOGR,Pers,,56366217.0,57679034.0,58780370.0,59723764.0,60590614.0,61442664.0,62294920.0,63136312.0,63971836.0,64800880.0,65623405.0,66449112.0,67284796.0,68122938.0,68951281.0,69762347.0,70554760.0,71336475.0,72120604.0,72924837.0,73762519.0,74634957.0,75539878.0,76481961.0,77465770.0,78492215.0,79563989.0,80673883.0,81330641.1773,82256185.5043,83150412.4266,84023552.5597,84887928.68100001,85738068.3142,86568622.4096,87374367.2493,88142096.4189,88868355.4539,89562394.05600001,90233113.5689,90889065.5596,91532374.5717,92162291.6578,92782874.6825,93398274.3174,94012731.4569,94625322.8737,95231078.343,95828229.9868,96415005.5483,96989628.826,97562214.0609,98137895.6837,98707496.9738,99261931.2352,99792196.4761,100297506.6616,100779388.5895,101232215.5078,101650160.5537,102027203.8482
,IRN,,gdp,gdp,GDPPPP,ECO,2011GKD,,166924640625.0,195807703125.0,214555828125.0,262371500000.0,282577812500.0,295199250000.0,358051562500.0,376727125000.0,381620312500.0,438422000000.0,489066812500.0,553482875000.0,644051625000.0,715156312500.0,818635500000.0,986424812500.0,1054652250000.0,1185232250000.0,1189556875000.0,1185134250000.0,1297367250000.0,1385074750000.0,1212243875000.0,1232048000000.0,1238168875000.0,1169164250000.0,1226960750000.0,1283918250000.0,1280628250371.084,1312449978850.305,1346666758157.811,1384806958738.096,1427595608645.156,1473442899314.1191,1520781485958.701,1568056250777.8232,1613902888454.789,1658623638306.722,1703155743216.384,1748415651798.933,1795298845614.224,1844402324578.43,1895425946215.7432,1947906044555.616,2001379273508.474,2055382363528.594,2110214201086.583,2165935385258.2832,2221720764445.401,2276740679103.09,2330160378570.915,2381817130660.854,2432132384509.466,2481134270396.946,2528838825051.515,2575248345965.0967,2620299050687.219,2664096053051.059,2706880776460.042,2748890894161.691,2790360413802.437
"The target value from 'conditional_best' was used for 'conditional_worst' in 2030.
",IRN,RBU,conditional,worst,KYOTOGHG,IPCM0EL,MtCO2eq,AR4,382.4282,405.3264,409.8999,402.4766,446.944,444.6808,450.7057,439.644,463.2609,532.2126,524.6531,547.6725,554.0759,589.9142,633.9866,661.1631,709.9228,726.8402,740.6606,754.6613,777.7194,792.2453,811.6629,836.2566,865.9392,868.2602,882.5418,915.7444,861.243,869.2156,879.0013,879.9247593391042,882.9327503062684,887.0059344383822,891.2215826612454,894.7421411213787,896.9236635462026,898.0574296893932,898.7132487453448,899.3914569477457,900.5304135062858,915.489626658497,931.1208882519298,947.2389592035659,963.6650632743948,980.2263630550368,997.0729013293799,1014.2113156128933,1031.2656255885577,1047.8691958624486,1063.6631639205987,1078.7227258264113,1093.3134695343708,1107.365264453405,1120.805359920546,1133.5581231937406,1145.5034676444404,1156.596328036041,1166.8711146461048,1176.3618010735447,1185.1025355887334
,IRN,RBU,conditional,best,KYOTOGHG,IPCM0EL,MtCO2eq,AR4,382.4282,405.3264,409.8999,402.4766,446.944,444.6808,450.7057,439.644,463.2609,532.2126,524.6531,547.6725,554.0759,589.9142,633.9866,661.1631,709.9228,726.8402,740.6606,754.6613,777.7194,792.2453,811.6629,836.2566,865.9392,868.2602,882.5418,915.7444,861.243,869.2156,879.0013,879.9247593391042,882.9327503062684,887.0059344383822,891.2215826612454,894.7421411213787,896.9236635462026,898.0574296893932,898.7132487453448,899.3914569477457,900.5304135062858,915.489626658497,931.1208882519298,947.2389592035659,963.6650632743948,980.2263630550368,997.0729013293799,1014.2113156128933,1031.2656255885577,1047.8691958624486,1063.6631639205987,1078.7227258264113,1093.3134695343708,1107.365264453405,1120.805359920546,1133.5581231937406,1145.5034676444404,1156.596328036041,1166.8711146461048,1176.3618010735447,1185.1025355887334
"The target value from 'unconditional_best' was used for 'unconditional_worst' in 2030.
",IRN,RBU,unconditional,worst,KYOTOGHG,IPCM0EL,MtCO2eq,AR4,382.4282,405.3264,409.8999,402.4766,446.944,444.6808,450.7057,439.644,463.2609,532.2126,524.6531,547.6725,554.0759,589.9142,633.9866,661.1631,709.9228,726.8402,740.6606,754.6613,777.7194,792.2453,811.6629,836.2566,865.9392,868.2602,882.5418,915.7444,861.243,869.2156,879.0013,887.4491197797015,898.2291167687562,910.3597781461274,922.9253942204151,935.066380373793,946.095554515401,956.2953432297978,966.258082915115,976.5236856492486,987.5857378354286,1003.9910755528324,1021.13342941731,1038.8096530678554,1056.8236877581317,1074.9859876850123,1093.4611004431267,1112.2563052042979,1130.9592751961861,1149.1679319541497,1166.4887213068662,1183.004108608804,1199.0053565114572,1214.4155548178019,1229.1549199735155,1243.140507731247,1256.240622548147,1268.4058426786805,1279.673904882035,1290.082067024515,1299.6677785295778
,IRN,RBU,unconditional,best,KYOTOGHG,IPCM0EL,MtCO2eq,AR4,382.4282,405.3264,409.8999,402.4766,446.944,444.6808,450.7057,439.644,463.2609,532.2126,524.6531,547.6725,554.0759,589.9142,633.9866,661.1631,709.9228,726.8402,740.6606,754.6613,777.7194,792.2453,811.6629,836.2566,865.9392,868.2602,882.5418,915.7444,861.243,869.2156,879.0013,887.4491197797015,898.2291167687562,910.3597781461274,922.9253942204151,935.066380373793,946.095554515401,956.2953432297978,966.258082915115,976.5236856492486,987.5857378354286,1003.9910755528324,1021.13342941731,1038.8096530678554,1056.8236877581317,1074.9859876850123,1093.4611004431267,1112.2563052042979,1130.9592751961861,1149.1679319541497,1166.4887213068662,1183.004108608804,1199.0053565114572,1214.4155548178019,1229.1549199735155,1243.140507731247,1256.240622548147,1268.4058426786805,1279.673904882035,1290.082067024515,1299.6677785295778
"No targets calculated, so the baseline emissions are put in as target pathways for all un/conditional best/worst pathways.
",IRN,baseline_emissions,conditional,worst,KYOTOGHG,IPCM0EL,MtCO2eq,AR4,382.4282,405.3264,409.8999,402.4766,446.944,444.6808,450.7057,439.644,463.2609,532.2126,524.6531,547.6725,554.0759,589.9142,633.9866,661.1631,709.9228,726.8402,740.6606,754.6613,777.7194,792.2453,811.6629,836.2566,865.9392,868.2602,882.5418,915.7444,861.243,869.2156,879.0013,891.2113,905.8773,922.0367,938.7773,955.2285,970.6815,985.4143,1000.0305,1015.0898,1031.1134,1048.2418,1066.1397,1084.595,1103.403,1122.3658,1141.6552,1161.2788,1180.8061,1199.8173,1217.9015,1235.1448,1251.8513,1267.9407,1283.3297,1297.9317,1311.6092,1324.3106,1336.0753,1346.9422,1356.9504
"No targets calculated, so the baseline emissions are put in as target pathways for all un/conditional best/worst pathways.
",IRN,baseline_emissions,conditional,best,KYOTOGHG,IPCM0EL,MtCO2eq,AR4,382.4282,405.3264,409.8999,402.4766,446.944,444.6808,450.7057,439.644,463.2609,532.2126,524.6531,547.6725,554.0759,589.9142,633.9866,661.1631,709.9228,726.8402,740.6606,754.6613,777.7194,792.2453,811.6629,836.2566,865.9392,868.2602,882.5418,915.7444,861.243,869.2156,879.0013,891.2113,905.8773,922.0367,938.7773,955.2285,970.6815,985.4143,1000.0305,1015.0898,1031.1134,1048.2418,1066.1397,1084.595,1103.403,1122.3658,1141.6552,1161.2788,1180.8061,1199.8173,1217.9015,1235.1448,1251.8513,1267.9407,1283.3297,1297.9317,1311.6092,1324.3106,1336.0753,1346.9422,1356.9504
"No targets calculated, so the baseline emissions are put in as target pathways for all un/conditional best/worst pathways.
",IRN,baseline_emissions,unconditional,worst,KYOTOGHG,IPCM0EL,MtCO2eq,AR4,382.4282,405.3264,409.8999,402.4766,446.944,444.6808,450.7057,439.644,463.2609,532.2126,524.6531,547.6725,554.0759,589.9142,633.9866,661.1631,709.9228,726.8402,740.6606,754.6613,777.7194,792.2453,811.6629,836.2566,865.9392,868.2602,882.5418,915.7444,861.243,869.2156,879.0013,891.2113,905.8773,922.0367,938.7773,955.2285,970.6815,985.4143,1000.0305,1015.0898,1031.1134,1048.2418,1066.1397,1084.595,1103.403,1122.3658,1141.6552,1161.2788,1180.8061,1199.8173,1217.9015,1235.1448,1251.8513,1267.9407,1283.3297,1297.9317,1311.6092,1324.3106,1336.0753,1346.9422,1356.9504
"No targets calculated, so the baseline emissions are put in as target pathways for all un/conditional best/worst pathways.
",IRN,baseline_emissions,unconditional,best,KYOTOGHG,IPCM0EL,MtCO2eq,AR4,382.4282,405.3264,409.8999,402.4766,446.944,444.6808,450.7057,439.644,463.2609,532.2126,524.6531,547.6725,554.0759,589.9142,633.9866,661.1631,709.9228,726.8402,740.6606,754.6613,777.7194,792.2453,811.6629,836.2566,865.9392,868.2602,882.5418,915.7444,861.243,869.2156,879.0013,891.2113,905.8773,922.0367,938.7773,955.2285,970.6815,985.4143,1000.0305,1015.0898,1031.1134,1048.2418,1066.1397,1084.595,1103.403,1122.3658,1141.6552,1161.2788,1180.8061,1199.8173,1217.9015,1235.1448,1251.8513,1267.9407,1283.3297,1297.9317,1311.6092,1324.3106,1336.0753,1346.9422,1356.9504
,IRN,,emi_bau,emi_bau,KYOTOGHG,IPCM0EL,MtCO2eq,AR4,382.4282,405.3264,409.8999,402.4766,446.944,444.6808,450.7057,439.644,463.2609,532.2126,524.6531,547.6725,554.0759,589.9142,633.9866,661.1631,709.9228,726.8402,740.6606,754.6613,777.7194,792.2453,811.6629,836.2566,865.9392,868.2602,882.5418,915.7444,861.243,869.2156,879.0013,891.2113,905.8773,922.0367,938.7773,955.2285,970.6815,985.4143,1000.0305,1015.0898,1031.1134,1048.2418,1066.1397,1084.595,1103.403,1122.3658,1141.6552,1161.2788,1180.8061,1199.8173,1217.9015,1235.1448,1251.8513,1267.9407,1283.3297,1297.9317,1311.6092,1324.3106,1336.0753,1346.9422,1356.9504
,IRN,,emi_cov,emi_cov,KYOTOGHG,IPCM0EL,MtCO2eq,AR4,382.4282,405.3264,409.8999,402.4766,446.944,444.6808,450.7057,439.644,463.2609,532.2126,524.6531,547.6725,554.0759,589.9142,633.9866,661.1631,709.9228,726.8402,740.6606,754.6613,777.7194,792.2453,811.6629,836.2566,865.9392,868.2602,882.5418,915.7444,861.243,869.2156,879.0013,891.2113,905.8773,922.0367,938.7773,955.2285,970.6815,985.4143,1000.0305,1015.0898,1031.1134,1048.2418,1066.1397,1084.595,1103.403,1122.3658,1141.6552,1161.2788,1180.8061,1199.8173,1217.9015,1235.1448,1251.8513,1267.9407,1283.3297,1297.9317,1311.6092,1324.3106,1336.0753,1346.9422,1356.9504
,IRN,,emi_ncov,emi_ncov,KYOTOGHG,IPCM0EL,MtCO2eq,AR4,0.0,0.0,0.0,0.0,0.0,0.0,0.0,0.0,0.0,0.0,0.0,0.0,0.0,0.0,0.0,0.0,0.0,0.0,0.0,0.0,0.0,0.0,0.0,0.0,0.0,0.0,0.0,0.0,0.0,0.0,0.0,0.0,0.0,0.0,0.0,0.0,0.0,0.0,0.0,0.0,0.0,0.0,0.0,0.0,0.0,0.0,0.0,0.0,0.0,0.0,0.0,0.0,0.0,0.0,0.0,0.0,0.0,0.0,0.0,0.0,0.0
,IRN,,pc_cov,pc_cov,KYOTOGHG,IPCM0EL,MtCO2eq/MtCO2eq,AR4,1.0,1.0,1.0,1.0,1.0,1.0,1.0,1.0,1.0,1.0,1.0,1.0,1.0,1.0,1.0,1.0,1.0,1.0,1.0,1.0,1.0,1.0,1.0,1.0,1.0,1.0,1.0,1.0,1.0,1.0,1.0,1.0,1.0,1.0,1.0,1.0,1.0,1.0,1.0,1.0,1.0,1.0,1.0,1.0,1.0,1.0,1.0,1.0,1.0,1.0,1.0,1.0,1.0,1.0,1.0,1.0,1.0,1.0,1.0,1.0,1.0
,IRQ,,pop,pop,POP,DEMOGR,Pers,,17419113.0,17889459.0,18402734.0,18955085.0,19539340.0,20149338.0,20783073.0,21439574.0,22114324.0,22802064.0,23497585.0,24208180.0,24931919.0,25644499.0,26313838.0,26922284.0,27448124.0,27911248.0,28385746.0,28973162.0,29741976.0,30725300.0,31890011.0,33157050.0,34411951.0,35572261.0,36610632.0,37552781.0,38487319.9646,39609375.1036,40751640.3112,41920631.4465,43122129.8401,44352335.013,45607413.3128,46883497.1563,48178706.405,49491469.313,50818418.0631,52156267.0341,53501810.2214,54858863.6321,56232189.226,57620041.0559,59020651.3467,60432231.1154,61853308.041,63283813.594,64724050.1108,66174321.0195,67634930.5945,69109607.1938,70601042.6024,72107969.8717,73629100.98,75163128.0627,76705501.2362,78252331.6009,79803324.9651,81358233.0643,82916851.7897
,IRQ,,gdp,gdp,GDPPPP,ECO,2011GKD,,77346312500.0,26013498046.875,32552457031.25,48495250000.0,45250066406.25,36929753906.25,55205785156.25,67542531250.0,90929203125.0,106787507812.5,109920132812.5,113735539062.5,106886843750.0,70216851562.5,111791546875.0,117697132812.5,140890859375.0,162334718750.0,194524171875.0,235698328125.0,289161250000.0,386052562500.0,436252062500.0,544591437500.0,559918937500.0,556329187500.0,643106562500.0,646709937500.0,750527644787.736,809318998845.8038,864836712580.7089,915579547402.0354,963278944155.2666,1010965171266.816,1061641404967.395,1118305405870.797,1181802175340.299,1250302232910.368,1322800171759.725,1398304700986.442,1475843629447.985,1558251063204.796,1646664497173.751,1737597248491.0,1827579044086.689,1913150022315.331,1993582771040.475,2071089656486.722,2146633353029.9087,2221183503484.36,2295713137145.6934,2370647734201.515,2445153346337.643,2518323341225.57,2589258328016.074,2657060294257.408,2722231411999.885,2785635953224.773,2846911891681.5986,2905691697926.8887,2961600794997.7886
"The target value from 'conditional_best' was used for 'conditional_worst' in 2035.
",IRQ,RBU,conditional,worst,KYOTOGHG,IPCM0EL,MtCO2eq,AR4,107.4897,93.7907,106.3064,110.2795,113.0948,115.1563,107.3673,117.9676,125.0229,127.2161,126.2771,141.6529,137.2907,137.1937,167.6418,166.0629,152.422,114.1615,148.0845,165.9662,178.31900000000005,203.3901,222.4054,230.8716,234.3426,235.044,257.765,262.8362,302.6779,322.0206,339.7734,352.8050857738691,364.04812897219045,374.7703402955293,386.13352884512994,399.20850505033906,414.23514864060184,430.50352303875115,447.621784280711,465.229611969702,482.9963094785454,501.7466758659028,521.720077344398,541.7905712207487,560.9092112098331,578.0967260127995,597.9540356573533,616.7780947228558,634.8887656917301,652.5971501399496,670.205409943028,687.9245220317981,705.5559356590654,722.7868507057697,739.3110824311898,754.8274523268623,769.422586090235,783.2815355208089,796.2538454598592,808.191206276771,818.9477220600536
,IRQ,RBU,conditional,best,KYOTOGHG,IPCM0EL,MtCO2eq,AR4,107.4897,93.7907,106.3064,110.2795,113.0948,115.1563,107.3673,117.9676,125.0229,127.2161,126.2771,141.6529,137.2907,137.1937,167.6418,166.0629,152.422,114.1615,148.0845,165.9662,178.31900000000005,203.3901,222.4054,230.8716,234.3426,235.044,257.765,262.8362,302.6779,322.0206,339.7734,352.8050857738691,364.04812897219045,374.7703402955293,386.13352884512994,399.20850505033906,414.23514864060184,430.50352303875115,447.621784280711,465.229611969702,482.9963094785454,501.7466758659028,521.720077344398,541.7905712207487,560.9092112098331,578.0967260127995,597.9540356573533,616.7780947228558,634.8887656917301,652.5971501399496,670.205409943028,687.9245220317981,705.5559356590654,722.7868507057697,739.3110824311898,754.8274523268623,769.422586090235,783.2815355208089,796.2538454598592,808.191206276771,818.9477220600536
"The target value from 'unconditional_best' was used for 'unconditional_worst' in 2035.
",IRQ,RBU,unconditional,worst,KYOTOGHG,IPCM0EL,MtCO2eq,AR4,107.4897,93.7907,106.3064,110.2795,113.0948,115.1563,107.3673,117.9676,125.0229,127.2161,126.2771,141.6529,137.2907,137.1937,167.6418,166.0629,152.422,114.1615,148.0845,165.9662,178.31900000000005,203.3901,222.4054,230.8716,234.3426,235.044,257.765,262.8362,302.6779,322.0206,339.7734,355.1372989838478,368.8957092122993,382.3099314496807,396.5664663460807,412.7900646464528,431.2713249029001,451.31325164562503,472.5352774486222,494.5797008549787,517.1104363913246,541.0277768475645,566.6221912388855,592.6990622300534,618.1136579435595,641.7647590009142,663.8090311183823,684.7062567659183,704.8115261208378,724.4702035814249,744.0177292816448,763.688315859414,783.2615454042189,802.3901679075549,820.7342773165135,837.9595251662043,854.1620775778739,869.5473668229149,883.9483675328471,897.2004361626264,909.1416087185752
,IRQ,RBU,unconditional,best,KYOTOGHG,IPCM0EL,MtCO2eq,AR4,107.4897,93.7907,106.3064,110.2795,113.0948,115.1563,107.3673,117.9676,125.0229,127.2161,126.2771,141.6529,137.2907,137.1937,167.6418,166.0629,152.422,114.1615,148.0845,165.9662,178.31900000000005,203.3901,222.4054,230.8716,234.3426,235.044,257.765,262.8362,302.6779,322.0206,339.7734,355.1372989838478,368.8957092122993,382.3099314496807,396.5664663460807,412.7900646464528,431.2713249029001,451.31325164562503,472.5352774486222,494.5797008549787,517.1104363913246,541.0277768475645,566.6221912388855,592.6990622300534,618.1136579435595,641.7647590009142,663.8090311183823,684.7062567659183,704.8115261208378,724.4702035814249,744.0177292816448,763.688315859414,783.2615454042189,802.3901679075549,820.7342773165135,837.9595251662043,854.1620775778739,869.5473668229149,883.9483675328471,897.2004361626264,909.1416087185752
"No targets calculated, so the baseline emissions are put in as target pathways for all un/conditional best/worst pathways.
",IRQ,baseline_emissions,conditional,worst,KYOTOGHG,IPCM0EL,MtCO2eq,AR4,107.4897,93.7907,106.3064,110.2795,113.0948,115.1563,107.3673,117.9676,125.0229,127.2161,126.2771,141.6529,137.2907,137.1937,167.6418,166.0629,152.422,114.1615,148.0845,165.9662,178.31900000000005,203.3901,222.4054,230.8716,234.3426,235.044,257.765,262.8362,302.6779,322.0206,339.7734,355.3167,369.2686,382.8899,397.369,413.8348,432.5818,452.914,474.4517,496.8374,519.7346,544.0494,570.0762,596.6151,622.514,646.6623,668.8748,689.9315,710.1902,729.9989,749.6956,769.5163,789.2389,808.5135,826.9976,844.3543,860.6805,876.1832,890.6941,904.0473,916.0796
"No targets calculated, so the baseline emissions are put in as target pathways for all un/conditional best/worst pathways.
",IRQ,baseline_emissions,conditional,best,KYOTOGHG,IPCM0EL,MtCO2eq,AR4,107.4897,93.7907,106.3064,110.2795,113.0948,115.1563,107.3673,117.9676,125.0229,127.2161,126.2771,141.6529,137.2907,137.1937,167.6418,166.0629,152.422,114.1615,148.0845,165.9662,178.31900000000005,203.3901,222.4054,230.8716,234.3426,235.044,257.765,262.8362,302.6779,322.0206,339.7734,355.3167,369.2686,382.8899,397.369,413.8348,432.5818,452.914,474.4517,496.8374,519.7346,544.0494,570.0762,596.6151,622.514,646.6623,668.8748,689.9315,710.1902,729.9989,749.6956,769.5163,789.2389,808.5135,826.9976,844.3543,860.6805,876.1832,890.6941,904.0473,916.0796
"No targets calculated, so the baseline emissions are put in as target pathways for all un/conditional best/worst pathways.
",IRQ,baseline_emissions,unconditional,worst,KYOTOGHG,IPCM0EL,MtCO2eq,AR4,107.4897,93.7907,106.3064,110.2795,113.0948,115.1563,107.3673,117.9676,125.0229,127.2161,126.2771,141.6529,137.2907,137.1937,167.6418,166.0629,152.422,114.1615,148.0845,165.9662,178.31900000000005,203.3901,222.4054,230.8716,234.3426,235.044,257.765,262.8362,302.6779,322.0206,339.7734,355.3167,369.2686,382.8899,397.369,413.8348,432.5818,452.914,474.4517,496.8374,519.7346,544.0494,570.0762,596.6151,622.514,646.6623,668.8748,689.9315,710.1902,729.9989,749.6956,769.5163,789.2389,808.5135,826.9976,844.3543,860.6805,876.1832,890.6941,904.0473,916.0796
"No targets calculated, so the baseline emissions are put in as target pathways for all un/conditional best/worst pathways.
",IRQ,baseline_emissions,unconditional,best,KYOTOGHG,IPCM0EL,MtCO2eq,AR4,107.4897,93.7907,106.3064,110.2795,113.0948,115.1563,107.3673,117.9676,125.0229,127.2161,126.2771,141.6529,137.2907,137.1937,167.6418,166.0629,152.422,114.1615,148.0845,165.9662,178.31900000000005,203.3901,222.4054,230.8716,234.3426,235.044,257.765,262.8362,302.6779,322.0206,339.7734,355.3167,369.2686,382.8899,397.369,413.8348,432.5818,452.914,474.4517,496.8374,519.7346,544.0494,570.0762,596.6151,622.514,646.6623,668.8748,689.9315,710.1902,729.9989,749.6956,769.5163,789.2389,808.5135,826.9976,844.3543,860.6805,876.1832,890.6941,904.0473,916.0796
,IRQ,,emi_bau,emi_bau,KYOTOGHG,IPCM0EL,MtCO2eq,AR4,107.4897,93.7907,106.3064,110.2795,113.0948,115.1563,107.3673,117.9676,125.0229,127.2161,126.2771,141.6529,137.2907,137.1937,167.6418,166.0629,152.422,114.1615,148.0845,165.9662,178.31900000000005,203.3901,222.4054,230.8716,234.3426,235.044,257.765,262.8362,302.6779,322.0206,339.7734,355.3167,369.2686,382.8899,397.369,413.8348,432.5818,452.914,474.4517,496.8374,519.7346,544.0494,570.0762,596.6151,622.514,646.6623,668.8748,689.9315,710.1902,729.9989,749.6956,769.5163,789.2389,808.5135,826.9976,844.3543,860.6805,876.1832,890.6941,904.0473,916.0796
,IRQ,,emi_cov,emi_cov,KYOTOGHG,IPCM0EL,MtCO2eq,AR4,47.921527891478696,45.6227947810976,59.7044880641016,64.992115016025,72.26373548273881,75.24829705302629,70.46434299852,69.267209104372,73.31214432477121,72.8931890465218,72.8932493856644,85.93655790200789,88.51731650211329,91.52133694064901,114.38481668988177,113.9159495339799,98.953015223426,62.194505710752,92.89535490159749,104.28370913474099,112.10015607502702,134.0490783605562,152.32574803183078,164.4742913676696,167.2460947501722,168.883241137596,190.10922093988998,193.56430332855442,224.01259996079932,238.7538000463176,252.3526999620678,264.3644999005326,275.25500014084344,285.9397999566109,297.28800009999304,310.13150004461636,324.6958999451636,340.463900193186,357.1398999552392,374.44320022869664,392.10879978748943,410.81560005395096,430.80380008783914,451.1870997903105,471.112099888924,489.75409990857446,506.9545000923525,523.2777003189811,538.9972998142229,554.3800000916178,569.6854000545331,585.0991000410312,600.4561002370165,615.4900000774154,629.9395003872256,643.5472998136007,656.3832002767322,668.5909999702465,680.0286999803101,690.5563999221888,700.0374002824944
,IRQ,,emi_ncov,emi_ncov,KYOTOGHG,IPCM0EL,MtCO2eq,AR4,59.568172108521296,48.1679052189024,46.6019119358984,45.287384983975,40.8310645172612,39.9080029469737,36.90295700148,48.700390895628,51.7107556752288,54.3229109534782,53.3838506143356,55.7163420979921,48.773383497886705,45.67236305935101,53.25698331011821,52.14695046602012,53.468984776574,51.96699428924801,55.189145098402506,61.682490865259,66.21884392497303,69.3410216394438,70.0796519681692,66.39730863233041,67.0965052498278,66.160758862404,67.65577906011002,69.2718966714456,78.6653000392007,83.26679995368241,87.42070003793219,90.9522000994674,94.01359985915657,96.95010004338911,100.08099990000697,103.70329995538361,107.8859000548364,112.45009980681397,117.31180004476083,122.39419977130335,127.6258002125106,133.233799946049,139.27239991216084,145.42800020968946,151.40190011107606,156.90820009142553,161.9202999076476,166.65379968101894,171.19290018577712,175.61889990838222,180.0101999454668,184.41719995896884,188.78279976298347,193.02349992258456,197.0580996127744,200.80700018639925,204.29729972326794,207.5922000297536,210.66540001968994,213.4909000778112,216.04219971750555
,IRQ,,pc_cov,pc_cov,KYOTOGHG,IPCM0EL,MtCO2eq/MtCO2eq,AR4,0.445824371,0.486431968,0.561626469,0.58933995,0.638966031,0.653444901,0.6562924,0.58717147,0.586389728,0.572987138,0.577248364,0.606669951,0.6447437189999999,0.66709577,0.6823168009999999,0.6859807309999999,0.649204283,0.544794048,0.627313155,0.628343055,0.6286495329999999,0.659073762,0.684901302,0.712405906,0.713681997,0.718517559,0.7375292259999999,0.736444612,0.740102267,0.741423996,0.742708817,0.744024978,0.7454059190000001,0.746793791,0.7481408970000001,0.7494089429999999,0.750600002,0.7517186490000001,0.7527423759999999,0.7536534090000001,0.754440439,0.755107165,0.755695116,0.756244855,0.7567895659999999,0.757356815,0.757921363,0.7584487740000001,0.7589478140000001,0.759425802,0.759888947,0.7603465970000001,0.760803985,0.7612612529999999,0.761718656,0.762176849,0.7626328240000001,0.763072152,0.763481761,0.763849856,0.764166564
,ISL,,pop,pop,POP,DEMOGR,Pers,,255043.0,257624.0,260151.0,262656.0,265138.0,267629.0,270150.0,272709.0,275296.0,277870.0,280435.0,282907.0,285329.0,287952.0,291104.0,294979.0,299720.0,305183.0,310856.0,316062.0,320328.0,323474.0,325652.0,327187.0,328594.0,330243.0,332206.0,334393.0,339820.2673,342894.9781,345661.2776,348229.532,350735.8847,353174.1854,355538.1196,357821.2102,360026.335,362161.523,364227.7528,366225.8107,368156.3017,369966.8421,371621.5998,373146.3403,374567.4214,375911.7723,377199.2738,378429.6099,379600.0168,380707.9647,381751.14,382760.1728,383733.9423,384622.4812,385375.5962,385942.9058,386427.4993,386924.7595,387372.6431,387709.0569,387871.8136
,ISL,,gdp,gdp,GDPPPP,ECO,2011GKD,,7471972167.9688,7681395019.5313,7344845214.8438,7369957031.25,7524403808.5938,7618665527.3438,7879057617.1875,8918130859.375,9764434570.3125,10284735351.5625,10352944335.9375,10712755859.375,10577163085.9375,10672606445.3125,11690742187.5,13087880859.375,13734991210.9375,14129439453.125,16032081054.6875,13649816406.25,12645057617.1875,12933730468.75,13208211914.0625,13525340820.3125,13909382812.5,14995029296.875,16101443359.375,17139771484.375,15823128552.3734,16221716219.5685,16602622064.9881,16972254454.0925,17341145749.5265,17712230753.8348,18088427828.8804,18472651732.7706,18862569166.4871,19252962878.4897,19642423124.5606,20029537416.1614,20412890546.4699,20793216101.3804,21172122173.1391,21549474057.6315,21925097531.2749,22298777888.7826,22672131170.9576,23044870298.8654,23413913701.3635,23776207573.6786,24128727764.5392,24473619725.4826,24814028060.4939,25148522128.158,25475764610.7037,25794506192.3151,26103405269.8572,26401876087.155,26689842129.5635,26967198135.4161,27233812137.9432
"The target value from 'unconditional_best' was used for 'conditional_worst' in 2030.
The target value from 'unconditional_best' was used for 'conditional_best' in 2030.
",ISL,RBY,conditional,worst,KYOTOGHG,IPCM0EL,MtCO2eq,AR4,3.6168,3.3996,3.3117,3.3958,3.3193,3.4431,3.492,3.6605,3.8225,4.0457,4.0523,3.9489,4.0318,4.0096,4.1142,3.9729,4.5771,4.8781,5.2691,4.9687,4.8694,4.6054,4.6258,4.6172,4.6515,4.7307,4.6541,4.7675,4.3198,4.4294,4.5359,4.417126508936204,4.288206576847039,4.149924727398881,4.003296039479646,3.8489142623378045,3.686217490638855,3.514132509882361,3.3323128910674478,3.1405255979430216,2.9384472172857907,3.003925911854683,3.069975339894462,3.136699271127105,3.2041495904136035,3.2723781826149456,3.341748241758059,3.412259767842944,3.483601451703663,3.555306329591309,3.627166862061925,3.6991830491155087,3.77156243019602,3.8440974658595004,3.9166843863839698,3.9891675371864608,4.061235609101034,4.132940486988681,4.20417840112742,4.274949351517254,4.34530522301917
,ISL,RBY,conditional,best,KYOTOGHG,IPCM0EL,MtCO2eq,AR4,3.6168,3.3996,3.3117,3.3958,3.3193,3.4431,3.492,3.6605,3.8225,4.0457,4.0523,3.9489,4.0318,4.0096,4.1142,3.9729,4.5771,4.8781,5.2691,4.9687,4.8694,4.6054,4.6258,4.6172,4.6515,4.7307,4.6541,4.7675,4.3198,4.4294,4.5359,4.417126508936204,4.288206576847039,4.149924727398881,4.003296039479646,3.8489142623378045,3.686217490638855,3.514132509882361,3.3323128910674478,3.1405255979430216,2.9384472172857907,3.003925911854683,3.069975339894462,3.136699271127105,3.2041495904136035,3.2723781826149456,3.341748241758059,3.412259767842944,3.483601451703663,3.555306329591309,3.627166862061925,3.6991830491155087,3.77156243019602,3.8440974658595004,3.9166843863839698,3.9891675371864608,4.061235609101034,4.132940486988681,4.20417840112742,4.274949351517254,4.34530522301917
"The target value from 'unconditional_best' was used for 'unconditional_worst' in 2030.
",ISL,RBY,unconditional,worst,KYOTOGHG,IPCM0EL,MtCO2eq,AR4,3.6168,3.3996,3.3117,3.3958,3.3193,3.4431,3.492,3.6605,3.8225,4.0457,4.0523,3.9489,4.0318,4.0096,4.1142,3.9729,4.5771,4.8781,5.2691,4.9687,4.8694,4.6054,4.6258,4.6172,4.6515,4.7307,4.6541,4.7675,4.3198,4.4294,4.5359,4.417126508936204,4.288206576847039,4.149924727398881,4.003296039479646,3.8489142623378045,3.686217490638855,3.514132509882361,3.3323128910674478,3.1405255979430216,2.9384472172857907,3.003925911854683,3.069975339894462,3.136699271127105,3.2041495904136035,3.2723781826149456,3.341748241758059,3.412259767842944,3.483601451703663,3.555306329591309,3.627166862061925,3.6991830491155087,3.77156243019602,3.8440974658595004,3.9166843863839698,3.9891675371864608,4.061235609101034,4.132940486988681,4.20417840112742,4.274949351517254,4.34530522301917
,ISL,RBY,unconditional,best,KYOTOGHG,IPCM0EL,MtCO2eq,AR4,3.6168,3.3996,3.3117,3.3958,3.3193,3.4431,3.492,3.6605,3.8225,4.0457,4.0523,3.9489,4.0318,4.0096,4.1142,3.9729,4.5771,4.8781,5.2691,4.9687,4.8694,4.6054,4.6258,4.6172,4.6515,4.7307,4.6541,4.7675,4.3198,4.4294,4.5359,4.417126508936204,4.288206576847039,4.149924727398881,4.003296039479646,3.8489142623378045,3.686217490638855,3.514132509882361,3.3323128910674478,3.1405255979430216,2.9384472172857907,3.003925911854683,3.069975339894462,3.136699271127105,3.2041495904136035,3.2723781826149456,3.341748241758059,3.412259767842944,3.483601451703663,3.555306329591309,3.627166862061925,3.6991830491155087,3.77156243019602,3.8440974658595004,3.9166843863839698,3.9891675371864608,4.061235609101034,4.132940486988681,4.20417840112742,4.274949351517254,4.34530522301917
"No targets calculated, so the baseline emissions are put in as target pathways for all un/conditional best/worst pathways.
",ISL,baseline_emissions,conditional,worst,KYOTOGHG,IPCM0EL,MtCO2eq,AR4,3.6168,3.3996,3.3117,3.3958,3.3193,3.4431,3.492,3.6605,3.8225,4.0457,4.0523,3.9489,4.0318,4.0096,4.1142,3.9729,4.5771,4.8781,5.2691,4.9687,4.8694,4.6054,4.6258,4.6172,4.6515,4.7307,4.6541,4.7675,4.3198,4.4294,4.5359,4.6404,4.7448,4.85,4.9574,5.0682,5.1823,5.2988,5.4177,5.5392,5.6634,5.7896,5.9169,6.0455,6.1755,6.307,6.4407,6.5766,6.7141,6.8523,6.9908,7.1296,7.2691,7.4089,7.5488,7.6885,7.8274,7.9656,8.1029,8.2393,8.3749
"No targets calculated, so the baseline emissions are put in as target pathways for all un/conditional best/worst pathways.
",ISL,baseline_emissions,conditional,best,KYOTOGHG,IPCM0EL,MtCO2eq,AR4,3.6168,3.3996,3.3117,3.3958,3.3193,3.4431,3.492,3.6605,3.8225,4.0457,4.0523,3.9489,4.0318,4.0096,4.1142,3.9729,4.5771,4.8781,5.2691,4.9687,4.8694,4.6054,4.6258,4.6172,4.6515,4.7307,4.6541,4.7675,4.3198,4.4294,4.5359,4.6404,4.7448,4.85,4.9574,5.0682,5.1823,5.2988,5.4177,5.5392,5.6634,5.7896,5.9169,6.0455,6.1755,6.307,6.4407,6.5766,6.7141,6.8523,6.9908,7.1296,7.2691,7.4089,7.5488,7.6885,7.8274,7.9656,8.1029,8.2393,8.3749
"No targets calculated, so the baseline emissions are put in as target pathways for all un/conditional best/worst pathways.
",ISL,baseline_emissions,unconditional,worst,KYOTOGHG,IPCM0EL,MtCO2eq,AR4,3.6168,3.3996,3.3117,3.3958,3.3193,3.4431,3.492,3.6605,3.8225,4.0457,4.0523,3.9489,4.0318,4.0096,4.1142,3.9729,4.5771,4.8781,5.2691,4.9687,4.8694,4.6054,4.6258,4.6172,4.6515,4.7307,4.6541,4.7675,4.3198,4.4294,4.5359,4.6404,4.7448,4.85,4.9574,5.0682,5.1823,5.2988,5.4177,5.5392,5.6634,5.7896,5.9169,6.0455,6.1755,6.307,6.4407,6.5766,6.7141,6.8523,6.9908,7.1296,7.2691,7.4089,7.5488,7.6885,7.8274,7.9656,8.1029,8.2393,8.3749
"No targets calculated, so the baseline emissions are put in as target pathways for all un/conditional best/worst pathways.
",ISL,baseline_emissions,unconditional,best,KYOTOGHG,IPCM0EL,MtCO2eq,AR4,3.6168,3.3996,3.3117,3.3958,3.3193,3.4431,3.492,3.6605,3.8225,4.0457,4.0523,3.9489,4.0318,4.0096,4.1142,3.9729,4.5771,4.8781,5.2691,4.9687,4.8694,4.6054,4.6258,4.6172,4.6515,4.7307,4.6541,4.7675,4.3198,4.4294,4.5359,4.6404,4.7448,4.85,4.9574,5.0682,5.1823,5.2988,5.4177,5.5392,5.6634,5.7896,5.9169,6.0455,6.1755,6.307,6.4407,6.5766,6.7141,6.8523,6.9908,7.1296,7.2691,7.4089,7.5488,7.6885,7.8274,7.9656,8.1029,8.2393,8.3749
,ISL,,emi_bau,emi_bau,KYOTOGHG,IPCM0EL,MtCO2eq,AR4,3.6168,3.3996,3.3117,3.3958,3.3193,3.4431,3.492,3.6605,3.8225,4.0457,4.0523,3.9489,4.0318,4.0096,4.1142,3.9729,4.5771,4.8781,5.2691,4.9687,4.8694,4.6054,4.6258,4.6172,4.6515,4.7307,4.6541,4.7675,4.3198,4.4294,4.5359,4.6404,4.7448,4.85,4.9574,5.0682,5.1823,5.2988,5.4177,5.5392,5.6634,5.7896,5.9169,6.0455,6.1755,6.307,6.4407,6.5766,6.7141,6.8523,6.9908,7.1296,7.2691,7.4089,7.5488,7.6885,7.8274,7.9656,8.1029,8.2393,8.3749
,ISL,,emi_cov,emi_cov,KYOTOGHG,IPCM0EL,MtCO2eq,AR4,3.6168,3.3996,3.3117,3.3958,3.3193,3.4431,3.492,3.6605,3.8225,4.0457,4.0523,3.9489,4.0318,4.0096,4.1142,3.9729,4.5771,4.8781,5.2691,4.9687,4.8694,4.6054,4.6258,4.6172,4.6515,4.7307,4.6541,4.7675,4.3198,4.4294,4.5359,4.6404,4.7448,4.85,4.9574,5.0682,5.1823,5.2988,5.4177,5.5392,5.6634,5.7896,5.9169,6.0455,6.1755,6.307,6.4407,6.5766,6.7141,6.8523,6.9908,7.1296,7.2691,7.4089,7.5488,7.6885,7.8274,7.9656,8.1029,8.2393,8.3749
,ISL,,emi_ncov,emi_ncov,KYOTOGHG,IPCM0EL,MtCO2eq,AR4,0.0,0.0,0.0,0.0,0.0,0.0,0.0,0.0,0.0,0.0,0.0,0.0,0.0,0.0,0.0,0.0,0.0,0.0,0.0,0.0,0.0,0.0,0.0,0.0,0.0,0.0,0.0,0.0,0.0,0.0,0.0,0.0,0.0,0.0,0.0,0.0,0.0,0.0,0.0,0.0,0.0,0.0,0.0,0.0,0.0,0.0,0.0,0.0,0.0,0.0,0.0,0.0,0.0,0.0,0.0,0.0,0.0,0.0,0.0,0.0,0.0
,ISL,,pc_cov,pc_cov,KYOTOGHG,IPCM0EL,MtCO2eq/MtCO2eq,AR4,1.0,1.0,1.0,1.0,1.0,1.0,1.0,1.0,1.0,1.0,1.0,1.0,1.0,1.0,1.0,1.0,1.0,1.0,1.0,1.0,1.0,1.0,1.0,1.0,1.0,1.0,1.0,1.0,1.0,1.0,1.0,1.0,1.0,1.0,1.0,1.0,1.0,1.0,1.0,1.0,1.0,1.0,1.0,1.0,1.0,1.0,1.0,1.0,1.0,1.0,1.0,1.0,1.0,1.0,1.0,1.0,1.0,1.0,1.0,1.0,1.0
,ISR,,pop,pop,POP,DEMOGR,Pers,,6549799.0,6780304.0,7040486.0,7320811.0,7607556.0,7890035.0,8166781.0,8438559.0,8699893.0,8944805.0,9169953.0,9370586.0,9549477.0,9720239.0,9901837.0,10107440.0,10343059.0,10603601.0,10877515.0,11147704.0,11402077.0,11636749.0,11856525.0,12068364.0,12282852.0,12507656.0,12744639.0,12991075.0,13212815.8356,13422897.2465,13626415.7043,13824489.6641,14018434.3466,14208503.3163,14394962.4272,14578092.163,14754892.7094,14923918.9006,15087766.0399,15248985.4299,15410082.3336,15571912.9944,15733491.6856,15894536.4907,16054777.144,16213954.46,16372248.4319,16529463.1299,16684783.066,16837392.3135,16986474.6515,17133689.5103,17280330.004,17425039.5333,17566473.3376,17703298.1199,17834316.028,17959583.3827,18079635.4019,18194978.3016,18306089.3147
,ISR,,gdp,gdp,GDPPPP,ECO,2011GKD,,97796420898.4375,108212236816.4063,118431141601.5625,124737074707.0313,134181148925.7813,145274560546.875,153993754882.8125,164189116210.9375,173791271484.375,184589915039.0625,201626301757.8125,204517898437.5,205898944335.9375,199762487304.6875,200739930664.0625,205041184570.3125,209842937500.0,216018994140.625,218833192382.8125,227929654296.875,241657192382.8125,255484916015.625,269289187500.0,285684539062.5,302944267578.125,316296101562.5,331262822265.625,342009935546.875,352095763592.8112,362766129452.3521,373934121286.6492,385712032205.943,397871289111.8366,410326337841.1778,422993823196.1313,435792703931.9405,448442080079.2691,460790423162.7376,472949110691.7701,485024335790.6567,497117036361.026,509270108474.3477,521474789928.2212,533750157524.9725,546114395579.1319,558584930202.6893,571081006175.071,583520524623.5979,595915747600.0327,608275555742.692,620605706377.6003,632798944554.219,644797020826.2028,656673810731.7744,668499001025.174,680338306046.6406,692139260876.8229,703848060776.3185,715525023523.9799,727229735812.5568,739021111892.7708
"The target value from 'unconditional_best' was used for 'conditional_worst' in 2030.
The target value from 'unconditional_best' was used for 'conditional_best' in 2030.
",ISR,ABS,conditional,worst,KYOTOGHG,IPCM0EL,MtCO2eq,AR4,42.93899999999999,43.4063,49.4082,51.6808,55.5684,58.1907,60.6837,63.9605,66.381,65.4232,71.0076,75.063,71.9046,75.9517,77.0537,77.9642,79.9079,83.3964,83.5571,80.4748,83.0059,84.8728,90.2793,84.5002,83.2061,85.2273,85.6242,87.1511,89.71765384615385,92.28420769230769,94.85076153846155,94.42327794643137,93.8380327024369,93.09502580647822,92.19425725855524,91.13572705866805,89.9194352068166,88.54538170300086,87.0135665472209,85.32398973947667,83.47665127976819,85.63068098487716,87.80438219414236,90.00537415213138,92.2406527106744,94.51679812644345,96.81954163233924,99.13239795375198,101.457168003034,103.79502929980028,106.14653597092847,108.50877885031092,110.88002629145505,113.2609709529579,115.65195916411798,118.05306019079501,120.44280161648041,122.79950322708648,125.1219875029982,127.40956178561859,129.66139488463114
,ISR,ABS,conditional,best,KYOTOGHG,IPCM0EL,MtCO2eq,AR4,42.93899999999999,43.4063,49.4082,51.6808,55.5684,58.1907,60.6837,63.9605,66.381,65.4232,71.0076,75.063,71.9046,75.9517,77.0537,77.9642,79.9079,83.3964,83.5571,80.4748,83.0059,84.8728,90.2793,84.5002,83.2061,85.2273,85.6242,87.1511,89.71765384615385,92.28420769230769,94.85076153846155,94.42327794643137,93.8380327024369,93.09502580647822,92.19425725855524,91.13572705866805,89.9194352068166,88.54538170300086,87.0135665472209,85.32398973947667,83.47665127976819,85.63068098487716,87.80438219414236,90.00537415213138,92.2406527106744,94.51679812644345,96.81954163233924,99.13239795375198,101.457168003034,103.79502929980028,106.14653597092847,108.50877885031092,110.88002629145505,113.2609709529579,115.65195916411798,118.05306019079501,120.44280161648041,122.79950322708648,125.1219875029982,127.40956178561859,129.66139488463114
"The target value from 'unconditional_best' was used for 'unconditional_worst' in 2030.
",ISR,ABS,unconditional,worst,KYOTOGHG,IPCM0EL,MtCO2eq,AR4,42.93899999999999,43.4063,49.4082,51.6808,55.5684,58.1907,60.6837,63.9605,66.381,65.4232,71.0076,75.063,71.9046,75.9517,77.0537,77.9642,79.9079,83.3964,83.5571,80.4748,83.0059,84.8728,90.2793,84.5002,83.2061,85.2273,85.6242,87.1511,89.71765384615385,92.28420769230769,94.85076153846155,94.42327794643137,93.8380327024369,93.09502580647822,92.19425725855524,91.13572705866805,89.9194352068166,88.54538170300086,87.0135665472209,85.32398973947667,83.47665127976819,85.63068098487716,87.80438219414236,90.00537415213138,92.2406527106744,94.51679812644345,96.81954163233924,99.13239795375198,101.457168003034,103.79502929980028,106.14653597092847,108.50877885031092,110.88002629145505,113.2609709529579,115.65195916411798,118.05306019079501,120.44280161648041,122.79950322708648,125.1219875029982,127.40956178561859,129.66139488463114
,ISR,ABS,unconditional,best,KYOTOGHG,IPCM0EL,MtCO2eq,AR4,42.93899999999999,43.4063,49.4082,51.6808,55.5684,58.1907,60.6837,63.9605,66.381,65.4232,71.0076,75.063,71.9046,75.9517,77.0537,77.9642,79.9079,83.3964,83.5571,80.4748,83.0059,84.8728,90.2793,84.5002,83.2061,85.2273,85.6242,87.1511,89.71765384615385,92.28420769230769,94.85076153846155,94.42327794643137,93.8380327024369,93.09502580647822,92.19425725855524,91.13572705866805,89.9194352068166,88.54538170300086,87.0135665472209,85.32398973947667,83.47665127976819,85.63068098487716,87.80438219414236,90.00537415213138,92.2406527106744,94.51679812644345,96.81954163233924,99.13239795375198,101.457168003034,103.79502929980028,106.14653597092847,108.50877885031092,110.88002629145505,113.2609709529579,115.65195916411798,118.05306019079501,120.44280161648041,122.79950322708648,125.1219875029982,127.40956178561859,129.66139488463114
"The target value from 'unconditional_best' was used for 'conditional_worst' in 2030.
The target value from 'unconditional_best' was used for 'conditional_best' in 2030.
",ISR,ABU,conditional,worst,KYOTOGHG,IPCM0EL,MtCO2eq,AR4,42.93899999999999,43.4063,49.4082,51.6808,55.5684,58.1907,60.6837,63.9605,66.381,65.4232,71.0076,75.063,71.9046,75.9517,77.0537,77.9642,79.9079,83.3964,83.5571,80.4748,83.0059,84.8728,90.2793,84.5002,83.2061,85.2273,85.6242,87.1511,89.71765384615385,92.28420769230769,94.85076153846155,95.44631104546515,95.93800450290587,96.32584191078378,96.60982326909883,96.78994857785104,96.8662178370404,96.83863104666689,96.70718820673058,96.47188931723139,96.13273437816937,98.61334137796301,101.11660232296026,103.65129162855686,106.22546580343435,108.8467027517982,111.49857038663453,114.16208406372338,116.83931773579472,119.53162744886423,122.2396513422334,124.96003918456931,127.69079679055478,130.43272183431665,133.18621315291838,135.95135051377267,138.70340601894603,141.41741246826686,144.09201381571944,146.72641238717694,149.31965097368706
,ISR,ABU,conditional,best,KYOTOGHG,IPCM0EL,MtCO2eq,AR4,42.93899999999999,43.4063,49.4082,51.6808,55.5684,58.1907,60.6837,63.9605,66.381,65.4232,71.0076,75.063,71.9046,75.9517,77.0537,77.9642,79.9079,83.3964,83.5571,80.4748,83.0059,84.8728,90.2793,84.5002,83.2061,85.2273,85.6242,87.1511,89.71765384615385,92.28420769230769,94.85076153846155,95.44631104546515,95.93800450290587,96.32584191078378,96.60982326909883,96.78994857785104,96.8662178370404,96.83863104666689,96.70718820673058,96.47188931723139,96.13273437816937,98.61334137796301,101.11660232296026,103.65129162855686,106.22546580343435,108.8467027517982,111.49857038663453,114.16208406372338,116.83931773579472,119.53162744886423,122.2396513422334,124.96003918456931,127.69079679055478,130.43272183431665,133.18621315291838,135.95135051377267,138.70340601894603,141.41741246826686,144.09201381571944,146.72641238717694,149.31965097368706
"The target value from 'unconditional_best' was used for 'unconditional_worst' in 2030.
",ISR,ABU,unconditional,worst,KYOTOGHG,IPCM0EL,MtCO2eq,AR4,42.93899999999999,43.4063,49.4082,51.6808,55.5684,58.1907,60.6837,63.9605,66.381,65.4232,71.0076,75.063,71.9046,75.9517,77.0537,77.9642,79.9079,83.3964,83.5571,80.4748,83.0059,84.8728,90.2793,84.5002,83.2061,85.2273,85.6242,87.1511,89.71765384615385,92.28420769230769,94.85076153846155,95.44631104546515,95.93800450290587,96.32584191078378,96.60982326909883,96.78994857785104,96.8662178370404,96.83863104666689,96.70718820673058,96.47188931723139,96.13273437816937,98.61334137796301,101.11660232296026,103.65129162855686,106.22546580343435,108.8467027517982,111.49857038663453,114.16208406372338,116.83931773579472,119.53162744886423,122.2396513422334,124.96003918456931,127.69079679055478,130.43272183431665,133.18621315291838,135.95135051377267,138.70340601894603,141.41741246826686,144.09201381571944,146.72641238717694,149.31965097368706
,ISR,ABU,unconditional,best,KYOTOGHG,IPCM0EL,MtCO2eq,AR4,42.93899999999999,43.4063,49.4082,51.6808,55.5684,58.1907,60.6837,63.9605,66.381,65.4232,71.0076,75.063,71.9046,75.9517,77.0537,77.9642,79.9079,83.3964,83.5571,80.4748,83.0059,84.8728,90.2793,84.5002,83.2061,85.2273,85.6242,87.1511,89.71765384615385,92.28420769230769,94.85076153846155,95.44631104546515,95.93800450290587,96.32584191078378,96.60982326909883,96.78994857785104,96.8662178370404,96.83863104666689,96.70718820673058,96.47188931723139,96.13273437816937,98.61334137796301,101.11660232296026,103.65129162855686,106.22546580343435,108.8467027517982,111.49857038663453,114.16208406372338,116.83931773579472,119.53162744886423,122.2396513422334,124.96003918456931,127.69079679055478,130.43272183431665,133.18621315291838,135.95135051377267,138.70340601894603,141.41741246826686,144.09201381571944,146.72641238717694,149.31965097368706
"The target value from 'unconditional_best' was used for 'conditional_worst' in 2025, 2030.
The target value from 'unconditional_best' was used for 'conditional_best' in 2025, 2030.
",ISR,AEI,conditional,worst,KYOTOGHG,IPCM0EL,MtCO2eq,AR4,42.93899999999999,43.4063,49.4082,51.6808,55.5684,58.1907,60.6837,63.9605,66.381,65.4232,71.0076,75.063,71.9046,75.9517,77.0537,77.9642,79.9079,83.3964,83.5571,80.4748,83.0059,84.8728,90.2793,84.5002,83.2061,85.2273,85.6242,87.1511,89.71765384615385,92.28420769230769,94.85076153846155,101.66447089988807,108.7019711403775,115.96326225992986,123.44834425854516,131.15721713622338,129.62223747164302,127.87024690857093,125.90124544700716,123.7152330869516,121.31220982840436,124.42200982840436,127.56020982840437,130.73780982840435,133.96490982840436,137.25100982840434,140.57550982840434,143.91460982840437,147.27090982840434,150.64610982840435,154.04100982840436,157.45140982840434,160.87480982840435,164.31220982840438,167.76410982840434,171.23060982840434,174.68070982840436,178.08310982840436,181.43610982840437,184.73870982840435,187.9897098284044
,ISR,AEI,conditional,best,KYOTOGHG,IPCM0EL,MtCO2eq,AR4,42.93899999999999,43.4063,49.4082,51.6808,55.5684,58.1907,60.6837,63.9605,66.381,65.4232,71.0076,75.063,71.9046,75.9517,77.0537,77.9642,79.9079,83.3964,83.5571,80.4748,83.0059,84.8728,90.2793,84.5002,83.2061,85.2273,85.6242,87.1511,89.71765384615385,92.28420769230769,94.85076153846155,101.66447089988807,108.7019711403775,115.96326225992986,123.44834425854516,131.15721713622338,129.62223747164302,127.87024690857093,125.90124544700716,123.7152330869516,121.31220982840436,124.42200982840436,127.56020982840437,130.73780982840435,133.96490982840436,137.25100982840434,140.57550982840434,143.91460982840437,147.27090982840434,150.64610982840435,154.04100982840436,157.45140982840434,160.87480982840435,164.31220982840438,167.76410982840434,171.23060982840434,174.68070982840436,178.08310982840436,181.43610982840437,184.73870982840435,187.9897098284044
"The target value from 'unconditional_best' was used for 'unconditional_worst' in 2025, 2030.
",ISR,AEI,unconditional,worst,KYOTOGHG,IPCM0EL,MtCO2eq,AR4,42.93899999999999,43.4063,49.4082,51.6808,55.5684,58.1907,60.6837,63.9605,66.381,65.4232,71.0076,75.063,71.9046,75.9517,77.0537,77.9642,79.9079,83.3964,83.5571,80.4748,83.0059,84.8728,90.2793,84.5002,83.2061,85.2273,85.6242,87.1511,89.71765384615385,92.28420769230769,94.85076153846155,101.66447089988807,108.7019711403775,115.96326225992986,123.44834425854516,131.15721713622338,129.62223747164302,127.87024690857093,125.90124544700716,123.7152330869516,121.31220982840436,124.42200982840436,127.56020982840437,130.73780982840435,133.96490982840436,137.25100982840434,140.57550982840434,143.91460982840437,147.27090982840434,150.64610982840435,154.04100982840436,157.45140982840434,160.87480982840435,164.31220982840438,167.76410982840434,171.23060982840434,174.68070982840436,178.08310982840436,181.43610982840437,184.73870982840435,187.9897098284044
,ISR,AEI,unconditional,best,KYOTOGHG,IPCM0EL,MtCO2eq,AR4,42.93899999999999,43.4063,49.4082,51.6808,55.5684,58.1907,60.6837,63.9605,66.381,65.4232,71.0076,75.063,71.9046,75.9517,77.0537,77.9642,79.9079,83.3964,83.5571,80.4748,83.0059,84.8728,90.2793,84.5002,83.2061,85.2273,85.6242,87.1511,89.71765384615385,92.28420769230769,94.85076153846155,101.66447089988807,108.7019711403775,115.96326225992986,123.44834425854516,131.15721713622338,129.62223747164302,127.87024690857093,125.90124544700716,123.7152330869516,121.31220982840436,124.42200982840436,127.56020982840437,130.73780982840435,133.96490982840436,137.25100982840434,140.57550982840434,143.91460982840437,147.27090982840434,150.64610982840435,154.04100982840436,157.45140982840434,160.87480982840435,164.31220982840438,167.76410982840434,171.23060982840434,174.68070982840436,178.08310982840436,181.43610982840437,184.73870982840435,187.9897098284044
"The target value from 'unconditional_best' was used for 'conditional_worst' in 2030.
The target value from 'unconditional_best' was used for 'conditional_best' in 2030.
",ISR,RBU,conditional,worst,KYOTOGHG,IPCM0EL,MtCO2eq,AR4,42.93899999999999,43.4063,49.4082,51.6808,55.5684,58.1907,60.6837,63.9605,66.381,65.4232,71.0076,75.063,71.9046,75.9517,77.0537,77.9642,79.9079,83.3964,83.5571,80.4748,83.0059,84.8728,90.2793,84.5002,83.2061,85.2273,85.6242,87.1511,89.71765384615385,92.28420769230769,94.85076153846155,95.21568405692311,95.46459834153846,95.5975043923077,95.61440220923076,95.51529179230769,95.30017314153848,94.96904625692306,94.52191113846155,93.95876778615384,93.2796162,95.6866014,98.11556820000001,100.5750306,103.07280599999999,105.61624739999999,108.1894104,110.77387379999999,113.37165,115.98405480000001,118.61170740000001,121.251357,123.9010686,126.5616162,129.2333868,131.9164578,134.58683520000002,137.2202928,139.8155148,142.3717272,144.88800120000002
,ISR,RBU,conditional,best,KYOTOGHG,IPCM0EL,MtCO2eq,AR4,42.93899999999999,43.4063,49.4082,51.6808,55.5684,58.1907,60.6837,63.9605,66.381,65.4232,71.0076,75.063,71.9046,75.9517,77.0537,77.9642,79.9079,83.3964,83.5571,80.4748,83.0059,84.8728,90.2793,84.5002,83.2061,85.2273,85.6242,87.1511,89.71765384615385,92.28420769230769,94.85076153846155,95.21568405692311,95.46459834153846,95.5975043923077,95.61440220923076,95.51529179230769,95.30017314153848,94.96904625692306,94.52191113846155,93.95876778615384,93.2796162,95.6866014,98.11556820000001,100.5750306,103.07280599999999,105.61624739999999,108.1894104,110.77387379999999,113.37165,115.98405480000001,118.61170740000001,121.251357,123.9010686,126.5616162,129.2333868,131.9164578,134.58683520000002,137.2202928,139.8155148,142.3717272,144.88800120000002
"The target value from 'unconditional_best' was used for 'unconditional_worst' in 2030.
",ISR,RBU,unconditional,worst,KYOTOGHG,IPCM0EL,MtCO2eq,AR4,42.93899999999999,43.4063,49.4082,51.6808,55.5684,58.1907,60.6837,63.9605,66.381,65.4232,71.0076,75.063,71.9046,75.9517,77.0537,77.9642,79.9079,83.3964,83.5571,80.4748,83.0059,84.8728,90.2793,84.5002,83.2061,85.2273,85.6242,87.1511,89.71765384615385,92.28420769230769,94.85076153846155,95.21568405692311,95.46459834153846,95.5975043923077,95.61440220923076,95.51529179230769,95.30017314153848,94.96904625692306,94.52191113846155,93.95876778615384,93.2796162,95.6866014,98.11556820000001,100.5750306,103.07280599999999,105.61624739999999,108.1894104,110.77387379999999,113.37165,115.98405480000001,118.61170740000001,121.251357,123.9010686,126.5616162,129.2333868,131.9164578,134.58683520000002,137.2202928,139.8155148,142.3717272,144.88800120000002
,ISR,RBU,unconditional,best,KYOTOGHG,IPCM0EL,MtCO2eq,AR4,42.93899999999999,43.4063,49.4082,51.6808,55.5684,58.1907,60.6837,63.9605,66.381,65.4232,71.0076,75.063,71.9046,75.9517,77.0537,77.9642,79.9079,83.3964,83.5571,80.4748,83.0059,84.8728,90.2793,84.5002,83.2061,85.2273,85.6242,87.1511,89.71765384615385,92.28420769230769,94.85076153846155,95.21568405692311,95.46459834153846,95.5975043923077,95.61440220923076,95.51529179230769,95.30017314153848,94.96904625692306,94.52191113846155,93.95876778615384,93.2796162,95.6866014,98.11556820000001,100.5750306,103.07280599999999,105.61624739999999,108.1894104,110.77387379999999,113.37165,115.98405480000001,118.61170740000001,121.251357,123.9010686,126.5616162,129.2333868,131.9164578,134.58683520000002,137.2202928,139.8155148,142.3717272,144.88800120000002
"The target value from 'unconditional_best' was used for 'conditional_worst' in 2025, 2030.
The target value from 'unconditional_best' was used for 'conditional_best' in 2025, 2030.
",ISR,REI,conditional,worst,KYOTOGHG,IPCM0EL,MtCO2eq,AR4,42.93899999999999,43.4063,49.4082,51.6808,55.5684,58.1907,60.6837,63.9605,66.381,65.4232,71.0076,75.063,71.9046,75.9517,77.0537,77.9642,79.9079,83.3964,83.5571,80.4748,83.0059,84.8728,90.2793,84.5002,83.2061,85.2273,85.6242,87.1511,89.71765384615385,92.28420769230769,94.85076153846155,95.14629240897123,95.32215866483139,95.37836030604213,95.31489733260334,95.13176974451511,94.01295440321478,92.73648141837731,91.30235079000275,89.71056251809105,87.96111660264225,90.230863354002,92.52133838619609,94.8405702587026,97.19593064886048,99.59435331258267,102.02080294757383,104.45790867059954,106.90756814117279,109.3710221366675,111.84885455231841,114.33799993814299,116.8366336215326,119.34548547153067,121.86492042265894,124.39501146182177,126.91313264867182,129.3964390821487,131.84368998487852,134.25415548781785,136.62695974811453
,ISR,REI,conditional,best,KYOTOGHG,IPCM0EL,MtCO2eq,AR4,42.93899999999999,43.4063,49.4082,51.6808,55.5684,58.1907,60.6837,63.9605,66.381,65.4232,71.0076,75.063,71.9046,75.9517,77.0537,77.9642,79.9079,83.3964,83.5571,80.4748,83.0059,84.8728,90.2793,84.5002,83.2061,85.2273,85.6242,87.1511,89.71765384615385,92.28420769230769,94.85076153846155,95.14629240897123,95.32215866483139,95.37836030604213,95.31489733260334,95.13176974451511,94.01295440321478,92.73648141837731,91.30235079000275,89.71056251809105,87.96111660264225,90.230863354002,92.52133838619609,94.8405702587026,97.19593064886048,99.59435331258267,102.02080294757383,104.45790867059954,106.90756814117279,109.3710221366675,111.84885455231841,114.33799993814299,116.8366336215326,119.34548547153067,121.86492042265894,124.39501146182177,126.91313264867182,129.3964390821487,131.84368998487852,134.25415548781785,136.62695974811453
"The target value from 'unconditional_best' was used for 'unconditional_worst' in 2025, 2030.
",ISR,REI,unconditional,worst,KYOTOGHG,IPCM0EL,MtCO2eq,AR4,42.93899999999999,43.4063,49.4082,51.6808,55.5684,58.1907,60.6837,63.9605,66.381,65.4232,71.0076,75.063,71.9046,75.9517,77.0537,77.9642,79.9079,83.3964,83.5571,80.4748,83.0059,84.8728,90.2793,84.5002,83.2061,85.2273,85.6242,87.1511,89.71765384615385,92.28420769230769,94.85076153846155,95.14629240897123,95.32215866483139,95.37836030604213,95.31489733260334,95.13176974451511,94.01295440321478,92.73648141837731,91.30235079000275,89.71056251809105,87.96111660264225,90.230863354002,92.52133838619609,94.8405702587026,97.19593064886048,99.59435331258267,102.02080294757383,104.45790867059954,106.90756814117279,109.3710221366675,111.84885455231841,114.33799993814299,116.8366336215326,119.34548547153067,121.86492042265894,124.39501146182177,126.91313264867182,129.3964390821487,131.84368998487852,134.25415548781785,136.62695974811453
,ISR,REI,unconditional,best,KYOTOGHG,IPCM0EL,MtCO2eq,AR4,42.93899999999999,43.4063,49.4082,51.6808,55.5684,58.1907,60.6837,63.9605,66.381,65.4232,71.0076,75.063,71.9046,75.9517,77.0537,77.9642,79.9079,83.3964,83.5571,80.4748,83.0059,84.8728,90.2793,84.5002,83.2061,85.2273,85.6242,87.1511,89.71765384615385,92.28420769230769,94.85076153846155,95.14629240897123,95.32215866483139,95.37836030604213,95.31489733260334,95.13176974451511,94.01295440321478,92.73648141837731,91.30235079000275,89.71056251809105,87.96111660264225,90.230863354002,92.52133838619609,94.8405702587026,97.19593064886048,99.59435331258267,102.02080294757383,104.45790867059954,106.90756814117279,109.3710221366675,111.84885455231841,114.33799993814299,116.8366336215326,119.34548547153067,121.86492042265894,124.39501146182177,126.91313264867182,129.3964390821487,131.84368998487852,134.25415548781785,136.62695974811453
"No targets calculated, so the baseline emissions are put in as target pathways for all un/conditional best/worst pathways.
",ISR,baseline_emissions,conditional,worst,KYOTOGHG,IPCM0EL,MtCO2eq,AR4,42.93899999999999,43.4063,49.4082,51.6808,55.5684,58.1907,60.6837,63.9605,66.381,65.4232,71.0076,75.063,71.9046,75.9517,77.0537,77.9642,79.9079,83.3964,83.5571,80.4748,83.0059,84.8728,90.2793,84.5002,83.2061,85.2273,85.6242,87.1511,89.71765384615385,92.28420769230769,94.85076153846155,97.4173153846154,99.98386923076923,102.55042307692308,105.11697692307692,107.68353076923077,110.25008461538462,112.81663846153845,115.38319230769231,117.94974615384615,120.5163,123.6261,126.7643,129.9419,133.16899999999998,136.4551,139.7796,143.1187,146.475,149.8502,153.2451,156.6555,160.0789,163.5163,166.9682,170.4347,173.8848,177.2872,180.6402,183.9428,187.1938
"No targets calculated, so the baseline emissions are put in as target pathways for all un/conditional best/worst pathways.
",ISR,baseline_emissions,conditional,best,KYOTOGHG,IPCM0EL,MtCO2eq,AR4,42.93899999999999,43.4063,49.4082,51.6808,55.5684,58.1907,60.6837,63.9605,66.381,65.4232,71.0076,75.063,71.9046,75.9517,77.0537,77.9642,79.9079,83.3964,83.5571,80.4748,83.0059,84.8728,90.2793,84.5002,83.2061,85.2273,85.6242,87.1511,89.71765384615385,92.28420769230769,94.85076153846155,97.4173153846154,99.98386923076923,102.55042307692308,105.11697692307692,107.68353076923077,110.25008461538462,112.81663846153845,115.38319230769231,117.94974615384615,120.5163,123.6261,126.7643,129.9419,133.16899999999998,136.4551,139.7796,143.1187,146.475,149.8502,153.2451,156.6555,160.0789,163.5163,166.9682,170.4347,173.8848,177.2872,180.6402,183.9428,187.1938
"No targets calculated, so the baseline emissions are put in as target pathways for all un/conditional best/worst pathways.
",ISR,baseline_emissions,unconditional,worst,KYOTOGHG,IPCM0EL,MtCO2eq,AR4,42.93899999999999,43.4063,49.4082,51.6808,55.5684,58.1907,60.6837,63.9605,66.381,65.4232,71.0076,75.063,71.9046,75.9517,77.0537,77.9642,79.9079,83.3964,83.5571,80.4748,83.0059,84.8728,90.2793,84.5002,83.2061,85.2273,85.6242,87.1511,89.71765384615385,92.28420769230769,94.85076153846155,97.4173153846154,99.98386923076923,102.55042307692308,105.11697692307692,107.68353076923077,110.25008461538462,112.81663846153845,115.38319230769231,117.94974615384615,120.5163,123.6261,126.7643,129.9419,133.16899999999998,136.4551,139.7796,143.1187,146.475,149.8502,153.2451,156.6555,160.0789,163.5163,166.9682,170.4347,173.8848,177.2872,180.6402,183.9428,187.1938
"No targets calculated, so the baseline emissions are put in as target pathways for all un/conditional best/worst pathways.
",ISR,baseline_emissions,unconditional,best,KYOTOGHG,IPCM0EL,MtCO2eq,AR4,42.93899999999999,43.4063,49.4082,51.6808,55.5684,58.1907,60.6837,63.9605,66.381,65.4232,71.0076,75.063,71.9046,75.9517,77.0537,77.9642,79.9079,83.3964,83.5571,80.4748,83.0059,84.8728,90.2793,84.5002,83.2061,85.2273,85.6242,87.1511,89.71765384615385,92.28420769230769,94.85076153846155,97.4173153846154,99.98386923076923,102.55042307692308,105.11697692307692,107.68353076923077,110.25008461538462,112.81663846153845,115.38319230769231,117.94974615384615,120.5163,123.6261,126.7643,129.9419,133.16899999999998,136.4551,139.7796,143.1187,146.475,149.8502,153.2451,156.6555,160.0789,163.5163,166.9682,170.4347,173.8848,177.2872,180.6402,183.9428,187.1938
,ISR,,emi_bau,emi_bau,KYOTOGHG,IPCM0EL,MtCO2eq,AR4,42.93899999999999,43.4063,49.4082,51.6808,55.5684,58.1907,60.6837,63.9605,66.381,65.4232,71.0076,75.063,71.9046,75.9517,77.0537,77.9642,79.9079,83.3964,83.5571,80.4748,83.0059,84.8728,90.2793,84.5002,83.2061,85.2273,85.6242,87.1511,89.71765384615385,92.28420769230769,94.85076153846155,97.4173153846154,99.98386923076923,102.55042307692308,105.11697692307692,107.68353076923077,110.25008461538462,112.81663846153845,115.38319230769231,117.94974615384615,120.5163,123.6261,126.7643,129.9419,133.16899999999998,136.4551,139.7796,143.1187,146.475,149.8502,153.2451,156.6555,160.0789,163.5163,166.9682,170.4347,173.8848,177.2872,180.6402,183.9428,187.1938
,ISR,,emi_cov,emi_cov,KYOTOGHG,IPCM0EL,MtCO2eq,AR4,42.93899999999999,43.4063,49.4082,51.6808,55.5684,58.1907,60.6837,63.9605,66.381,65.4232,71.0076,75.063,71.9046,75.9517,77.0537,77.9642,79.9079,83.3964,83.5571,80.4748,83.0059,84.8728,90.2793,84.5002,83.2061,85.2273,85.6242,87.1511,89.71754923536948,92.28420769230769,94.85076153846155,97.41721134292257,99.98386923076923,102.55042307692308,105.11697692307692,107.68342857756006,110.25008461538462,112.81663846153845,115.38319230769231,117.94974615384615,120.5163,123.6261,126.7643,129.9419,133.16899999999998,136.4551,139.7796,143.1187,146.475,149.8502,153.24499993094972,156.6555,160.0789,163.5163,166.9682,170.4347,173.8848,177.2872,180.6402,183.9428,187.1938
,ISR,,emi_ncov,emi_ncov,KYOTOGHG,IPCM0EL,MtCO2eq,AR4,0.0,0.0,0.0,0.0,0.0,0.0,0.0,0.0,0.0,0.0,0.0,0.0,0.0,0.0,0.0,0.0,0.0,0.0,0.0,0.0,0.0,0.0,0.0,0.0,0.0,0.0,0.0,0.0,0.00010461078437437586,0.0,0.0,0.00010404169283008378,0.0,0.0,0.0,0.00010219167070299837,0.0,0.0,0.0,0.0,0.0,0.0,0.0,0.0,0.0,0.0,0.0,0.0,0.0,0.0,0.00010006905029411555,0.0,0.0,0.0,0.0,0.0,0.0,0.0,0.0,0.0,0.0
,ISR,,pc_cov,pc_cov,KYOTOGHG,IPCM0EL,MtCO2eq/MtCO2eq,AR4,1.0,1.0,1.0,1.0,1.0,1.0,1.0,1.0,1.0,1.0,1.0,1.0,1.0,1.0,1.0,1.0,1.0,1.0,1.0,1.0,1.0,1.0,1.0,1.0,1.0,1.0,1.0,1.0,0.9999988340000001,1.0,1.0,0.999998932,1.0,1.0,1.0,0.999999051,1.0,1.0,1.0,1.0,1.0,1.0,1.0,1.0,1.0,1.0,1.0,1.0,1.0,1.0,0.999999347,1.0,1.0,1.0,1.0,1.0,1.0,1.0,1.0,1.0,1.0
,ITA,,pop,pop,POP,DEMOGR,Pers,,57048236.0,57088113.0,57145306.0,57197613.0,57213544.0,57174408.0,57065225.0,56903640.0,56742760.0,56655632.0,56692178.0,56875147.0,57182519.0,57564588.0,57948424.0,58281212.0,58542619.0,58747861.0,58922109.0,59105625.0,59325229.0,59589076.0,59879471.0,60166830.0,60409620.0,60578494.0,60663060.0,60673701.0,60792056.5787,60647014.0785,60480250.4554,60296395.3731,60097377.58,59890861.3163,59684505.5025,59485979.45,59290265.0868,59088526.1688,58882738.9886,58674905.5854,58467054.8247,58249205.4452,58012807.2308,57762007.2239,57500887.124,57233464.3259,56960610.0892,56680752.1117,56394178.5489,56101153.8394,55801916.6454,55494505.1753,55175637.8185,54843570.2611,54496583.1437,54132984.9142,53754782.7898,53366149.2812,52968668.4225,52563929.9287,52153529.648
,ITA,,gdp,gdp,GDPPPP,ECO,2011GKD,,1438635125000.0,1488361000000.0,1514031125000.0,1499015375000.0,1542191125000.0,1607066500000.0,1622712375000.0,1697463250000.0,1780241750000.0,1830703000000.0,1879668375000.0,1886779375000.0,1874346625000.0,1879103125000.0,1890156875000.0,1950974500000.0,2036273375000.0,2118914250000.0,2182125000000.0,2114644750000.0,2139803500000.0,2192987250000.0,2161959500000.0,2116384250000.0,2099063500000.0,2159708750000.0,2252769000000.0,2311533500000.0,2246483976331.93,2267748541524.201,2285973424676.6533,2302510238940.049,2319584721502.4907,2336911539683.611,2354210559201.204,2371205826000.061,2387679982097.481,2403468024872.448,2418374970359.734,2432205641452.451,2444764709208.885,2456350171859.033,2467319384915.768,2477567974060.771,2486994116932.5083,2495498460047.487,2503093448326.145,2509907545272.29,2516015964635.109,2521492193324.0107,2526408052284.904,2530745937952.12,2534626489440.266,2538323631517.3657,2542106253227.838,2546239218575.02,2550593344971.875,2554781815278.281,2558681788702.3857,2562171435139.811,2565129830945.207
"The target value from 'unconditional_best' was used for 'conditional_worst' in 2030.
The target value from 'unconditional_best' was used for 'conditional_best' in 2030.
",ITA,RBY,conditional,worst,KYOTOGHG,IPCM0EL,MtCO2eq,AR4,524.6919,525.891,522.7419,516.693,510.2924,539.0395,531.7467,538.3772,549.4098,554.5229,560.086,567.0703,567.1543,581.7347,586.1149,586.9249,576.3694,566.7179,553.7405,501.4115,511.1595,497.6606,477.6568,447.9631,431.3908,439.1472,437.1469,432.6601,409.6549,415.8236,421.6245,415.0474136056806,408.23139154466526,401.15464469923404,393.79771794384504,386.14331884611363,378.1890111559957,369.93862463126897,361.385291468949,352.5228176542896,343.34533999999996,347.69685181221024,352.0214155167081,356.31045346647653,360.5553165341064,364.747641513756,368.8941475622555,373.0186376500775,377.13819559086465,381.2700481590432,385.432208413349,389.5933679421695,393.7400884318444,397.9172595684303,402.17077176346925,406.5471587520293,411.02969412242703,415.5579054631913,420.11327935284334,424.6768020071616,429.2289592791822
,ITA,RBY,conditional,best,KYOTOGHG,IPCM0EL,MtCO2eq,AR4,524.6919,525.891,522.7419,516.693,510.2924,539.0395,531.7467,538.3772,549.4098,554.5229,560.086,567.0703,567.1543,581.7347,586.1149,586.9249,576.3694,566.7179,553.7405,501.4115,511.1595,497.6606,477.6568,447.9631,431.3908,439.1472,437.1469,432.6601,409.6549,415.8236,421.6245,415.0474136056806,408.23139154466526,401.15464469923404,393.79771794384504,386.14331884611363,378.1890111559957,369.93862463126897,361.385291468949,352.5228176542896,343.34533999999996,347.69685181221024,352.0214155167081,356.31045346647653,360.5553165341064,364.747641513756,368.8941475622555,373.0186376500775,377.13819559086465,381.2700481590432,385.432208413349,389.5933679421695,393.7400884318444,397.9172595684303,402.17077176346925,406.5471587520293,411.02969412242703,415.5579054631913,420.11327935284334,424.6768020071616,429.2289592791822
"The target value from 'unconditional_best' was used for 'unconditional_worst' in 2030.
",ITA,RBY,unconditional,worst,KYOTOGHG,IPCM0EL,MtCO2eq,AR4,524.6919,525.891,522.7419,516.693,510.2924,539.0395,531.7467,538.3772,549.4098,554.5229,560.086,567.0703,567.1543,581.7347,586.1149,586.9249,576.3694,566.7179,553.7405,501.4115,511.1595,497.6606,477.6568,447.9631,431.3908,439.1472,437.1469,432.6601,409.6549,415.8236,421.6245,415.0474136056806,408.23139154466526,401.15464469923404,393.79771794384504,386.14331884611363,378.1890111559957,369.93862463126897,361.385291468949,352.5228176542896,343.34533999999996,347.69685181221024,352.0214155167081,356.31045346647653,360.5553165341064,364.747641513756,368.8941475622555,373.0186376500775,377.13819559086465,381.2700481590432,385.432208413349,389.5933679421695,393.7400884318444,397.9172595684303,402.17077176346925,406.5471587520293,411.02969412242703,415.5579054631913,420.11327935284334,424.6768020071616,429.2289592791822
,ITA,RBY,unconditional,best,KYOTOGHG,IPCM0EL,MtCO2eq,AR4,524.6919,525.891,522.7419,516.693,510.2924,539.0395,531.7467,538.3772,549.4098,554.5229,560.086,567.0703,567.1543,581.7347,586.1149,586.9249,576.3694,566.7179,553.7405,501.4115,511.1595,497.6606,477.6568,447.9631,431.3908,439.1472,437.1469,432.6601,409.6549,415.8236,421.6245,415.0474136056806,408.23139154466526,401.15464469923404,393.79771794384504,386.14331884611363,378.1890111559957,369.93862463126897,361.385291468949,352.5228176542896,343.34533999999996,347.69685181221024,352.0214155167081,356.31045346647653,360.5553165341064,364.747641513756,368.8941475622555,373.0186376500775,377.13819559086465,381.2700481590432,385.432208413349,389.5933679421695,393.7400884318444,397.9172595684303,402.17077176346925,406.5471587520293,411.02969412242703,415.5579054631913,420.11327935284334,424.6768020071616,429.2289592791822
"No targets calculated, so the baseline emissions are put in as target pathways for all un/conditional best/worst pathways.
",ITA,baseline_emissions,conditional,worst,KYOTOGHG,IPCM0EL,MtCO2eq,AR4,524.6919,525.891,522.7419,516.693,510.2924,539.0395,531.7467,538.3772,549.4098,554.5229,560.086,567.0703,567.1543,581.7347,586.1149,586.9249,576.3694,566.7179,553.7405,501.4115,511.1595,497.6606,477.6568,447.9631,431.3908,439.1472,437.1469,432.6601,409.6549,415.8236,421.6245,427.2319,432.9251,438.6883,444.5063,450.3644,456.2638,462.2137,468.2108,474.2522,480.335,486.4227,492.4727,498.473,504.4115,510.2765,516.0774,521.8475,527.6107,533.3911,539.2139,545.0353,550.8365,556.6803,562.6309,568.7534,575.0244,581.3593,587.7322,594.1165,600.4849
"No targets calculated, so the baseline emissions are put in as target pathways for all un/conditional best/worst pathways.
",ITA,baseline_emissions,conditional,best,KYOTOGHG,IPCM0EL,MtCO2eq,AR4,524.6919,525.891,522.7419,516.693,510.2924,539.0395,531.7467,538.3772,549.4098,554.5229,560.086,567.0703,567.1543,581.7347,586.1149,586.9249,576.3694,566.7179,553.7405,501.4115,511.1595,497.6606,477.6568,447.9631,431.3908,439.1472,437.1469,432.6601,409.6549,415.8236,421.6245,427.2319,432.9251,438.6883,444.5063,450.3644,456.2638,462.2137,468.2108,474.2522,480.335,486.4227,492.4727,498.473,504.4115,510.2765,516.0774,521.8475,527.6107,533.3911,539.2139,545.0353,550.8365,556.6803,562.6309,568.7534,575.0244,581.3593,587.7322,594.1165,600.4849
"No targets calculated, so the baseline emissions are put in as target pathways for all un/conditional best/worst pathways.
",ITA,baseline_emissions,unconditional,worst,KYOTOGHG,IPCM0EL,MtCO2eq,AR4,524.6919,525.891,522.7419,516.693,510.2924,539.0395,531.7467,538.3772,549.4098,554.5229,560.086,567.0703,567.1543,581.7347,586.1149,586.9249,576.3694,566.7179,553.7405,501.4115,511.1595,497.6606,477.6568,447.9631,431.3908,439.1472,437.1469,432.6601,409.6549,415.8236,421.6245,427.2319,432.9251,438.6883,444.5063,450.3644,456.2638,462.2137,468.2108,474.2522,480.335,486.4227,492.4727,498.473,504.4115,510.2765,516.0774,521.8475,527.6107,533.3911,539.2139,545.0353,550.8365,556.6803,562.6309,568.7534,575.0244,581.3593,587.7322,594.1165,600.4849
"No targets calculated, so the baseline emissions are put in as target pathways for all un/conditional best/worst pathways.
",ITA,baseline_emissions,unconditional,best,KYOTOGHG,IPCM0EL,MtCO2eq,AR4,524.6919,525.891,522.7419,516.693,510.2924,539.0395,531.7467,538.3772,549.4098,554.5229,560.086,567.0703,567.1543,581.7347,586.1149,586.9249,576.3694,566.7179,553.7405,501.4115,511.1595,497.6606,477.6568,447.9631,431.3908,439.1472,437.1469,432.6601,409.6549,415.8236,421.6245,427.2319,432.9251,438.6883,444.5063,450.3644,456.2638,462.2137,468.2108,474.2522,480.335,486.4227,492.4727,498.473,504.4115,510.2765,516.0774,521.8475,527.6107,533.3911,539.2139,545.0353,550.8365,556.6803,562.6309,568.7534,575.0244,581.3593,587.7322,594.1165,600.4849
,ITA,,emi_bau,emi_bau,KYOTOGHG,IPCM0EL,MtCO2eq,AR4,524.6919,525.891,522.7419,516.693,510.2924,539.0395,531.7467,538.3772,549.4098,554.5229,560.086,567.0703,567.1543,581.7347,586.1149,586.9249,576.3694,566.7179,553.7405,501.4115,511.1595,497.6606,477.6568,447.9631,431.3908,439.1472,437.1469,432.6601,409.6549,415.8236,421.6245,427.2319,432.9251,438.6883,444.5063,450.3644,456.2638,462.2137,468.2108,474.2522,480.335,486.4227,492.4727,498.473,504.4115,510.2765,516.0774,521.8475,527.6107,533.3911,539.2139,545.0353,550.8365,556.6803,562.6309,568.7534,575.0244,581.3593,587.7322,594.1165,600.4849
,ITA,,emi_cov,emi_cov,KYOTOGHG,IPCM0EL,MtCO2eq,AR4,524.6919,525.891,522.7419,516.693,510.2924,539.0395,531.7467,538.3772,549.4098,554.5229,560.086,567.0703,567.1543,581.7347,586.1149,586.9249,576.3694,566.7179,553.7405,501.4115,511.1595,497.6606,477.6568,447.9631,431.3908,439.1472,437.1469,432.6601,409.6549,415.8236,421.6245,427.2319,432.9251,438.6883,444.5063,450.3644,456.2638,462.2137,468.2108,474.2522,480.335,486.4227,492.4727,498.473,504.4115,510.2765,516.0774,521.8475,527.6107,533.3911,539.2139,545.0353,550.8365,556.6803,562.6309,568.7534,575.0244,581.3593,587.7322,594.1165,600.4849
,ITA,,emi_ncov,emi_ncov,KYOTOGHG,IPCM0EL,MtCO2eq,AR4,0.0,0.0,0.0,0.0,0.0,0.0,0.0,0.0,0.0,0.0,0.0,0.0,0.0,0.0,0.0,0.0,0.0,0.0,0.0,0.0,0.0,0.0,0.0,0.0,0.0,0.0,0.0,0.0,0.0,0.0,0.0,0.0,0.0,0.0,0.0,0.0,0.0,0.0,0.0,0.0,0.0,0.0,0.0,0.0,0.0,0.0,0.0,0.0,0.0,0.0,0.0,0.0,0.0,0.0,0.0,0.0,0.0,0.0,0.0,0.0,0.0
,ITA,,pc_cov,pc_cov,KYOTOGHG,IPCM0EL,MtCO2eq/MtCO2eq,AR4,1.0,1.0,1.0,1.0,1.0,1.0,1.0,1.0,1.0,1.0,1.0,1.0,1.0,1.0,1.0,1.0,1.0,1.0,1.0,1.0,1.0,1.0,1.0,1.0,1.0,1.0,1.0,1.0,1.0,1.0,1.0,1.0,1.0,1.0,1.0,1.0,1.0,1.0,1.0,1.0,1.0,1.0,1.0,1.0,1.0,1.0,1.0,1.0,1.0,1.0,1.0,1.0,1.0,1.0,1.0,1.0,1.0,1.0,1.0,1.0,1.0
,JAM,,pop,pop,POP,DEMOGR,Pers,,2419906.0,2439334.0,2461049.0,2484581.0,2509043.0,2533711.0,2558637.0,2583916.0,2608873.0,2632675.0,2654701.0,2674702.0,2692845.0,2709437.0,2725015.0,2740003.0,2754407.0,2768227.0,2781876.0,2795837.0,2810460.0,2825929.0,2842132.0,2858712.0,2875139.0,2891021.0,2906236.0,2920848.0,2944430.3113,2968696.0316,2993438.0977,3019370.9821,3046973.9957,3075575.7315,3104503.9685,3133085.1353,3161183.1639,3188976.431000001,3216261.224,3242833.2458,3268487.6364,3293313.2477,3317602.8102,3341457.2617,3364978.083,3388267.3068,3411279.7804,3433979.3339,3456482.3004,3478905.5742,3501366.609,3523877.4273,3546374.2578,3568861.5192,3591343.949,3613826.5885,3636294.3724,3658670.5744,3680867.4641,3702796.704,3724369.4004
,JAM,,gdp,gdp,GDPPPP,ECO,2011GKD,,11078530273.4375,11194355468.75,12124688476.5625,12531444335.9375,12606698242.1875,12834394531.25,13135543945.3125,13413305664.0625,13676512695.3125,14046203125.0,14404164062.5,14918235351.5625,15415063476.5625,16404541015.625,16956365234.375,17983347656.25,18908814453.125,19876564453.125,19541636718.75,19577994140.625,20066585937.5,20894968750.0,20772914062.5,20652453125.0,20699177734.375,21321416015.625,21872179687.5,22121777343.75,22292247444.5038,22698515673.0083,23107785360.8001,23537812506.0153,23999680562.5935,24480819260.0374,24968708124.6174,25450833097.3863,25918812916.8924,26373535217.2564,26816364045.4555,27248661762.3237,27671787966.4185,28078262783.605,28467129456.8498,28849590123.6858,29236914906.3626,29640416779.094,30062695654.8547,30500597258.0238,30956780894.0082,31433879082.1832,31934519310.8626,32458841864.2962,33003195049.9275,33564518339.8129,34139748516.5997,34725827430.2106,35325636851.5173,35942929102.9664,36575960684.0788,37222989770.4068,37882274568.4644
"The target value from 'conditional_best' was used for 'conditional_worst' in 2025, 2030.
",JAM,ABU,conditional,worst,KYOTOGHG,IPCM0EL,MtCO2eq,AR4,9.6278,9.9164,9.9645,10.292,10.4746,11.5142,12.0051,12.3956,12.0227,12.329,12.9708,13.2368,12.8907,13.4465,13.2815,13.0299,13.8672,12.0334,12.5577,10.1197,9.4982,10.0914,9.7474,10.4811,9.8772,10.0303,10.2045,10.1425,9.0812,9.1347,9.1992,9.022443471273604,8.856453642179437,8.694849936644314,8.532038829310505,8.363100000000001,8.45025036655072,8.53433005123175,8.615345897434297,8.693476520741514,8.7689,8.846823655545661,8.920885455915599,8.994174885250393,9.069953065698432,9.15130948140029,9.23850158936768,9.33007046653422,9.426359388915532,9.52788327053504,9.634985387408372,9.747923196547237,9.866181783928205,9.988817140508324,10.115142714256354,10.244300315133247,10.377233952181957,10.51480181544153,10.656832266904159,10.802638754538604,10.95196382133315
,JAM,ABU,conditional,best,KYOTOGHG,IPCM0EL,MtCO2eq,AR4,9.6278,9.9164,9.9645,10.292,10.4746,11.5142,12.0051,12.3956,12.0227,12.329,12.9708,13.2368,12.8907,13.4465,13.2815,13.0299,13.8672,12.0334,12.5577,10.1197,9.4982,10.0914,9.7474,10.4811,9.8772,10.0303,10.2045,10.1425,9.0812,9.1347,9.1992,9.022443471273604,8.856453642179437,8.694849936644314,8.532038829310505,8.363100000000001,8.45025036655072,8.53433005123175,8.615345897434297,8.693476520741514,8.7689,8.846823655545661,8.920885455915599,8.994174885250393,9.069953065698432,9.15130948140029,9.23850158936768,9.33007046653422,9.426359388915532,9.52788327053504,9.634985387408372,9.747923196547237,9.866181783928205,9.988817140508324,10.115142714256354,10.244300315133247,10.377233952181957,10.51480181544153,10.656832266904159,10.802638754538604,10.95196382133315
"The target value from 'unconditional_best' was used for 'unconditional_worst' in 2025, 2030.
",JAM,ABU,unconditional,worst,KYOTOGHG,IPCM0EL,MtCO2eq,AR4,9.6278,9.9164,9.9645,10.292,10.4746,11.5142,12.0051,12.3956,12.0227,12.329,12.9708,13.2368,12.8907,13.4465,13.2815,13.0299,13.8672,12.0334,12.5577,10.1197,9.4982,10.0914,9.7474,10.4811,9.8772,10.0303,10.2045,10.1425,9.0812,9.1347,9.1992,9.074255390384359,8.961152870579268,8.853689421145345,8.746330702269471,8.6341,8.731923047068966,8.826744461458333,8.91856315255593,9.007556007758247,9.0939,9.17471172452265,9.251518462697813,9.32752420360348,9.40611093571086,9.490482648097945,9.580906339854568,9.675869016138344,9.775726675735719,9.881013316826353,9.992084938196692,10.10920853893657,10.231850120866321,10.359030687323227,10.490038240734396,10.623982784133725,10.761843314183931,10.904509827851122,11.05180432574208,11.203014810283912,11.35787428238679
,JAM,ABU,unconditional,best,KYOTOGHG,IPCM0EL,MtCO2eq,AR4,9.6278,9.9164,9.9645,10.292,10.4746,11.5142,12.0051,12.3956,12.0227,12.329,12.9708,13.2368,12.8907,13.4465,13.2815,13.0299,13.8672,12.0334,12.5577,10.1197,9.4982,10.0914,9.7474,10.4811,9.8772,10.0303,10.2045,10.1425,9.0812,9.1347,9.1992,9.074255390384359,8.961152870579268,8.853689421145345,8.746330702269471,8.6341,8.731923047068966,8.826744461458333,8.91856315255593,9.007556007758247,9.0939,9.17471172452265,9.251518462697813,9.32752420360348,9.40611093571086,9.490482648097945,9.580906339854568,9.675869016138344,9.775726675735719,9.881013316826353,9.992084938196692,10.10920853893657,10.231850120866321,10.359030687323227,10.490038240734396,10.623982784133725,10.761843314183931,10.904509827851122,11.05180432574208,11.203014810283912,11.35787428238679
"The target value from 'conditional_best' was used for 'conditional_worst' in 2025, 2030.
",JAM,RBU,conditional,worst,KYOTOGHG,IPCM0EL,MtCO2eq,AR4,9.6278,9.9164,9.9645,10.292,10.4746,11.5142,12.0051,12.3956,12.0227,12.329,12.9708,13.2368,12.8907,13.4465,13.2815,13.0299,13.8672,12.0334,12.5577,10.1197,9.4982,10.0914,9.7474,10.4811,9.8772,10.0303,10.2045,10.1425,9.0812,9.1347,9.1992,9.133448930004153,9.080768550345912,9.035158694632424,8.991152640732736,8.94370924652634,9.04235915583143,9.137842222575001,9.23016010290759,9.31949859458266,9.40604336545951,9.489628910198029,9.5690719995255,9.64768659777076,9.728970778392029,9.81623850571815,9.90976594344319,10.00798816396742,10.111273385549602,10.220173935577868,10.33505803231099,10.45620183944303,10.583053029585848,10.71459900252786,10.85010332175154,10.98864544160999,11.1312379623148,11.27880142951287,11.431151734074819,11.58755243948313,11.74772738204373
,JAM,RBU,conditional,best,KYOTOGHG,IPCM0EL,MtCO2eq,AR4,9.6278,9.9164,9.9645,10.292,10.4746,11.5142,12.0051,12.3956,12.0227,12.329,12.9708,13.2368,12.8907,13.4465,13.2815,13.0299,13.8672,12.0334,12.5577,10.1197,9.4982,10.0914,9.7474,10.4811,9.8772,10.0303,10.2045,10.1425,9.0812,9.1347,9.1992,9.133448930004153,9.080768550345912,9.035158694632424,8.991152640732736,8.94370924652634,9.04235915583143,9.137842222575001,9.23016010290759,9.31949859458266,9.40604336545951,9.489628910198029,9.5690719995255,9.64768659777076,9.728970778392029,9.81623850571815,9.90976594344319,10.00798816396742,10.111273385549602,10.220173935577868,10.33505803231099,10.45620183944303,10.583053029585848,10.71459900252786,10.85010332175154,10.98864544160999,11.1312379623148,11.27880142951287,11.431151734074819,11.58755243948313,11.74772738204373
"The target value from 'unconditional_best' was used for 'unconditional_worst' in 2025, 2030.
",JAM,RBU,unconditional,worst,KYOTOGHG,IPCM0EL,MtCO2eq,AR4,9.6278,9.9164,9.9645,10.292,10.4746,11.5142,12.0051,12.3956,12.0227,12.329,12.9708,13.2368,12.8907,13.4465,13.2815,13.0299,13.8672,12.0334,12.5577,10.1197,9.4982,10.0914,9.7474,10.4811,9.8772,10.0303,10.2045,10.1425,9.0812,9.1347,9.1992,9.162639144003323,9.13975484027673,9.12464695570594,9.111882112586187,9.096387397221072,9.200186988603521,9.300840101847289,9.3983448201352,9.492886794186346,9.584651825058419,9.669824549954464,9.750776159629892,9.830883546261195,9.913711207145784,10.00263603446016,10.09793943588569,10.19802676789459,10.303273240728691,10.414241669750739,10.531307265202575,10.654751434765565,10.784011363076964,10.918055221971732,11.056132590966202,11.197305444455793,11.342605610605546,11.49297111502004,11.64821435257836,11.807584902796842,11.97080135799411
,JAM,RBU,unconditional,best,KYOTOGHG,IPCM0EL,MtCO2eq,AR4,9.6278,9.9164,9.9645,10.292,10.4746,11.5142,12.0051,12.3956,12.0227,12.329,12.9708,13.2368,12.8907,13.4465,13.2815,13.0299,13.8672,12.0334,12.5577,10.1197,9.4982,10.0914,9.7474,10.4811,9.8772,10.0303,10.2045,10.1425,9.0812,9.1347,9.1992,9.162639144003323,9.13975484027673,9.12464695570594,9.111882112586187,9.096387397221072,9.200186988603521,9.300840101847289,9.3983448201352,9.492886794186346,9.584651825058419,9.669824549954464,9.750776159629892,9.830883546261195,9.913711207145784,10.00263603446016,10.09793943588569,10.19802676789459,10.303273240728691,10.414241669750739,10.531307265202575,10.654751434765565,10.784011363076964,10.918055221971732,11.056132590966202,11.197305444455793,11.342605610605546,11.49297111502004,11.64821435257836,11.807584902796842,11.97080135799411
"No targets calculated, so the baseline emissions are put in as target pathways for all un/conditional best/worst pathways.
",JAM,baseline_emissions,conditional,worst,KYOTOGHG,IPCM0EL,MtCO2eq,AR4,9.6278,9.9164,9.9645,10.292,10.4746,11.5142,12.0051,12.3956,12.0227,12.329,12.9708,13.2368,12.8907,13.4465,13.2815,13.0299,13.8672,12.0334,12.5577,10.1197,9.4982,10.0914,9.7474,10.4811,9.8772,10.0303,10.2045,10.1425,9.0812,9.1347,9.1992,9.2794,9.3757,9.4826,9.5948,9.7071,9.8159,9.9213,10.0233,10.1221,10.2179,10.3087,10.395,10.4804,10.5687,10.6635,10.7651,10.8718,10.984000000000002,11.1023,11.2271,11.3587,11.4965,11.6394,11.7866,11.9371,12.092,12.2523,12.4178,12.5877,12.7617
"No targets calculated, so the baseline emissions are put in as target pathways for all un/conditional best/worst pathways.
",JAM,baseline_emissions,conditional,best,KYOTOGHG,IPCM0EL,MtCO2eq,AR4,9.6278,9.9164,9.9645,10.292,10.4746,11.5142,12.0051,12.3956,12.0227,12.329,12.9708,13.2368,12.8907,13.4465,13.2815,13.0299,13.8672,12.0334,12.5577,10.1197,9.4982,10.0914,9.7474,10.4811,9.8772,10.0303,10.2045,10.1425,9.0812,9.1347,9.1992,9.2794,9.3757,9.4826,9.5948,9.7071,9.8159,9.9213,10.0233,10.1221,10.2179,10.3087,10.395,10.4804,10.5687,10.6635,10.7651,10.8718,10.984000000000002,11.1023,11.2271,11.3587,11.4965,11.6394,11.7866,11.9371,12.092,12.2523,12.4178,12.5877,12.7617
"No targets calculated, so the baseline emissions are put in as target pathways for all un/conditional best/worst pathways.
",JAM,baseline_emissions,unconditional,worst,KYOTOGHG,IPCM0EL,MtCO2eq,AR4,9.6278,9.9164,9.9645,10.292,10.4746,11.5142,12.0051,12.3956,12.0227,12.329,12.9708,13.2368,12.8907,13.4465,13.2815,13.0299,13.8672,12.0334,12.5577,10.1197,9.4982,10.0914,9.7474,10.4811,9.8772,10.0303,10.2045,10.1425,9.0812,9.1347,9.1992,9.2794,9.3757,9.4826,9.5948,9.7071,9.8159,9.9213,10.0233,10.1221,10.2179,10.3087,10.395,10.4804,10.5687,10.6635,10.7651,10.8718,10.984000000000002,11.1023,11.2271,11.3587,11.4965,11.6394,11.7866,11.9371,12.092,12.2523,12.4178,12.5877,12.7617
"No targets calculated, so the baseline emissions are put in as target pathways for all un/conditional best/worst pathways.
",JAM,baseline_emissions,unconditional,best,KYOTOGHG,IPCM0EL,MtCO2eq,AR4,9.6278,9.9164,9.9645,10.292,10.4746,11.5142,12.0051,12.3956,12.0227,12.329,12.9708,13.2368,12.8907,13.4465,13.2815,13.0299,13.8672,12.0334,12.5577,10.1197,9.4982,10.0914,9.7474,10.4811,9.8772,10.0303,10.2045,10.1425,9.0812,9.1347,9.1992,9.2794,9.3757,9.4826,9.5948,9.7071,9.8159,9.9213,10.0233,10.1221,10.2179,10.3087,10.395,10.4804,10.5687,10.6635,10.7651,10.8718,10.984000000000002,11.1023,11.2271,11.3587,11.4965,11.6394,11.7866,11.9371,12.092,12.2523,12.4178,12.5877,12.7617
,JAM,,emi_bau,emi_bau,KYOTOGHG,IPCM0EL,MtCO2eq,AR4,9.6278,9.9164,9.9645,10.292,10.4746,11.5142,12.0051,12.3956,12.0227,12.329,12.9708,13.2368,12.8907,13.4465,13.2815,13.0299,13.8672,12.0334,12.5577,10.1197,9.4982,10.0914,9.7474,10.4811,9.8772,10.0303,10.2045,10.1425,9.0812,9.1347,9.1992,9.2794,9.3757,9.4826,9.5948,9.7071,9.8159,9.9213,10.0233,10.1221,10.2179,10.3087,10.395,10.4804,10.5687,10.6635,10.7651,10.8718,10.984000000000002,11.1023,11.2271,11.3587,11.4965,11.6394,11.7866,11.9371,12.092,12.2523,12.4178,12.5877,12.7617
,JAM,,emi_cov,emi_cov,KYOTOGHG,IPCM0EL,MtCO2eq,AR4,7.626247331721201,7.877806023308,7.7864061503865,8.088843678688,8.283501803816002,9.2353308487842,9.7504321932585,10.180603089636,9.773333622544,10.071647993441001,10.653050653459202,10.9194820427664,10.553634343231199,10.9923404649545,10.9137208379095,10.7311665925581,11.816959538030401,10.072511634779401,10.557358562772901,8.057668953334698,7.4821526063176,8.0618480272968,7.6663286963744,8.3802143068917,7.718595563584801,7.879891084034202,8.100528210081,8.0736727607375,7.040039190430801,7.090801219622101,7.152000308445599,7.228095919514601,7.3194675763168995,7.420896758801,7.5273547035252,7.6339075347366,7.737139485466599,7.837145436453899,7.9339253837823,8.027669098500201,8.1185663454049,8.204719483228,8.286602908815,8.3676323944528,8.4514134719097,8.541361898172001,8.637762320600201,8.7390017389892,8.845459685200002,8.957705446510701,9.076118570440201,9.2009836852215,9.331731491168,9.4673183041056,9.6069850595152,9.7497829323181,9.89675562298,10.0488519550488,10.205882169005,10.3670872020606,10.5321824134464
,JAM,,emi_ncov,emi_ncov,KYOTOGHG,IPCM0EL,MtCO2eq,AR4,2.001552668278799,2.0385939766919994,2.1780938496134996,2.203156321312,2.1910981961839995,2.2788691512158006,2.2546678067415002,2.2149969103640004,2.2493663774560004,2.257352006558999,2.317749346540799,2.3173179572336005,2.3370656567688015,2.4541595350455,2.3677791620904998,2.2987334074418992,2.0502404619695995,1.9608883652206002,2.0003414372271,2.062031046665301,2.0160473936824004,2.0295519727032,2.0810713036256008,2.1008856931083,2.1586044364151995,2.1504089159657993,2.103971789919,2.0688272392625,2.0411608095691998,2.0438987803779,2.0471996915544004,2.0513040804853997,2.0562324236831,2.0617032411989995,2.0674452964747996,2.073192465263401,2.0787605145333994,2.0841545635461007,2.0893746162177007,2.0944309014997993,2.0993336545951005,2.1039805167720003,2.108397091184999,2.1127676055471993,2.1172865280903004,2.1221381018279994,2.1273376793998,2.1327982610107994,2.1385403147999997,2.1445945534892994,2.1509814295597995,2.1577163147785003,2.1647685088319992,2.1720816958944,2.1796149404847998,2.1873170676819,2.1952443770200007,2.2034480449512004,2.211917830995,2.2206127979394,2.2295175865535994
,JAM,,pc_cov,pc_cov,KYOTOGHG,IPCM0EL,MtCO2eq/MtCO2eq,AR4,0.7921069540000001,0.79442197,0.781414637,0.785935064,0.79081796,0.802081851,0.812190835,0.82130781,0.81290672,0.8169071290000001,0.8213102240000001,0.824933673,0.8187014159999999,0.817487113,0.821723513,0.823580119,0.852151807,0.837046191,0.840707977,0.7962359509999999,0.787744268,0.798883012,0.7864998559999999,0.799554847,0.7814558340000001,0.7856087140000001,0.793819218,0.796023935,0.775232259,0.776248943,0.777458943,0.778940009,0.780684917,0.782580385,0.784524399,0.7864251459999999,0.788225174,0.7899313029999999,0.7915482309999999,0.7930833620000001,0.794543531,0.79590244,0.7971719970000001,0.798407732,0.799664431,0.8009904720000001,0.802385702,0.8038228940000001,0.80530405,0.806833309,0.808411662,0.810038445,0.8117019520000001,0.813385424,0.815076872,0.816763111,0.818454815,0.820160456,0.821875225,0.823588678,0.825296192
,JOR,,pop,pop,POP,DEMOGR,Pers,,3565890.0,3760496.0,3977672.0,4201555.0,4410359.0,4588843.0,4732854.0,4848541.0,4943975.0,5031762.0,5122493.0,5217336.0,5317506.0,5434030.0,5580244.0,5765635.0,5991540.0,6255280.0,6556478.0,6893260.0,7261539.0,7662846.0,8089962.0,8518983.0,8918828.0,9266575.0,9554286.0,9785843.0,10180194.9022,10431362.2731,10682625.9566,10934657.9452,11188827.5994,11445193.5882,11703812.2063,11964738.801,12226961.7885,12489199.4932,12751103.6891,13012326.7805,13272520.2671,13532319.9902,13792541.1372,14053102.8637,14313924.5699,14574926.2183,14835382.5337,15094992.8926,15354315.017,15613906.7595,15874325.9548,16136219.6849,16399835.4083,16665132.5731,16932072.4463,17200618.2724,17469883.0745,17738785.4938,18006995.8736,18274180.8305,18540003.4486
,JOR,,gdp,gdp,GDPPPP,ECO,2011GKD,,11549621093.75,10550248046.875,12170370117.1875,12799181640.625,14015916992.1875,14652948242.1875,14540093750.0,15669602539.0625,16494771484.375,17546416015.625,18381380859.375,19862474609.375,21691800781.25,22673298828.125,24919105468.75,28797847656.25,33178281250.0,38507546875.0,50015628906.25,59090132812.5,62380128906.25,69086179687.5,71621203125.0,73011953125.0,75134109375.0,80430351562.5,81866375000.0,84313468750.0,92698346522.6128,97494508963.5728,102655968446.0038,108340861830.6144,114598155723.2678,121317970940.259,128390762454.0431,135706572497.1086,143258198627.5735,151080659006.4677,159127814347.9158,167355053190.6378,175719334335.662,184237188301.3378,192969963015.4691,201943220579.4204,211182827479.5789,220715002218.598,230525280008.4323,240585246505.1068,250901813631.9575,261483669171.4615,272341329180.7494,283449281131.2788,294788425835.5087,306382343647.6212,318257345813.4728,330442529811.8235,342931774745.2433,355714016203.8323,368813486229.0764,382254967548.8811,396063790128.3636
"The target value from 'conditional_best' was used for 'conditional_worst' in 2030.
",JOR,ABS,conditional,worst,KYOTOGHG,IPCM0EL,MtCO2eq,AR4,12.5918,12.3512,14.9618,14.8564,16.3378,16.5919,17.3747,17.8214,18.1731,18.436,19.5603,20.3263,22.0028,22.6238,24.5472,26.8254,27.0694,28.5237,28.0389,28.4055,27.8038,28.7005,31.6281,31.7232,34.1421,28.1092,28.00800000000001,27.9263,29.986366666666665,32.04643333333333,34.1065,35.64511146175158,37.13067148755837,38.563180077420355,39.94263723133755,41.26904294930995,42.542397231337546,43.762700077420355,44.92995148755837,46.04415146175158,47.1053,49.378539938579856,51.65177987715971,53.92501981573956,56.198259754319416,58.471499692899265,60.74473963147912,63.01797957005897,65.29121950863882,67.56445944721865,69.83769938579853,72.45791666565283,75.14699106052983,77.90466207693004,80.73119020835293,83.62683594829797,86.58170054378583,89.58354080034212,92.63001227647177,95.71816271251427,98.84503984880911
,JOR,ABS,conditional,best,KYOTOGHG,IPCM0EL,MtCO2eq,AR4,12.5918,12.3512,14.9618,14.8564,16.3378,16.5919,17.3747,17.8214,18.1731,18.436,19.5603,20.3263,22.0028,22.6238,24.5472,26.8254,27.0694,28.5237,28.0389,28.4055,27.8038,28.7005,31.6281,31.7232,34.1421,28.1092,28.00800000000001,27.9263,29.986366666666665,32.04643333333333,34.1065,35.64511146175158,37.13067148755837,38.563180077420355,39.94263723133755,41.26904294930995,42.542397231337546,43.762700077420355,44.92995148755837,46.04415146175158,47.1053,49.378539938579856,51.65177987715971,53.92501981573956,56.198259754319416,58.471499692899265,60.74473963147912,63.01797957005897,65.29121950863882,67.56445944721865,69.83769938579853,72.45791666565283,75.14699106052983,77.90466207693004,80.73119020835293,83.62683594829797,86.58170054378583,89.58354080034212,92.63001227647177,95.71816271251427,98.84503984880911
"The target value from 'unconditional_best' was used for 'unconditional_worst' in 2030.
",JOR,ABS,unconditional,worst,KYOTOGHG,IPCM0EL,MtCO2eq,AR4,12.5918,12.3512,14.9618,14.8564,16.3378,16.5919,17.3747,17.8214,18.1731,18.436,19.5603,20.3263,22.0028,22.6238,24.5472,26.8254,27.0694,28.5237,28.0389,28.4055,27.8038,28.7005,31.6281,31.7232,34.1421,28.1092,28.00800000000001,27.9263,29.986366666666665,32.04643333333333,34.1065,36.06984404930571,38.027507198765704,39.97948944837998,41.92579079814855,43.8664112480714,45.80135079814855,47.73060944837998,49.6541871987657,51.5720840493057,53.4843,56.06538210428521,58.646464208570436,61.227546312855644,63.80862841714086,66.38971052142607,68.9707926257113,71.55187472999651,74.13295683428173,76.71403893856692,79.29512104285216,82.2701681619855,85.32339702705842,88.45451186854024,91.66380845596164,94.95158255885329,98.30659493504984,101.71494441660997,105.17396907775768,108.68031686381207,112.23063572009222
,JOR,ABS,unconditional,best,KYOTOGHG,IPCM0EL,MtCO2eq,AR4,12.5918,12.3512,14.9618,14.8564,16.3378,16.5919,17.3747,17.8214,18.1731,18.436,19.5603,20.3263,22.0028,22.6238,24.5472,26.8254,27.0694,28.5237,28.0389,28.4055,27.8038,28.7005,31.6281,31.7232,34.1421,28.1092,28.00800000000001,27.9263,29.986366666666665,32.04643333333333,34.1065,36.06984404930571,38.027507198765704,39.97948944837998,41.92579079814855,43.8664112480714,45.80135079814855,47.73060944837998,49.6541871987657,51.5720840493057,53.4843,56.06538210428521,58.646464208570436,61.227546312855644,63.80862841714086,66.38971052142607,68.9707926257113,71.55187472999651,74.13295683428173,76.71403893856692,79.29512104285216,82.2701681619855,85.32339702705842,88.45451186854024,91.66380845596164,94.95158255885329,98.30659493504984,101.71494441660997,105.17396907775768,108.68031686381207,112.23063572009222
"The target value from 'conditional_best' was used for 'conditional_worst' in 2030.
",JOR,ABU,conditional,worst,KYOTOGHG,IPCM0EL,MtCO2eq,AR4,12.5918,12.3512,14.9618,14.8564,16.3378,16.5919,17.3747,17.8214,18.1731,18.436,19.5603,20.3263,22.0028,22.6238,24.5472,26.8254,27.0694,28.5237,28.0389,28.4055,27.8038,28.7005,31.6281,31.7232,34.1421,28.1092,28.00800000000001,27.9263,29.986366666666665,32.04643333333333,34.1065,35.64511146175158,37.13067148755837,38.563180077420355,39.94263723133755,41.26904294930995,42.542397231337546,43.762700077420355,44.92995148755837,46.04415146175158,47.1053,49.378539938579856,51.65177987715971,53.92501981573956,56.198259754319416,58.471499692899265,60.74473963147912,63.01797957005897,65.29121950863882,67.56445944721865,69.83769938579853,72.45791666565283,75.14699106052983,77.90466207693004,80.73119020835293,83.62683594829797,86.58170054378583,89.58354080034212,92.63001227647177,95.71816271251427,98.84503984880911
,JOR,ABU,conditional,best,KYOTOGHG,IPCM0EL,MtCO2eq,AR4,12.5918,12.3512,14.9618,14.8564,16.3378,16.5919,17.3747,17.8214,18.1731,18.436,19.5603,20.3263,22.0028,22.6238,24.5472,26.8254,27.0694,28.5237,28.0389,28.4055,27.8038,28.7005,31.6281,31.7232,34.1421,28.1092,28.00800000000001,27.9263,29.986366666666665,32.04643333333333,34.1065,35.64511146175158,37.13067148755837,38.563180077420355,39.94263723133755,41.26904294930995,42.542397231337546,43.762700077420355,44.92995148755837,46.04415146175158,47.1053,49.378539938579856,51.65177987715971,53.92501981573956,56.198259754319416,58.471499692899265,60.74473963147912,63.01797957005897,65.29121950863882,67.56445944721865,69.83769938579853,72.45791666565283,75.14699106052983,77.90466207693004,80.73119020835293,83.62683594829797,86.58170054378583,89.58354080034212,92.63001227647177,95.71816271251427,98.84503984880911
"The target value from 'unconditional_best' was used for 'unconditional_worst' in 2030.
",JOR,ABU,unconditional,worst,KYOTOGHG,IPCM0EL,MtCO2eq,AR4,12.5918,12.3512,14.9618,14.8564,16.3378,16.5919,17.3747,17.8214,18.1731,18.436,19.5603,20.3263,22.0028,22.6238,24.5472,26.8254,27.0694,28.5237,28.0389,28.4055,27.8038,28.7005,31.6281,31.7232,34.1421,28.1092,28.00800000000001,27.9263,29.986366666666665,32.04643333333333,34.1065,36.06984404930571,38.027507198765704,39.97948944837998,41.92579079814855,43.8664112480714,45.80135079814855,47.73060944837998,49.6541871987657,51.5720840493057,53.4843,56.06538210428521,58.646464208570436,61.227546312855644,63.80862841714086,66.38971052142607,68.9707926257113,71.55187472999651,74.13295683428173,76.71403893856692,79.29512104285216,82.2701681619855,85.32339702705842,88.45451186854024,91.66380845596164,94.95158255885329,98.30659493504984,101.71494441660997,105.17396907775768,108.68031686381207,112.23063572009222
,JOR,ABU,unconditional,best,KYOTOGHG,IPCM0EL,MtCO2eq,AR4,12.5918,12.3512,14.9618,14.8564,16.3378,16.5919,17.3747,17.8214,18.1731,18.436,19.5603,20.3263,22.0028,22.6238,24.5472,26.8254,27.0694,28.5237,28.0389,28.4055,27.8038,28.7005,31.6281,31.7232,34.1421,28.1092,28.00800000000001,27.9263,29.986366666666665,32.04643333333333,34.1065,36.06984404930571,38.027507198765704,39.97948944837998,41.92579079814855,43.8664112480714,45.80135079814855,47.73060944837998,49.6541871987657,51.5720840493057,53.4843,56.06538210428521,58.646464208570436,61.227546312855644,63.80862841714086,66.38971052142607,68.9707926257113,71.55187472999651,74.13295683428173,76.71403893856692,79.29512104285216,82.2701681619855,85.32339702705842,88.45451186854024,91.66380845596164,94.95158255885329,98.30659493504984,101.71494441660997,105.17396907775768,108.68031686381207,112.23063572009222
"The target value from 'conditional_best' was used for 'conditional_worst' in 2030.
",JOR,RBU,conditional,worst,KYOTOGHG,IPCM0EL,MtCO2eq,AR4,12.5918,12.3512,14.9618,14.8564,16.3378,16.5919,17.3747,17.8214,18.1731,18.436,19.5603,20.3263,22.0028,22.6238,24.5472,26.8254,27.0694,28.5237,28.0389,28.4055,27.8038,28.7005,31.6281,31.7232,34.1421,28.1092,28.00800000000001,27.9263,29.986366666666665,32.04643333333333,34.1065,35.615090011988364,37.06728028792163,38.46307082779982,39.8024616316229,41.08545269939088,42.31204403110377,43.482235626761565,44.596027486364264,45.65341960991187,46.65441199740438,48.90589267290074,51.1573733483971,53.40885402389346,55.66033469938982,57.911815374886174,60.16329605038254,62.414776725878895,64.66625740137525,66.9177380768716,69.16921875236798,71.76435553096913,74.42769033003127,77.15896514947698,79.9584379893837,82.82636684982879,85.75294772787085,88.72605461987179,91.74336552513495,94.8019564427831,97.8989033719389
,JOR,RBU,conditional,best,KYOTOGHG,IPCM0EL,MtCO2eq,AR4,12.5918,12.3512,14.9618,14.8564,16.3378,16.5919,17.3747,17.8214,18.1731,18.436,19.5603,20.3263,22.0028,22.6238,24.5472,26.8254,27.0694,28.5237,28.0389,28.4055,27.8038,28.7005,31.6281,31.7232,34.1421,28.1092,28.00800000000001,27.9263,29.986366666666665,32.04643333333333,34.1065,35.615090011988364,37.06728028792163,38.46307082779982,39.8024616316229,41.08545269939088,42.31204403110377,43.482235626761565,44.596027486364264,45.65341960991187,46.65441199740438,48.90589267290074,51.1573733483971,53.40885402389346,55.66033469938982,57.911815374886174,60.16329605038254,62.414776725878895,64.66625740137525,66.9177380768716,69.16921875236798,71.76435553096913,74.42769033003127,77.15896514947698,79.9584379893837,82.82636684982879,85.75294772787085,88.72605461987179,91.74336552513495,94.8019564427831,97.8989033719389
"The target value from 'unconditional_best' was used for 'unconditional_worst' in 2030.
",JOR,RBU,unconditional,worst,KYOTOGHG,IPCM0EL,MtCO2eq,AR4,12.5918,12.3512,14.9618,14.8564,16.3378,16.5919,17.3747,17.8214,18.1731,18.436,19.5603,20.3263,22.0028,22.6238,24.5472,26.8254,27.0694,28.5237,28.0389,28.4055,27.8038,28.7005,31.6281,31.7232,34.1421,28.1092,28.00800000000001,27.9263,29.986366666666665,32.04643333333333,34.1065,36.0665989298559,38.02065503084875,39.96866830297856,41.91063874624531,43.84656636064902,45.77645114618969,47.70029310286731,49.61809223068189,51.52984852963342,53.4355619997219,56.01429207209651,58.59302214447112,61.17175221684573,63.75048228922034,66.32921236159494,68.90794243396957,71.48667250634418,74.06540257871877,76.64413265109337,79.222862723468,82.19519880688955,85.24564539250336,88.37390698030111,91.58027907029113,94.86505716248166,98.2170122565576,101.62225585212911,105.0781284491216,108.58128104744105,112.12836464699346
,JOR,RBU,unconditional,best,KYOTOGHG,IPCM0EL,MtCO2eq,AR4,12.5918,12.3512,14.9618,14.8564,16.3378,16.5919,17.3747,17.8214,18.1731,18.436,19.5603,20.3263,22.0028,22.6238,24.5472,26.8254,27.0694,28.5237,28.0389,28.4055,27.8038,28.7005,31.6281,31.7232,34.1421,28.1092,28.00800000000001,27.9263,29.986366666666665,32.04643333333333,34.1065,36.0665989298559,38.02065503084875,39.96866830297856,41.91063874624531,43.84656636064902,45.77645114618969,47.70029310286731,49.61809223068189,51.52984852963342,53.4355619997219,56.01429207209651,58.59302214447112,61.17175221684573,63.75048228922034,66.32921236159494,68.90794243396957,71.48667250634418,74.06540257871877,76.64413265109337,79.222862723468,82.19519880688955,85.24564539250336,88.37390698030111,91.58027907029113,94.86505716248166,98.2170122565576,101.62225585212911,105.0781284491216,108.58128104744105,112.12836464699346
"No targets calculated, so the baseline emissions are put in as target pathways for all un/conditional best/worst pathways.
",JOR,baseline_emissions,conditional,worst,KYOTOGHG,IPCM0EL,MtCO2eq,AR4,12.5918,12.3512,14.9618,14.8564,16.3378,16.5919,17.3747,17.8214,18.1731,18.436,19.5603,20.3263,22.0028,22.6238,24.5472,26.8254,27.0694,28.5237,28.0389,28.4055,27.8038,28.7005,31.6281,31.7232,34.1421,28.1092,28.00800000000001,27.9263,29.986366666666665,32.04643333333333,34.1065,36.12078,38.13506,40.14934,42.16362,44.1779,46.19218,48.20646,50.22074,52.23502,54.2493,56.8673,59.4853,62.1033,64.7213,67.3393,69.9573,72.5753,75.1933,77.81129999999997,80.4293,83.4469,86.5438,89.7197,92.9749,96.3097,99.7127,103.1698,106.6783,110.2348,113.8359
"No targets calculated, so the baseline emissions are put in as target pathways for all un/conditional best/worst pathways.
",JOR,baseline_emissions,conditional,best,KYOTOGHG,IPCM0EL,MtCO2eq,AR4,12.5918,12.3512,14.9618,14.8564,16.3378,16.5919,17.3747,17.8214,18.1731,18.436,19.5603,20.3263,22.0028,22.6238,24.5472,26.8254,27.0694,28.5237,28.0389,28.4055,27.8038,28.7005,31.6281,31.7232,34.1421,28.1092,28.00800000000001,27.9263,29.986366666666665,32.04643333333333,34.1065,36.12078,38.13506,40.14934,42.16362,44.1779,46.19218,48.20646,50.22074,52.23502,54.2493,56.8673,59.4853,62.1033,64.7213,67.3393,69.9573,72.5753,75.1933,77.81129999999997,80.4293,83.4469,86.5438,89.7197,92.9749,96.3097,99.7127,103.1698,106.6783,110.2348,113.8359
"No targets calculated, so the baseline emissions are put in as target pathways for all un/conditional best/worst pathways.
",JOR,baseline_emissions,unconditional,worst,KYOTOGHG,IPCM0EL,MtCO2eq,AR4,12.5918,12.3512,14.9618,14.8564,16.3378,16.5919,17.3747,17.8214,18.1731,18.436,19.5603,20.3263,22.0028,22.6238,24.5472,26.8254,27.0694,28.5237,28.0389,28.4055,27.8038,28.7005,31.6281,31.7232,34.1421,28.1092,28.00800000000001,27.9263,29.986366666666665,32.04643333333333,34.1065,36.12078,38.13506,40.14934,42.16362,44.1779,46.19218,48.20646,50.22074,52.23502,54.2493,56.8673,59.4853,62.1033,64.7213,67.3393,69.9573,72.5753,75.1933,77.81129999999997,80.4293,83.4469,86.5438,89.7197,92.9749,96.3097,99.7127,103.1698,106.6783,110.2348,113.8359
"No targets calculated, so the baseline emissions are put in as target pathways for all un/conditional best/worst pathways.
",JOR,baseline_emissions,unconditional,best,KYOTOGHG,IPCM0EL,MtCO2eq,AR4,12.5918,12.3512,14.9618,14.8564,16.3378,16.5919,17.3747,17.8214,18.1731,18.436,19.5603,20.3263,22.0028,22.6238,24.5472,26.8254,27.0694,28.5237,28.0389,28.4055,27.8038,28.7005,31.6281,31.7232,34.1421,28.1092,28.00800000000001,27.9263,29.986366666666665,32.04643333333333,34.1065,36.12078,38.13506,40.14934,42.16362,44.1779,46.19218,48.20646,50.22074,52.23502,54.2493,56.8673,59.4853,62.1033,64.7213,67.3393,69.9573,72.5753,75.1933,77.81129999999997,80.4293,83.4469,86.5438,89.7197,92.9749,96.3097,99.7127,103.1698,106.6783,110.2348,113.8359
,JOR,,emi_bau,emi_bau,KYOTOGHG,IPCM0EL,MtCO2eq,AR4,12.5918,12.3512,14.9618,14.8564,16.3378,16.5919,17.3747,17.8214,18.1731,18.436,19.5603,20.3263,22.0028,22.6238,24.5472,26.8254,27.0694,28.5237,28.0389,28.4055,27.8038,28.7005,31.6281,31.7232,34.1421,28.1092,28.00800000000001,27.9263,29.986366666666665,32.04643333333333,34.1065,36.12078,38.13506,40.14934,42.16362,44.1779,46.19218,48.20646,50.22074,52.23502,54.2493,56.8673,59.4853,62.1033,64.7213,67.3393,69.9573,72.5753,75.1933,77.81129999999997,80.4293,83.4469,86.5438,89.7197,92.9749,96.3097,99.7127,103.1698,106.6783,110.2348,113.8359
,JOR,,emi_cov,emi_cov,KYOTOGHG,IPCM0EL,MtCO2eq,AR4,12.5918,12.3512,14.9618,14.8564,16.3378,16.5919,17.3747,17.8214,18.1731,18.436,19.5603,20.3263,22.0028,22.6238,24.5472,26.8254,27.0694,28.5237,28.0389,28.4055,27.8038,28.7005,31.6281,31.7232,34.1421,28.1092,28.00800000000001,27.9263,29.986318868398197,32.04642352712474,34.1065,36.12078,38.13506,40.14932980206764,42.16351779538512,44.1778693847153,46.1920781462431,48.20638894367796,50.22074,52.2349194475865,54.2492000185401,56.8673,59.4853,62.1033,64.7211987111655,67.3393,69.9571987717869,72.5753,75.1933,77.81129999999997,80.4292000263801,83.4468000306138,86.5438,89.7197,92.9749,96.3097,99.7127,103.1698,106.6783,110.2348,113.8359
,JOR,,emi_ncov,emi_ncov,KYOTOGHG,IPCM0EL,MtCO2eq,AR4,0.0,0.0,0.0,0.0,0.0,0.0,0.0,0.0,0.0,0.0,0.0,0.0,0.0,0.0,0.0,0.0,0.0,0.0,0.0,0.0,0.0,0.0,0.0,0.0,0.0,0.0,0.0,0.0,4.779826846980559e-05,9.806208596617378e-06,0.0,0.0,0.0,1.0197932361318467e-05,0.00010220461488237723,3.061528469737348e-05,0.00010185375690151857,7.105632204273903e-05,0.0,0.0001005524134978171,9.998145989706295e-05,0.0,0.0,0.0,0.00010128883450237371,0.0,0.00010122821310302739,0.0,0.0,0.0,9.997361989425789e-05,9.99693861983351e-05,0.0,0.0,0.0,0.0,0.0,0.0,0.0,0.0,0.0
,JOR,,pc_cov,pc_cov,KYOTOGHG,IPCM0EL,MtCO2eq/MtCO2eq,AR4,1.0,1.0,1.0,1.0,1.0,1.0,1.0,1.0,1.0,1.0,1.0,1.0,1.0,1.0,1.0,1.0,1.0,1.0,1.0,1.0,1.0,1.0,1.0,1.0,1.0,1.0,1.0,1.0,0.9999984059999999,0.9999996940000001,1.0,1.0,1.0,0.999999746,0.9999975759999999,0.9999993070000001,0.999997795,0.9999985259999999,1.0,0.999998075,0.999998157,1.0,1.0,1.0,0.999998435,1.0,0.999998553,1.0,1.0,1.0,0.9999987570000001,0.999998802,1.0,1.0,1.0,1.0,1.0,1.0,1.0,1.0,1.0
,JPN,,pop,pop,POP,DEMOGR,Pers,,124505240.0,124929772.0,125331297.0,125707411.0,126053129.0,126365484.0,126644094.0,126892738.0,127117434.0,127326070.0,127524174.0,127713828.0,127893078.0,128058372.0,128204195.0,128326116.0,128422734.0,128494057.0,128538646.0,128555189.0,128542353.0,128498965.0,128423571.0,128314195.0,128168639.0,127985133.0,127763265.0,127502725.0,127254042.9335,126660897.6918,126005523.1021,125301805.4079,124560513.0331,123795047.0425,123018809.0574,122245230.1243,121459559.559,120643812.6806,119806666.9726,118956889.4245,118103344.8432,117222142.6098,116292765.2336,115329023.9872,114344464.416,113352359.856,112351000.5573,111334291.9217,110308648.3649,109280377.2396,108255678.1237,107231304.553,106198558.6876,105155454.9952,104100103.3526,103030709.6477,101954468.5681,100880278.1656,99808997.2271,98741514.5126,97678746.821
,JPN,,gdp,gdp,GDPPPP,ECO,2011GKD,,3262640750000.0,3464513250000.0,3583630500000.0,3679485750000.0,3766627500000.0,3953364750000.0,4154476250000.0,4171727500000.0,4091313750000.0,4081416000000.0,4202577500000.0,4242099000000.0,4251521500000.0,4322850500000.0,4413398000000.0,4543714500000.0,4590352500000.0,4667531500000.0,4606610500000.0,4427865500000.0,4598922000000.0,4574751500000.0,4676234500000.0,4770841000000.0,4823992500000.0,4936294000000.0,4999221000000.0,5061283000000.0,5033887430400.254,5063542322150.33,5092037602924.528,5123206984785.711,5157473839463.865,5192799219434.208,5227161674010.383,5258549976650.653,5289417150858.082,5320737083655.555,5348281296800.517,5367819621076.138,5375122361875.079,5374708464511.432,5373768129576.997,5372088857314.789,5369468877554.521,5365716305973.507,5356056303241.34,5337958162382.073,5314597453429.648,5289138660465.934,5264732608356.168,5241109878312.098,5216283000106.179,5190795314738.608,5165164975941.83,5139887053425.262,5113846042094.903,5085998331416.5,5056937390609.705,5027264745706.466,4997589506390.403
"The target value from 'unconditional_best' was used for 'conditional_worst' in 2030.
The target value from 'unconditional_best' was used for 'conditional_best' in 2030.
",JPN,ABS,conditional,worst,KYOTOGHG,IPCM0EL,MtCO2eq,AR4,1275.3941,1289.2746,1301.9766,1294.4157,1358.9081,1380.1960000000001,1392.7753,1384.98,1336.1281,1359.6613,1379.9243,1354.3141,1378.1433,1384.0464,1376.5449,1383.715,1362.068,1398.1567,1325.8239,1252.7535,1306.9891,1358.2195,1401.0597,1412.2362,1364.1815,1325.5093,1309.7259,1293.5371,1344.4879999999996,1349.1966,1354.2031,1327.656236280188,1301.550215989934,1275.4428422709332,1248.9372461257572,1221.6788906039665,1194.3678174439422,1167.297774448802,1139.6082865557808,1110.5338764814849,1079.4,1081.1376938625647,1082.9393132112589,1084.784867079553,1086.6557327039482,1088.5342754675814,1089.4717985899676,1088.9619909377993,1087.6545209176788,1086.203617612984,1085.2689069079424,1084.705587314947,1084.0067396104535,1083.2913214470116,1082.6740338455118,1082.2661573192652,1081.835781454262,1081.1582169080523,1080.3560698746046,1079.5564312133833,1078.8902683591114
,JPN,ABS,conditional,best,KYOTOGHG,IPCM0EL,MtCO2eq,AR4,1275.3941,1289.2746,1301.9766,1294.4157,1358.9081,1380.1960000000001,1392.7753,1384.98,1336.1281,1359.6613,1379.9243,1354.3141,1378.1433,1384.0464,1376.5449,1383.715,1362.068,1398.1567,1325.8239,1252.7535,1306.9891,1358.2195,1401.0597,1412.2362,1364.1815,1325.5093,1309.7259,1293.5371,1344.4879999999996,1349.1966,1354.2031,1327.656236280188,1301.550215989934,1275.4428422709332,1248.9372461257572,1221.6788906039665,1194.3678174439422,1167.297774448802,1139.6082865557808,1110.5338764814849,1079.4,1081.1376938625647,1082.9393132112589,1084.784867079553,1086.6557327039482,1088.5342754675814,1089.4717985899676,1088.9619909377993,1087.6545209176788,1086.203617612984,1085.2689069079424,1084.705587314947,1084.0067396104535,1083.2913214470116,1082.6740338455118,1082.2661573192652,1081.835781454262,1081.1582169080523,1080.3560698746046,1079.5564312133833,1078.8902683591114
"The target value from 'unconditional_best' was used for 'unconditional_worst' in 2030.
",JPN,ABS,unconditional,worst,KYOTOGHG,IPCM0EL,MtCO2eq,AR4,1275.3941,1289.2746,1301.9766,1294.4157,1358.9081,1380.1960000000001,1392.7753,1384.98,1336.1281,1359.6613,1379.9243,1354.3141,1378.1433,1384.0464,1376.5449,1383.715,1362.068,1398.1567,1325.8239,1252.7535,1306.9891,1358.2195,1401.0597,1412.2362,1364.1815,1325.5093,1309.7259,1293.5371,1344.4879999999996,1349.1966,1354.2031,1327.656236280188,1301.550215989934,1275.4428422709332,1248.9372461257572,1221.6788906039665,1194.3678174439422,1167.297774448802,1139.6082865557808,1110.5338764814849,1079.4,1081.1376938625647,1082.9393132112589,1084.784867079553,1086.6557327039482,1088.5342754675814,1089.4717985899676,1088.9619909377993,1087.6545209176788,1086.203617612984,1085.2689069079424,1084.705587314947,1084.0067396104535,1083.2913214470116,1082.6740338455118,1082.2661573192652,1081.835781454262,1081.1582169080523,1080.3560698746046,1079.5564312133833,1078.8902683591114
,JPN,ABS,unconditional,best,KYOTOGHG,IPCM0EL,MtCO2eq,AR4,1275.3941,1289.2746,1301.9766,1294.4157,1358.9081,1380.1960000000001,1392.7753,1384.98,1336.1281,1359.6613,1379.9243,1354.3141,1378.1433,1384.0464,1376.5449,1383.715,1362.068,1398.1567,1325.8239,1252.7535,1306.9891,1358.2195,1401.0597,1412.2362,1364.1815,1325.5093,1309.7259,1293.5371,1344.4879999999996,1349.1966,1354.2031,1327.656236280188,1301.550215989934,1275.4428422709332,1248.9372461257572,1221.6788906039665,1194.3678174439422,1167.297774448802,1139.6082865557808,1110.5338764814849,1079.4,1081.1376938625647,1082.9393132112589,1084.784867079553,1086.6557327039482,1088.5342754675814,1089.4717985899676,1088.9619909377993,1087.6545209176788,1086.203617612984,1085.2689069079424,1084.705587314947,1084.0067396104535,1083.2913214470116,1082.6740338455118,1082.2661573192652,1081.835781454262,1081.1582169080523,1080.3560698746046,1079.5564312133833,1078.8902683591114
"The target value from 'unconditional_best' was used for 'conditional_worst' in 2030.
The target value from 'unconditional_best' was used for 'conditional_best' in 2030.
",JPN,RBY,conditional,worst,KYOTOGHG,IPCM0EL,MtCO2eq,AR4,1275.3941,1289.2746,1301.9766,1294.4157,1358.9081,1380.1960000000001,1392.7753,1384.98,1336.1281,1359.6613,1379.9243,1354.3141,1378.1433,1384.0464,1376.5449,1383.715,1362.068,1398.1567,1325.8239,1252.7535,1306.9891,1358.2195,1401.0597,1412.2362,1364.1815,1325.5093,1309.7259,1293.5371,1344.4879999999996,1349.1966,1354.2031,1324.2015620934508,1294.6060518682837,1264.9716837237374,1234.9030741119566,1204.051303819646,1173.1080976929622,1142.35806150591,1110.9558197690476,1078.1612214919853,1043.3354379999998,1045.0150725999708,1046.7564968285046,1048.5403876507476,1050.3487445209232,1052.1645220242556,1053.0707209287673,1052.577946804188,1051.3141615474583,1049.911735352443,1049.0082548977016,1048.4637567558711,1047.7882587237577,1047.0967438794853,1046.5000808907112,1046.1058322024016,1045.6898359159297,1045.0349099361326,1044.2595639786723,1043.4866425845212,1042.842737347036
,JPN,RBY,conditional,best,KYOTOGHG,IPCM0EL,MtCO2eq,AR4,1275.3941,1289.2746,1301.9766,1294.4157,1358.9081,1380.1960000000001,1392.7753,1384.98,1336.1281,1359.6613,1379.9243,1354.3141,1378.1433,1384.0464,1376.5449,1383.715,1362.068,1398.1567,1325.8239,1252.7535,1306.9891,1358.2195,1401.0597,1412.2362,1364.1815,1325.5093,1309.7259,1293.5371,1344.4879999999996,1349.1966,1354.2031,1324.2015620934508,1294.6060518682837,1264.9716837237374,1234.9030741119566,1204.051303819646,1173.1080976929622,1142.35806150591,1110.9558197690476,1078.1612214919853,1043.3354379999998,1045.0150725999708,1046.7564968285046,1048.5403876507476,1050.3487445209232,1052.1645220242556,1053.0707209287673,1052.577946804188,1051.3141615474583,1049.911735352443,1049.0082548977016,1048.4637567558711,1047.7882587237577,1047.0967438794853,1046.5000808907112,1046.1058322024016,1045.6898359159297,1045.0349099361326,1044.2595639786723,1043.4866425845212,1042.842737347036
"The target value from 'unconditional_best' was used for 'unconditional_worst' in 2030.
",JPN,RBY,unconditional,worst,KYOTOGHG,IPCM0EL,MtCO2eq,AR4,1275.3941,1289.2746,1301.9766,1294.4157,1358.9081,1380.1960000000001,1392.7753,1384.98,1336.1281,1359.6613,1379.9243,1354.3141,1378.1433,1384.0464,1376.5449,1383.715,1362.068,1398.1567,1325.8239,1252.7535,1306.9891,1358.2195,1401.0597,1412.2362,1364.1815,1325.5093,1309.7259,1293.5371,1344.4879999999996,1349.1966,1354.2031,1324.2015620934508,1294.6060518682837,1264.9716837237374,1234.9030741119566,1204.051303819646,1173.1080976929622,1142.35806150591,1110.9558197690476,1078.1612214919853,1043.3354379999998,1045.0150725999708,1046.7564968285046,1048.5403876507476,1050.3487445209232,1052.1645220242556,1053.0707209287673,1052.577946804188,1051.3141615474583,1049.911735352443,1049.0082548977016,1048.4637567558711,1047.7882587237577,1047.0967438794853,1046.5000808907112,1046.1058322024016,1045.6898359159297,1045.0349099361326,1044.2595639786723,1043.4866425845212,1042.842737347036
,JPN,RBY,unconditional,best,KYOTOGHG,IPCM0EL,MtCO2eq,AR4,1275.3941,1289.2746,1301.9766,1294.4157,1358.9081,1380.1960000000001,1392.7753,1384.98,1336.1281,1359.6613,1379.9243,1354.3141,1378.1433,1384.0464,1376.5449,1383.715,1362.068,1398.1567,1325.8239,1252.7535,1306.9891,1358.2195,1401.0597,1412.2362,1364.1815,1325.5093,1309.7259,1293.5371,1344.4879999999996,1349.1966,1354.2031,1324.2015620934508,1294.6060518682837,1264.9716837237374,1234.9030741119566,1204.051303819646,1173.1080976929622,1142.35806150591,1110.9558197690476,1078.1612214919853,1043.3354379999998,1045.0150725999708,1046.7564968285046,1048.5403876507476,1050.3487445209232,1052.1645220242556,1053.0707209287673,1052.577946804188,1051.3141615474583,1049.911735352443,1049.0082548977016,1048.4637567558711,1047.7882587237577,1047.0967438794853,1046.5000808907112,1046.1058322024016,1045.6898359159297,1045.0349099361326,1044.2595639786723,1043.4866425845212,1042.842737347036
"No targets calculated, so the baseline emissions are put in as target pathways for all un/conditional best/worst pathways.
",JPN,baseline_emissions,conditional,worst,KYOTOGHG,IPCM0EL,MtCO2eq,AR4,1275.3941,1289.2746,1301.9766,1294.4157,1358.9081,1380.1960000000001,1392.7753,1384.98,1336.1281,1359.6613,1379.9243,1354.3141,1378.1433,1384.0464,1376.5449,1383.715,1362.068,1398.1567,1325.8239,1252.7535,1306.9891,1358.2195,1401.0597,1412.2362,1364.1815,1325.5093,1309.7259,1293.5371,1344.4879999999996,1349.1966,1354.2031,1360.2878,1367.1422,1374.3495,1381.4988,1388.1825,1395.1792,1402.869,1410.2488,1416.3139,1420.0524,1422.3385,1424.7087,1427.1367,1429.598,1432.0694,1433.3028,1432.6321,1430.912,1429.0032,1427.7735,1427.0324,1426.1129999999994,1425.1718,1424.3597,1423.8231,1423.2569,1422.3655,1421.3102,1420.2582,1419.3818
"No targets calculated, so the baseline emissions are put in as target pathways for all un/conditional best/worst pathways.
",JPN,baseline_emissions,conditional,best,KYOTOGHG,IPCM0EL,MtCO2eq,AR4,1275.3941,1289.2746,1301.9766,1294.4157,1358.9081,1380.1960000000001,1392.7753,1384.98,1336.1281,1359.6613,1379.9243,1354.3141,1378.1433,1384.0464,1376.5449,1383.715,1362.068,1398.1567,1325.8239,1252.7535,1306.9891,1358.2195,1401.0597,1412.2362,1364.1815,1325.5093,1309.7259,1293.5371,1344.4879999999996,1349.1966,1354.2031,1360.2878,1367.1422,1374.3495,1381.4988,1388.1825,1395.1792,1402.869,1410.2488,1416.3139,1420.0524,1422.3385,1424.7087,1427.1367,1429.598,1432.0694,1433.3028,1432.6321,1430.912,1429.0032,1427.7735,1427.0324,1426.1129999999994,1425.1718,1424.3597,1423.8231,1423.2569,1422.3655,1421.3102,1420.2582,1419.3818
"No targets calculated, so the baseline emissions are put in as target pathways for all un/conditional best/worst pathways.
",JPN,baseline_emissions,unconditional,worst,KYOTOGHG,IPCM0EL,MtCO2eq,AR4,1275.3941,1289.2746,1301.9766,1294.4157,1358.9081,1380.1960000000001,1392.7753,1384.98,1336.1281,1359.6613,1379.9243,1354.3141,1378.1433,1384.0464,1376.5449,1383.715,1362.068,1398.1567,1325.8239,1252.7535,1306.9891,1358.2195,1401.0597,1412.2362,1364.1815,1325.5093,1309.7259,1293.5371,1344.4879999999996,1349.1966,1354.2031,1360.2878,1367.1422,1374.3495,1381.4988,1388.1825,1395.1792,1402.869,1410.2488,1416.3139,1420.0524,1422.3385,1424.7087,1427.1367,1429.598,1432.0694,1433.3028,1432.6321,1430.912,1429.0032,1427.7735,1427.0324,1426.1129999999994,1425.1718,1424.3597,1423.8231,1423.2569,1422.3655,1421.3102,1420.2582,1419.3818
"No targets calculated, so the baseline emissions are put in as target pathways for all un/conditional best/worst pathways.
",JPN,baseline_emissions,unconditional,best,KYOTOGHG,IPCM0EL,MtCO2eq,AR4,1275.3941,1289.2746,1301.9766,1294.4157,1358.9081,1380.1960000000001,1392.7753,1384.98,1336.1281,1359.6613,1379.9243,1354.3141,1378.1433,1384.0464,1376.5449,1383.715,1362.068,1398.1567,1325.8239,1252.7535,1306.9891,1358.2195,1401.0597,1412.2362,1364.1815,1325.5093,1309.7259,1293.5371,1344.4879999999996,1349.1966,1354.2031,1360.2878,1367.1422,1374.3495,1381.4988,1388.1825,1395.1792,1402.869,1410.2488,1416.3139,1420.0524,1422.3385,1424.7087,1427.1367,1429.598,1432.0694,1433.3028,1432.6321,1430.912,1429.0032,1427.7735,1427.0324,1426.1129999999994,1425.1718,1424.3597,1423.8231,1423.2569,1422.3655,1421.3102,1420.2582,1419.3818
,JPN,,emi_bau,emi_bau,KYOTOGHG,IPCM0EL,MtCO2eq,AR4,1275.3941,1289.2746,1301.9766,1294.4157,1358.9081,1380.1960000000001,1392.7753,1384.98,1336.1281,1359.6613,1379.9243,1354.3141,1378.1433,1384.0464,1376.5449,1383.715,1362.068,1398.1567,1325.8239,1252.7535,1306.9891,1358.2195,1401.0597,1412.2362,1364.1815,1325.5093,1309.7259,1293.5371,1344.4879999999996,1349.1966,1354.2031,1360.2878,1367.1422,1374.3495,1381.4988,1388.1825,1395.1792,1402.869,1410.2488,1416.3139,1420.0524,1422.3385,1424.7087,1427.1367,1429.598,1432.0694,1433.3028,1432.6321,1430.912,1429.0032,1427.7735,1427.0324,1426.1129999999994,1425.1718,1424.3597,1423.8231,1423.2569,1422.3655,1421.3102,1420.2582,1419.3818
,JPN,,emi_cov,emi_cov,KYOTOGHG,IPCM0EL,MtCO2eq,AR4,1275.3941,1289.2746,1301.9766,1294.4157,1358.9081,1380.1960000000001,1392.7753,1384.98,1336.1281,1359.6613,1379.9243,1354.3141,1378.1433,1384.0464,1376.5449,1383.715,1362.068,1398.1567,1325.8239,1252.7535,1306.9891,1358.2195,1401.0597,1412.2362,1364.1815,1325.5093,1309.7259,1293.5371,1344.4879999999996,1349.1966,1354.2031,1360.2878,1367.1422,1374.3495,1381.4988,1388.1825,1395.1792,1402.869,1410.2488,1416.3139,1420.0524,1422.3385,1424.7087,1427.1367,1429.598,1432.0694,1433.3028,1432.6321,1430.912,1429.0032,1427.7735,1427.0324,1426.1129999999994,1425.1718,1424.3597,1423.8231,1423.2569,1422.3655,1421.3102,1420.2582,1419.3818
,JPN,,emi_ncov,emi_ncov,KYOTOGHG,IPCM0EL,MtCO2eq,AR4,0.0,0.0,0.0,0.0,0.0,0.0,0.0,0.0,0.0,0.0,0.0,0.0,0.0,0.0,0.0,0.0,0.0,0.0,0.0,0.0,0.0,0.0,0.0,0.0,0.0,0.0,0.0,0.0,0.0,0.0,0.0,0.0,0.0,0.0,0.0,0.0,0.0,0.0,0.0,0.0,0.0,0.0,0.0,0.0,0.0,0.0,0.0,0.0,0.0,0.0,0.0,0.0,0.0,0.0,0.0,0.0,0.0,0.0,0.0,0.0,0.0
,JPN,,pc_cov,pc_cov,KYOTOGHG,IPCM0EL,MtCO2eq/MtCO2eq,AR4,1.0,1.0,1.0,1.0,1.0,1.0,1.0,1.0,1.0,1.0,1.0,1.0,1.0,1.0,1.0,1.0,1.0,1.0,1.0,1.0,1.0,1.0,1.0,1.0,1.0,1.0,1.0,1.0,1.0,1.0,1.0,1.0,1.0,1.0,1.0,1.0,1.0,1.0,1.0,1.0,1.0,1.0,1.0,1.0,1.0,1.0,1.0,1.0,1.0,1.0,1.0,1.0,1.0,1.0,1.0,1.0,1.0,1.0,1.0,1.0,1.0
,KAZ,,pop,pop,POP,DEMOGR,Pers,,16383887.0,16373300.0,16302806.0,16181155.0,16022222.0,15839363.0,15631927.0,15406003.0,15190157.0,15020571.0,14922719.0,14910205.0,14976188.0,15100041.0,15250015.0,15402807.0,15551268.0,15702104.0,15862123.0,16043007.0,16252279.0,16490670.0,16751525.0,17026117.0,17302615.0,17572016.0,17830901.0,18080019.0,18216602.0002,18389840.5654,18553800.6713,18711210.2052,18866494.5264,19019233.1145,19168988.1929,19315304.9552,19458037.7986,19597946.8174,19735914.6819,19872813.2849,20009504.305,20145675.6987,20280482.9134,20413955.3056,20546087.7197,20676841.177,20808013.7704,20940547.1124,21073088.8554,21204281.8008,21332764.7783,21461324.9214,21592509.6049,21724583.2843,21855793.4252,21984370.7812,22111060.8952,22236600.8199,22359184.4095,22476990.256,22588183.7369
,KAZ,,gdp,gdp,GDPPPP,ECO,2011GKD,,178016750000.0,175824328125.0,185975703125.0,132317125000.0,105388007812.5,91261468750.0,89895984375.0,84792015625.0,77837976562.5,77972703125.0,90126156250.0,97096781250.0,104266320312.5,117657132812.5,133966359375.0,157745312500.0,191221171875.0,218857078125.0,254255718750.0,243035640625.0,293270187500.0,366603937500.0,371928593750.0,400693343750.0,414176468750.0,385276156250.0,386885343750.0,408010937500.0,464903190165.5627,491559005443.7264,519407698774.9393,549827629062.8527,583187953205.9817,618111713136.8182,653232609168.5055,687189191625.4828,719569471373.6993,751062165712.7308,781957478943.2794,812545899271.4496,843116964747.0243,874419236564.93,906579283435.0234,938948818610.9432,970873813805.9424,1001693710456.851,1031503289249.391,1060300733852.032,1087285285891.408,1111670241641.9658,1132682213866.671,1151917693921.6191,1170500588463.858,1186975945391.279,1199910351752.28,1207874403563.259,1212891300967.5,1217776879275.484,1222275572594.137,1226130641235.738,1229083681118.729
"The target value from 'conditional_best' was used for 'conditional_worst' in 2030.
",KAZ,RBY,conditional,worst,KYOTOGHG,IPCM0EL,MtCO2eq,AR4,388.5074,375.3655,346.8735,307.4343,257.5966,238.2279,219.41400000000002,209.8278,206.7426,178.6446,214.0235,174.5649,193.8995,216.6688,225.6795,239.676,266.3531,275.7695,279.4963,274.047,305.8739,297.4755,304.068,311.5549,327.3759,333.134,337.8544,355.089,365.0176,378.3619,392.5238,388.5537171177539,384.482395403301,379.2674755282831,372.1112404206597,362.4328379690824,350.27731779117676,336.1881275823777,320.4289833338023,303.2017609665565,284.651875,292.2752270519411,300.12693240719244,308.01269180790223,315.7410998149531,323.1225596259358,330.22125200634315,337.06647687085626,343.4222846419884,349.0593918604078,353.75363092490164,358.0460942633858,362.30512366042586,366.06093864976407,368.8553857154132,370.2342903421451,370.7858211876371,371.3370936564565,371.7910614703465,372.0522286110864,372.02639094381885
,KAZ,RBY,conditional,best,KYOTOGHG,IPCM0EL,MtCO2eq,AR4,388.5074,375.3655,346.8735,307.4343,257.5966,238.2279,219.41400000000002,209.8278,206.7426,178.6446,214.0235,174.5649,193.8995,216.6688,225.6795,239.676,266.3531,275.7695,279.4963,274.047,305.8739,297.4755,304.068,311.5549,327.3759,333.134,337.8544,355.089,365.0176,378.3619,392.5238,388.5537171177539,384.482395403301,379.2674755282831,372.1112404206597,362.4328379690824,350.27731779117676,336.1881275823777,320.4289833338023,303.2017609665565,284.651875,292.2752270519411,300.12693240719244,308.01269180790223,315.7410998149531,323.1225596259358,330.22125200634315,337.06647687085626,343.4222846419884,349.0593918604078,353.75363092490164,358.0460942633858,362.30512366042586,366.06093864976407,368.8553857154132,370.2342903421451,370.7858211876371,371.3370936564565,371.7910614703465,372.0522286110864,372.02639094381885
"The target value from 'unconditional_best' was used for 'unconditional_worst' in 2030.
",KAZ,RBY,unconditional,worst,KYOTOGHG,IPCM0EL,MtCO2eq,AR4,388.5074,375.3655,346.8735,307.4343,257.5966,238.2279,219.41400000000002,209.8278,206.7426,178.6446,214.0235,174.5649,193.8995,216.6688,225.6795,239.676,266.3531,275.7695,279.4963,274.047,305.8739,297.4755,304.068,311.5549,327.3759,333.134,337.8544,355.089,365.0176,378.3619,392.5238,391.4333080538685,390.4860904939293,388.6529466121117,385.12457351574693,379.2859893408833,371.1530467600837,361.2705730186186,349.90336179275283,337.2609548150251,323.502615,332.1664410291402,341.0897871853294,350.05183525682185,358.8350558137491,367.22397491491546,375.29153304409465,383.0710291177917,390.2943099565305,396.70079832480155,402.03573108362815,406.91405171577316,411.75437517158855,416.0228029502818,419.1986504068164,420.76575497123696,421.3925615600565,422.019074507637,422.5350021646013,422.8318147290062,422.80245060510384
,KAZ,RBY,unconditional,best,KYOTOGHG,IPCM0EL,MtCO2eq,AR4,388.5074,375.3655,346.8735,307.4343,257.5966,238.2279,219.41400000000002,209.8278,206.7426,178.6446,214.0235,174.5649,193.8995,216.6688,225.6795,239.676,266.3531,275.7695,279.4963,274.047,305.8739,297.4755,304.068,311.5549,327.3759,333.134,337.8544,355.089,365.0176,378.3619,392.5238,391.4333080538685,390.4860904939293,388.6529466121117,385.12457351574693,379.2859893408833,371.1530467600837,361.2705730186186,349.90336179275283,337.2609548150251,323.502615,332.1664410291402,341.0897871853294,350.05183525682185,358.8350558137491,367.22397491491546,375.29153304409465,383.0710291177917,390.2943099565305,396.70079832480155,402.03573108362815,406.91405171577316,411.75437517158855,416.0228029502818,419.1986504068164,420.76575497123696,421.3925615600565,422.019074507637,422.5350021646013,422.8318147290062,422.80245060510384
"No targets calculated, so the baseline emissions are put in as target pathways for all un/conditional best/worst pathways.
",KAZ,baseline_emissions,conditional,worst,KYOTOGHG,IPCM0EL,MtCO2eq,AR4,388.5074,375.3655,346.8735,307.4343,257.5966,238.2279,219.41400000000002,209.8278,206.7426,178.6446,214.0235,174.5649,193.8995,216.6688,225.6795,239.676,266.3531,275.7695,279.4963,274.047,305.8739,297.4755,304.068,311.5549,327.3759,333.134,337.8544,355.089,365.0176,378.3619,392.5238,408.2839,425.6181,443.5742,461.2751,477.9061,493.3122,508.0463,522.3795,536.5662,550.8467,565.5991,580.7934,596.0536,611.0093,625.2936,639.0307,652.2773,664.5768,675.4855,684.5696,692.8762,701.1181,708.3862,713.7939,716.4623,717.5296,718.5964,719.4749,719.9803,719.9303
"No targets calculated, so the baseline emissions are put in as target pathways for all un/conditional best/worst pathways.
",KAZ,baseline_emissions,conditional,best,KYOTOGHG,IPCM0EL,MtCO2eq,AR4,388.5074,375.3655,346.8735,307.4343,257.5966,238.2279,219.41400000000002,209.8278,206.7426,178.6446,214.0235,174.5649,193.8995,216.6688,225.6795,239.676,266.3531,275.7695,279.4963,274.047,305.8739,297.4755,304.068,311.5549,327.3759,333.134,337.8544,355.089,365.0176,378.3619,392.5238,408.2839,425.6181,443.5742,461.2751,477.9061,493.3122,508.0463,522.3795,536.5662,550.8467,565.5991,580.7934,596.0536,611.0093,625.2936,639.0307,652.2773,664.5768,675.4855,684.5696,692.8762,701.1181,708.3862,713.7939,716.4623,717.5296,718.5964,719.4749,719.9803,719.9303
"No targets calculated, so the baseline emissions are put in as target pathways for all un/conditional best/worst pathways.
",KAZ,baseline_emissions,unconditional,worst,KYOTOGHG,IPCM0EL,MtCO2eq,AR4,388.5074,375.3655,346.8735,307.4343,257.5966,238.2279,219.41400000000002,209.8278,206.7426,178.6446,214.0235,174.5649,193.8995,216.6688,225.6795,239.676,266.3531,275.7695,279.4963,274.047,305.8739,297.4755,304.068,311.5549,327.3759,333.134,337.8544,355.089,365.0176,378.3619,392.5238,408.2839,425.6181,443.5742,461.2751,477.9061,493.3122,508.0463,522.3795,536.5662,550.8467,565.5991,580.7934,596.0536,611.0093,625.2936,639.0307,652.2773,664.5768,675.4855,684.5696,692.8762,701.1181,708.3862,713.7939,716.4623,717.5296,718.5964,719.4749,719.9803,719.9303
"No targets calculated, so the baseline emissions are put in as target pathways for all un/conditional best/worst pathways.
",KAZ,baseline_emissions,unconditional,best,KYOTOGHG,IPCM0EL,MtCO2eq,AR4,388.5074,375.3655,346.8735,307.4343,257.5966,238.2279,219.41400000000002,209.8278,206.7426,178.6446,214.0235,174.5649,193.8995,216.6688,225.6795,239.676,266.3531,275.7695,279.4963,274.047,305.8739,297.4755,304.068,311.5549,327.3759,333.134,337.8544,355.089,365.0176,378.3619,392.5238,408.2839,425.6181,443.5742,461.2751,477.9061,493.3122,508.0463,522.3795,536.5662,550.8467,565.5991,580.7934,596.0536,611.0093,625.2936,639.0307,652.2773,664.5768,675.4855,684.5696,692.8762,701.1181,708.3862,713.7939,716.4623,717.5296,718.5964,719.4749,719.9803,719.9303
,KAZ,,emi_bau,emi_bau,KYOTOGHG,IPCM0EL,MtCO2eq,AR4,388.5074,375.3655,346.8735,307.4343,257.5966,238.2279,219.41400000000002,209.8278,206.7426,178.6446,214.0235,174.5649,193.8995,216.6688,225.6795,239.676,266.3531,275.7695,279.4963,274.047,305.8739,297.4755,304.068,311.5549,327.3759,333.134,337.8544,355.089,365.0176,378.3619,392.5238,408.2839,425.6181,443.5742,461.2751,477.9061,493.3122,508.0463,522.3795,536.5662,550.8467,565.5991,580.7934,596.0536,611.0093,625.2936,639.0307,652.2773,664.5768,675.4855,684.5696,692.8762,701.1181,708.3862,713.7939,716.4623,717.5296,718.5964,719.4749,719.9803,719.9303
,KAZ,,emi_cov,emi_cov,KYOTOGHG,IPCM0EL,MtCO2eq,AR4,388.5074,375.3655,346.8735,307.4343,257.5966,238.2279,219.41400000000002,209.8278,206.7426,178.6446,214.0235,174.5649,193.8995,216.6688,225.6795,239.676,266.3531,275.7695,279.4963,274.047,305.8739,297.4755,304.068,311.5549,327.3759,333.134,337.8544,355.089,365.0176,378.3619,392.5238,408.28379997044453,425.6181,443.5742,461.2751,477.9061,493.3122,508.0463,522.3795,536.5662,550.8467,565.5991,580.7934,596.0536,611.0093,625.2936,639.0306003112108,652.2773,664.5768,675.4855,684.5696,692.8762,701.1179001813415,708.3862,713.793800068854,716.4623,717.5296,718.5964,719.4749,719.9803,719.9303
,KAZ,,emi_ncov,emi_ncov,KYOTOGHG,IPCM0EL,MtCO2eq,AR4,0.0,0.0,0.0,0.0,0.0,0.0,0.0,0.0,0.0,0.0,0.0,0.0,0.0,0.0,0.0,0.0,0.0,0.0,0.0,0.0,0.0,0.0,0.0,0.0,0.0,0.0,0.0,0.0,0.0,0.0,0.0,0.00010002955548134533,0.0,0.0,0.0,0.0,0.0,0.0,0.0,0.0,0.0,0.0,0.0,0.0,0.0,0.0,9.968878914752823e-05,0.0,0.0,0.0,0.0,0.0,0.00019981865853104384,0.0,9.99311460266477e-05,0.0,0.0,0.0,0.0,0.0,0.0
,KAZ,,pc_cov,pc_cov,KYOTOGHG,IPCM0EL,MtCO2eq/MtCO2eq,AR4,1.0,1.0,1.0,1.0,1.0,1.0,1.0,1.0,1.0,1.0,1.0,1.0,1.0,1.0,1.0,1.0,1.0,1.0,1.0,1.0,1.0,1.0,1.0,1.0,1.0,1.0,1.0,1.0,1.0,1.0,1.0,0.999999755,1.0,1.0,1.0,1.0,1.0,1.0,1.0,1.0,1.0,1.0,1.0,1.0,1.0,1.0,0.9999998440000001,1.0,1.0,1.0,1.0,1.0,0.999999715,1.0,0.99999986,1.0,1.0,1.0,1.0,1.0,1.0
,KEN,,pop,pop,POP,DEMOGR,Pers,,23724579.0,24521703.0,25326078.0,26136216.0,26950513.0,27768296.0,28589451.0,29415659.0,30250488.0,31098757.0,31964557.0,32848564.0,33751739.0,34678779.0,35635271.0,36624895.0,37649033.0,38705932.0,39791981.0,40901792.0,42030676.0,43178274.0,44343467.0,45519981.0,46700055.0,47878336.0,49051534.0,50221142.0,51466748.3312,52771286.1517,54086823.3303,55417533.6834,56769170.5787,58141382.9006,59533802.8944,60946050.6676,62373380.1491,63810060.7272,65254253.7694,66704149.73100001,68157964.0161,69618835.8093,71091033.1146,72574475.7524,74069076.2501,75574740.7299,77091799.4128,78618620.5092,80152162.7745,81689385.4207,83227248.5011,84771451.2278,86327291.1775,87891121.4306,89459288.9167,91028135.6508,92594549.505,94154999.3502,95705203.2701,97240887.622,98757784.4089
,KEN,,gdp,gdp,GDPPPP,ECO,2011GKD,,47309421875.0,49274433593.75,48562917968.75,51130917968.75,58465578125.0,56283820312.5,59429085937.5,59468070312.5,60068937500.0,60722574218.75,59301500000.0,59829429687.5,60082617187.5,60683218750.0,62044167968.75,66576531250.0,73161562500.0,78975726562.5,82432015625.0,89290054687.5,97935343750.0,105262382812.5,112287406250.0,118175546875.0,122713593750.0,131909359375.0,141476656250.0,146969968750.0,154357598968.5961,162577330715.7702,171146415104.6031,180182223936.781,189710380141.856,199661318772.8871,209964801721.3911,220549792647.2657,231338696442.674,242287066161.2786,253374055403.1814,264580028581.1414,275886371573.263,287228134809.3738,298655719845.6805,310323939983.0765,322387347961.2366,335000513635.5662,348121853956.084,361641262082.5479,375611761678.981,390087938866.3768,405126306942.6355,420677703135.3129,436708426390.8824,453302259989.3383,470546487446.9201,488532466011.8578,507301478670.3961,526842203140.9016,547171408171.7889,568307020566.8394,590268135493.8468
"The target value from 'conditional_best' was used for 'conditional_worst' in 2030.
",KEN,ABS,conditional,worst,KYOTOGHG,IPCM0EL,MtCO2eq,AR4,41.9392,40.1436,40.9197,41.6605,42.3269,43.2187,43.2727,41.9678,46.7427,45.8393,43.2332,43.3851,43.9911,46.2603,48.202,50.1325,48.7302,65.2626,62.729,62.4456,62.2187,65.0656,68.8616,65.3515,67.7268,68.7191,72.1173,71.515,74.14364615384616,76.77229230769231,79.40093846153846,78.41878777035605,77.20522039497352,75.76023633539083,74.08383559160798,72.17601816362497,70.03678405144183,67.66613325505853,65.06406577447504,62.23058160969144,59.16568076070766,60.94354991975459,62.71968364382668,64.52503985360387,66.38990468848552,68.3440604519105,70.38213289363422,72.48587195553435,74.66501846617923,76.92936923591064,79.28894500216381,81.74150649400353,84.28380676857365,86.92457898252167,89.67266825604187,92.537143636422,95.51615772514053,98.5998017483089,101.78466081775089,105.06687219110314,108.4424051806822
,KEN,ABS,conditional,best,KYOTOGHG,IPCM0EL,MtCO2eq,AR4,41.9392,40.1436,40.9197,41.6605,42.3269,43.2187,43.2727,41.9678,46.7427,45.8393,43.2332,43.3851,43.9911,46.2603,48.202,50.1325,48.7302,65.2626,62.729,62.4456,62.2187,65.0656,68.8616,65.3515,67.7268,68.7191,72.1173,71.515,74.14364615384616,76.77229230769231,79.40093846153846,78.41878777035605,77.20522039497352,75.76023633539083,74.08383559160798,72.17601816362497,70.03678405144183,67.66613325505853,65.06406577447504,62.23058160969144,59.16568076070766,60.94354991975459,62.71968364382668,64.52503985360387,66.38990468848552,68.3440604519105,70.38213289363422,72.48587195553435,74.66501846617923,76.92936923591064,79.28894500216381,81.74150649400353,84.28380676857365,86.92457898252167,89.67266825604187,92.537143636422,95.51615772514053,98.5998017483089,101.78466081775089,105.06687219110314,108.4424051806822
,KEN,ABS,unconditional,worst,KYOTOGHG,IPCM0EL,MtCO2eq,AR4,41.9392,40.1436,40.9197,41.6605,42.3269,43.2187,43.2727,41.9678,46.7427,45.8393,43.2332,43.3851,43.9911,46.2603,48.202,50.1325,48.7302,65.2626,62.729,62.4456,62.2187,65.0656,68.8616,65.3515,67.7268,68.7191,72.1173,71.515,74.14364615384616,76.77229230769231,79.40093846153846,82.02958461538459,84.65823076923077,87.28687692307692,89.91552307692308,92.54416923076923,95.17281538461539,97.80146153846155,100.43010769230769,103.05875384615385,105.6874,108.8632,112.0359,115.2608,118.59200000000001,122.0827,125.7233,129.4812,133.3738,137.4186,141.6335,146.0145,150.5558,155.273,160.1819,165.2987,170.6201,176.1284,181.8175,187.6805,193.7102
,KEN,ABS,unconditional,best,KYOTOGHG,IPCM0EL,MtCO2eq,AR4,41.9392,40.1436,40.9197,41.6605,42.3269,43.2187,43.2727,41.9678,46.7427,45.8393,43.2332,43.3851,43.9911,46.2603,48.202,50.1325,48.7302,65.2626,62.729,62.4456,62.2187,65.0656,68.8616,65.3515,67.7268,68.7191,72.1173,71.515,74.14364615384616,76.77229230769231,79.40093846153846,82.02958461538459,84.65823076923077,87.28687692307692,89.91552307692308,92.54416923076923,95.17281538461539,97.80146153846155,100.43010769230769,103.05875384615385,105.6874,108.8632,112.0359,115.2608,118.59200000000001,122.0827,125.7233,129.4812,133.3738,137.4186,141.6335,146.0145,150.5558,155.273,160.1819,165.2987,170.6201,176.1284,181.8175,187.6805,193.7102
"The target value from 'conditional_best' was used for 'conditional_worst' in 2030.
",KEN,ABU,conditional,worst,KYOTOGHG,IPCM0EL,MtCO2eq,AR4,41.9392,40.1436,40.9197,41.6605,42.3269,43.2187,43.2727,41.9678,46.7427,45.8393,43.2332,43.3851,43.9911,46.2603,48.202,50.1325,48.7302,65.2626,62.729,62.4456,62.2187,65.0656,68.8616,65.3515,67.7268,68.7191,72.1173,71.515,74.14364615384616,76.77229230769231,79.40093846153846,78.41878777035605,77.20522039497354,75.76023633539084,74.083835591608,72.176018163625,70.03678405144186,67.66613325505855,65.06406577447508,62.23058160969148,59.16568076070771,60.94354991975463,62.71968364382673,64.52503985360393,66.38990468848557,68.34406045191055,70.38213289363428,72.4858719555344,74.66501846617929,76.9293692359107,79.28894500216389,81.7415064940036,84.28380676857371,86.92457898252174,89.67266825604194,92.53714363642209,95.51615772514062,98.59980174830899,101.78466081775096,105.06687219110323,108.44240518068229
,KEN,ABU,conditional,best,KYOTOGHG,IPCM0EL,MtCO2eq,AR4,41.9392,40.1436,40.9197,41.6605,42.3269,43.2187,43.2727,41.9678,46.7427,45.8393,43.2332,43.3851,43.9911,46.2603,48.202,50.1325,48.7302,65.2626,62.729,62.4456,62.2187,65.0656,68.8616,65.3515,67.7268,68.7191,72.1173,71.515,74.14364615384616,76.77229230769231,79.40093846153846,78.41878777035605,77.20522039497354,75.76023633539084,74.083835591608,72.176018163625,70.03678405144186,67.66613325505855,65.06406577447508,62.23058160969148,59.16568076070771,60.94354991975463,62.71968364382673,64.52503985360393,66.38990468848557,68.34406045191055,70.38213289363428,72.4858719555344,74.66501846617929,76.9293692359107,79.28894500216389,81.7415064940036,84.28380676857371,86.92457898252174,89.67266825604194,92.53714363642209,95.51615772514062,98.59980174830899,101.78466081775096,105.06687219110323,108.44240518068229
,KEN,ABU,unconditional,worst,KYOTOGHG,IPCM0EL,MtCO2eq,AR4,41.9392,40.1436,40.9197,41.6605,42.3269,43.2187,43.2727,41.9678,46.7427,45.8393,43.2332,43.3851,43.9911,46.2603,48.202,50.1325,48.7302,65.2626,62.729,62.4456,62.2187,65.0656,68.8616,65.3515,67.7268,68.7191,72.1173,71.515,74.14364615384616,76.77229230769231,79.40093846153846,82.02958461538459,84.65823076923077,87.28687692307692,89.91552307692308,92.54416923076923,95.17281538461539,97.80146153846155,100.43010769230769,103.05875384615385,105.6874,108.8632,112.0359,115.2608,118.59200000000001,122.0827,125.7233,129.4812,133.3738,137.4186,141.6335,146.0145,150.5558,155.273,160.1819,165.2987,170.6201,176.1284,181.8175,187.6805,193.7102
,KEN,ABU,unconditional,best,KYOTOGHG,IPCM0EL,MtCO2eq,AR4,41.9392,40.1436,40.9197,41.6605,42.3269,43.2187,43.2727,41.9678,46.7427,45.8393,43.2332,43.3851,43.9911,46.2603,48.202,50.1325,48.7302,65.2626,62.729,62.4456,62.2187,65.0656,68.8616,65.3515,67.7268,68.7191,72.1173,71.515,74.14364615384616,76.77229230769231,79.40093846153846,82.02958461538459,84.65823076923077,87.28687692307692,89.91552307692308,92.54416923076923,95.17281538461539,97.80146153846155,100.43010769230769,103.05875384615385,105.6874,108.8632,112.0359,115.2608,118.59200000000001,122.0827,125.7233,129.4812,133.3738,137.4186,141.6335,146.0145,150.5558,155.273,160.1819,165.2987,170.6201,176.1284,181.8175,187.6805,193.7102
"The target value from 'conditional_best' was used for 'conditional_worst' in 2030.
",KEN,RBU,conditional,worst,KYOTOGHG,IPCM0EL,MtCO2eq,AR4,41.9392,40.1436,40.9197,41.6605,42.3269,43.2187,43.2727,41.9678,46.7427,45.8393,43.2332,43.3851,43.9911,46.2603,48.202,50.1325,48.7302,65.2626,62.729,62.4456,62.2187,65.0656,68.8616,65.3515,67.7268,68.7191,72.1173,71.515,74.14364615384616,76.77229230769231,79.40093846153846,78.42994807252688,77.22825626528939,75.79586303982595,74.13276839613657,72.23897233422124,70.11447485407999,67.7592759557128,65.17337563911964,62.356773904300546,59.309470751255525,61.09166065479973,62.87211090575214,64.68185466163717,66.55125166607274,68.51015660224684,70.55318215890753,72.6620339249283,74.84647640195334,77.11633020945243,79.48164043819745,81.94016237516676,84.48864118647896,87.1358312529185,89.89059919092094,92.76203608822397,95.74829005658474,98.83942824088238,102.03202745375893,105.32221556525198,108.70595209192257
,KEN,RBU,conditional,best,KYOTOGHG,IPCM0EL,MtCO2eq,AR4,41.9392,40.1436,40.9197,41.6605,42.3269,43.2187,43.2727,41.9678,46.7427,45.8393,43.2332,43.3851,43.9911,46.2603,48.202,50.1325,48.7302,65.2626,62.729,62.4456,62.2187,65.0656,68.8616,65.3515,67.7268,68.7191,72.1173,71.515,74.14364615384616,76.77229230769231,79.40093846153846,78.42994807252688,77.22825626528939,75.79586303982595,74.13276839613657,72.23897233422124,70.11447485407999,67.7592759557128,65.17337563911964,62.356773904300546,59.309470751255525,61.09166065479973,62.87211090575214,64.68185466163717,66.55125166607274,68.51015660224684,70.55318215890753,72.6620339249283,74.84647640195334,77.11633020945243,79.48164043819745,81.94016237516676,84.48864118647896,87.1358312529185,89.89059919092094,92.76203608822397,95.74829005658474,98.83942824088238,102.03202745375893,105.32221556525198,108.70595209192257
,KEN,RBU,unconditional,worst,KYOTOGHG,IPCM0EL,MtCO2eq,AR4,41.9392,40.1436,40.9197,41.6605,42.3269,43.2187,43.2727,41.9678,46.7427,45.8393,43.2332,43.3851,43.9911,46.2603,48.202,50.1325,48.7302,65.2626,62.729,62.4456,62.2187,65.0656,68.8616,65.3515,67.7268,68.7191,72.1173,71.515,74.14364615384616,76.77229230769231,79.40093846153846,82.02958461538459,84.65823076923077,87.28687692307692,89.91552307692308,92.54416923076923,95.17281538461539,97.80146153846155,100.43010769230769,103.05875384615385,105.6874,108.8632,112.0359,115.2608,118.59200000000001,122.0827,125.7233,129.4812,133.3738,137.4186,141.6335,146.0145,150.5558,155.273,160.1819,165.2987,170.6201,176.1284,181.8175,187.6805,193.7102
,KEN,RBU,unconditional,best,KYOTOGHG,IPCM0EL,MtCO2eq,AR4,41.9392,40.1436,40.9197,41.6605,42.3269,43.2187,43.2727,41.9678,46.7427,45.8393,43.2332,43.3851,43.9911,46.2603,48.202,50.1325,48.7302,65.2626,62.729,62.4456,62.2187,65.0656,68.8616,65.3515,67.7268,68.7191,72.1173,71.515,74.14364615384616,76.77229230769231,79.40093846153846,82.02958461538459,84.65823076923077,87.28687692307692,89.91552307692308,92.54416923076923,95.17281538461539,97.80146153846155,100.43010769230769,103.05875384615385,105.6874,108.8632,112.0359,115.2608,118.59200000000001,122.0827,125.7233,129.4812,133.3738,137.4186,141.6335,146.0145,150.5558,155.273,160.1819,165.2987,170.6201,176.1284,181.8175,187.6805,193.7102
"No targets calculated, so the baseline emissions are put in as target pathways for all un/conditional best/worst pathways.
",KEN,baseline_emissions,conditional,worst,KYOTOGHG,IPCM0EL,MtCO2eq,AR4,41.9392,40.1436,40.9197,41.6605,42.3269,43.2187,43.2727,41.9678,46.7427,45.8393,43.2332,43.3851,43.9911,46.2603,48.202,50.1325,48.7302,65.2626,62.729,62.4456,62.2187,65.0656,68.8616,65.3515,67.7268,68.7191,72.1173,71.515,74.14364615384616,76.77229230769231,79.40093846153846,82.02958461538459,84.65823076923077,87.28687692307692,89.91552307692308,92.54416923076923,95.17281538461539,97.80146153846155,100.43010769230769,103.05875384615385,105.6874,108.8632,112.0359,115.2608,118.59200000000001,122.0827,125.7233,129.4812,133.3738,137.4186,141.6335,146.0145,150.5558,155.273,160.1819,165.2987,170.6201,176.1284,181.8175,187.6805,193.7102
"No targets calculated, so the baseline emissions are put in as target pathways for all un/conditional best/worst pathways.
",KEN,baseline_emissions,conditional,best,KYOTOGHG,IPCM0EL,MtCO2eq,AR4,41.9392,40.1436,40.9197,41.6605,42.3269,43.2187,43.2727,41.9678,46.7427,45.8393,43.2332,43.3851,43.9911,46.2603,48.202,50.1325,48.7302,65.2626,62.729,62.4456,62.2187,65.0656,68.8616,65.3515,67.7268,68.7191,72.1173,71.515,74.14364615384616,76.77229230769231,79.40093846153846,82.02958461538459,84.65823076923077,87.28687692307692,89.91552307692308,92.54416923076923,95.17281538461539,97.80146153846155,100.43010769230769,103.05875384615385,105.6874,108.8632,112.0359,115.2608,118.59200000000001,122.0827,125.7233,129.4812,133.3738,137.4186,141.6335,146.0145,150.5558,155.273,160.1819,165.2987,170.6201,176.1284,181.8175,187.6805,193.7102
"No targets calculated, so the baseline emissions are put in as target pathways for all un/conditional best/worst pathways.
",KEN,baseline_emissions,unconditional,worst,KYOTOGHG,IPCM0EL,MtCO2eq,AR4,41.9392,40.1436,40.9197,41.6605,42.3269,43.2187,43.2727,41.9678,46.7427,45.8393,43.2332,43.3851,43.9911,46.2603,48.202,50.1325,48.7302,65.2626,62.729,62.4456,62.2187,65.0656,68.8616,65.3515,67.7268,68.7191,72.1173,71.515,74.14364615384616,76.77229230769231,79.40093846153846,82.02958461538459,84.65823076923077,87.28687692307692,89.91552307692308,92.54416923076923,95.17281538461539,97.80146153846155,100.43010769230769,103.05875384615385,105.6874,108.8632,112.0359,115.2608,118.59200000000001,122.0827,125.7233,129.4812,133.3738,137.4186,141.6335,146.0145,150.5558,155.273,160.1819,165.2987,170.6201,176.1284,181.8175,187.6805,193.7102
"No targets calculated, so the baseline emissions are put in as target pathways for all un/conditional best/worst pathways.
",KEN,baseline_emissions,unconditional,best,KYOTOGHG,IPCM0EL,MtCO2eq,AR4,41.9392,40.1436,40.9197,41.6605,42.3269,43.2187,43.2727,41.9678,46.7427,45.8393,43.2332,43.3851,43.9911,46.2603,48.202,50.1325,48.7302,65.2626,62.729,62.4456,62.2187,65.0656,68.8616,65.3515,67.7268,68.7191,72.1173,71.515,74.14364615384616,76.77229230769231,79.40093846153846,82.02958461538459,84.65823076923077,87.28687692307692,89.91552307692308,92.54416923076923,95.17281538461539,97.80146153846155,100.43010769230769,103.05875384615385,105.6874,108.8632,112.0359,115.2608,118.59200000000001,122.0827,125.7233,129.4812,133.3738,137.4186,141.6335,146.0145,150.5558,155.273,160.1819,165.2987,170.6201,176.1284,181.8175,187.6805,193.7102
,KEN,,emi_bau,emi_bau,KYOTOGHG,IPCM0EL,MtCO2eq,AR4,41.9392,40.1436,40.9197,41.6605,42.3269,43.2187,43.2727,41.9678,46.7427,45.8393,43.2332,43.3851,43.9911,46.2603,48.202,50.1325,48.7302,65.2626,62.729,62.4456,62.2187,65.0656,68.8616,65.3515,67.7268,68.7191,72.1173,71.515,74.14364615384616,76.77229230769231,79.40093846153846,82.02958461538459,84.65823076923077,87.28687692307692,89.91552307692308,92.54416923076923,95.17281538461539,97.80146153846155,100.43010769230769,103.05875384615385,105.6874,108.8632,112.0359,115.2608,118.59200000000001,122.0827,125.7233,129.4812,133.3738,137.4186,141.6335,146.0145,150.5558,155.273,160.1819,165.2987,170.6201,176.1284,181.8175,187.6805,193.7102
,KEN,,emi_cov,emi_cov,KYOTOGHG,IPCM0EL,MtCO2eq,AR4,41.937049777216,40.1412807837972,40.917087195315595,41.657491195369,42.323415183996104,43.212771993451895,43.2657080836794,41.95783478785779,46.7310469981473,45.824950007135,43.2158980301268,43.3642159747236,43.9656660616329,46.229548974438295,48.165364021698,50.0896140024775,48.68047102582081,65.205140849082,62.663020069575,62.3702423983968,62.133500947592395,64.9848833253792,68.7753759116224,65.2597691709705,67.629561924168,68.61635436275859,72.0090437834451,71.40124352101,74.01203643672973,76.62189415870488,79.22990598165852,81.83637844805953,84.44109273561185,87.04429298806801,89.64559263044762,92.24490979853688,94.84222442551481,97.4372316826351,100.0299804847669,102.62041981971021,105.2081000315072,108.3375999790704,111.4606000229001,114.6323999625728,117.906299988672,121.335299943984,124.909599943905,128.59689998728442,132.4142999467554,136.3788999420276,140.508500010694,144.798299965005,149.242300011828,153.85550005061398,158.6536999605124,163.6527000107503,168.8491000453215,174.2253999190488,179.775100022665,185.49190007158649,191.36889997215758
,KEN,,emi_ncov,emi_ncov,KYOTOGHG,IPCM0EL,MtCO2eq,AR4,0.002150222784001999,0.0023192162027993253,0.0026128046844012638,0.0030088046310004445,0.0034848160038996215,0.005928006548099814,0.006991916320597405,0.009965212142204688,0.011653001852699045,0.014349992865001692,0.01730196987319712,0.02088402527640413,0.025433938367098504,0.030751025561703737,0.03663597830199922,0.0428859975225003,0.04972897417919912,0.05745915091800282,0.06597993042500039,0.07535760160320487,0.08519905240759953,0.08071667462079889,0.0862240883775972,0.0917308290295003,0.09723807583200127,0.10274563724140752,0.10825621655489988,0.11375647898999337,0.13160971711643438,0.15039814898744036,0.1710324798799361,0.1932061673250586,0.21713803361891776,0.24258393500890563,0.2699304464754623,0.2992594322323522,0.3305909591005768,0.36422985582645845,0.40012720754079156,0.4383340264436354,0.47929996849280304,0.5256000209295955,0.5752999770998992,0.6284000374272024,0.685700011328004,0.7474000560160037,0.8137000560950012,0.8843000127155907,0.9595000532446034,1.0397000579724072,1.1249999893059863,1.216200034995005,1.3134999881719995,1.4174999493860103,1.5282000394876183,1.645999989249695,1.7709999546785054,1.903000080951198,2.0423999773349957,2.1885999284135016,2.34130002784241
,KEN,,pc_cov,pc_cov,KYOTOGHG,IPCM0EL,MtCO2eq/MtCO2eq,AR4,0.99994873,0.999942227,0.999936148,0.999927778,0.999917669,0.999862837,0.9998384220000001,0.9997625509999999,0.999750699,0.99968695,0.9995997990000001,0.9995186359999999,0.999421839,0.9993352609999999,0.999239949,0.999144547,0.998979504,0.99911957,0.998948175,0.9987932279999999,0.998630652,0.998759457,0.998747864,0.998596347,0.99856426,0.9985048459999999,0.998498887,0.9984093340000001,0.998224936,0.9980409840000001,0.997845964,0.997644677,0.9974351220000001,0.997220843,0.996997955,0.996766307,0.9965264140000001,0.996275824,0.9960158640000001,0.995746756,0.995464928,0.995171922,0.994865039,0.994548016,0.994217991,0.99387792,0.99352785,0.9931704370000001,0.992805933,0.992434066,0.9920569640000001,0.99167069,0.99127566,0.9908709179999999,0.9904595959999999,0.990042269,0.989620215,0.989195382,0.988766758,0.988338693,0.987913388
,KGZ,,pop,pop,POP,DEMOGR,Pers,,4372885.0,4419627.0,4454193.0,4483844.0,4518807.0,4566096.0,4629402.0,4705645.0,4786777.0,4861125.0,4920712.0,4962836.0,4991483.0,5013530.0,5039005.0,5075347.0,5124382.0,5184392.0,5254979.0,5334710.0,5422293.0,5517922.0,5621576.0,5731303.0,5844532.0,5959121.0,6074330.0,6189733.0,6233204.9456,6306343.9932,6377752.7813,6448514.6126,6520030.6939,6591784.26,6663251.1521,6733899.3752,6803980.8588,6873952.2147,6943578.3324,7012618.4421,7080826.0618,7148443.3766,7215558.2609,7281674.9621,7346279.9728,7408843.1211,7469837.2029,7529957.7618,7588995.464,7646738.6771,7702973.8012,7758563.4801,7814279.4964,7869764.7596,7924654.5147,7978576.7922,8031724.0951,8084195.5064,8135468.5892,8185014.3284,8232297.8483
,KGZ,,gdp,gdp,GDPPPP,ECO,2011GKD,,30338728515.625,30435388671.875,23958935546.875,20200205078.125,15871953125.0,12652700195.3125,11948694335.9375,10546320312.5,8903213867.1875,9127474609.375,9454458984.375,9640360351.5625,9259846679.6875,10069116210.9375,10475439453.125,10333150390.625,11060659179.6875,12532490234.375,13940041992.1875,14658222656.25,15357766601.5625,19088113281.25,18061589843.75,19626013671.875,20881824218.75,21694070312.5,23261980468.75,24668015625.0,25652818812.7232,26882241981.5232,28168990512.1266,29544390874.2526,31018992608.2879,32578854542.0329,34210350133.8717,35900151056.9898,37646737147.4839,39450974173.1817,41303228488.7219,43193739736.4534,45112620572.2984,47082319055.3694,49129952055.830986,51252316256.8268,53445916588.6583,55706960494.9583,58007744646.641,60325328679.7298,62663672343.8657,65027831793.4866,67424009601.7324,69845727047.2154,72295746816.2106,74797609739.5915,77378485990.1026,80069650376.1718,82862209906.9263,85723424029.6539,88651673193.3487,91644460426.3189,94698330867.1277
,KGZ,RBU,conditional,worst,KYOTOGHG,IPCM0EL,MtCO2eq,AR4,29.9596,27.0631,23.3787,18.8131,14.2723,10.7148,10.6232,11.6136,10.457,10.046,10.1337,10.0928,10.7531,11.2589,12.0833,12.5084,12.5732,13.6375,14.9952,14.9468,14.0631,15.5215,18.2308,18.5992,18.7053,18.8929,19.1878,19.1944,19.2167,19.7386,20.3038,20.3138055,20.330243999999997,20.344561600000002,20.3495032,20.33874,20.310927,20.264203199999997,20.1927168,20.091414699999998,19.955402,20.541225440999998,21.14846942000001,21.777203608999997,22.427281043999997,23.09862061,23.782696139999995,24.473604127,25.174729632,25.889804329999997,26.622761479999998,27.371707502,28.136393427999998,28.923677543999997,29.741623611999998,30.59933766,31.490270407999997,32.399815168,33.32542168799999,34.264383982999995,35.21332536
,KGZ,RBU,conditional,best,KYOTOGHG,IPCM0EL,MtCO2eq,AR4,29.9596,27.0631,23.3787,18.8131,14.2723,10.7148,10.6232,11.6136,10.457,10.046,10.1337,10.0928,10.7531,11.2589,12.0833,12.5084,12.5732,13.6375,14.9952,14.9468,14.0631,15.5215,18.2308,18.5992,18.7053,18.8929,19.1878,19.1944,19.2167,19.7386,20.3038,20.274265755000002,20.248664039999998,20.218215856000004,20.175473512000003,20.1139434,20.032082070000005,19.927822512000002,19.795172688000005,19.628958727000004,19.424194820000004,19.994985801000006,20.586665320000012,21.199303469000007,21.832759494,22.486956770000006,23.15359704,23.826934467000005,24.510265962000005,25.207226330000005,25.921647120000006,26.651686822000002,27.397105138,28.164582504000006,28.961974112000004,29.798151180000005,30.666740238000006,31.55352012800001,32.456009808,33.371576283,34.296933
,KGZ,RBU,unconditional,worst,KYOTOGHG,IPCM0EL,MtCO2eq,AR4,29.9596,27.0631,23.3787,18.8131,14.2723,10.7148,10.6232,11.6136,10.457,10.046,10.1337,10.0928,10.7531,11.2589,12.0833,12.5084,12.5732,13.6375,14.9952,14.9468,14.0631,15.5215,18.2308,18.5992,18.7053,18.8929,19.1878,19.1944,19.2167,19.7386,20.3038,20.680123455,21.08604564,21.515098096,21.961809992,22.4213794,22.89429987,23.380618992,23.875784208,24.375861307,24.87679762,25.699703403,26.55560856000001,27.444974766999998,28.367997461999998,29.324959590000002,30.305388119999996,31.302009361000003,32.319366066,33.36251659,34.43685728,35.540301666000005,36.672875954,37.843906872,39.064449576,40.3471065,41.683955413999996,43.056244224000004,44.461011744,45.89504240899999,47.35416852
,KGZ,RBU,unconditional,best,KYOTOGHG,IPCM0EL,MtCO2eq,AR4,29.9596,27.0631,23.3787,18.8131,14.2723,10.7148,10.6232,11.6136,10.457,10.046,10.1337,10.0928,10.7531,11.2589,12.0833,12.5084,12.5732,13.6375,14.9952,14.9468,14.0631,15.5215,18.2308,18.5992,18.7053,18.8929,19.1878,19.1944,19.2167,19.7386,20.3038,20.632843125,20.988494999999997,21.364018,21.753711000000003,22.152575000000002,22.56086625,22.978386,23.400414,23.822871625,24.2415975,25.032012609,25.853804080000007,26.707375341,27.592869906,28.510515890000004,29.450088359999995,30.404488723,31.378103718000002,32.375812169999996,33.40281152,34.457034598,35.538465222,36.656095656,37.820574488,39.04402733999999,40.31870424199999,41.626399232,42.964199711999996,44.32895266699999,45.71659164
"No targets calculated, so the baseline emissions are put in as target pathways for all un/conditional best/worst pathways.
",KGZ,baseline_emissions,conditional,worst,KYOTOGHG,IPCM0EL,MtCO2eq,AR4,29.9596,27.0631,23.3787,18.8131,14.2723,10.7148,10.6232,11.6136,10.457,10.046,10.1337,10.0928,10.7531,11.2589,12.0833,12.5084,12.5732,13.6375,14.9952,14.9468,14.0631,15.5215,18.2308,18.5992,18.7053,18.8929,19.1878,19.1944,19.2167,19.7386,20.3038,20.9205,21.581999999999997,22.2832,23.0198,23.788,24.5895,25.4256,26.2926,27.1873,28.1062,29.0553,30.04300000000001,31.0699,32.1363,33.2426,34.376999999999995,35.5313,36.7107,37.921,39.1684,40.4506,41.7677,43.1304,44.5514,46.0452,47.6029,49.2032,50.8428,52.5181,54.2244
"No targets calculated, so the baseline emissions are put in as target pathways for all un/conditional best/worst pathways.
",KGZ,baseline_emissions,conditional,best,KYOTOGHG,IPCM0EL,MtCO2eq,AR4,29.9596,27.0631,23.3787,18.8131,14.2723,10.7148,10.6232,11.6136,10.457,10.046,10.1337,10.0928,10.7531,11.2589,12.0833,12.5084,12.5732,13.6375,14.9952,14.9468,14.0631,15.5215,18.2308,18.5992,18.7053,18.8929,19.1878,19.1944,19.2167,19.7386,20.3038,20.9205,21.581999999999997,22.2832,23.0198,23.788,24.5895,25.4256,26.2926,27.1873,28.1062,29.0553,30.04300000000001,31.0699,32.1363,33.2426,34.376999999999995,35.5313,36.7107,37.921,39.1684,40.4506,41.7677,43.1304,44.5514,46.0452,47.6029,49.2032,50.8428,52.5181,54.2244
"No targets calculated, so the baseline emissions are put in as target pathways for all un/conditional best/worst pathways.
",KGZ,baseline_emissions,unconditional,worst,KYOTOGHG,IPCM0EL,MtCO2eq,AR4,29.9596,27.0631,23.3787,18.8131,14.2723,10.7148,10.6232,11.6136,10.457,10.046,10.1337,10.0928,10.7531,11.2589,12.0833,12.5084,12.5732,13.6375,14.9952,14.9468,14.0631,15.5215,18.2308,18.5992,18.7053,18.8929,19.1878,19.1944,19.2167,19.7386,20.3038,20.9205,21.581999999999997,22.2832,23.0198,23.788,24.5895,25.4256,26.2926,27.1873,28.1062,29.0553,30.04300000000001,31.0699,32.1363,33.2426,34.376999999999995,35.5313,36.7107,37.921,39.1684,40.4506,41.7677,43.1304,44.5514,46.0452,47.6029,49.2032,50.8428,52.5181,54.2244
"No targets calculated, so the baseline emissions are put in as target pathways for all un/conditional best/worst pathways.
",KGZ,baseline_emissions,unconditional,best,KYOTOGHG,IPCM0EL,MtCO2eq,AR4,29.9596,27.0631,23.3787,18.8131,14.2723,10.7148,10.6232,11.6136,10.457,10.046,10.1337,10.0928,10.7531,11.2589,12.0833,12.5084,12.5732,13.6375,14.9952,14.9468,14.0631,15.5215,18.2308,18.5992,18.7053,18.8929,19.1878,19.1944,19.2167,19.7386,20.3038,20.9205,21.581999999999997,22.2832,23.0198,23.788,24.5895,25.4256,26.2926,27.1873,28.1062,29.0553,30.04300000000001,31.0699,32.1363,33.2426,34.376999999999995,35.5313,36.7107,37.921,39.1684,40.4506,41.7677,43.1304,44.5514,46.0452,47.6029,49.2032,50.8428,52.5181,54.2244
,KGZ,,emi_bau,emi_bau,KYOTOGHG,IPCM0EL,MtCO2eq,AR4,29.9596,27.0631,23.3787,18.8131,14.2723,10.7148,10.6232,11.6136,10.457,10.046,10.1337,10.0928,10.7531,11.2589,12.0833,12.5084,12.5732,13.6375,14.9952,14.9468,14.0631,15.5215,18.2308,18.5992,18.7053,18.8929,19.1878,19.1944,19.2167,19.7386,20.3038,20.9205,21.581999999999997,22.2832,23.0198,23.788,24.5895,25.4256,26.2926,27.1873,28.1062,29.0553,30.04300000000001,31.0699,32.1363,33.2426,34.376999999999995,35.5313,36.7107,37.921,39.1684,40.4506,41.7677,43.1304,44.5514,46.0452,47.6029,49.2032,50.8428,52.5181,54.2244
,KGZ,,emi_cov,emi_cov,KYOTOGHG,IPCM0EL,MtCO2eq,AR4,29.9596,27.0631,23.3787,18.8131,14.2723,10.7148,10.6232,11.6136,10.457,10.046,10.1337,10.0928,10.7531,11.2589,12.0833,12.5084,12.5732,13.6375,14.9952,14.9468,14.0631,15.5215,18.2308,18.5992,18.7053,18.8929,19.1878,19.1944,19.2167,19.7386,20.3038,20.9205,21.581999999999997,22.2832,23.0198,23.788,24.5895,25.4256,26.2926,27.1873,28.1062,29.0553,30.04300000000001,31.0699,32.1363,33.2426,34.376999999999995,35.5313,36.7107,37.921,39.1684,40.4506,41.7677,43.1304,44.5514,46.0452,47.6029,49.2032,50.8428,52.5181,54.2244
,KGZ,,emi_ncov,emi_ncov,KYOTOGHG,IPCM0EL,MtCO2eq,AR4,0.0,0.0,0.0,0.0,0.0,0.0,0.0,0.0,0.0,0.0,0.0,0.0,0.0,0.0,0.0,0.0,0.0,0.0,0.0,0.0,0.0,0.0,0.0,0.0,0.0,0.0,0.0,0.0,0.0,0.0,0.0,0.0,0.0,0.0,0.0,0.0,0.0,0.0,0.0,0.0,0.0,0.0,0.0,0.0,0.0,0.0,0.0,0.0,0.0,0.0,0.0,0.0,0.0,0.0,0.0,0.0,0.0,0.0,0.0,0.0,0.0
,KGZ,,pc_cov,pc_cov,KYOTOGHG,IPCM0EL,MtCO2eq/MtCO2eq,AR4,1.0,1.0,1.0,1.0,1.0,1.0,1.0,1.0,1.0,1.0,1.0,1.0,1.0,1.0,1.0,1.0,1.0,1.0,1.0,1.0,1.0,1.0,1.0,1.0,1.0,1.0,1.0,1.0,1.0,1.0,1.0,1.0,1.0,1.0,1.0,1.0,1.0,1.0,1.0,1.0,1.0,1.0,1.0,1.0,1.0,1.0,1.0,1.0,1.0,1.0,1.0,1.0,1.0,1.0,1.0,1.0,1.0,1.0,1.0,1.0,1.0
,KHM,,pop,pop,POP,DEMOGR,Pers,,8975597.0,9289299.0,9623889.0,9970733.0,10317899.0,10656138.0,10982917.0,11298600.0,11600508.0,11886458.0,12155239.0,12405408.0,12637727.0,12856163.0,13066469.0,13273354.0,13477709.0,13679962.0,13883834.0,14093604.0,14312212.0,14541423.0,14780454.0,15026332.0,15274503.0,15521436.0,15766292.0,16009409.0,16185190.3624,16387339.2983,16587955.825,16788367.5167,16990847.1738,17194299.1842,17397637.6792,17599786.1132,17799789.9588,17996014.1418,18186369.9938,18368772.9245,18541143.8049,18705658.5093,18866277.9055,19023596.3143,19178197.2046,19330653.7776,19481715.7406,19631813.1238,19781028.687,19929440.5967,20077122.1499,20224595.2185,20372153.695,20519523.1587,20666426.4366,20812583.4493,20958042.5207,21102553.5896,21245389.2594,21385825.8076,21523143.4129
,KHM,,gdp,gdp,GDPPPP,ECO,2011GKD,,9399170898.4375,10271889648.4375,10998699218.75,10387659179.6875,11223123046.875,12306835937.5,11912874023.4375,12691089843.75,12976400390.625,14588167968.75,15606559570.3125,16898365234.375,18685519531.25,20234695312.5,22195554687.5,25421435546.875,27302869140.625,29624904296.875,33476152343.75,33717847656.25,34987718750.0,37913972656.25,40851394531.25,44251125000.0,45604937500.0,48344613281.25,51939523437.5,54985593750.0,57545095184.0293,61285967722.1515,64932543978.9675,68550905543.8656,72268530669.1256,76093447701.7045,80033539550.5396,84097486462.4263,88213672401.264,92284107807.1961,96279142197.1301,100169051041.9426,103923933985.3628,107549679600.9221,111099642024.8148,114614406406.0372,118133856671.8602,121697064830.0527,125283242684.7567,128867748102.1453,132483554917.8445,136164211121.1652,139943926378.3835,143827345309.4031,147786085677.5288,151806544357.5863,155876768009.3694,159986557773.683,164082303966.5197,168146922508.5558,172227331143.37198,176371742533.6986,180629792882.7839
"The target value from 'conditional_best' was used for 'conditional_worst' in 2030.
",KHM,ABU,conditional,worst,KYOTOGHG,IPCM0EL,MtCO2eq,AR4,18.1511,17.8915,18.4813,19.3525,18.182000000000002,21.3019,21.2328,21.3182,21.9015,23.1655,22.0876,22.6541,23.6462,25.3997,25.1869,25.8119,27.5952,28.3488,28.7799,31.2669,31.6628,33.1745,32.7317,32.0576,32.7516,33.5669,34.1699,35.1842,33.47074014671817,31.757280293436352,30.043820440154533,27.57325612291317,25.194273280588607,22.906871913180826,20.711052020689838,18.606813603115633,16.59415666045821,14.673081192717587,12.84358719989374,11.105674681986683,9.459343638996415,10.323119501065387,11.177076397617107,12.033378121755037,12.903675535548143,13.79932639761711,14.71263674244469,15.634960018306764,16.575968638996418,17.545335018306762,18.553024673479175,19.59881777692745,20.672528983824,21.76961519072056,22.885826397617105,24.017572087272278,25.146460018306758,26.265895363134348,27.390313466582626,28.53414967347917,29.712278983824003
,KHM,ABU,conditional,best,KYOTOGHG,IPCM0EL,MtCO2eq,AR4,18.1511,17.8915,18.4813,19.3525,18.182000000000002,21.3019,21.2328,21.3182,21.9015,23.1655,22.0876,22.6541,23.6462,25.3997,25.1869,25.8119,27.5952,28.3488,28.7799,31.2669,31.6628,33.1745,32.7317,32.0576,32.7516,33.5669,34.1699,35.1842,33.47074014671817,31.757280293436352,30.043820440154533,27.57325612291317,25.194273280588607,22.906871913180826,20.711052020689838,18.606813603115633,16.59415666045821,14.673081192717587,12.84358719989374,11.105674681986683,9.459343638996415,10.323119501065387,11.177076397617107,12.033378121755037,12.903675535548143,13.79932639761711,14.71263674244469,15.634960018306764,16.575968638996418,17.545335018306762,18.553024673479175,19.59881777692745,20.672528983824,21.76961519072056,22.885826397617105,24.017572087272278,25.146460018306758,26.265895363134348,27.390313466582626,28.53414967347917,29.712278983824003
,KHM,ABU,unconditional,worst,KYOTOGHG,IPCM0EL,MtCO2eq,AR4,18.1511,17.8915,18.4813,19.3525,18.182000000000002,21.3019,21.2328,21.3182,21.9015,23.1655,22.0876,22.6541,23.6462,25.3997,25.1869,25.8119,27.5952,28.3488,28.7799,31.2669,31.6628,33.1745,32.7317,32.0576,32.7516,33.5669,34.1699,35.1842,33.47074014671817,31.757280293436352,30.043820440154533,28.330360586872697,26.616900733590878,24.903440880309052,23.18998102702723,21.476521173745407,19.763061320463578,18.049601467181763,16.336141613899933,14.622681760618109,12.909221907336285,14.088021907336293,15.253421907336287,16.422021907336287,17.60972190733629,18.83202190733629,20.078421907336285,21.33712190733629,22.621321907336288,23.94422190733629,25.319421907336288,26.746621907336287,28.211921907336286,29.709121907336296,31.23242190733629,32.77692190733629,34.317521907336285,35.84522190733629,37.37972190733629,38.94072190733628,40.54852190733629
,KHM,ABU,unconditional,best,KYOTOGHG,IPCM0EL,MtCO2eq,AR4,18.1511,17.8915,18.4813,19.3525,18.182000000000002,21.3019,21.2328,21.3182,21.9015,23.1655,22.0876,22.6541,23.6462,25.3997,25.1869,25.8119,27.5952,28.3488,28.7799,31.2669,31.6628,33.1745,32.7317,32.0576,32.7516,33.5669,34.1699,35.1842,33.47074014671817,31.757280293436352,30.043820440154533,28.330360586872697,26.616900733590878,24.903440880309052,23.18998102702723,21.476521173745407,19.763061320463578,18.049601467181763,16.336141613899933,14.622681760618109,12.909221907336285,14.088021907336293,15.253421907336287,16.422021907336287,17.60972190733629,18.83202190733629,20.078421907336285,21.33712190733629,22.621321907336288,23.94422190733629,25.319421907336288,26.746621907336287,28.211921907336286,29.709121907336296,31.23242190733629,32.77692190733629,34.317521907336285,35.84522190733629,37.37972190733629,38.94072190733628,40.54852190733629
"The target value from 'conditional_best' was used for 'conditional_worst' in 2030.
",KHM,RBU,conditional,worst,KYOTOGHG,IPCM0EL,MtCO2eq,AR4,18.1511,17.8915,18.4813,19.3525,18.182000000000002,21.3019,21.2328,21.3182,21.9015,23.1655,22.0876,22.6541,23.6462,25.3997,25.1869,25.8119,27.5952,28.3488,28.7799,31.2669,31.6628,33.1745,32.7317,32.0576,32.7516,33.5669,34.1699,35.1842,33.47074014671817,31.757280293436352,30.043820440154533,28.134015342438367,26.247960715012876,24.38565655787803,22.547102871033843,20.73229965448031,18.941246908217426,17.17394463224521,15.430392826563637,13.710591491172721,12.014540626072462,13.111643192879038,14.196274454633677,15.283883938490272,16.389269685517895,17.526857459022875,18.686874967733175,19.858340017647862,21.05353777493747,22.284753405772566,23.564644354086436,24.89293141155703,26.256677925928987,27.650113591879787,29.067840381849617,30.505297893244887,31.939125696453402,33.360947541813424,34.7890981091401,36.24191207824855,37.73828254559806
,KHM,RBU,conditional,best,KYOTOGHG,IPCM0EL,MtCO2eq,AR4,18.1511,17.8915,18.4813,19.3525,18.182000000000002,21.3019,21.2328,21.3182,21.9015,23.1655,22.0876,22.6541,23.6462,25.3997,25.1869,25.8119,27.5952,28.3488,28.7799,31.2669,31.6628,33.1745,32.7317,32.0576,32.7516,33.5669,34.1699,35.1842,33.47074014671817,31.757280293436352,30.043820440154533,28.134015342438367,26.247960715012876,24.38565655787803,22.547102871033843,20.73229965448031,18.941246908217426,17.17394463224521,15.430392826563637,13.710591491172721,12.014540626072462,13.111643192879038,14.196274454633677,15.283883938490272,16.389269685517895,17.526857459022875,18.686874967733175,19.858340017647862,21.05353777493747,22.284753405772566,23.564644354086436,24.89293141155703,26.256677925928987,27.650113591879787,29.067840381849617,30.505297893244887,31.939125696453402,33.360947541813424,34.7890981091401,36.24191207824855,37.73828254559806
,KHM,RBU,unconditional,worst,KYOTOGHG,IPCM0EL,MtCO2eq,AR4,18.1511,17.8915,18.4813,19.3525,18.182000000000002,21.3019,21.2328,21.3182,21.9015,23.1655,22.0876,22.6541,23.6462,25.3997,25.1869,25.8119,27.5952,28.3488,28.7799,31.2669,31.6628,33.1745,32.7317,32.0576,32.7516,33.5669,34.1699,35.1842,33.47074014671817,31.757280293436352,30.043820440154533,28.330360586872697,26.616900733590878,24.903440880309052,23.18998102702723,21.476521173745407,19.763061320463578,18.049601467181763,16.336141613899933,14.622681760618109,12.909221907336285,14.088021907336293,15.253421907336287,16.422021907336287,17.60972190733629,18.83202190733629,20.078421907336285,21.33712190733629,22.621321907336288,23.94422190733629,25.319421907336288,26.746621907336287,28.211921907336286,29.709121907336296,31.23242190733629,32.77692190733629,34.317521907336285,35.84522190733629,37.37972190733629,38.94072190733628,40.54852190733629
,KHM,RBU,unconditional,best,KYOTOGHG,IPCM0EL,MtCO2eq,AR4,18.1511,17.8915,18.4813,19.3525,18.182000000000002,21.3019,21.2328,21.3182,21.9015,23.1655,22.0876,22.6541,23.6462,25.3997,25.1869,25.8119,27.5952,28.3488,28.7799,31.2669,31.6628,33.1745,32.7317,32.0576,32.7516,33.5669,34.1699,35.1842,33.47074014671817,31.757280293436352,30.043820440154533,28.330360586872697,26.616900733590878,24.903440880309052,23.18998102702723,21.476521173745407,19.763061320463578,18.049601467181763,16.336141613899933,14.622681760618109,12.909221907336285,14.088021907336293,15.253421907336287,16.422021907336287,17.60972190733629,18.83202190733629,20.078421907336285,21.33712190733629,22.621321907336288,23.94422190733629,25.319421907336288,26.746621907336287,28.211921907336286,29.709121907336296,31.23242190733629,32.77692190733629,34.317521907336285,35.84522190733629,37.37972190733629,38.94072190733628,40.54852190733629
"No targets calculated, so the baseline emissions are put in as target pathways for all un/conditional best/worst pathways.
",KHM,baseline_emissions,conditional,worst,KYOTOGHG,IPCM0EL,MtCO2eq,AR4,18.1511,17.8915,18.4813,19.3525,18.182000000000002,21.3019,21.2328,21.3182,21.9015,23.1655,22.0876,22.6541,23.6462,25.3997,25.1869,25.8119,27.5952,28.3488,28.7799,31.2669,31.6628,33.1745,32.7317,32.0576,32.7516,33.5669,34.1699,35.1842,33.47074014671817,31.757280293436352,30.043820440154533,28.330360586872697,26.616900733590878,24.903440880309052,23.18998102702723,21.476521173745407,19.763061320463578,18.049601467181763,16.336141613899933,14.622681760618109,12.909221907336285,14.088021907336293,15.253421907336287,16.422021907336287,17.60972190733629,18.83202190733629,20.078421907336285,21.33712190733629,22.621321907336288,23.94422190733629,25.319421907336288,26.746621907336287,28.211921907336286,29.709121907336296,31.23242190733629,32.77692190733629,34.317521907336285,35.84522190733629,37.37972190733629,38.94072190733628,40.54852190733629
"No targets calculated, so the baseline emissions are put in as target pathways for all un/conditional best/worst pathways.
",KHM,baseline_emissions,conditional,best,KYOTOGHG,IPCM0EL,MtCO2eq,AR4,18.1511,17.8915,18.4813,19.3525,18.182000000000002,21.3019,21.2328,21.3182,21.9015,23.1655,22.0876,22.6541,23.6462,25.3997,25.1869,25.8119,27.5952,28.3488,28.7799,31.2669,31.6628,33.1745,32.7317,32.0576,32.7516,33.5669,34.1699,35.1842,33.47074014671817,31.757280293436352,30.043820440154533,28.330360586872697,26.616900733590878,24.903440880309052,23.18998102702723,21.476521173745407,19.763061320463578,18.049601467181763,16.336141613899933,14.622681760618109,12.909221907336285,14.088021907336293,15.253421907336287,16.422021907336287,17.60972190733629,18.83202190733629,20.078421907336285,21.33712190733629,22.621321907336288,23.94422190733629,25.319421907336288,26.746621907336287,28.211921907336286,29.709121907336296,31.23242190733629,32.77692190733629,34.317521907336285,35.84522190733629,37.37972190733629,38.94072190733628,40.54852190733629
"No targets calculated, so the baseline emissions are put in as target pathways for all un/conditional best/worst pathways.
",KHM,baseline_emissions,unconditional,worst,KYOTOGHG,IPCM0EL,MtCO2eq,AR4,18.1511,17.8915,18.4813,19.3525,18.182000000000002,21.3019,21.2328,21.3182,21.9015,23.1655,22.0876,22.6541,23.6462,25.3997,25.1869,25.8119,27.5952,28.3488,28.7799,31.2669,31.6628,33.1745,32.7317,32.0576,32.7516,33.5669,34.1699,35.1842,33.47074014671817,31.757280293436352,30.043820440154533,28.330360586872697,26.616900733590878,24.903440880309052,23.18998102702723,21.476521173745407,19.763061320463578,18.049601467181763,16.336141613899933,14.622681760618109,12.909221907336285,14.088021907336293,15.253421907336287,16.422021907336287,17.60972190733629,18.83202190733629,20.078421907336285,21.33712190733629,22.621321907336288,23.94422190733629,25.319421907336288,26.746621907336287,28.211921907336286,29.709121907336296,31.23242190733629,32.77692190733629,34.317521907336285,35.84522190733629,37.37972190733629,38.94072190733628,40.54852190733629
"No targets calculated, so the baseline emissions are put in as target pathways for all un/conditional best/worst pathways.
",KHM,baseline_emissions,unconditional,best,KYOTOGHG,IPCM0EL,MtCO2eq,AR4,18.1511,17.8915,18.4813,19.3525,18.182000000000002,21.3019,21.2328,21.3182,21.9015,23.1655,22.0876,22.6541,23.6462,25.3997,25.1869,25.8119,27.5952,28.3488,28.7799,31.2669,31.6628,33.1745,32.7317,32.0576,32.7516,33.5669,34.1699,35.1842,33.47074014671817,31.757280293436352,30.043820440154533,28.330360586872697,26.616900733590878,24.903440880309052,23.18998102702723,21.476521173745407,19.763061320463578,18.049601467181763,16.336141613899933,14.622681760618109,12.909221907336285,14.088021907336293,15.253421907336287,16.422021907336287,17.60972190733629,18.83202190733629,20.078421907336285,21.33712190733629,22.621321907336288,23.94422190733629,25.319421907336288,26.746621907336287,28.211921907336286,29.709121907336296,31.23242190733629,32.77692190733629,34.317521907336285,35.84522190733629,37.37972190733629,38.94072190733628,40.54852190733629
,KHM,,emi_bau,emi_bau,KYOTOGHG,IPCM0EL,MtCO2eq,AR4,18.1511,17.8915,18.4813,19.3525,18.182000000000002,21.3019,21.2328,21.3182,21.9015,23.1655,22.0876,22.6541,23.6462,25.3997,25.1869,25.8119,27.5952,28.3488,28.7799,31.2669,31.6628,33.1745,32.7317,32.0576,32.7516,33.5669,34.1699,35.1842,33.47074014671817,31.757280293436352,30.043820440154533,28.330360586872697,26.616900733590878,24.903440880309052,23.18998102702723,21.476521173745407,19.763061320463578,18.049601467181763,16.336141613899933,14.622681760618109,12.909221907336285,14.088021907336293,15.253421907336287,16.422021907336287,17.60972190733629,18.83202190733629,20.078421907336285,21.33712190733629,22.621321907336288,23.94422190733629,25.319421907336288,26.746621907336287,28.211921907336286,29.709121907336296,31.23242190733629,32.77692190733629,34.317521907336285,35.84522190733629,37.37972190733629,38.94072190733628,40.54852190733629
,KHM,,emi_cov,emi_cov,KYOTOGHG,IPCM0EL,MtCO2eq,AR4,1.6782005363596,1.7261107847445,1.7813512230092001,1.8264014960525,1.8800463457300003,2.9132778796789998,3.0219774969168003,3.0138032429966,3.739218740532,3.74650349766,3.8056049970743993,4.0745287975399,4.4026332233278,4.6456806179084,4.188899656107701,4.4810198427173,4.6460197088256,4.9791419844960005,5.0507571865005,6.8411507571162,7.329174366612801,7.651450412438,7.898964540746799,7.6674288300608,8.644533091202401,8.9836867137989,9.9009124615717,10.187459994984797,8.591516661863384,8.15169313796237,7.711869614061356,7.2720460901603365,6.832222566259323,6.392399042358306,5.952575518457292,5.512751994556276,5.072928470655259,4.633104946754246,4.193281422853229,3.7534578989522136,3.3136343750511976,3.6162174609527997,3.9153609359355985,4.215325810540798,4.5201934141421996,4.833942401160799,5.153877554085598,5.476969961808999,5.806607897773398,6.146179635421199,6.499176123147599,6.865520354737999,7.241644375582599,7.625956723913001,8.0169686129136,8.413422274412598,8.808874855121799,9.2010161686032,9.5949029562822,9.995591959584198,10.408293932363799
,KHM,,emi_ncov,emi_ncov,KYOTOGHG,IPCM0EL,MtCO2eq,AR4,16.4728994636404,16.165389215255498,16.6999487769908,17.526098503947498,16.30195365427,18.388622120321,18.2108225030832,18.304396757003403,18.162281259468,19.41899650234,18.2819950029256,18.5795712024601,19.2435667766722,20.754019382091602,20.9980003438923,21.3308801572827,22.9491802911744,23.369658015504,23.7291428134995,24.4257492428838,24.3336256333872,25.523049587562003,24.832735459253197,24.3901711699392,24.107066908797602,24.583213286201097,24.2689875384283,24.996740005015198,24.87922348485479,23.605587155473984,22.33195082609318,21.058314496712363,19.784678167331556,18.511041837950746,17.23740550856994,15.963769179189132,14.69013284980832,13.416496520427518,12.142860191046704,10.869223861665896,9.595587532285087,10.471804446383494,11.33806097140069,12.20669609679549,13.089528493194091,13.998079506175491,14.924544353250688,15.860151945527292,16.81471400956289,17.79804227191509,18.82024578418869,19.88110155259829,20.97027753175369,22.083165183423297,23.21545329442269,24.36349963292369,25.50864705221449,26.644205738733092,27.784818951054092,28.945129947752086,30.14022797497249
,KHM,,pc_cov,pc_cov,KYOTOGHG,IPCM0EL,MtCO2eq/MtCO2eq,AR4,0.092457236,0.096476583,0.096386684,0.094375481,0.103401515,0.13676141,0.142325906,0.141372313,0.170728888,0.16172772,0.17229599399999998,0.17985833899999998,0.18618776899999998,0.182902972,0.16631263300000002,0.173602867,0.168363328,0.175638545,0.175495995,0.218798498,0.23147587600000002,0.230642524,0.241324604,0.239176633,0.263942314,0.267635281,0.28975538300000003,0.28954644399999996,0.256687382,0.256687382,0.256687382,0.256687382,0.256687382,0.256687382,0.256687382,0.256687382,0.256687382,0.256687382,0.256687382,0.256687382,0.256687382,0.256687382,0.256687382,0.256687382,0.256687382,0.256687382,0.256687382,0.256687382,0.256687382,0.256687382,0.256687382,0.256687382,0.256687382,0.256687382,0.256687382,0.256687382,0.256687382,0.256687382,0.256687382,0.256687382,0.256687382
,KIR,,pop,pop,POP,DEMOGR,Pers,,72400.0,73692.0,74766.0,75716.0,76670.0,77723.0,78903.0,80187.0,81556.0,82972.0,84396.0,85849.0,87305.0,88835.0,90499.0,92325.0,94343.0,96527.0,98761.0,100930.0,102927.0,104728.0,106370.0,107890.0,109391.0,110930.0,112524.0,114158.0,110210.5,110210.5,110210.5,110210.5,110210.5,110210.5,110210.5,110210.5,110210.5,110210.5,110210.5,110210.5,110210.5,110210.5,110210.5,110210.5,110210.5,110210.5,110210.5,110210.5,110210.5,110210.5,110210.5,110210.5,110210.5,110210.5,110210.5,110210.5,110210.5,110210.5,110210.5,110210.5,110210.5
,KIR,,gdp,gdp,GDPPPP,ECO,2011GKD,,140739711.4326,140739711.4326,141974270.3049,143208829.1771,145677946.9215,145677946.9215,148147064.6659,150616182.4104,160492653.3881,158023535.6437,167900006.6214,165430888.877,171696522.0652,175141311.6864,172287628.8532,180818677.572,180729542.4215,184407293.3018,180550531.385,181999903.501,180318434.317,183193721.9304,191828226.6827,199913352.7368,198518301.2112,219174940.2611,230418067.9104,231174852.4991,211837956.88355,211837956.88355,211837956.88355,211837956.88355,211837956.88355,211837956.88355,211837956.88355,211837956.88355,211837956.88355,211837956.88355,211837956.88355,211837956.88355,211837956.88355,211837956.88355,211837956.88355,211837956.88355,211837956.88355,211837956.88355,211837956.88355,211837956.88355,211837956.88355,211837956.88355,211837956.88355,211837956.88355,211837956.88355,211837956.88355,211837956.88355,211837956.88355,211837956.88355,211837956.88355,211837956.88355,211837956.88355,211837956.88355
"The target value from 'conditional_best' was used for 'conditional_worst' in 2025, 2030.
",KIR,ABS,conditional,worst,KYOTOGHG,IPCM0EL,MtCO2eq,AR4,0.033967000000000004,0.0343,0.037232999999999995,0.039774000000000004,0.039917,0.040815,0.044224,0.040494,0.043857,0.044858999999999996,0.046359,0.044818000000000004,0.055759,0.056375,0.059765,0.061676999999999996,0.094192,0.10027,0.096437,0.080028,0.10665999999999999,0.10726,0.10786,0.10818,0.11746,0.12185,0.13412000000000002,0.13769,0.129678875,0.12166775,0.113656625,0.09243970484640153,0.07322558226960231,0.05601425726960232,0.040805729846401545,0.027599999999999996,0.028084126360117118,0.028571089540175676,0.029060889540175685,0.029553526360117113,0.030048999999999996,0.030048999999999996,0.030048999999999996,0.030048999999999996,0.030048999999999996,0.030048999999999996,0.030048999999999996,0.030048999999999996,0.030048999999999996,0.030048999999999996,0.030048999999999996,0.030048999999999996,0.030048999999999996,0.030048999999999996,0.030048999999999996,0.030048999999999996,0.030048999999999996,0.030048999999999996,0.030048999999999996,0.030048999999999996,0.030048999999999996
,KIR,ABS,conditional,best,KYOTOGHG,IPCM0EL,MtCO2eq,AR4,0.033967000000000004,0.0343,0.037232999999999995,0.039774000000000004,0.039917,0.040815,0.044224,0.040494,0.043857,0.044858999999999996,0.046359,0.044818000000000004,0.055759,0.056375,0.059765,0.061676999999999996,0.094192,0.10027,0.096437,0.080028,0.10665999999999999,0.10726,0.10786,0.10818,0.11746,0.12185,0.13412000000000002,0.13769,0.129678875,0.12166775,0.113656625,0.09243970484640153,0.07322558226960231,0.05601425726960232,0.040805729846401545,0.027599999999999996,0.028084126360117118,0.028571089540175676,0.029060889540175685,0.029553526360117113,0.030048999999999996,0.030048999999999996,0.030048999999999996,0.030048999999999996,0.030048999999999996,0.030048999999999996,0.030048999999999996,0.030048999999999996,0.030048999999999996,0.030048999999999996,0.030048999999999996,0.030048999999999996,0.030048999999999996,0.030048999999999996,0.030048999999999996,0.030048999999999996,0.030048999999999996,0.030048999999999996,0.030048999999999996,0.030048999999999996,0.030048999999999996
"The target value from 'unconditional_best' was used for 'unconditional_worst' in 2025, 2030.
",KIR,ABS,unconditional,worst,KYOTOGHG,IPCM0EL,MtCO2eq,AR4,0.033967000000000004,0.0343,0.037232999999999995,0.039774000000000004,0.039917,0.040815,0.044224,0.040494,0.043857,0.044858999999999996,0.046359,0.044818000000000004,0.055759,0.056375,0.059765,0.061676999999999996,0.094192,0.10027,0.096437,0.080028,0.10665999999999999,0.10726,0.10786,0.10818,0.11746,0.12185,0.13412000000000002,0.13769,0.129678875,0.12166775,0.113656625,0.10275091004470047,0.09228419006705071,0.08225646506705073,0.07266773504470049,0.063518,0.0645257185853431,0.06553707787801467,0.06655207787801469,0.06757071858534311,0.068593,0.068593,0.068593,0.068593,0.068593,0.068593,0.068593,0.068593,0.068593,0.068593,0.068593,0.068593,0.068593,0.068593,0.068593,0.068593,0.068593,0.068593,0.068593,0.068593,0.068593
,KIR,ABS,unconditional,best,KYOTOGHG,IPCM0EL,MtCO2eq,AR4,0.033967000000000004,0.0343,0.037232999999999995,0.039774000000000004,0.039917,0.040815,0.044224,0.040494,0.043857,0.044858999999999996,0.046359,0.044818000000000004,0.055759,0.056375,0.059765,0.061676999999999996,0.094192,0.10027,0.096437,0.080028,0.10665999999999999,0.10726,0.10786,0.10818,0.11746,0.12185,0.13412000000000002,0.13769,0.129678875,0.12166775,0.113656625,0.10275091004470047,0.09228419006705071,0.08225646506705073,0.07266773504470049,0.063518,0.0645257185853431,0.06553707787801467,0.06655207787801469,0.06757071858534311,0.068593,0.068593,0.068593,0.068593,0.068593,0.068593,0.068593,0.068593,0.068593,0.068593,0.068593,0.068593,0.068593,0.068593,0.068593,0.068593,0.068593,0.068593,0.068593,0.068593,0.068593
"The target value from 'conditional_best' was used for 'conditional_worst' in 2025, 2030.
",KIR,ABU,conditional,worst,KYOTOGHG,IPCM0EL,MtCO2eq,AR4,0.033967000000000004,0.0343,0.037232999999999995,0.039774000000000004,0.039917,0.040815,0.044224,0.040494,0.043857,0.044858999999999996,0.046359,0.044818000000000004,0.055759,0.056375,0.059765,0.061676999999999996,0.094192,0.10027,0.096437,0.080028,0.10665999999999999,0.10726,0.10786,0.10818,0.11746,0.12185,0.13412000000000002,0.13769,0.129678875,0.12166775,0.113656625,0.0924486042105406,0.07324203131581092,0.05603690631581094,0.040833229210540625,0.027631,0.028128807123365126,0.02862981068504769,0.029134010685047694,0.029641407123365122,0.030151999999999998,0.030151999999999998,0.030151999999999998,0.030151999999999998,0.030151999999999998,0.030151999999999998,0.030151999999999998,0.030151999999999998,0.030151999999999998,0.030151999999999998,0.030151999999999998,0.030151999999999998,0.030151999999999998,0.030151999999999998,0.030151999999999998,0.030151999999999998,0.030151999999999998,0.030151999999999998,0.030151999999999998,0.030151999999999998,0.030151999999999998
,KIR,ABU,conditional,best,KYOTOGHG,IPCM0EL,MtCO2eq,AR4,0.033967000000000004,0.0343,0.037232999999999995,0.039774000000000004,0.039917,0.040815,0.044224,0.040494,0.043857,0.044858999999999996,0.046359,0.044818000000000004,0.055759,0.056375,0.059765,0.061676999999999996,0.094192,0.10027,0.096437,0.080028,0.10665999999999999,0.10726,0.10786,0.10818,0.11746,0.12185,0.13412000000000002,0.13769,0.129678875,0.12166775,0.113656625,0.0924486042105406,0.07324203131581092,0.05603690631581094,0.040833229210540625,0.027631,0.028128807123365126,0.02862981068504769,0.029134010685047694,0.029641407123365122,0.030151999999999998,0.030151999999999998,0.030151999999999998,0.030151999999999998,0.030151999999999998,0.030151999999999998,0.030151999999999998,0.030151999999999998,0.030151999999999998,0.030151999999999998,0.030151999999999998,0.030151999999999998,0.030151999999999998,0.030151999999999998,0.030151999999999998,0.030151999999999998,0.030151999999999998,0.030151999999999998,0.030151999999999998,0.030151999999999998,0.030151999999999998
"The target value from 'unconditional_best' was used for 'unconditional_worst' in 2025, 2030.
",KIR,ABU,unconditional,worst,KYOTOGHG,IPCM0EL,MtCO2eq,AR4,0.033967000000000004,0.0343,0.037232999999999995,0.039774000000000004,0.039917,0.040815,0.044224,0.040494,0.043857,0.044858999999999996,0.046359,0.044818000000000004,0.055759,0.056375,0.059765,0.061676999999999996,0.094192,0.10027,0.096437,0.080028,0.10665999999999999,0.10726,0.10786,0.10818,0.11746,0.12185,0.13412000000000002,0.13769,0.129678875,0.12166775,0.113656625,0.1027489005108626,0.09228047576629393,0.08225135076629393,0.07266152551086263,0.063511,0.06451605774874196,0.06552468662311293,0.06653688662311297,0.06755265774874196,0.068572,0.068572,0.068572,0.068572,0.068572,0.068572,0.068572,0.068572,0.068572,0.068572,0.068572,0.068572,0.068572,0.068572,0.068572,0.068572,0.068572,0.068572,0.068572,0.068572,0.068572
,KIR,ABU,unconditional,best,KYOTOGHG,IPCM0EL,MtCO2eq,AR4,0.033967000000000004,0.0343,0.037232999999999995,0.039774000000000004,0.039917,0.040815,0.044224,0.040494,0.043857,0.044858999999999996,0.046359,0.044818000000000004,0.055759,0.056375,0.059765,0.061676999999999996,0.094192,0.10027,0.096437,0.080028,0.10665999999999999,0.10726,0.10786,0.10818,0.11746,0.12185,0.13412000000000002,0.13769,0.129678875,0.12166775,0.113656625,0.1027489005108626,0.09228047576629393,0.08225135076629393,0.07266152551086263,0.063511,0.06451605774874196,0.06552468662311293,0.06653688662311297,0.06755265774874196,0.068572,0.068572,0.068572,0.068572,0.068572,0.068572,0.068572,0.068572,0.068572,0.068572,0.068572,0.068572,0.068572,0.068572,0.068572,0.068572,0.068572,0.068572,0.068572,0.068572,0.068572
"The target value from 'conditional_best' was used for 'conditional_worst' in 2025, 2030.
",KIR,RBU,conditional,worst,KYOTOGHG,IPCM0EL,MtCO2eq,AR4,0.033967000000000004,0.0343,0.037232999999999995,0.039774000000000004,0.039917,0.040815,0.044224,0.040494,0.043857,0.044858999999999996,0.046359,0.044818000000000004,0.055759,0.056375,0.059765,0.061676999999999996,0.094192,0.10027,0.096437,0.080028,0.10665999999999999,0.10726,0.10786,0.10818,0.11746,0.12185,0.13412000000000002,0.13769,0.129678875,0.12166775,0.113656625,0.09645201984769768,0.08064170254835859,0.06622567310198271,0.05320393150857007,0.04157647776812062,0.04222098101482924,0.04286745733516303,0.043515906729121985,0.04416632919670609,0.044818724737915386,0.044818724737915386,0.044818724737915386,0.044818724737915386,0.044818724737915386,0.044818724737915386,0.044818724737915386,0.044818724737915386,0.044818724737915386,0.044818724737915386,0.044818724737915386,0.044818724737915386,0.044818724737915386,0.044818724737915386,0.044818724737915386,0.044818724737915386,0.044818724737915386,0.044818724737915386,0.044818724737915386,0.044818724737915386,0.044818724737915386
,KIR,RBU,conditional,best,KYOTOGHG,IPCM0EL,MtCO2eq,AR4,0.033967000000000004,0.0343,0.037232999999999995,0.039774000000000004,0.039917,0.040815,0.044224,0.040494,0.043857,0.044858999999999996,0.046359,0.044818000000000004,0.055759,0.056375,0.059765,0.061676999999999996,0.094192,0.10027,0.096437,0.080028,0.10665999999999999,0.10726,0.10786,0.10818,0.11746,0.12185,0.13412000000000002,0.13769,0.129678875,0.12166775,0.113656625,0.09645201984769768,0.08064170254835859,0.06622567310198271,0.05320393150857007,0.04157647776812062,0.04222098101482924,0.04286745733516303,0.043515906729121985,0.04416632919670609,0.044818724737915386,0.044818724737915386,0.044818724737915386,0.044818724737915386,0.044818724737915386,0.044818724737915386,0.044818724737915386,0.044818724737915386,0.044818724737915386,0.044818724737915386,0.044818724737915386,0.044818724737915386,0.044818724737915386,0.044818724737915386,0.044818724737915386,0.044818724737915386,0.044818724737915386,0.044818724737915386,0.044818724737915386,0.044818724737915386,0.044818724737915386
"The target value from 'unconditional_best' was used for 'unconditional_worst' in 2025, 2030.
",KIR,RBU,unconditional,worst,KYOTOGHG,IPCM0EL,MtCO2eq,AR4,0.033967000000000004,0.0343,0.037232999999999995,0.039774000000000004,0.039917,0.040815,0.044224,0.040494,0.043857,0.044858999999999996,0.046359,0.044818000000000004,0.055759,0.056375,0.059765,0.061676999999999996,0.094192,0.10027,0.096437,0.080028,0.10665999999999999,0.10726,0.10786,0.10818,0.11746,0.12185,0.13412000000000002,0.13769,0.129678875,0.12166775,0.113656625,0.10363028915061531,0.0939095811986002,0.08449450114395461,0.07538504898667857,0.06658122472677204,0.06759038408147035,0.06860208024511531,0.06961631321770692,0.07063308299924516,0.07165238958973004,0.07165238958973004,0.07165238958973004,0.07165238958973004,0.07165238958973004,0.07165238958973004,0.07165238958973004,0.07165238958973004,0.07165238958973004,0.07165238958973004,0.07165238958973004,0.07165238958973004,0.07165238958973004,0.07165238958973004,0.07165238958973004,0.07165238958973004,0.07165238958973004,0.07165238958973004,0.07165238958973004,0.07165238958973004,0.07165238958973004
,KIR,RBU,unconditional,best,KYOTOGHG,IPCM0EL,MtCO2eq,AR4,0.033967000000000004,0.0343,0.037232999999999995,0.039774000000000004,0.039917,0.040815,0.044224,0.040494,0.043857,0.044858999999999996,0.046359,0.044818000000000004,0.055759,0.056375,0.059765,0.061676999999999996,0.094192,0.10027,0.096437,0.080028,0.10665999999999999,0.10726,0.10786,0.10818,0.11746,0.12185,0.13412000000000002,0.13769,0.129678875,0.12166775,0.113656625,0.10363028915061531,0.0939095811986002,0.08449450114395461,0.07538504898667857,0.06658122472677204,0.06759038408147035,0.06860208024511531,0.06961631321770692,0.07063308299924516,0.07165238958973004,0.07165238958973004,0.07165238958973004,0.07165238958973004,0.07165238958973004,0.07165238958973004,0.07165238958973004,0.07165238958973004,0.07165238958973004,0.07165238958973004,0.07165238958973004,0.07165238958973004,0.07165238958973004,0.07165238958973004,0.07165238958973004,0.07165238958973004,0.07165238958973004,0.07165238958973004,0.07165238958973004,0.07165238958973004,0.07165238958973004
"No targets calculated, so the baseline emissions are put in as target pathways for all un/conditional best/worst pathways.
",KIR,baseline_emissions,conditional,worst,KYOTOGHG,IPCM0EL,MtCO2eq,AR4,0.033967000000000004,0.0343,0.037232999999999995,0.039774000000000004,0.039917,0.040815,0.044224,0.040494,0.043857,0.044858999999999996,0.046359,0.044818000000000004,0.055759,0.056375,0.059765,0.061676999999999996,0.094192,0.10027,0.096437,0.080028,0.10665999999999999,0.10726,0.10786,0.10818,0.11746,0.12185,0.13412000000000002,0.13769,0.129678875,0.12166775,0.113656625,0.10564549999999999,0.097634375,0.08962325,0.08161212500000001,0.073601,0.07461319999999999,0.0756254,0.07663760000000001,0.07764979999999999,0.078662,0.078662,0.078662,0.078662,0.078662,0.078662,0.078662,0.078662,0.078662,0.078662,0.078662,0.078662,0.078662,0.078662,0.078662,0.078662,0.078662,0.078662,0.078662,0.078662,0.078662
"No targets calculated, so the baseline emissions are put in as target pathways for all un/conditional best/worst pathways.
",KIR,baseline_emissions,conditional,best,KYOTOGHG,IPCM0EL,MtCO2eq,AR4,0.033967000000000004,0.0343,0.037232999999999995,0.039774000000000004,0.039917,0.040815,0.044224,0.040494,0.043857,0.044858999999999996,0.046359,0.044818000000000004,0.055759,0.056375,0.059765,0.061676999999999996,0.094192,0.10027,0.096437,0.080028,0.10665999999999999,0.10726,0.10786,0.10818,0.11746,0.12185,0.13412000000000002,0.13769,0.129678875,0.12166775,0.113656625,0.10564549999999999,0.097634375,0.08962325,0.08161212500000001,0.073601,0.07461319999999999,0.0756254,0.07663760000000001,0.07764979999999999,0.078662,0.078662,0.078662,0.078662,0.078662,0.078662,0.078662,0.078662,0.078662,0.078662,0.078662,0.078662,0.078662,0.078662,0.078662,0.078662,0.078662,0.078662,0.078662,0.078662,0.078662
"No targets calculated, so the baseline emissions are put in as target pathways for all un/conditional best/worst pathways.
",KIR,baseline_emissions,unconditional,worst,KYOTOGHG,IPCM0EL,MtCO2eq,AR4,0.033967000000000004,0.0343,0.037232999999999995,0.039774000000000004,0.039917,0.040815,0.044224,0.040494,0.043857,0.044858999999999996,0.046359,0.044818000000000004,0.055759,0.056375,0.059765,0.061676999999999996,0.094192,0.10027,0.096437,0.080028,0.10665999999999999,0.10726,0.10786,0.10818,0.11746,0.12185,0.13412000000000002,0.13769,0.129678875,0.12166775,0.113656625,0.10564549999999999,0.097634375,0.08962325,0.08161212500000001,0.073601,0.07461319999999999,0.0756254,0.07663760000000001,0.07764979999999999,0.078662,0.078662,0.078662,0.078662,0.078662,0.078662,0.078662,0.078662,0.078662,0.078662,0.078662,0.078662,0.078662,0.078662,0.078662,0.078662,0.078662,0.078662,0.078662,0.078662,0.078662
"No targets calculated, so the baseline emissions are put in as target pathways for all un/conditional best/worst pathways.
",KIR,baseline_emissions,unconditional,best,KYOTOGHG,IPCM0EL,MtCO2eq,AR4,0.033967000000000004,0.0343,0.037232999999999995,0.039774000000000004,0.039917,0.040815,0.044224,0.040494,0.043857,0.044858999999999996,0.046359,0.044818000000000004,0.055759,0.056375,0.059765,0.061676999999999996,0.094192,0.10027,0.096437,0.080028,0.10665999999999999,0.10726,0.10786,0.10818,0.11746,0.12185,0.13412000000000002,0.13769,0.129678875,0.12166775,0.113656625,0.10564549999999999,0.097634375,0.08962325,0.08161212500000001,0.073601,0.07461319999999999,0.0756254,0.07663760000000001,0.07764979999999999,0.078662,0.078662,0.078662,0.078662,0.078662,0.078662,0.078662,0.078662,0.078662,0.078662,0.078662,0.078662,0.078662,0.078662,0.078662,0.078662,0.078662,0.078662,0.078662,0.078662,0.078662
,KIR,,emi_bau,emi_bau,KYOTOGHG,IPCM0EL,MtCO2eq,AR4,0.033967000000000004,0.0343,0.037232999999999995,0.039774000000000004,0.039917,0.040815,0.044224,0.040494,0.043857,0.044858999999999996,0.046359,0.044818000000000004,0.055759,0.056375,0.059765,0.061676999999999996,0.094192,0.10027,0.096437,0.080028,0.10665999999999999,0.10726,0.10786,0.10818,0.11746,0.12185,0.13412000000000002,0.13769,0.129678875,0.12166775,0.113656625,0.10564549999999999,0.097634375,0.08962325,0.08161212500000001,0.073601,0.07461319999999999,0.0756254,0.07663760000000001,0.07764979999999999,0.078662,0.078662,0.078662,0.078662,0.078662,0.078662,0.078662,0.078662,0.078662,0.078662,0.078662,0.078662,0.078662,0.078662,0.078662,0.078662,0.078662,0.078662,0.078662,0.078662,0.078662
,KIR,,emi_cov,emi_cov,KYOTOGHG,IPCM0EL,MtCO2eq,AR4,0.013917127003013003,0.013917052745399998,0.016237034882208,0.018556438548396,0.018555814065312003,0.018738055075049997,0.021244206555456,0.016699987636674,0.019194763680279,0.019316150688423,0.019422597793248002,0.017080266769394,0.026947401107924002,0.027065052834874998,0.02965886104342,0.031229944305714,0.062781460131936,0.06771750653631999,0.06378403308469499,0.046774473978024,0.07228878310865999,0.07228806320335998,0.07229013262396,0.07228633381776,0.08084942481125999,0.08455754418215,0.09607854574248002,0.09908280541726001,0.09027929545397713,0.08470214404212426,0.07912499263027138,0.0735478412184185,0.06797068980656562,0.062393538394712754,0.05681638698285988,0.051239235571007,0.051943904722852395,0.0526485738746978,0.053353243026543214,0.054057912178388595,0.054762581330234,0.054762581330234,0.054762581330234,0.054762581330234,0.054762581330234,0.054762581330234,0.054762581330234,0.054762581330234,0.054762581330234,0.054762581330234,0.054762581330234,0.054762581330234,0.054762581330234,0.054762581330234,0.054762581330234,0.054762581330234,0.054762581330234,0.054762581330234,0.054762581330234,0.054762581330234,0.054762581330234
,KIR,,emi_ncov,emi_ncov,KYOTOGHG,IPCM0EL,MtCO2eq,AR4,0.020049872996987003,0.0203829472546,0.020995965117791993,0.021217561451604,0.021361185934688,0.02207694492495,0.022979793444543997,0.023794012363326004,0.024662236319721,0.025542849311576993,0.026936402206751996,0.027737733230606007,0.028811598892076,0.029309947165125003,0.03010613895658,0.030447055694285997,0.031410539868064004,0.032552493463680006,0.032652966915305004,0.033253526021976,0.03437121689134,0.034971936796640006,0.03556986737604,0.03589366618224,0.03661057518874,0.03729245581785,0.03804145425752,0.03860719458273999,0.03939957954602287,0.03696560595787575,0.03453163236972862,0.032097658781581495,0.02966368519343437,0.027229711605287248,0.024795738017140124,0.022361764428992997,0.022669295277147596,0.022976826125302195,0.0232843569734568,0.023591887821611396,0.023899418669765995,0.023899418669765995,0.023899418669765995,0.023899418669765995,0.023899418669765995,0.023899418669765995,0.023899418669765995,0.023899418669765995,0.023899418669765995,0.023899418669765995,0.023899418669765995,0.023899418669765995,0.023899418669765995,0.023899418669765995,0.023899418669765995,0.023899418669765995,0.023899418669765995,0.023899418669765995,0.023899418669765995,0.023899418669765995,0.023899418669765995
,KIR,,pc_cov,pc_cov,KYOTOGHG,IPCM0EL,MtCO2eq/MtCO2eq,AR4,0.409724939,0.405744978,0.436092576,0.46654695399999996,0.46485993600000003,0.45909727,0.48037731899999997,0.412406471,0.43766704700000003,0.43059699700000004,0.41896067200000003,0.381102833,0.483283436,0.48008962899999996,0.49625802799999996,0.506346682,0.666526458,0.6753516159999999,0.661406235,0.584476358,0.677749701,0.6739517359999999,0.670221886,0.668204232,0.688314531,0.693947839,0.716362554,0.719607854,0.696175807,0.696175807,0.696175807,0.696175807,0.696175807,0.696175807,0.696175807,0.696175807,0.696175807,0.696175807,0.696175807,0.696175807,0.696175807,0.696175807,0.696175807,0.696175807,0.696175807,0.696175807,0.696175807,0.696175807,0.696175807,0.696175807,0.696175807,0.696175807,0.696175807,0.696175807,0.696175807,0.696175807,0.696175807,0.696175807,0.696175807,0.696175807,0.696175807
,KNA,,pop,pop,POP,DEMOGR,Pers,,40259.0,40379.0,40697.0,41135.0,41617.0,42074.0,42475.0,42854.0,43221.0,43614.0,44074.0,44599.0,45165.0,45746.0,46324.0,46857.0,47339.0,47778.0,48185.0,48599.0,49016.0,49447.0,49887.0,50331.0,50774.0,51203.0,51625.0,52045.0,50977.5,50977.5,50977.5,50977.5,50977.5,50977.5,50977.5,50977.5,50977.5,50977.5,50977.5,50977.5,50977.5,50977.5,50977.5,50977.5,50977.5,50977.5,50977.5,50977.5,50977.5,50977.5,50977.5,50977.5,50977.5,50977.5,50977.5,50977.5,50977.5,50977.5,50977.5,50977.5,50977.5
,KNA,,gdp,gdp,GDPPPP,ECO,2011GKD,,390856262.207,405384613.0371,408107543.9453,424836151.123,461617553.7109,480214508.0566,527437988.2813,535342651.3672,553582885.7422,624475219.7266,622836059.5703,585790771.4844,662582519.5313,645332458.4961,707116943.3594,879836975.0977,886279602.0508,907718750.0,1006830688.4766,1015940185.5469,1040815673.8281,1115883422.8516,1139614990.2344,1218806884.7656,1299876953.125,1318066894.5313,1337135742.1875,1366814819.3359,1280052714.02995,1280052714.02995,1280052714.02995,1280052714.02995,1280052714.02995,1280052714.02995,1280052714.02995,1280052714.02995,1280052714.02995,1280052714.02995,1280052714.02995,1280052714.02995,1280052714.02995,1280052714.02995,1280052714.02995,1280052714.02995,1280052714.02995,1280052714.02995,1280052714.02995,1280052714.02995,1280052714.02995,1280052714.02995,1280052714.02995,1280052714.02995,1280052714.02995,1280052714.02995,1280052714.02995,1280052714.02995,1280052714.02995,1280052714.02995,1280052714.02995,1280052714.02995,1280052714.02995
"The target value from 'conditional_best' was used for 'conditional_worst' in 2025, 2030.
",KNA,ABS,conditional,worst,KYOTOGHG,IPCM0EL,MtCO2eq,AR4,0.13765,0.13864,0.14295,0.14740999999999999,0.15456,0.16144,0.16659000000000002,0.17995999999999998,0.18788,0.19952999999999999,0.2132300000000001,0.21804,0.2355,0.23609000000000002,0.25217,0.23765,0.24061999999999997,0.25713,0.25991,0.26695,0.26421,0.27524,0.25665,0.25959,0.26625,0.27184,0.2789,0.27801,0.2748533333333333,0.27169666666666664,0.26854,0.25678144378698226,0.2450228875739645,0.23326433136094676,0.22150577514792902,0.20974721893491127,0.20248954548285725,0.19523187203080322,0.1879741985787492,0.1807165251266952,0.17345885167464117,0.17345885167464117,0.17345885167464117,0.17345885167464117,0.17345885167464117,0.17345885167464117,0.17345885167464117,0.17345885167464117,0.17345885167464117,0.17345885167464117,0.17345885167464117,0.17345885167464117,0.17345885167464117,0.17345885167464117,0.17345885167464117,0.17345885167464117,0.17345885167464117,0.17345885167464117,0.17345885167464117,0.17345885167464117,0.17345885167464117
,KNA,ABS,conditional,best,KYOTOGHG,IPCM0EL,MtCO2eq,AR4,0.13765,0.13864,0.14295,0.14740999999999999,0.15456,0.16144,0.16659000000000002,0.17995999999999998,0.18788,0.19952999999999999,0.2132300000000001,0.21804,0.2355,0.23609000000000002,0.25217,0.23765,0.24061999999999997,0.25713,0.25991,0.26695,0.26421,0.27524,0.25665,0.25959,0.26625,0.27184,0.2789,0.27801,0.2748533333333333,0.27169666666666664,0.26854,0.25678144378698226,0.2450228875739645,0.23326433136094676,0.22150577514792902,0.20974721893491127,0.20248954548285725,0.19523187203080322,0.1879741985787492,0.1807165251266952,0.17345885167464117,0.17345885167464117,0.17345885167464117,0.17345885167464117,0.17345885167464117,0.17345885167464117,0.17345885167464117,0.17345885167464117,0.17345885167464117,0.17345885167464117,0.17345885167464117,0.17345885167464117,0.17345885167464117,0.17345885167464117,0.17345885167464117,0.17345885167464117,0.17345885167464117,0.17345885167464117,0.17345885167464117,0.17345885167464117,0.17345885167464117
,KNA,ABS,unconditional,worst,KYOTOGHG,IPCM0EL,MtCO2eq,AR4,0.13765,0.13864,0.14295,0.14740999999999999,0.15456,0.16144,0.16659000000000002,0.17995999999999998,0.18788,0.19952999999999999,0.2132300000000001,0.21804,0.2355,0.23609000000000002,0.25217,0.23765,0.24061999999999997,0.25713,0.25991,0.26695,0.26421,0.27524,0.25665,0.25959,0.26625,0.27184,0.2789,0.27801,0.2748533333333333,0.27169666666666664,0.26854,0.26854,0.26854,0.26854,0.26854,0.26854,0.26854,0.26854,0.26854,0.26854,0.26854,0.26854,0.26854,0.26854,0.26854,0.26854,0.26854,0.26854,0.26854,0.26854,0.26854,0.26854,0.26854,0.26854,0.26854,0.26854,0.26854,0.26854,0.26854,0.26854,0.26854
,KNA,ABS,unconditional,best,KYOTOGHG,IPCM0EL,MtCO2eq,AR4,0.13765,0.13864,0.14295,0.14740999999999999,0.15456,0.16144,0.16659000000000002,0.17995999999999998,0.18788,0.19952999999999999,0.2132300000000001,0.21804,0.2355,0.23609000000000002,0.25217,0.23765,0.24061999999999997,0.25713,0.25991,0.26695,0.26421,0.27524,0.25665,0.25959,0.26625,0.27184,0.2789,0.27801,0.2748533333333333,0.27169666666666664,0.26854,0.26854,0.26854,0.26854,0.26854,0.26854,0.26854,0.26854,0.26854,0.26854,0.26854,0.26854,0.26854,0.26854,0.26854,0.26854,0.26854,0.26854,0.26854,0.26854,0.26854,0.26854,0.26854,0.26854,0.26854,0.26854,0.26854,0.26854,0.26854,0.26854,0.26854
"The target value from 'conditional_best' was used for 'conditional_worst' in 2025, 2030.
",KNA,ABU,conditional,worst,KYOTOGHG,IPCM0EL,MtCO2eq,AR4,0.13765,0.13864,0.14295,0.14740999999999999,0.15456,0.16144,0.16659000000000002,0.17995999999999998,0.18788,0.19952999999999999,0.2132300000000001,0.21804,0.2355,0.23609000000000002,0.25217,0.23765,0.24061999999999997,0.25713,0.25991,0.26695,0.26421,0.27524,0.25665,0.25959,0.26625,0.27184,0.2789,0.27801,0.2748533333333333,0.27169666666666664,0.26854,0.25678144378698226,0.24502288757396448,0.23326433136094674,0.22150577514792896,0.20974721893491122,0.20248954548285722,0.1952318720308032,0.1879741985787492,0.18071652512669517,0.17345885167464117,0.17345885167464117,0.17345885167464117,0.17345885167464117,0.17345885167464117,0.17345885167464117,0.17345885167464117,0.17345885167464117,0.17345885167464117,0.17345885167464117,0.17345885167464117,0.17345885167464117,0.17345885167464117,0.17345885167464117,0.17345885167464117,0.17345885167464117,0.17345885167464117,0.17345885167464117,0.17345885167464117,0.17345885167464117,0.17345885167464117
,KNA,ABU,conditional,best,KYOTOGHG,IPCM0EL,MtCO2eq,AR4,0.13765,0.13864,0.14295,0.14740999999999999,0.15456,0.16144,0.16659000000000002,0.17995999999999998,0.18788,0.19952999999999999,0.2132300000000001,0.21804,0.2355,0.23609000000000002,0.25217,0.23765,0.24061999999999997,0.25713,0.25991,0.26695,0.26421,0.27524,0.25665,0.25959,0.26625,0.27184,0.2789,0.27801,0.2748533333333333,0.27169666666666664,0.26854,0.25678144378698226,0.24502288757396448,0.23326433136094674,0.22150577514792896,0.20974721893491122,0.20248954548285722,0.1952318720308032,0.1879741985787492,0.18071652512669517,0.17345885167464117,0.17345885167464117,0.17345885167464117,0.17345885167464117,0.17345885167464117,0.17345885167464117,0.17345885167464117,0.17345885167464117,0.17345885167464117,0.17345885167464117,0.17345885167464117,0.17345885167464117,0.17345885167464117,0.17345885167464117,0.17345885167464117,0.17345885167464117,0.17345885167464117,0.17345885167464117,0.17345885167464117,0.17345885167464117,0.17345885167464117
,KNA,ABU,unconditional,worst,KYOTOGHG,IPCM0EL,MtCO2eq,AR4,0.13765,0.13864,0.14295,0.14740999999999999,0.15456,0.16144,0.16659000000000002,0.17995999999999998,0.18788,0.19952999999999999,0.2132300000000001,0.21804,0.2355,0.23609000000000002,0.25217,0.23765,0.24061999999999997,0.25713,0.25991,0.26695,0.26421,0.27524,0.25665,0.25959,0.26625,0.27184,0.2789,0.27801,0.2748533333333333,0.27169666666666664,0.26854,0.26854,0.26854,0.26854,0.26854,0.26854,0.26854,0.26854,0.26854,0.26854,0.26854,0.26854,0.26854,0.26854,0.26854,0.26854,0.26854,0.26854,0.26854,0.26854,0.26854,0.26854,0.26854,0.26854,0.26854,0.26854,0.26854,0.26854,0.26854,0.26854,0.26854
,KNA,ABU,unconditional,best,KYOTOGHG,IPCM0EL,MtCO2eq,AR4,0.13765,0.13864,0.14295,0.14740999999999999,0.15456,0.16144,0.16659000000000002,0.17995999999999998,0.18788,0.19952999999999999,0.2132300000000001,0.21804,0.2355,0.23609000000000002,0.25217,0.23765,0.24061999999999997,0.25713,0.25991,0.26695,0.26421,0.27524,0.25665,0.25959,0.26625,0.27184,0.2789,0.27801,0.2748533333333333,0.27169666666666664,0.26854,0.26854,0.26854,0.26854,0.26854,0.26854,0.26854,0.26854,0.26854,0.26854,0.26854,0.26854,0.26854,0.26854,0.26854,0.26854,0.26854,0.26854,0.26854,0.26854,0.26854,0.26854,0.26854,0.26854,0.26854,0.26854,0.26854,0.26854,0.26854,0.26854,0.26854
"The target value from 'conditional_best' was used for 'conditional_worst' in 2025, 2030.
",KNA,RBU,conditional,worst,KYOTOGHG,IPCM0EL,MtCO2eq,AR4,0.13765,0.13864,0.14295,0.14740999999999999,0.15456,0.16144,0.16659000000000002,0.17995999999999998,0.18788,0.19952999999999999,0.2132300000000001,0.21804,0.2355,0.23609000000000002,0.25217,0.23765,0.24061999999999997,0.25713,0.25991,0.26695,0.26421,0.27524,0.25665,0.25959,0.26625,0.27184,0.2789,0.27801,0.2748533333333333,0.27169666666666664,0.26854,0.2573325651997669,0.2461251303995338,0.23491769559930067,0.22371026079906756,0.21250282599883447,0.20569502790577074,0.198887229812707,0.19207943171964326,0.18527163362657953,0.1784638355335158,0.1784638355335158,0.1784638355335158,0.1784638355335158,0.1784638355335158,0.1784638355335158,0.1784638355335158,0.1784638355335158,0.1784638355335158,0.1784638355335158,0.1784638355335158,0.1784638355335158,0.1784638355335158,0.1784638355335158,0.1784638355335158,0.1784638355335158,0.1784638355335158,0.1784638355335158,0.1784638355335158,0.1784638355335158,0.1784638355335158
,KNA,RBU,conditional,best,KYOTOGHG,IPCM0EL,MtCO2eq,AR4,0.13765,0.13864,0.14295,0.14740999999999999,0.15456,0.16144,0.16659000000000002,0.17995999999999998,0.18788,0.19952999999999999,0.2132300000000001,0.21804,0.2355,0.23609000000000002,0.25217,0.23765,0.24061999999999997,0.25713,0.25991,0.26695,0.26421,0.27524,0.25665,0.25959,0.26625,0.27184,0.2789,0.27801,0.2748533333333333,0.27169666666666664,0.26854,0.2573325651997669,0.2461251303995338,0.23491769559930067,0.22371026079906756,0.21250282599883447,0.20569502790577074,0.198887229812707,0.19207943171964326,0.18527163362657953,0.1784638355335158,0.1784638355335158,0.1784638355335158,0.1784638355335158,0.1784638355335158,0.1784638355335158,0.1784638355335158,0.1784638355335158,0.1784638355335158,0.1784638355335158,0.1784638355335158,0.1784638355335158,0.1784638355335158,0.1784638355335158,0.1784638355335158,0.1784638355335158,0.1784638355335158,0.1784638355335158,0.1784638355335158,0.1784638355335158,0.1784638355335158
,KNA,RBU,unconditional,worst,KYOTOGHG,IPCM0EL,MtCO2eq,AR4,0.13765,0.13864,0.14295,0.14740999999999999,0.15456,0.16144,0.16659000000000002,0.17995999999999998,0.18788,0.19952999999999999,0.2132300000000001,0.21804,0.2355,0.23609000000000002,0.25217,0.23765,0.24061999999999997,0.25713,0.25991,0.26695,0.26421,0.27524,0.25665,0.25959,0.26625,0.27184,0.2789,0.27801,0.2748533333333333,0.27169666666666664,0.26854,0.26854,0.26854,0.26854,0.26854,0.26854,0.26854,0.26854,0.26854,0.26854,0.26854,0.26854,0.26854,0.26854,0.26854,0.26854,0.26854,0.26854,0.26854,0.26854,0.26854,0.26854,0.26854,0.26854,0.26854,0.26854,0.26854,0.26854,0.26854,0.26854,0.26854
,KNA,RBU,unconditional,best,KYOTOGHG,IPCM0EL,MtCO2eq,AR4,0.13765,0.13864,0.14295,0.14740999999999999,0.15456,0.16144,0.16659000000000002,0.17995999999999998,0.18788,0.19952999999999999,0.2132300000000001,0.21804,0.2355,0.23609000000000002,0.25217,0.23765,0.24061999999999997,0.25713,0.25991,0.26695,0.26421,0.27524,0.25665,0.25959,0.26625,0.27184,0.2789,0.27801,0.2748533333333333,0.27169666666666664,0.26854,0.26854,0.26854,0.26854,0.26854,0.26854,0.26854,0.26854,0.26854,0.26854,0.26854,0.26854,0.26854,0.26854,0.26854,0.26854,0.26854,0.26854,0.26854,0.26854,0.26854,0.26854,0.26854,0.26854,0.26854,0.26854,0.26854,0.26854,0.26854,0.26854,0.26854
"No targets calculated, so the baseline emissions are put in as target pathways for all un/conditional best/worst pathways.
",KNA,baseline_emissions,conditional,worst,KYOTOGHG,IPCM0EL,MtCO2eq,AR4,0.13765,0.13864,0.14295,0.14740999999999999,0.15456,0.16144,0.16659000000000002,0.17995999999999998,0.18788,0.19952999999999999,0.2132300000000001,0.21804,0.2355,0.23609000000000002,0.25217,0.23765,0.24061999999999997,0.25713,0.25991,0.26695,0.26421,0.27524,0.25665,0.25959,0.26625,0.27184,0.2789,0.27801,0.2748533333333333,0.27169666666666664,0.26854,0.26854,0.26854,0.26854,0.26854,0.26854,0.26854,0.26854,0.26854,0.26854,0.26854,0.26854,0.26854,0.26854,0.26854,0.26854,0.26854,0.26854,0.26854,0.26854,0.26854,0.26854,0.26854,0.26854,0.26854,0.26854,0.26854,0.26854,0.26854,0.26854,0.26854
"No targets calculated, so the baseline emissions are put in as target pathways for all un/conditional best/worst pathways.
",KNA,baseline_emissions,conditional,best,KYOTOGHG,IPCM0EL,MtCO2eq,AR4,0.13765,0.13864,0.14295,0.14740999999999999,0.15456,0.16144,0.16659000000000002,0.17995999999999998,0.18788,0.19952999999999999,0.2132300000000001,0.21804,0.2355,0.23609000000000002,0.25217,0.23765,0.24061999999999997,0.25713,0.25991,0.26695,0.26421,0.27524,0.25665,0.25959,0.26625,0.27184,0.2789,0.27801,0.2748533333333333,0.27169666666666664,0.26854,0.26854,0.26854,0.26854,0.26854,0.26854,0.26854,0.26854,0.26854,0.26854,0.26854,0.26854,0.26854,0.26854,0.26854,0.26854,0.26854,0.26854,0.26854,0.26854,0.26854,0.26854,0.26854,0.26854,0.26854,0.26854,0.26854,0.26854,0.26854,0.26854,0.26854
"No targets calculated, so the baseline emissions are put in as target pathways for all un/conditional best/worst pathways.
",KNA,baseline_emissions,unconditional,worst,KYOTOGHG,IPCM0EL,MtCO2eq,AR4,0.13765,0.13864,0.14295,0.14740999999999999,0.15456,0.16144,0.16659000000000002,0.17995999999999998,0.18788,0.19952999999999999,0.2132300000000001,0.21804,0.2355,0.23609000000000002,0.25217,0.23765,0.24061999999999997,0.25713,0.25991,0.26695,0.26421,0.27524,0.25665,0.25959,0.26625,0.27184,0.2789,0.27801,0.2748533333333333,0.27169666666666664,0.26854,0.26854,0.26854,0.26854,0.26854,0.26854,0.26854,0.26854,0.26854,0.26854,0.26854,0.26854,0.26854,0.26854,0.26854,0.26854,0.26854,0.26854,0.26854,0.26854,0.26854,0.26854,0.26854,0.26854,0.26854,0.26854,0.26854,0.26854,0.26854,0.26854,0.26854
"No targets calculated, so the baseline emissions are put in as target pathways for all un/conditional best/worst pathways.
",KNA,baseline_emissions,unconditional,best,KYOTOGHG,IPCM0EL,MtCO2eq,AR4,0.13765,0.13864,0.14295,0.14740999999999999,0.15456,0.16144,0.16659000000000002,0.17995999999999998,0.18788,0.19952999999999999,0.2132300000000001,0.21804,0.2355,0.23609000000000002,0.25217,0.23765,0.24061999999999997,0.25713,0.25991,0.26695,0.26421,0.27524,0.25665,0.25959,0.26625,0.27184,0.2789,0.27801,0.2748533333333333,0.27169666666666664,0.26854,0.26854,0.26854,0.26854,0.26854,0.26854,0.26854,0.26854,0.26854,0.26854,0.26854,0.26854,0.26854,0.26854,0.26854,0.26854,0.26854,0.26854,0.26854,0.26854,0.26854,0.26854,0.26854,0.26854,0.26854,0.26854,0.26854,0.26854,0.26854,0.26854,0.26854
,KNA,,emi_bau,emi_bau,KYOTOGHG,IPCM0EL,MtCO2eq,AR4,0.13765,0.13864,0.14295,0.14740999999999999,0.15456,0.16144,0.16659000000000002,0.17995999999999998,0.18788,0.19952999999999999,0.2132300000000001,0.21804,0.2355,0.23609000000000002,0.25217,0.23765,0.24061999999999997,0.25713,0.25991,0.26695,0.26421,0.27524,0.25665,0.25959,0.26625,0.27184,0.2789,0.27801,0.2748533333333333,0.27169666666666664,0.26854,0.26854,0.26854,0.26854,0.26854,0.26854,0.26854,0.26854,0.26854,0.26854,0.26854,0.26854,0.26854,0.26854,0.26854,0.26854,0.26854,0.26854,0.26854,0.26854,0.26854,0.26854,0.26854,0.26854,0.26854,0.26854,0.26854,0.26854,0.26854,0.26854,0.26854
,KNA,,emi_cov,emi_cov,KYOTOGHG,IPCM0EL,MtCO2eq,AR4,0.10697565678285001,0.10697601830248002,0.11064675853230001,0.11431537875959,0.12165443226048,0.12899139593631997,0.13265951787144,0.14366403424295998,0.15100923125287996,0.16201404396657001,0.17301546808690008,0.1766972110188,0.198702956853,0.19874794406212,0.21341559322299,0.19875032272725,0.20257133159435997,0.21761984389230002,0.21820469143192997,0.22479966627035,0.22122006592170002,0.23190660991988002,0.2209055660712,0.22493899539108,0.232314936915,0.23724856687024,0.24414353777999998,0.24286298636240997,0.2392317789834133,0.23648422277528666,0.23373666656716002,0.23373666656716002,0.23373666656716002,0.23373666656716002,0.23373666656716002,0.23373666656716002,0.23373666656716002,0.23373666656716002,0.23373666656716002,0.23373666656716002,0.23373666656716002,0.23373666656716002,0.23373666656716002,0.23373666656716002,0.23373666656716002,0.23373666656716002,0.23373666656716002,0.23373666656716002,0.23373666656716002,0.23373666656716002,0.23373666656716002,0.23373666656716002,0.23373666656716002,0.23373666656716002,0.23373666656716002,0.23373666656716002,0.23373666656716002,0.23373666656716002,0.23373666656716002,0.23373666656716002,0.23373666656716002
,KNA,,emi_ncov,emi_ncov,KYOTOGHG,IPCM0EL,MtCO2eq,AR4,0.030674343217149985,0.031663981697519994,0.032303241467699986,0.03309462124040999,0.032905567739520004,0.03244860406368001,0.03393048212856002,0.03629596575704,0.03687076874712002,0.03751595603342998,0.04021453191310001,0.04134278898120001,0.036797043147000004,0.03734205593788001,0.038754406777009996,0.038899677272750004,0.038048668405640015,0.0395101561077,0.04170530856807001,0.04215033372965002,0.0429899340783,0.04333339008011997,0.035744433928800015,0.03465100460891998,0.033935063084999995,0.03459143312976002,0.03475646222000001,0.03514701363759,0.03562155434991997,0.03521244389137997,0.03480333343283998,0.03480333343283998,0.03480333343283998,0.03480333343283998,0.03480333343283998,0.03480333343283998,0.03480333343283998,0.03480333343283998,0.03480333343283998,0.03480333343283998,0.03480333343283998,0.03480333343283998,0.03480333343283998,0.03480333343283998,0.03480333343283998,0.03480333343283998,0.03480333343283998,0.03480333343283998,0.03480333343283998,0.03480333343283998,0.03480333343283998,0.03480333343283998,0.03480333343283998,0.03480333343283998,0.03480333343283998,0.03480333343283998,0.03480333343283998,0.03480333343283998,0.03480333343283998,0.03480333343283998,0.03480333343283998
,KNA,,pc_cov,pc_cov,KYOTOGHG,IPCM0EL,MtCO2eq/MtCO2eq,AR4,0.7771569690000001,0.7716100570000001,0.7740241940000001,0.7754926990000001,0.787101658,0.7990051779999999,0.7963234159999999,0.798310926,0.8037536259999999,0.8119783690000001,0.81140303,0.81038897,0.843749286,0.841831268,0.846316347,0.836315265,0.8418723779999999,0.84634171,0.839539423,0.8421040129999999,0.83728877,0.8425614370000001,0.860726928,0.8665164120000001,0.872544364,0.8727507609999999,0.8753801999999999,0.873576441,0.8703979540000001,0.8703979540000001,0.8703979540000001,0.8703979540000001,0.8703979540000001,0.8703979540000001,0.8703979540000001,0.8703979540000001,0.8703979540000001,0.8703979540000001,0.8703979540000001,0.8703979540000001,0.8703979540000001,0.8703979540000001,0.8703979540000001,0.8703979540000001,0.8703979540000001,0.8703979540000001,0.8703979540000001,0.8703979540000001,0.8703979540000001,0.8703979540000001,0.8703979540000001,0.8703979540000001,0.8703979540000001,0.8703979540000001,0.8703979540000001,0.8703979540000001,0.8703979540000001,0.8703979540000001,0.8703979540000001,0.8703979540000001,0.8703979540000001
,KOR,,pop,pop,POP,DEMOGR,Pers,,42918419.0,43373151.0,43848218.0,44335028.0,44820073.0,45292522.0,45751022.0,46196054.0,46620691.0,47016957.0,47379241.0,47706224.0,47999547.0,48260897.0,48493441.0,48701073.0,48880451.0,49034810.0,49182456.0,49347461.0,49545636.0,49786159.0,50060639.0,50345717.0,50607907.0,50823093.0,50983457.0,51096415.0,51211458.7616,51215862.8281,51206947.9965,51177414.8427,51125541.9416,51060022.5011,50989442.057,50922290.1739,50837579.0307,50714259.4295,50560671.0876,50385145.1127,50195990.4389,49995363.6637,49779295.4912,49547016.26100001,49297933.7236,49031633.5649,48745619.1562,48438797.0949,48113051.7815,47770348.9152,47412737.7631,47036818.7864,46639741.5513,46224474.6363,45794031.3845,45351471.2384,44890885.2127,44408140.5815,43908955.0481,43398988.651,42883841.7813
,KOR,,gdp,gdp,GDPPPP,ECO,2011GKD,,542584000000.0,615425312500.0,669655000000.0,741525687500.0,827091562500.0,924832187500.0,1007673375000.0,990823625000.0,896737500000.0,976920125000.0,1040469625000.0,1085246250000.0,1180628875000.0,1224862500000.0,1294621750000.0,1362162625000.0,1400542375000.0,1473535625000.0,1483882625000.0,1490030750000.0,1589918500000.0,1606446500000.0,1613994125000.0,1641139625000.0,1674811875000.0,1752461250000.0,1808310125000.0,1876243250000.0,1885671039700.798,1936048330875.865,1985629545580.526,2036330153815.985,2089112003677.044,2143751655276.531,2199987388612.329,2257545379277.5767,2314418857263.1167,2368382572352.924,2418833235015.0107,2465157577079.834,2506731616662.141,2545294341090.6733,2582449545224.319,2617379765540.013,2649287168569.246,2677392479585.35,2702240451580.398,2724857608850.296,2745191663207.972,2763176631877.071,2778733115349.2617,2792589827881.478,2805201972074.375,2816053418121.011,2824607361971.6333,2830305474122.255,2833829336690.8,2836382273278.021,2838155323492.871,2839320125263.951,2840030624030.64
"The target value from 'unconditional_best' was used for 'conditional_worst' in 2030.
The target value from 'unconditional_best' was used for 'conditional_best' in 2030.
",KOR,ABS,conditional,worst,KYOTOGHG,IPCM0EL,MtCO2eq,AR4,316.0829,336.6732,357.4644,393.309,417.2845,450.2916,484.4418,514.4177,442.6144,481.0183,516.6166,529.2732,553.7399,563.5015,572.6177,580.1012,581.8475,595.9814,609.3112,613.4676,671.5169,700.2018,706.7901,715.4274,709.7366,722.2795,730.0832,745.5149,760.0554732507718,774.5960465015437,789.1366197523155,765.2237712140927,740.9049768212564,716.1802365738057,691.0495504717414,665.512918515063,641.7201833486272,617.3170369522758,592.3034793260083,566.6795104698252,540.4451303837263,543.255486755699,546.0627560009377,548.6930509809519,550.9837620202183,552.7816668285888,554.1739609856544,555.3314445031714,556.2327595043471,556.85617009687,557.1796253754968,557.3416680277423,557.4253984650807,557.3233972776835,556.9266069884759,556.1240800427905,554.9762359209941,553.6419671460118,552.1523969955298,550.5343015687722,548.8104878020193
,KOR,ABS,conditional,best,KYOTOGHG,IPCM0EL,MtCO2eq,AR4,316.0829,336.6732,357.4644,393.309,417.2845,450.2916,484.4418,514.4177,442.6144,481.0183,516.6166,529.2732,553.7399,563.5015,572.6177,580.1012,581.8475,595.9814,609.3112,613.4676,671.5169,700.2018,706.7901,715.4274,709.7366,722.2795,730.0832,745.5149,760.0554732507718,774.5960465015437,789.1366197523155,765.2237712140927,740.9049768212564,716.1802365738057,691.0495504717414,665.512918515063,641.7201833486272,617.3170369522758,592.3034793260083,566.6795104698252,540.4451303837263,543.255486755699,546.0627560009377,548.6930509809519,550.9837620202183,552.7816668285888,554.1739609856544,555.3314445031714,556.2327595043471,556.85617009687,557.1796253754968,557.3416680277423,557.4253984650807,557.3233972776835,556.9266069884759,556.1240800427905,554.9762359209941,553.6419671460118,552.1523969955298,550.5343015687722,548.8104878020193
"The target value from 'unconditional_best' was used for 'unconditional_worst' in 2030.
",KOR,ABS,unconditional,worst,KYOTOGHG,IPCM0EL,MtCO2eq,AR4,316.0829,336.6732,357.4644,393.309,417.2845,450.2916,484.4418,514.4177,442.6144,481.0183,516.6166,529.2732,553.7399,563.5015,572.6177,580.1012,581.8475,595.9814,609.3112,613.4676,671.5169,700.2018,706.7901,715.4274,709.7366,722.2795,730.0832,745.5149,760.0554732507718,774.5960465015437,789.1366197523155,765.2237712140927,740.9049768212564,716.1802365738057,691.0495504717414,665.512918515063,641.7201833486272,617.3170369522758,592.3034793260083,566.6795104698252,540.4451303837263,543.255486755699,546.0627560009377,548.6930509809519,550.9837620202183,552.7816668285888,554.1739609856544,555.3314445031714,556.2327595043471,556.85617009687,557.1796253754968,557.3416680277423,557.4253984650807,557.3233972776835,556.9266069884759,556.1240800427905,554.9762359209941,553.6419671460118,552.1523969955298,550.5343015687722,548.8104878020193
,KOR,ABS,unconditional,best,KYOTOGHG,IPCM0EL,MtCO2eq,AR4,316.0829,336.6732,357.4644,393.309,417.2845,450.2916,484.4418,514.4177,442.6144,481.0183,516.6166,529.2732,553.7399,563.5015,572.6177,580.1012,581.8475,595.9814,609.3112,613.4676,671.5169,700.2018,706.7901,715.4274,709.7366,722.2795,730.0832,745.5149,760.0554732507718,774.5960465015437,789.1366197523155,765.2237712140927,740.9049768212564,716.1802365738057,691.0495504717414,665.512918515063,641.7201833486272,617.3170369522758,592.3034793260083,566.6795104698252,540.4451303837263,543.255486755699,546.0627560009377,548.6930509809519,550.9837620202183,552.7816668285888,554.1739609856544,555.3314445031714,556.2327595043471,556.85617009687,557.1796253754968,557.3416680277423,557.4253984650807,557.3233972776835,556.9266069884759,556.1240800427905,554.9762359209941,553.6419671460118,552.1523969955298,550.5343015687722,548.8104878020193
"The target value from 'unconditional_best' was used for 'conditional_worst' in 2030.
The target value from 'unconditional_best' was used for 'conditional_best' in 2030.
",KOR,ABU,conditional,worst,KYOTOGHG,IPCM0EL,MtCO2eq,AR4,316.0829,336.6732,357.4644,393.309,417.2845,450.2916,484.4418,514.4177,442.6144,481.0183,516.6166,529.2732,553.7399,563.5015,572.6177,580.1012,581.8475,595.9814,609.3112,613.4676,671.5169,700.2018,706.7901,715.4274,709.7366,722.2795,730.0832,745.5149,760.0554732507718,774.5960465015437,789.1366197523155,765.2237712140927,740.9049768212564,716.1802365738057,691.0495504717414,665.512918515063,641.7201833486272,617.3170369522758,592.3034793260083,566.6795104698252,540.4451303837263,543.255486755699,546.0627560009377,548.6930509809519,550.9837620202183,552.7816668285888,554.1739609856544,555.3314445031714,556.2327595043471,556.85617009687,557.1796253754968,557.3416680277423,557.4253984650807,557.3233972776835,556.9266069884759,556.1240800427905,554.9762359209941,553.6419671460118,552.1523969955298,550.5343015687722,548.8104878020193
,KOR,ABU,conditional,best,KYOTOGHG,IPCM0EL,MtCO2eq,AR4,316.0829,336.6732,357.4644,393.309,417.2845,450.2916,484.4418,514.4177,442.6144,481.0183,516.6166,529.2732,553.7399,563.5015,572.6177,580.1012,581.8475,595.9814,609.3112,613.4676,671.5169,700.2018,706.7901,715.4274,709.7366,722.2795,730.0832,745.5149,760.0554732507718,774.5960465015437,789.1366197523155,765.2237712140927,740.9049768212564,716.1802365738057,691.0495504717414,665.512918515063,641.7201833486272,617.3170369522758,592.3034793260083,566.6795104698252,540.4451303837263,543.255486755699,546.0627560009377,548.6930509809519,550.9837620202183,552.7816668285888,554.1739609856544,555.3314445031714,556.2327595043471,556.85617009687,557.1796253754968,557.3416680277423,557.4253984650807,557.3233972776835,556.9266069884759,556.1240800427905,554.9762359209941,553.6419671460118,552.1523969955298,550.5343015687722,548.8104878020193
"The target value from 'unconditional_best' was used for 'unconditional_worst' in 2030.
",KOR,ABU,unconditional,worst,KYOTOGHG,IPCM0EL,MtCO2eq,AR4,316.0829,336.6732,357.4644,393.309,417.2845,450.2916,484.4418,514.4177,442.6144,481.0183,516.6166,529.2732,553.7399,563.5015,572.6177,580.1012,581.8475,595.9814,609.3112,613.4676,671.5169,700.2018,706.7901,715.4274,709.7366,722.2795,730.0832,745.5149,760.0554732507718,774.5960465015437,789.1366197523155,765.2237712140927,740.9049768212564,716.1802365738057,691.0495504717414,665.512918515063,641.7201833486272,617.3170369522758,592.3034793260083,566.6795104698252,540.4451303837263,543.255486755699,546.0627560009377,548.6930509809519,550.9837620202183,552.7816668285888,554.1739609856544,555.3314445031714,556.2327595043471,556.85617009687,557.1796253754968,557.3416680277423,557.4253984650807,557.3233972776835,556.9266069884759,556.1240800427905,554.9762359209941,553.6419671460118,552.1523969955298,550.5343015687722,548.8104878020193
,KOR,ABU,unconditional,best,KYOTOGHG,IPCM0EL,MtCO2eq,AR4,316.0829,336.6732,357.4644,393.309,417.2845,450.2916,484.4418,514.4177,442.6144,481.0183,516.6166,529.2732,553.7399,563.5015,572.6177,580.1012,581.8475,595.9814,609.3112,613.4676,671.5169,700.2018,706.7901,715.4274,709.7366,722.2795,730.0832,745.5149,760.0554732507718,774.5960465015437,789.1366197523155,765.2237712140927,740.9049768212564,716.1802365738057,691.0495504717414,665.512918515063,641.7201833486272,617.3170369522758,592.3034793260083,566.6795104698252,540.4451303837263,543.255486755699,546.0627560009377,548.6930509809519,550.9837620202183,552.7816668285888,554.1739609856544,555.3314445031714,556.2327595043471,556.85617009687,557.1796253754968,557.3416680277423,557.4253984650807,557.3233972776835,556.9266069884759,556.1240800427905,554.9762359209941,553.6419671460118,552.1523969955298,550.5343015687722,548.8104878020193
"The target value from 'unconditional_best' was used for 'conditional_worst' in 2030.
The target value from 'unconditional_best' was used for 'conditional_best' in 2030.
",KOR,RBU,conditional,worst,KYOTOGHG,IPCM0EL,MtCO2eq,AR4,316.0829,336.6732,357.4644,393.309,417.2845,450.2916,484.4418,514.4177,442.6144,481.0183,516.6166,529.2732,553.7399,563.5015,572.6177,580.1012,581.8475,595.9814,609.3112,613.4676,671.5169,700.2018,706.7901,715.4274,709.7366,722.2795,730.0832,745.5149,760.0554732507718,774.5960465015437,789.1366197523155,765.2323728722752,740.9222989106762,716.2063978675181,691.0846697428016,665.5571145365259,641.7737543631275,617.3801615560618,592.3763361153282,566.7622780409273,540.5379873328588,543.3488265681308,546.1565781462518,548.7873250521941,551.0784296715419,552.8766433881549,554.2691767631919,555.4268591545299,556.328329015758,556.9518467199975,557.275357573314,557.4374280670283,557.521172890569,557.4191541777682,557.0222957137661,556.2196308813654,555.0715895419474,553.7370915186644,552.2472654366699,550.6288919957415,548.9047820507492
,KOR,RBU,conditional,best,KYOTOGHG,IPCM0EL,MtCO2eq,AR4,316.0829,336.6732,357.4644,393.309,417.2845,450.2916,484.4418,514.4177,442.6144,481.0183,516.6166,529.2732,553.7399,563.5015,572.6177,580.1012,581.8475,595.9814,609.3112,613.4676,671.5169,700.2018,706.7901,715.4274,709.7366,722.2795,730.0832,745.5149,760.0554732507718,774.5960465015437,789.1366197523155,765.2323728722752,740.9222989106762,716.2063978675181,691.0846697428016,665.5571145365259,641.7737543631275,617.3801615560618,592.3763361153282,566.7622780409273,540.5379873328588,543.3488265681308,546.1565781462518,548.7873250521941,551.0784296715419,552.8766433881549,554.2691767631919,555.4268591545299,556.328329015758,556.9518467199975,557.275357573314,557.4374280670283,557.521172890569,557.4191541777682,557.0222957137661,556.2196308813654,555.0715895419474,553.7370915186644,552.2472654366699,550.6288919957415,548.9047820507492
"The target value from 'unconditional_best' was used for 'unconditional_worst' in 2030.
",KOR,RBU,unconditional,worst,KYOTOGHG,IPCM0EL,MtCO2eq,AR4,316.0829,336.6732,357.4644,393.309,417.2845,450.2916,484.4418,514.4177,442.6144,481.0183,516.6166,529.2732,553.7399,563.5015,572.6177,580.1012,581.8475,595.9814,609.3112,613.4676,671.5169,700.2018,706.7901,715.4274,709.7366,722.2795,730.0832,745.5149,760.0554732507718,774.5960465015437,789.1366197523155,765.2323728722752,740.9222989106762,716.2063978675181,691.0846697428016,665.5571145365259,641.7737543631275,617.3801615560618,592.3763361153282,566.7622780409273,540.5379873328588,543.3488265681308,546.1565781462518,548.7873250521941,551.0784296715419,552.8766433881549,554.2691767631919,555.4268591545299,556.328329015758,556.9518467199975,557.275357573314,557.4374280670283,557.521172890569,557.4191541777682,557.0222957137661,556.2196308813654,555.0715895419474,553.7370915186644,552.2472654366699,550.6288919957415,548.9047820507492
,KOR,RBU,unconditional,best,KYOTOGHG,IPCM0EL,MtCO2eq,AR4,316.0829,336.6732,357.4644,393.309,417.2845,450.2916,484.4418,514.4177,442.6144,481.0183,516.6166,529.2732,553.7399,563.5015,572.6177,580.1012,581.8475,595.9814,609.3112,613.4676,671.5169,700.2018,706.7901,715.4274,709.7366,722.2795,730.0832,745.5149,760.0554732507718,774.5960465015437,789.1366197523155,765.2323728722752,740.9222989106762,716.2063978675181,691.0846697428016,665.5571145365259,641.7737543631275,617.3801615560618,592.3763361153282,566.7622780409273,540.5379873328588,543.3488265681308,546.1565781462518,548.7873250521941,551.0784296715419,552.8766433881549,554.2691767631919,555.4268591545299,556.328329015758,556.9518467199975,557.275357573314,557.4374280670283,557.521172890569,557.4191541777682,557.0222957137661,556.2196308813654,555.0715895419474,553.7370915186644,552.2472654366699,550.6288919957415,548.9047820507492
"No targets calculated, so the baseline emissions are put in as target pathways for all un/conditional best/worst pathways.
",KOR,baseline_emissions,conditional,worst,KYOTOGHG,IPCM0EL,MtCO2eq,AR4,316.0829,336.6732,357.4644,393.309,417.2845,450.2916,484.4418,514.4177,442.6144,481.0183,516.6166,529.2732,553.7399,563.5015,572.6177,580.1012,581.8475,595.9814,609.3112,613.4676,671.5169,700.2018,706.7901,715.4274,709.7366,722.2795,730.0832,745.5149,760.0554732507718,774.5960465015437,789.1366197523155,794.6227580417117,800.1088963311081,805.5950346205043,811.0811729099007,816.5673111992969,824.8166882594553,833.0660653196138,841.315442379772,849.5648194399304,857.8141965000888,862.2748965000889,866.7306965000888,870.9055965000888,874.5414965000888,877.3951965000888,879.6050965000888,881.4422965000888,882.8728965000888,883.8623965000888,884.3757965000888,884.6329965000888,884.7658965000888,884.6039965000888,883.9741965000889,882.7003965000888,880.8784965000888,878.7606965000888,876.3963965000888,873.8280965000888,871.0919965000888
"No targets calculated, so the baseline emissions are put in as target pathways for all un/conditional best/worst pathways.
",KOR,baseline_emissions,conditional,best,KYOTOGHG,IPCM0EL,MtCO2eq,AR4,316.0829,336.6732,357.4644,393.309,417.2845,450.2916,484.4418,514.4177,442.6144,481.0183,516.6166,529.2732,553.7399,563.5015,572.6177,580.1012,581.8475,595.9814,609.3112,613.4676,671.5169,700.2018,706.7901,715.4274,709.7366,722.2795,730.0832,745.5149,760.0554732507718,774.5960465015437,789.1366197523155,794.6227580417117,800.1088963311081,805.5950346205043,811.0811729099007,816.5673111992969,824.8166882594553,833.0660653196138,841.315442379772,849.5648194399304,857.8141965000888,862.2748965000889,866.7306965000888,870.9055965000888,874.5414965000888,877.3951965000888,879.6050965000888,881.4422965000888,882.8728965000888,883.8623965000888,884.3757965000888,884.6329965000888,884.7658965000888,884.6039965000888,883.9741965000889,882.7003965000888,880.8784965000888,878.7606965000888,876.3963965000888,873.8280965000888,871.0919965000888
"No targets calculated, so the baseline emissions are put in as target pathways for all un/conditional best/worst pathways.
",KOR,baseline_emissions,unconditional,worst,KYOTOGHG,IPCM0EL,MtCO2eq,AR4,316.0829,336.6732,357.4644,393.309,417.2845,450.2916,484.4418,514.4177,442.6144,481.0183,516.6166,529.2732,553.7399,563.5015,572.6177,580.1012,581.8475,595.9814,609.3112,613.4676,671.5169,700.2018,706.7901,715.4274,709.7366,722.2795,730.0832,745.5149,760.0554732507718,774.5960465015437,789.1366197523155,794.6227580417117,800.1088963311081,805.5950346205043,811.0811729099007,816.5673111992969,824.8166882594553,833.0660653196138,841.315442379772,849.5648194399304,857.8141965000888,862.2748965000889,866.7306965000888,870.9055965000888,874.5414965000888,877.3951965000888,879.6050965000888,881.4422965000888,882.8728965000888,883.8623965000888,884.3757965000888,884.6329965000888,884.7658965000888,884.6039965000888,883.9741965000889,882.7003965000888,880.8784965000888,878.7606965000888,876.3963965000888,873.8280965000888,871.0919965000888
"No targets calculated, so the baseline emissions are put in as target pathways for all un/conditional best/worst pathways.
",KOR,baseline_emissions,unconditional,best,KYOTOGHG,IPCM0EL,MtCO2eq,AR4,316.0829,336.6732,357.4644,393.309,417.2845,450.2916,484.4418,514.4177,442.6144,481.0183,516.6166,529.2732,553.7399,563.5015,572.6177,580.1012,581.8475,595.9814,609.3112,613.4676,671.5169,700.2018,706.7901,715.4274,709.7366,722.2795,730.0832,745.5149,760.0554732507718,774.5960465015437,789.1366197523155,794.6227580417117,800.1088963311081,805.5950346205043,811.0811729099007,816.5673111992969,824.8166882594553,833.0660653196138,841.315442379772,849.5648194399304,857.8141965000888,862.2748965000889,866.7306965000888,870.9055965000888,874.5414965000888,877.3951965000888,879.6050965000888,881.4422965000888,882.8728965000888,883.8623965000888,884.3757965000888,884.6329965000888,884.7658965000888,884.6039965000888,883.9741965000889,882.7003965000888,880.8784965000888,878.7606965000888,876.3963965000888,873.8280965000888,871.0919965000888
,KOR,,emi_bau,emi_bau,KYOTOGHG,IPCM0EL,MtCO2eq,AR4,316.0829,336.6732,357.4644,393.309,417.2845,450.2916,484.4418,514.4177,442.6144,481.0183,516.6166,529.2732,553.7399,563.5015,572.6177,580.1012,581.8475,595.9814,609.3112,613.4676,671.5169,700.2018,706.7901,715.4274,709.7366,722.2795,730.0832,745.5149,760.0554732507718,774.5960465015437,789.1366197523155,794.6227580417117,800.1088963311081,805.5950346205043,811.0811729099007,816.5673111992969,824.8166882594553,833.0660653196138,841.315442379772,849.5648194399304,857.8141965000888,862.2748965000889,866.7306965000888,870.9055965000888,874.5414965000888,877.3951965000888,879.6050965000888,881.4422965000888,882.8728965000888,883.8623965000888,884.3757965000888,884.6329965000888,884.7658965000888,884.6039965000888,883.9741965000889,882.7003965000888,880.8784965000888,878.7606965000888,876.3963965000888,873.8280965000888,871.0919965000888
,KOR,,emi_cov,emi_cov,KYOTOGHG,IPCM0EL,MtCO2eq,AR4,316.0805606704571,336.6703446745908,357.4610287532436,393.303619926189,417.276426379494,450.280642153914,484.4264848569348,514.4027571946505,442.5931978850112,480.9795621532461,516.5786669095284,529.2265191623064,553.6492112478776,563.3871401880825,572.492479961364,579.9392003587867,581.6633900685075,595.772159870181,609.0768302748536,613.2050597924364,671.2227702256648,699.9516900176454,706.5254099347105,715.1481300527004,709.4427498847117,721.9710700410715,729.7601900199072,745.1773099788628,759.73469791873,774.2697696056442,788.8062950546533,794.2931874581911,799.7810437097475,805.2695073621297,810.7584769655278,816.2474340202116,824.4987808129329,832.7501675007106,841.0014575674678,849.2525296070821,857.5032680195403,861.9664133444915,866.4245438163562,870.601845529764,874.2403839919702,877.0969970720495,879.3104411072327,881.1514478669549,882.5862912374438,883.5805230593587,884.0990726602365,884.3618962951463,884.5003216295318,884.3441759218607,883.720121100634,882.4524759705254,880.637177193337,878.5260682728839,876.1688822427645,873.6081137721073,870.8796181736981
,KOR,,emi_ncov,emi_ncov,KYOTOGHG,IPCM0EL,MtCO2eq,AR4,0.0023393295428881357,0.002855325409182868,0.003371246756381653,0.005380073811017378,0.00807362050596624,0.0109578460859939,0.015315143065233253,0.014942805349559088,0.021202114988819507,0.03873784675389699,0.03793309047156489,0.04668083769356204,0.09068875212248734,0.11435981191747431,0.12522003863601525,0.16199964121318555,0.18410993149250587,0.20924012981901713,0.23436972514644341,0.2625402075635857,0.2941297743351558,0.25010998235462195,0.2646900652895622,0.2792699472996663,0.2938501152882277,0.3084299589284789,0.32300998009281606,0.3375900211372121,0.32077533204175307,0.32627689589951536,0.33032469766211897,0.3295705835205508,0.3278526213606643,0.32552725837451213,0.32269594437285054,0.3198771790853719,0.31790744652243685,0.31589781890317575,0.3139848123042162,0.3122898328482161,0.31092848054851085,0.30848315559740236,0.30615268373269494,0.30375097032486237,0.30111250811848633,0.2981994280393309,0.29465539285611375,0.290848633133874,0.28660526264502506,0.2818734407301707,0.27672383985224563,0.271100204942469,0.2655748705571435,0.2598205782281257,0.25407539945487345,0.24792052956338576,0.24131930675168306,0.2346282272048672,0.22751425732428698,0.21998272798141183,0.21237832639073226
,KOR,,pc_cov,pc_cov,KYOTOGHG,IPCM0EL,MtCO2eq/MtCO2eq,AR4,0.999992599,0.999991519,0.999990569,0.999986321,0.9999806520000001,0.999975665,0.9999683859999999,0.9999709520000001,0.999952098,0.999919467,0.9999265740000001,0.9999118020000001,0.999836225,0.999797055,0.99978132,0.999720739,0.999683577,0.999648915,0.9996153529999999,0.999572039,0.9995619920000001,0.999642803,0.999625504,0.9996096459999999,0.999585973,0.999572977,0.999557571,0.999547172,0.9995779579999999,0.999578778,0.99958141,0.999585249,0.99959024,0.9995959170000001,0.9996021409999999,0.999608266,0.999614572,0.999620801,0.999626793,0.9996324120000001,0.9996375340000001,0.999642245,0.9996467729999999,0.9996512240000001,0.999655691,0.999660131,0.9996650140000001,0.999670031,0.999675372,0.9996810890000001,0.999687097,0.999693545,0.9996998359999999,0.9997062859999999,0.999712576,0.999719134,0.999726047,0.999733001,0.9997403979999999,0.9997482540000001,0.999756193
,KWT,,pop,pop,POP,DEMOGR,Pers,,2095344.0,2031296.0,1912433.0,1772607.0,1659307.0,1605901.0,1626857.0,1710256.0,1831119.0,1951636.0,2045123.0,2103282.0,2136997.0,2161626.0,2200492.0,2270198.0,2373672.0,2504019.0,2656009.0,2821045.0,2991884.0,3168060.0,3348853.0,3526376.0,3690941.0,3835591.0,3956875.0,4056099.0,4218059.9478,4303315.0071,4387294.1073,4469629.6887,4550137.6118,4629917.0604,4710069.1847,4791698.5906,4874242.7908,4956472.7248,5038491.36,5120394.8698,5202272.5628,5284667.6738,5367745.1136,5451023.2651,5534022.2531,5616263.7562,5697853.7971,5778984.9589,5859309.8685,5938481.1618,6016151.5323,6092717.8727,6168681.6165,6243853.9369,6318048.2762,6391080.478999998,6462283.6689,6531418.0189,6598937.4802,6665289.5505,6730914.9482
,KWT,,gdp,gdp,GDPPPP,ECO,2011GKD,,41259359375.0,24081308593.75,46386664062.5,61782398437.5,66461515625.0,66284554687.5,67621078125.0,68753671875.0,71950687500.0,70193250000.0,73474414062.5,68100445312.5,73688250000.0,89546187500.0,110740578125.0,147681000000.0,180419828125.0,195301312500.0,223440234375.0,169235812500.0,191127500000.0,242079234375.0,267716687500.0,262478750000.0,241656765625.0,175273968750.0,162537640625.0,156962375000.0,200615908885.8372,206854947060.5319,213762766489.16895,221369918234.8454,229401976968.9821,237891303086.3104,246871480843.8205,256377463786.8171,266362668424.7185,276729711745.7414,287437326332.7589,298443371449.4802,309705371301.1893,321346754753.4165,333458073237.0695,345948025374.8843,358725878938.8906,371701377626.2151,385114454388.2457,398985836696.3405,412898095310.2924,426435860961.0137,439185126903.3282,451153756210.4626,462631653313.1008,473627797015.8228,484150190074.8553,494204974580.9547,503966807754.0983,513490431582.4938,522599307201.6438,531115340683.3292,538858403848.1436
"No targets calculated, so the baseline emissions are put in as target pathways for all un/conditional best/worst pathways.
",KWT,baseline_emissions,conditional,worst,KYOTOGHG,IPCM0EL,MtCO2eq,AR4,69.3811,504.3367,42.5239,59.9779,72.0908,84.2093,79.2549,85.1546,77.236,77.0689,77.9287,80.5898,81.2105,87.3489,91.3834,103.9209,104.184,104.5686,111.8073,114.3758,116.6548,119.9165,132.8307,128.8255,119.7449,128.5731,129.3064,128.8471,160.1376,161.8116,163.9878,166.6059,169.3773,172.3377,175.5189,178.9489,182.6005,186.4076,190.3388,194.3642,198.4557,202.6562,206.9911,211.4097,215.8645,220.3109,224.8883,229.5959,234.1916,238.44799999999998,242.1503,245.3561,248.2554,250.8412,253.106,255.0417,256.7234,258.1615,259.2546,259.9064,260.0263
"No targets calculated, so the baseline emissions are put in as target pathways for all un/conditional best/worst pathways.
",KWT,baseline_emissions,conditional,best,KYOTOGHG,IPCM0EL,MtCO2eq,AR4,69.3811,504.3367,42.5239,59.9779,72.0908,84.2093,79.2549,85.1546,77.236,77.0689,77.9287,80.5898,81.2105,87.3489,91.3834,103.9209,104.184,104.5686,111.8073,114.3758,116.6548,119.9165,132.8307,128.8255,119.7449,128.5731,129.3064,128.8471,160.1376,161.8116,163.9878,166.6059,169.3773,172.3377,175.5189,178.9489,182.6005,186.4076,190.3388,194.3642,198.4557,202.6562,206.9911,211.4097,215.8645,220.3109,224.8883,229.5959,234.1916,238.44799999999998,242.1503,245.3561,248.2554,250.8412,253.106,255.0417,256.7234,258.1615,259.2546,259.9064,260.0263
"No targets calculated, so the baseline emissions are put in as target pathways for all un/conditional best/worst pathways.
",KWT,baseline_emissions,unconditional,worst,KYOTOGHG,IPCM0EL,MtCO2eq,AR4,69.3811,504.3367,42.5239,59.9779,72.0908,84.2093,79.2549,85.1546,77.236,77.0689,77.9287,80.5898,81.2105,87.3489,91.3834,103.9209,104.184,104.5686,111.8073,114.3758,116.6548,119.9165,132.8307,128.8255,119.7449,128.5731,129.3064,128.8471,160.1376,161.8116,163.9878,166.6059,169.3773,172.3377,175.5189,178.9489,182.6005,186.4076,190.3388,194.3642,198.4557,202.6562,206.9911,211.4097,215.8645,220.3109,224.8883,229.5959,234.1916,238.44799999999998,242.1503,245.3561,248.2554,250.8412,253.106,255.0417,256.7234,258.1615,259.2546,259.9064,260.0263
"No targets calculated, so the baseline emissions are put in as target pathways for all un/conditional best/worst pathways.
",KWT,baseline_emissions,unconditional,best,KYOTOGHG,IPCM0EL,MtCO2eq,AR4,69.3811,504.3367,42.5239,59.9779,72.0908,84.2093,79.2549,85.1546,77.236,77.0689,77.9287,80.5898,81.2105,87.3489,91.3834,103.9209,104.184,104.5686,111.8073,114.3758,116.6548,119.9165,132.8307,128.8255,119.7449,128.5731,129.3064,128.8471,160.1376,161.8116,163.9878,166.6059,169.3773,172.3377,175.5189,178.9489,182.6005,186.4076,190.3388,194.3642,198.4557,202.6562,206.9911,211.4097,215.8645,220.3109,224.8883,229.5959,234.1916,238.44799999999998,242.1503,245.3561,248.2554,250.8412,253.106,255.0417,256.7234,258.1615,259.2546,259.9064,260.0263
,KWT,,emi_bau,emi_bau,KYOTOGHG,IPCM0EL,MtCO2eq,AR4,69.3811,504.3367,42.5239,59.9779,72.0908,84.2093,79.2549,85.1546,77.236,77.0689,77.9287,80.5898,81.2105,87.3489,91.3834,103.9209,104.184,104.5686,111.8073,114.3758,116.6548,119.9165,132.8307,128.8255,119.7449,128.5731,129.3064,128.8471,160.1376,161.8116,163.9878,166.6059,169.3773,172.3377,175.5189,178.9489,182.6005,186.4076,190.3388,194.3642,198.4557,202.6562,206.9911,211.4097,215.8645,220.3109,224.8883,229.5959,234.1916,238.44799999999998,242.1503,245.3561,248.2554,250.8412,253.106,255.0417,256.7234,258.1615,259.2546,259.9064,260.0263
,KWT,,emi_cov,emi_cov,KYOTOGHG,IPCM0EL,MtCO2eq,AR4,65.7123036124478,501.78171968672933,39.36502846020149,56.45728861634169,68.0611706863544,79.50469592232089,74.56456331604001,80.3383540072538,72.51943073272001,72.2406022375277,72.9738968561981,75.61118780744,75.5544206933985,81.2631274392,84.77493869824839,94.62515460689912,96.742482041592,96.62928122473141,103.1938940303139,105.6789394705506,108.032431357282,110.50057043986949,123.0614732983236,118.65443614467202,108.93489478571371,116.64080826793831,117.6909481957336,116.86835171230031,145.60802554280642,147.0886955242728,149.01356660374677,151.32930271221147,153.7806340817622,156.3991381204548,159.2129417938218,162.24681178784,165.47668909787052,168.84410778834481,172.32129416966077,175.8818015152924,179.50077477154892,183.216159814279,187.0504229846435,190.95871967683317,194.899035610001,198.83192145281038,202.88067833813776,207.0445985522028,211.1095419464048,214.87437093438396,218.14909307360537,220.9846558036612,223.54911618428582,225.83628260721756,227.83952118481403,229.5516674715144,231.03914829096342,232.3111624470395,233.2780204372266,233.85454424560803,233.96059698056678
,KWT,,emi_ncov,emi_ncov,KYOTOGHG,IPCM0EL,MtCO2eq,AR4,3.6687963875522005,2.554980313270688,3.1588715397985023,3.520611383658305,4.029629313645602,4.704604077679106,4.690336683960002,4.816245992746202,4.71656926728,4.828297762472303,4.954803143801906,4.978612192559989,5.656079306601497,6.085772560799996,6.60846130175161,9.295745393100889,7.4415179584079985,7.9393187752685925,8.613405969686106,8.6968605294494,8.622368642717996,9.41592956013051,9.769226701676399,10.171063855327986,10.810005214286297,11.932291732061703,11.615451804266394,11.978748287699705,14.52957445719359,14.722904475727207,14.974233396253215,15.276597287788507,15.596665918237793,15.938561879545198,16.30595820617819,16.702088212160028,17.123810902129502,17.5634922116552,18.017505830339218,18.482398484707602,18.954925228451103,19.44004018572101,19.94067701535651,20.450980323166803,20.965464389998996,21.478978547189623,22.00762166186222,22.55130144779719,23.0820580535952,23.573629065616014,24.001206926394616,24.3714441963388,24.706283815714187,25.00491739278242,25.26647881518597,25.49003252848559,25.684251709036605,25.850337552960504,25.976579562773406,26.05185575439199,26.065703019433222
,KWT,,pc_cov,pc_cov,KYOTOGHG,IPCM0EL,MtCO2eq/MtCO2eq,AR4,0.947121098,0.994933979,0.925715385,0.9413015229999999,0.944103418,0.9441320129999999,0.9408196,0.943441153,0.93893302,0.937350893,0.9364187629999999,0.9382228000000001,0.930352857,0.930328,0.9276842259999999,0.9105497990000001,0.928573313,0.9240754990000001,0.922962043,0.923962407,0.926086465,0.9214792829999999,0.926453548,0.9210477440000001,0.909724713,0.907194493,0.910171099,0.907031293,0.9092681890000001,0.909012058,0.9086869059999999,0.908306985,0.907917614,0.907515524,0.907098562,0.9066655999999998,0.906222541,0.905779098,0.9053398159999999,0.904908422,0.904487877,0.904073795,0.903664085,0.903263756,0.902876738,0.9025060559999999,0.9021397659999999,0.901778292,0.901439428,0.9011372329999999,0.9008830179999999,0.900669092,0.900480377,0.9003157479999999,0.9001743190000001,0.900055432,0.899953601,0.899867573,0.899802821,0.89976447,0.8997574359999999
,LAO,,pop,pop,POP,DEMOGR,Pers,,4258472.0,4379236.0,4500351.0,4619944.0,4735845.0,4846483.0,4951195.0,5050315.0,5144602.0,5235346.0,5323700.0,5409582.0,5493246.0,5576640.0,5662208.0,5751676.0,5846074.0,5944948.0,6046620.0,6148623.0,6249165.0,6347567.0,6444530.0,6541304.0,6639756.0,6741164.0,6845846.0,6953035.0,7053288.6034,7162431.5317,7272198.625,7383579.1452,7497156.5503,7611883.1142,7726720.5958,7840639.4704,7953125.0591,8063807.3862,8171881.4882,8276545.0796,8376998.9507,8474605.0952,8570992.7323,8665756.9457,8758480.7913,8848735.9445,8936512.6817,9022535.1643,9107464.0595,9191955.0578,9276659.0568,9361723.7808,9446872.9487,9532115.8731,9617459.315,9702907.4094,9788789.4468,9874895.54,9960421.4351,10044566.4432,10126533.6509
,LAO,,gdp,gdp,GDPPPP,ECO,2011GKD,,4861762207.0313,5070798828.125,5352528320.3125,5673499511.7188,6059457519.5313,6472535156.25,6929968261.7188,7332511230.4688,7561441894.5313,8436242187.5,8426419921.875,10254375976.5625,11452127929.6875,11814868164.0625,12528502929.6875,13205367187.5,16902925781.25,18841244140.625,20067523437.5,23000082031.25,24970527343.75,29356970703.125,30096408203.125,33581437500.0,36337289062.5,38055066406.25,42623621093.75,44802765625.0,47550101616.9996,50773511797.4184,53995778818.208,57293314483.704,60740484412.1959,64315470375.5806,67997130495.75401,71765296917.9942,75557652193.2776,79309733989.9258,82999203276.7292,86603741813.0295,90100927945.8115,93498800237.3954,96840503395.7636,100155524587.0748,103472550304.7053,106819392641.581,110186902496.7487,113557159576.494,116944583901.2651,120364289653.5003,123832133236.0909,127331307582.702,130844112830.204,134386628083.5712,137976258739.7884,141631843708.0117,145331154033.308,149040636651.6015,152764266441.5218,156507303737.9543,160276338949.3578
"The target value from 'conditional_best' was used for 'conditional_worst' in 2030.
",LAO,ABU,conditional,worst,KYOTOGHG,IPCM0EL,MtCO2eq,AR4,6.9421,6.8934,7.2323,7.267,7.6704,7.9206,8.2144,8.6167,8.2599,8.4155,8.8232,9.0353,9.418,9.5818,10.0895,10.118,10.3527,10.1495,10.334000000000001,10.9215,11.6998,11.5561,12.2699,12.1551,12.6949,13.0558,13.5202,13.6987,14.0761,14.6511,15.2419,14.667036745781065,14.017355661041423,13.290610708419816,12.483669316848658,11.592712381554009,10.606938492915798,9.518310290587491,8.326071211984475,7.028715472430282,5.623999999999995,5.818309935926356,6.013203537586855,6.2102541647865666,6.411035177330561,6.617018427939711,6.82756949733778,7.041444923743338,7.259406010287875,7.482264813644972,7.710833390488217,7.9439444093493305,8.180354408446885,8.420976951538663,8.666903239779797,8.919224474325414,9.176189657973099,9.435286490388945,9.696692608970302,9.96066178142766,10.22747315224257
,LAO,ABU,conditional,best,KYOTOGHG,IPCM0EL,MtCO2eq,AR4,6.9421,6.8934,7.2323,7.267,7.6704,7.9206,8.2144,8.6167,8.2599,8.4155,8.8232,9.0353,9.418,9.5818,10.0895,10.118,10.3527,10.1495,10.334000000000001,10.9215,11.6998,11.5561,12.2699,12.1551,12.6949,13.0558,13.5202,13.6987,14.0761,14.6511,15.2419,14.667036745781065,14.017355661041423,13.290610708419816,12.483669316848658,11.592712381554009,10.606938492915798,9.518310290587491,8.326071211984475,7.028715472430282,5.623999999999995,5.818309935926356,6.013203537586855,6.2102541647865666,6.411035177330561,6.617018427939711,6.82756949733778,7.041444923743338,7.259406010287875,7.482264813644972,7.710833390488217,7.9439444093493305,8.180354408446885,8.420976951538663,8.666903239779797,8.919224474325414,9.176189657973099,9.435286490388945,9.696692608970302,9.96066178142766,10.22747315224257
,LAO,ABU,unconditional,worst,KYOTOGHG,IPCM0EL,MtCO2eq,AR4,6.9421,6.8934,7.2323,7.267,7.6704,7.9206,8.2144,8.6167,8.2599,8.4155,8.8232,9.0353,9.418,9.5818,10.0895,10.118,10.3527,10.1495,10.334000000000001,10.9215,11.6998,11.5561,12.2699,12.1551,12.6949,13.0558,13.5202,13.6987,14.0761,14.6511,15.2419,15.8498,16.4764,17.1242,17.7955,18.4926,19.2064,19.9279,20.6595,21.4035,22.162,22.9277,23.6957,24.4722,25.2634,26.0751,26.9048,27.7476,28.6065,29.4847,30.3854,31.304000000000002,32.2356,33.1838,34.1529,35.1472,36.1598,37.1808,38.2109,39.2511,40.3025
,LAO,ABU,unconditional,best,KYOTOGHG,IPCM0EL,MtCO2eq,AR4,6.9421,6.8934,7.2323,7.267,7.6704,7.9206,8.2144,8.6167,8.2599,8.4155,8.8232,9.0353,9.418,9.5818,10.0895,10.118,10.3527,10.1495,10.334000000000001,10.9215,11.6998,11.5561,12.2699,12.1551,12.6949,13.0558,13.5202,13.6987,14.0761,14.6511,15.2419,15.8498,16.4764,17.1242,17.7955,18.4926,19.2064,19.9279,20.6595,21.4035,22.162,22.9277,23.6957,24.4722,25.2634,26.0751,26.9048,27.7476,28.6065,29.4847,30.3854,31.304000000000002,32.2356,33.1838,34.1529,35.1472,36.1598,37.1808,38.2109,39.2511,40.3025
"No targets calculated, so the baseline emissions are put in as target pathways for all un/conditional best/worst pathways.
",LAO,baseline_emissions,conditional,worst,KYOTOGHG,IPCM0EL,MtCO2eq,AR4,6.9421,6.8934,7.2323,7.267,7.6704,7.9206,8.2144,8.6167,8.2599,8.4155,8.8232,9.0353,9.418,9.5818,10.0895,10.118,10.3527,10.1495,10.334000000000001,10.9215,11.6998,11.5561,12.2699,12.1551,12.6949,13.0558,13.5202,13.6987,14.0761,14.6511,15.2419,15.8498,16.4764,17.1242,17.7955,18.4926,19.2064,19.9279,20.6595,21.4035,22.162,22.9277,23.6957,24.4722,25.2634,26.0751,26.9048,27.7476,28.6065,29.4847,30.3854,31.304000000000002,32.2356,33.1838,34.1529,35.1472,36.1598,37.1808,38.2109,39.2511,40.3025
"No targets calculated, so the baseline emissions are put in as target pathways for all un/conditional best/worst pathways.
",LAO,baseline_emissions,conditional,best,KYOTOGHG,IPCM0EL,MtCO2eq,AR4,6.9421,6.8934,7.2323,7.267,7.6704,7.9206,8.2144,8.6167,8.2599,8.4155,8.8232,9.0353,9.418,9.5818,10.0895,10.118,10.3527,10.1495,10.334000000000001,10.9215,11.6998,11.5561,12.2699,12.1551,12.6949,13.0558,13.5202,13.6987,14.0761,14.6511,15.2419,15.8498,16.4764,17.1242,17.7955,18.4926,19.2064,19.9279,20.6595,21.4035,22.162,22.9277,23.6957,24.4722,25.2634,26.0751,26.9048,27.7476,28.6065,29.4847,30.3854,31.304000000000002,32.2356,33.1838,34.1529,35.1472,36.1598,37.1808,38.2109,39.2511,40.3025
"No targets calculated, so the baseline emissions are put in as target pathways for all un/conditional best/worst pathways.
",LAO,baseline_emissions,unconditional,worst,KYOTOGHG,IPCM0EL,MtCO2eq,AR4,6.9421,6.8934,7.2323,7.267,7.6704,7.9206,8.2144,8.6167,8.2599,8.4155,8.8232,9.0353,9.418,9.5818,10.0895,10.118,10.3527,10.1495,10.334000000000001,10.9215,11.6998,11.5561,12.2699,12.1551,12.6949,13.0558,13.5202,13.6987,14.0761,14.6511,15.2419,15.8498,16.4764,17.1242,17.7955,18.4926,19.2064,19.9279,20.6595,21.4035,22.162,22.9277,23.6957,24.4722,25.2634,26.0751,26.9048,27.7476,28.6065,29.4847,30.3854,31.304000000000002,32.2356,33.1838,34.1529,35.1472,36.1598,37.1808,38.2109,39.2511,40.3025
"No targets calculated, so the baseline emissions are put in as target pathways for all un/conditional best/worst pathways.
",LAO,baseline_emissions,unconditional,best,KYOTOGHG,IPCM0EL,MtCO2eq,AR4,6.9421,6.8934,7.2323,7.267,7.6704,7.9206,8.2144,8.6167,8.2599,8.4155,8.8232,9.0353,9.418,9.5818,10.0895,10.118,10.3527,10.1495,10.334000000000001,10.9215,11.6998,11.5561,12.2699,12.1551,12.6949,13.0558,13.5202,13.6987,14.0761,14.6511,15.2419,15.8498,16.4764,17.1242,17.7955,18.4926,19.2064,19.9279,20.6595,21.4035,22.162,22.9277,23.6957,24.4722,25.2634,26.0751,26.9048,27.7476,28.6065,29.4847,30.3854,31.304000000000002,32.2356,33.1838,34.1529,35.1472,36.1598,37.1808,38.2109,39.2511,40.3025
,LAO,,emi_bau,emi_bau,KYOTOGHG,IPCM0EL,MtCO2eq,AR4,6.9421,6.8934,7.2323,7.267,7.6704,7.9206,8.2144,8.6167,8.2599,8.4155,8.8232,9.0353,9.418,9.5818,10.0895,10.118,10.3527,10.1495,10.334000000000001,10.9215,11.6998,11.5561,12.2699,12.1551,12.6949,13.0558,13.5202,13.6987,14.0761,14.6511,15.2419,15.8498,16.4764,17.1242,17.7955,18.4926,19.2064,19.9279,20.6595,21.4035,22.162,22.9277,23.6957,24.4722,25.2634,26.0751,26.9048,27.7476,28.6065,29.4847,30.3854,31.304000000000002,32.2356,33.1838,34.1529,35.1472,36.1598,37.1808,38.2109,39.2511,40.3025
,LAO,,emi_cov,emi_cov,KYOTOGHG,IPCM0EL,MtCO2eq,AR4,0.4594443114404,0.4817641882764,0.5119364027790001,0.508295416434,0.5372168059008,0.7214766819840001,0.9193741632575999,1.059309007558,1.1369197202121,1.389990525002,1.4291592339063999,1.3755559645319,1.570207649144,1.5181713220504,1.7858904542539997,1.80609805887,1.9148403302379,1.3655489589145,1.383704277818,1.4222270979135,1.6997058192030001,1.6637030232037,1.6235303827957,1.5256283416134,1.4664863098648,1.51533644117,1.6371376686146002,1.6795058120113,1.5811339954682,1.5733617474573,1.5653759305687998,1.58498,1.6476400000000002,1.7124199999999998,1.7795500000000002,1.8492600000000001,1.92064,1.9927900000000003,2.0659500000000004,2.14035,2.2162,2.2927700000000004,2.36957,2.44722,2.5263400000000003,2.60751,2.6904800000000004,2.77476,2.86065,2.9484700000000004,3.0385400000000002,3.1304000000000003,3.22356,3.31838,3.4152900000000006,3.51472,3.61598,3.71808,3.8210900000000003,3.92511,4.0302500000000006
,LAO,,emi_ncov,emi_ncov,KYOTOGHG,IPCM0EL,MtCO2eq,AR4,6.4826556885596,6.4116358117236,6.7203635972210005,6.758704583566,7.1331831940992,7.199123318016,7.2950258367424,7.5573909924419995,7.1229802797879005,7.025509474998,7.3940407660936005,7.6597440354680995,7.8477923508559995,8.0636286779496,8.303609545746,8.31190194113,8.437859669762101,8.7839510410855,8.950295722182002,9.4992729020865,10.000094180797,9.8923969767963,10.6463696172043,10.6294716583866,11.2284136901352,11.54046355883,11.8830623313854,12.0191941879887,12.4949660045318,13.0777382525427,13.6765240694312,14.26482,14.828760000000003,15.411779999999998,16.01595,16.64334,17.28576,17.93511,18.59355,19.263150000000003,19.9458,20.63493,21.32613,22.024980000000003,22.73706,23.46759,24.21432,24.972839999999998,25.74585,26.53623,27.34686,28.173600000000004,29.01204,29.86542,30.737610000000004,31.632479999999997,32.54382,33.46272,34.389810000000004,35.325990000000004,36.27225
,LAO,,pc_cov,pc_cov,KYOTOGHG,IPCM0EL,MtCO2eq/MtCO2eq,AR4,0.066182324,0.069887746,0.07078473,0.069945702,0.070037652,0.09108864,0.111922254,0.12293674,0.137643279,0.165170284,0.16197742699999998,0.15224242300000002,0.166724108,0.15844322800000002,0.177004852,0.178503465,0.18496047699999998,0.134543471,0.13389822699999998,0.130222689,0.145276485,0.143967517,0.132318143,0.125513434,0.11551775199999999,0.11606615,0.12108827300000001,0.122603299,0.11232756199999999,0.107388643,0.10270215199999999,0.1,0.1,0.1,0.1,0.1,0.1,0.1,0.1,0.1,0.1,0.1,0.1,0.1,0.1,0.1,0.1,0.1,0.1,0.1,0.1,0.1,0.1,0.1,0.1,0.1,0.1,0.1,0.1,0.1,0.1
,LBN,,pop,pop,POP,DEMOGR,Pers,,2803044.0,2921706.0,3076132.0,3246126.0,3403357.0,3528380.0,3610665.0,3658424.0,3693520.0,3747766.0,3842778.0,3991001.0,4182205.0,4388375.0,4569378.0,4698763.0,4759753.0,4767344.0,4764741.0,4813026.0,4953061.0,5202026.0,5537612.0,5913022.0,6261044.0,6532678.0,6714281.0,6819373.0,6924019.2755,6979771.3403,7035592.4629,7092407.677999998,7150558.0627,7209282.9193,7267834.9733,7325479.5134,7381757.762999998,7436451.4121,7489171.5069,7539498.0737,7586981.2395,7632288.3515,7676278.02,7718771.9017,7759599.9788,7798600.2404,7835639.0744,7870831.409,7904393.6698,7936541.9601,7967492.0227,7997615.5056,8027159.805,8056160.9614,8084664.1213,8112723.206,8139698.7073,8165091.2913,8189156.5686,8212130.7473,8234231.5405
,LBN,,gdp,gdp,GDPPPP,ECO,2011GKD,,10327252929.6875,14415778320.3125,12443244140.625,13285243164.0625,14280256835.9375,15403547851.5625,16188080078.125,16826830078.125,19276914062.5,21080179687.5,22981029296.875,26013533203.125,31311900390.625,35841273437.5,42835621093.75,51373167968.75,51005484375.0,55019421875.0,59503777343.75,70975289062.5,74420070312.5,72284226562.5,76465953125.0,79594851562.5,81638453125.0,86629398437.5,89898390625.0,90746140625.0,96223259318.5849,99644306009.7884,103127145365.0622,106739054067.535,110509720609.412,114367453638.202,118241098223.8279,122059844736.2163,125763198989.1949,129343271305.0304,132807653662.2502,136162765618.8571,139413728228.6516,142559154585.9643,145617676979.1131,148623098888.6774,151608777017.6892,154607695517.3249,157593609665.5384,160525956251.3437,163415040449.7515,166269906081.9182,169098414847.8628,171866566688.544,174556158820.1407,177196705399.2757,179816140027.02106,182440918940.3842,185044301830.4771,187606244861.4361,190162060154.2915,192746879634.5519,195395715942.2317
"The target value from 'conditional_best' was used for 'conditional_worst' in 2030.
",LBN,ABS,conditional,worst,KYOTOGHG,IPCM0EL,MtCO2eq,AR4,11.6426,11.8595,13.979000000000001,15.4174,15.8277,17.7172,18.1464,19.2116,20.794,20.2026,19.0004,20.135,20.0287,22.5451,21.409000000000002,20.87,19.0303,18.0323,21.8445,25.6174,24.8065,25.4763,27.2634,26.948,29.5993,23.1476,22.8231,22.8666,23.83921538461539,24.81183076923077,25.78444615384615,25.773750490276136,25.69156839296955,25.53789986192638,25.312744897146636,25.016103498630304,24.647975666377405,24.20836140038792,23.697260700661857,23.114673567199215,22.460599999999996,22.888678773098732,23.301577447860637,23.70638007017623,24.109980934706815,24.518894833655303,24.92913699120826,25.333813112704373,25.734820710435752,26.133804295055565,26.53228187639747,26.927976439710957,27.319369975162342,27.708612996682678,28.097666266973803,28.488364047918083,28.87381204485421,29.24806471926692,29.61460084369174,29.976646189025246,30.337616277393227
,LBN,ABS,conditional,best,KYOTOGHG,IPCM0EL,MtCO2eq,AR4,11.6426,11.8595,13.979000000000001,15.4174,15.8277,17.7172,18.1464,19.2116,20.794,20.2026,19.0004,20.135,20.0287,22.5451,21.409000000000002,20.87,19.0303,18.0323,21.8445,25.6174,24.8065,25.4763,27.2634,26.948,29.5993,23.1476,22.8231,22.8666,23.83921538461539,24.81183076923077,25.78444615384615,25.773750490276136,25.69156839296955,25.53789986192638,25.312744897146636,25.016103498630304,24.647975666377405,24.20836140038792,23.697260700661857,23.114673567199215,22.460599999999996,22.888678773098732,23.301577447860637,23.70638007017623,24.109980934706815,24.518894833655303,24.92913699120826,25.333813112704373,25.734820710435752,26.133804295055565,26.53228187639747,26.927976439710957,27.319369975162342,27.708612996682678,28.097666266973803,28.488364047918083,28.87381204485421,29.24806471926692,29.61460084369174,29.976646189025246,30.337616277393227
"The target value from 'unconditional_best' was used for 'unconditional_worst' in 2030.
",LBN,ABS,unconditional,worst,KYOTOGHG,IPCM0EL,MtCO2eq,AR4,11.6426,11.8595,13.979000000000001,15.4174,15.8277,17.7172,18.1464,19.2116,20.794,20.2026,19.0004,20.135,20.0287,22.5451,21.409000000000002,20.87,19.0303,18.0323,21.8445,25.6174,24.8065,25.4763,27.2634,26.948,29.5993,23.1476,22.8231,22.8666,23.83921538461539,24.81183076923077,25.78444615384615,26.265406014368835,26.710622658023233,27.12009608480934,27.493826294727164,27.831813287776686,28.134057063957936,28.400557623270878,28.631314965715543,28.826329091291914,28.985599999999998,29.538039386549364,30.07088872393032,30.593290035088117,31.11414046735341,31.641847416827652,32.17126849560413,32.69350655635218,33.21101035521787,33.72590214752779,34.240140938198735,34.75078821985548,35.25588498758117,35.75820649834134,36.2602831334869,36.76448202395904,37.261906022427105,37.744882359633465,38.21790042184587,38.685123094512626,39.150958138696616
,LBN,ABS,unconditional,best,KYOTOGHG,IPCM0EL,MtCO2eq,AR4,11.6426,11.8595,13.979000000000001,15.4174,15.8277,17.7172,18.1464,19.2116,20.794,20.2026,19.0004,20.135,20.0287,22.5451,21.409000000000002,20.87,19.0303,18.0323,21.8445,25.6174,24.8065,25.4763,27.2634,26.948,29.5993,23.1476,22.8231,22.8666,23.83921538461539,24.81183076923077,25.78444615384615,26.265406014368835,26.710622658023233,27.12009608480934,27.493826294727164,27.831813287776686,28.134057063957936,28.400557623270878,28.631314965715543,28.826329091291914,28.985599999999998,29.538039386549364,30.07088872393032,30.593290035088117,31.11414046735341,31.641847416827652,32.17126849560413,32.69350655635218,33.21101035521787,33.72590214752779,34.240140938198735,34.75078821985548,35.25588498758117,35.75820649834134,36.2602831334869,36.76448202395904,37.261906022427105,37.744882359633465,38.21790042184587,38.685123094512626,39.150958138696616
"The target value from 'conditional_best' was used for 'conditional_worst' in 2030.
",LBN,ABU,conditional,worst,KYOTOGHG,IPCM0EL,MtCO2eq,AR4,11.6426,11.8595,13.979000000000001,15.4174,15.8277,17.7172,18.1464,19.2116,20.794,20.2026,19.0004,20.135,20.0287,22.5451,21.409000000000002,20.87,19.0303,18.0323,21.8445,25.6174,24.8065,25.4763,27.2634,26.948,29.5993,23.1476,22.8231,22.8666,23.83921538461539,24.81183076923077,25.78444615384615,25.773750490276136,25.69156839296955,25.53789986192638,25.312744897146636,25.016103498630304,24.647975666377405,24.20836140038792,23.697260700661857,23.114673567199215,22.460599999999996,22.888678773098732,23.301577447860637,23.70638007017623,24.109980934706815,24.518894833655303,24.92913699120826,25.333813112704373,25.734820710435752,26.133804295055565,26.53228187639747,26.927976439710957,27.319369975162342,27.708612996682678,28.097666266973803,28.488364047918083,28.87381204485421,29.24806471926692,29.61460084369174,29.976646189025246,30.337616277393227
,LBN,ABU,conditional,best,KYOTOGHG,IPCM0EL,MtCO2eq,AR4,11.6426,11.8595,13.979000000000001,15.4174,15.8277,17.7172,18.1464,19.2116,20.794,20.2026,19.0004,20.135,20.0287,22.5451,21.409000000000002,20.87,19.0303,18.0323,21.8445,25.6174,24.8065,25.4763,27.2634,26.948,29.5993,23.1476,22.8231,22.8666,23.83921538461539,24.81183076923077,25.78444615384615,25.773750490276136,25.69156839296955,25.53789986192638,25.312744897146636,25.016103498630304,24.647975666377405,24.20836140038792,23.697260700661857,23.114673567199215,22.460599999999996,22.888678773098732,23.301577447860637,23.70638007017623,24.109980934706815,24.518894833655303,24.92913699120826,25.333813112704373,25.734820710435752,26.133804295055565,26.53228187639747,26.927976439710957,27.319369975162342,27.708612996682678,28.097666266973803,28.488364047918083,28.87381204485421,29.24806471926692,29.61460084369174,29.976646189025246,30.337616277393227
"The target value from 'unconditional_best' was used for 'unconditional_worst' in 2030.
",LBN,ABU,unconditional,worst,KYOTOGHG,IPCM0EL,MtCO2eq,AR4,11.6426,11.8595,13.979000000000001,15.4174,15.8277,17.7172,18.1464,19.2116,20.794,20.2026,19.0004,20.135,20.0287,22.5451,21.409000000000002,20.87,19.0303,18.0323,21.8445,25.6174,24.8065,25.4763,27.2634,26.948,29.5993,23.1476,22.8231,22.8666,23.83921538461539,24.81183076923077,25.78444615384615,26.265406014368835,26.710622658023233,27.12009608480934,27.493826294727164,27.831813287776686,28.134057063957936,28.400557623270878,28.631314965715543,28.826329091291914,28.985599999999998,29.538039386549364,30.07088872393032,30.593290035088117,31.11414046735341,31.641847416827652,32.17126849560413,32.69350655635218,33.21101035521787,33.72590214752779,34.240140938198735,34.75078821985548,35.25588498758117,35.75820649834134,36.2602831334869,36.76448202395904,37.261906022427105,37.744882359633465,38.21790042184587,38.685123094512626,39.150958138696616
,LBN,ABU,unconditional,best,KYOTOGHG,IPCM0EL,MtCO2eq,AR4,11.6426,11.8595,13.979000000000001,15.4174,15.8277,17.7172,18.1464,19.2116,20.794,20.2026,19.0004,20.135,20.0287,22.5451,21.409000000000002,20.87,19.0303,18.0323,21.8445,25.6174,24.8065,25.4763,27.2634,26.948,29.5993,23.1476,22.8231,22.8666,23.83921538461539,24.81183076923077,25.78444615384615,26.265406014368835,26.710622658023233,27.12009608480934,27.493826294727164,27.831813287776686,28.134057063957936,28.400557623270878,28.631314965715543,28.826329091291914,28.985599999999998,29.538039386549364,30.07088872393032,30.593290035088117,31.11414046735341,31.641847416827652,32.17126849560413,32.69350655635218,33.21101035521787,33.72590214752779,34.240140938198735,34.75078821985548,35.25588498758117,35.75820649834134,36.2602831334869,36.76448202395904,37.261906022427105,37.744882359633465,38.21790042184587,38.685123094512626,39.150958138696616
"The target value from 'conditional_best' was used for 'conditional_worst' in 2030.
",LBN,RBU,conditional,worst,KYOTOGHG,IPCM0EL,MtCO2eq,AR4,11.6426,11.8595,13.979000000000001,15.4174,15.8277,17.7172,18.1464,19.2116,20.794,20.2026,19.0004,20.135,20.0287,22.5451,21.409000000000002,20.87,19.0303,18.0323,21.8445,25.6174,24.8065,25.4763,27.2634,26.948,29.5993,23.1476,22.8231,22.8666,23.83921538461539,24.81183076923077,25.78444615384615,25.773750490276136,25.69156839296955,25.53789986192638,25.312744897146636,25.016103498630304,24.647975666377405,24.20836140038792,23.697260700661857,23.114673567199215,22.460599999999996,22.888678773098732,23.301577447860637,23.70638007017623,24.109980934706815,24.518894833655303,24.92913699120826,25.333813112704373,25.734820710435752,26.133804295055565,26.53228187639747,26.927976439710957,27.319369975162342,27.708612996682678,28.097666266973803,28.488364047918083,28.87381204485421,29.24806471926692,29.61460084369174,29.976646189025246,30.337616277393227
,LBN,RBU,conditional,best,KYOTOGHG,IPCM0EL,MtCO2eq,AR4,11.6426,11.8595,13.979000000000001,15.4174,15.8277,17.7172,18.1464,19.2116,20.794,20.2026,19.0004,20.135,20.0287,22.5451,21.409000000000002,20.87,19.0303,18.0323,21.8445,25.6174,24.8065,25.4763,27.2634,26.948,29.5993,23.1476,22.8231,22.8666,23.83921538461539,24.81183076923077,25.78444615384615,25.773750490276136,25.69156839296955,25.53789986192638,25.312744897146636,25.016103498630304,24.647975666377405,24.20836140038792,23.697260700661857,23.114673567199215,22.460599999999996,22.888678773098732,23.301577447860637,23.70638007017623,24.109980934706815,24.518894833655303,24.92913699120826,25.333813112704373,25.734820710435752,26.133804295055565,26.53228187639747,26.927976439710957,27.319369975162342,27.708612996682678,28.097666266973803,28.488364047918083,28.87381204485421,29.24806471926692,29.61460084369174,29.976646189025246,30.337616277393227
"The target value from 'unconditional_best' was used for 'unconditional_worst' in 2030.
",LBN,RBU,unconditional,worst,KYOTOGHG,IPCM0EL,MtCO2eq,AR4,11.6426,11.8595,13.979000000000001,15.4174,15.8277,17.7172,18.1464,19.2116,20.794,20.2026,19.0004,20.135,20.0287,22.5451,21.409000000000002,20.87,19.0303,18.0323,21.8445,25.6174,24.8065,25.4763,27.2634,26.948,29.5993,23.1476,22.8231,22.8666,23.83921538461539,24.81183076923077,25.78444615384615,26.265406014368835,26.710622658023233,27.12009608480934,27.493826294727164,27.831813287776686,28.134057063957936,28.400557623270878,28.631314965715543,28.826329091291914,28.985599999999998,29.538039386549364,30.07088872393032,30.593290035088117,31.11414046735341,31.641847416827652,32.17126849560413,32.69350655635218,33.21101035521787,33.72590214752779,34.240140938198735,34.75078821985548,35.25588498758117,35.75820649834134,36.2602831334869,36.76448202395904,37.261906022427105,37.744882359633465,38.21790042184587,38.685123094512626,39.150958138696616
,LBN,RBU,unconditional,best,KYOTOGHG,IPCM0EL,MtCO2eq,AR4,11.6426,11.8595,13.979000000000001,15.4174,15.8277,17.7172,18.1464,19.2116,20.794,20.2026,19.0004,20.135,20.0287,22.5451,21.409000000000002,20.87,19.0303,18.0323,21.8445,25.6174,24.8065,25.4763,27.2634,26.948,29.5993,23.1476,22.8231,22.8666,23.83921538461539,24.81183076923077,25.78444615384615,26.265406014368835,26.710622658023233,27.12009608480934,27.493826294727164,27.831813287776686,28.134057063957936,28.400557623270878,28.631314965715543,28.826329091291914,28.985599999999998,29.538039386549364,30.07088872393032,30.593290035088117,31.11414046735341,31.641847416827652,32.17126849560413,32.69350655635218,33.21101035521787,33.72590214752779,34.240140938198735,34.75078821985548,35.25588498758117,35.75820649834134,36.2602831334869,36.76448202395904,37.261906022427105,37.744882359633465,38.21790042184587,38.685123094512626,39.150958138696616
"No targets calculated, so the baseline emissions are put in as target pathways for all un/conditional best/worst pathways.
",LBN,baseline_emissions,conditional,worst,KYOTOGHG,IPCM0EL,MtCO2eq,AR4,11.6426,11.8595,13.979000000000001,15.4174,15.8277,17.7172,18.1464,19.2116,20.794,20.2026,19.0004,20.135,20.0287,22.5451,21.409000000000002,20.87,19.0303,18.0323,21.8445,25.6174,24.8065,25.4763,27.2634,26.948,29.5993,23.1476,22.8231,22.8666,23.83921538461539,24.81183076923077,25.78444615384615,26.75706153846153,27.72967692307692,28.702292307692304,29.67490769230769,30.64752307692307,31.620138461538463,32.59275384615384,33.56536923076923,34.53798461538461,35.5106,36.1874,36.8402,37.4802,38.1183,38.7648,39.4134,40.0532,40.6872,41.31800000000001,41.948,42.5736,43.1924,43.8078,44.4229,45.0406,45.65,46.2417,46.8212,47.3936,47.9643
"No targets calculated, so the baseline emissions are put in as target pathways for all un/conditional best/worst pathways.
",LBN,baseline_emissions,conditional,best,KYOTOGHG,IPCM0EL,MtCO2eq,AR4,11.6426,11.8595,13.979000000000001,15.4174,15.8277,17.7172,18.1464,19.2116,20.794,20.2026,19.0004,20.135,20.0287,22.5451,21.409000000000002,20.87,19.0303,18.0323,21.8445,25.6174,24.8065,25.4763,27.2634,26.948,29.5993,23.1476,22.8231,22.8666,23.83921538461539,24.81183076923077,25.78444615384615,26.75706153846153,27.72967692307692,28.702292307692304,29.67490769230769,30.64752307692307,31.620138461538463,32.59275384615384,33.56536923076923,34.53798461538461,35.5106,36.1874,36.8402,37.4802,38.1183,38.7648,39.4134,40.0532,40.6872,41.31800000000001,41.948,42.5736,43.1924,43.8078,44.4229,45.0406,45.65,46.2417,46.8212,47.3936,47.9643
"No targets calculated, so the baseline emissions are put in as target pathways for all un/conditional best/worst pathways.
",LBN,baseline_emissions,unconditional,worst,KYOTOGHG,IPCM0EL,MtCO2eq,AR4,11.6426,11.8595,13.979000000000001,15.4174,15.8277,17.7172,18.1464,19.2116,20.794,20.2026,19.0004,20.135,20.0287,22.5451,21.409000000000002,20.87,19.0303,18.0323,21.8445,25.6174,24.8065,25.4763,27.2634,26.948,29.5993,23.1476,22.8231,22.8666,23.83921538461539,24.81183076923077,25.78444615384615,26.75706153846153,27.72967692307692,28.702292307692304,29.67490769230769,30.64752307692307,31.620138461538463,32.59275384615384,33.56536923076923,34.53798461538461,35.5106,36.1874,36.8402,37.4802,38.1183,38.7648,39.4134,40.0532,40.6872,41.31800000000001,41.948,42.5736,43.1924,43.8078,44.4229,45.0406,45.65,46.2417,46.8212,47.3936,47.9643
"No targets calculated, so the baseline emissions are put in as target pathways for all un/conditional best/worst pathways.
",LBN,baseline_emissions,unconditional,best,KYOTOGHG,IPCM0EL,MtCO2eq,AR4,11.6426,11.8595,13.979000000000001,15.4174,15.8277,17.7172,18.1464,19.2116,20.794,20.2026,19.0004,20.135,20.0287,22.5451,21.409000000000002,20.87,19.0303,18.0323,21.8445,25.6174,24.8065,25.4763,27.2634,26.948,29.5993,23.1476,22.8231,22.8666,23.83921538461539,24.81183076923077,25.78444615384615,26.75706153846153,27.72967692307692,28.702292307692304,29.67490769230769,30.64752307692307,31.620138461538463,32.59275384615384,33.56536923076923,34.53798461538461,35.5106,36.1874,36.8402,37.4802,38.1183,38.7648,39.4134,40.0532,40.6872,41.31800000000001,41.948,42.5736,43.1924,43.8078,44.4229,45.0406,45.65,46.2417,46.8212,47.3936,47.9643
,LBN,,emi_bau,emi_bau,KYOTOGHG,IPCM0EL,MtCO2eq,AR4,11.6426,11.8595,13.979000000000001,15.4174,15.8277,17.7172,18.1464,19.2116,20.794,20.2026,19.0004,20.135,20.0287,22.5451,21.409000000000002,20.87,19.0303,18.0323,21.8445,25.6174,24.8065,25.4763,27.2634,26.948,29.5993,23.1476,22.8231,22.8666,23.83921538461539,24.81183076923077,25.78444615384615,26.75706153846153,27.72967692307692,28.702292307692304,29.67490769230769,30.64752307692307,31.620138461538463,32.59275384615384,33.56536923076923,34.53798461538461,35.5106,36.1874,36.8402,37.4802,38.1183,38.7648,39.4134,40.0532,40.6872,41.31800000000001,41.948,42.5736,43.1924,43.8078,44.4229,45.0406,45.65,46.2417,46.8212,47.3936,47.9643
,LBN,,emi_cov,emi_cov,KYOTOGHG,IPCM0EL,MtCO2eq,AR4,11.6426,11.8595,13.979000000000001,15.4174,15.8277,17.7172,18.1464,19.2116,20.794,20.2026,19.0004,20.135,20.0287,22.5451,21.409000000000002,20.87,19.0303,18.0323,21.8445,25.6174,24.8065,25.4763,27.2634,26.948,29.5993,23.1476,22.8231,22.8666,23.83921538461539,24.81183076923077,25.78444615384615,26.756967621175534,27.72967692307692,28.702292307692304,29.67490769230769,30.64752307692307,31.620138461538463,32.59275384615384,33.56536923076923,34.53798461538461,35.5106,36.1874,36.8402,37.4802,38.1183,38.7648,39.4134,40.0532,40.6870999908624,41.31800000000001,41.948,42.5736,43.1924,43.8078,44.4229,45.0406,45.65,46.2417,46.821099989916796,47.3936,47.9643
,LBN,,emi_ncov,emi_ncov,KYOTOGHG,IPCM0EL,MtCO2eq,AR4,0.0,0.0,0.0,0.0,0.0,0.0,0.0,0.0,0.0,0.0,0.0,0.0,0.0,0.0,0.0,0.0,0.0,0.0,0.0,0.0,0.0,0.0,0.0,0.0,0.0,0.0,0.0,0.0,0.0,0.0,0.0,9.391728599958147e-05,0.0,0.0,0.0,0.0,0.0,0.0,0.0,0.0,0.0,0.0,0.0,0.0,0.0,0.0,0.0,0.0,0.00010000913759930724,0.0,0.0,0.0,0.0,0.0,0.0,0.0,0.0,0.0,0.00010001008319934108,0.0,0.0
,LBN,,pc_cov,pc_cov,KYOTOGHG,IPCM0EL,MtCO2eq/MtCO2eq,AR4,1.0,1.0,1.0,1.0,1.0,1.0,1.0,1.0,1.0,1.0,1.0,1.0,1.0,1.0,1.0,1.0,1.0,1.0,1.0,1.0,1.0,1.0,1.0,1.0,1.0,1.0,1.0,1.0,1.0,1.0,1.0,0.99999649,1.0,1.0,1.0,1.0,1.0,1.0,1.0,1.0,1.0,1.0,1.0,1.0,1.0,1.0,1.0,1.0,0.999997542,1.0,1.0,1.0,1.0,1.0,1.0,1.0,1.0,1.0,0.999997864,1.0,1.0
,LBR,,pop,pop,POP,DEMOGR,Pers,,2075912.0,2040139.0,2001624.0,1976699.0,1986493.0,2044661.0,2160478.0,2326202.0,2517481.0,2699712.0,2848456.0,2953927.0,3024729.0,3077058.0,3135651.0,3218116.0,3329211.0,3461911.0,3607860.0,3754133.0,3891356.0,4017443.0,4135659.0,4248334.0,4359506.0,4472230.0,4586787.0,4702226.0,4879831.3223,5036597.1078,5193658.1905,5351016.0579,5509018.1855,5668199.5922,5829089.4187,5992212.4076,6157158.6233,6322966.7194,6489340.3143,6655993.5578,6822649.8854,6989627.4233,7157415.9808,7326000.7253,7495364.3146,7665487.2024,7836123.1263,8007104.0044,8178526.2332,8350486.3871,8523081.1706,8696926.1059,8872298.6917,9048787.153,9225977.8162,9403455.2757,9580756.3324,9757538.1268,9933567.4597,10108614.534,10282452.5059
,LBR,,gdp,gdp,GDPPPP,ECO,2011GKD,,1742845825.1953,1537263549.8047,969740783.6914,649476013.1836,508125823.9746,489335449.2188,477579193.1152,980207641.6016,1267736328.125,1545436279.2969,2424994140.625,2300287597.6563,2405854003.9063,1709267700.1953,1860931152.3438,1994441772.4609,2082302734.375,2511023681.6406,2673072998.0469,2728255126.9531,2818451660.1563,2927048095.7031,3243318359.375,3315306396.4844,3650814453.125,3875557617.1875,3830986083.9844,3969122558.5938,4343866756.4425,4686243935.2342,5056012968.6468,5467388887.0648,5922760296.4463,6411116916.2727,6921421121.6517,7442540762.4899,7972926366.3044,8517646918.109,9075550196.3931,9645661339.2444,10227166362.5799,10819348011.0495,11424825945.8252,12047919185.1802,12692969406.9947,13364347510.6199,14059940056.7271,14777113697.2345,15519609802.2926,16291335849.8113,17096377028.5211,17934741930.4438,18805029208.1121,19709563225.4609,20650963375.0266,21632166237.8164,22657088929.0569,23727130476.7014,24841758979.0777,26000516590.5104,27203016841.9756
"The target value from 'conditional_best' was used for 'conditional_worst' in 2030.
",LBR,ABU,conditional,worst,KYOTOGHG,IPCM0EL,MtCO2eq,AR4,1.6507,1.3940000000000001,1.3554,1.315,1.2811,1.2890000000000001,1.3532,1.4909999999999999,1.6179,1.7358,1.8659999999999999,1.9917,2.016,2.1047,2.3265,2.4961,2.6165,2.6016,2.615,2.685,3.0343,3.1921,3.3501,3.3864,3.3999,3.6911,3.8426,3.9745,4.1048,4.3335,4.5795,4.802137301638876,5.043505189555905,5.293237539477275,5.542336983221346,5.7828386545884625,6.014620240957592,6.242019676903682,6.464965490038081,6.683386207972135,6.8973,7.188366544065088,7.480688071689434,7.776864191674357,8.079404871138376,8.390730435517202,8.709765184617186,9.035254134879066,9.36916940332454,9.713662390340902,10.070705212949848,10.44110464629661,10.824233198601563,11.220359794913119,11.629663718596884,12.052234611335665,12.488789606591894,12.938790854268746,13.400535162392943,13.872588264039615,14.353246967235489
,LBR,ABU,conditional,best,KYOTOGHG,IPCM0EL,MtCO2eq,AR4,1.6507,1.3940000000000001,1.3554,1.315,1.2811,1.2890000000000001,1.3532,1.4909999999999999,1.6179,1.7358,1.8659999999999999,1.9917,2.016,2.1047,2.3265,2.4961,2.6165,2.6016,2.615,2.685,3.0343,3.1921,3.3501,3.3864,3.3999,3.6911,3.8426,3.9745,4.1048,4.3335,4.5795,4.802137301638876,5.043505189555905,5.293237539477275,5.542336983221346,5.7828386545884625,6.014620240957592,6.242019676903682,6.464965490038081,6.683386207972135,6.8973,7.188366544065088,7.480688071689434,7.776864191674357,8.079404871138376,8.390730435517202,8.709765184617186,9.035254134879066,9.36916940332454,9.713662390340902,10.070705212949848,10.44110464629661,10.824233198601563,11.220359794913119,11.629663718596884,12.052234611335665,12.488789606591894,12.938790854268746,13.400535162392943,13.872588264039615,14.353246967235489
,LBR,ABU,unconditional,worst,KYOTOGHG,IPCM0EL,MtCO2eq,AR4,1.6507,1.3940000000000001,1.3554,1.315,1.2811,1.2890000000000001,1.3532,1.4909999999999999,1.6179,1.7358,1.8659999999999999,1.9917,2.016,2.1047,2.3265,2.4961,2.6165,2.6016,2.615,2.685,3.0343,3.1921,3.3501,3.3864,3.3999,3.6911,3.8426,3.9745,4.1048,4.3335,4.5795,4.8524,5.1502,5.462999999999999,5.7819,6.0987,6.4132,6.73,7.0491,7.3705,7.6943,8.019,8.3451,8.6755,9.013,9.3603,9.7162,10.0793,10.4518,10.8361,11.2344,11.6476,12.075,12.5169,12.9735,13.4449,13.9319,14.4339,14.949000000000002,15.4756,16.0118
,LBR,ABU,unconditional,best,KYOTOGHG,IPCM0EL,MtCO2eq,AR4,1.6507,1.3940000000000001,1.3554,1.315,1.2811,1.2890000000000001,1.3532,1.4909999999999999,1.6179,1.7358,1.8659999999999999,1.9917,2.016,2.1047,2.3265,2.4961,2.6165,2.6016,2.615,2.685,3.0343,3.1921,3.3501,3.3864,3.3999,3.6911,3.8426,3.9745,4.1048,4.3335,4.5795,4.8524,5.1502,5.462999999999999,5.7819,6.0987,6.4132,6.73,7.0491,7.3705,7.6943,8.019,8.3451,8.6755,9.013,9.3603,9.7162,10.0793,10.4518,10.8361,11.2344,11.6476,12.075,12.5169,12.9735,13.4449,13.9319,14.4339,14.949000000000002,15.4756,16.0118
,LBR,RBU,conditional,worst,KYOTOGHG,IPCM0EL,MtCO2eq,AR4,1.6507,1.3940000000000001,1.3554,1.315,1.2811,1.2890000000000001,1.3532,1.4909999999999999,1.6179,1.7358,1.8659999999999999,1.9917,2.016,2.1047,2.3265,2.4961,2.6165,2.6016,2.615,2.685,3.0343,3.1921,3.3501,3.3864,3.3999,3.6911,3.8426,3.9745,4.1048,4.3335,4.5795,4.8126314589953605,5.065781592662559,5.3286815970395995,5.592354433076641,5.8487861418834,6.09783819078688,6.343903230004,6.58692470959392,6.8268460796158,7.0637025944852,7.3617913397159995,7.6611653459364,7.964486939482,8.274326642332,8.5931631721092,8.9198948765368,9.2532364946252,9.5952077222152,9.9480118638604,10.3136686154016,10.6930042160464,11.0853760353,11.491059486231599,11.910238177554,12.3430039136236,12.7900911292916,13.250948998419599,13.723833238236,14.2072749790384,14.6995299380552
,LBR,RBU,conditional,best,KYOTOGHG,IPCM0EL,MtCO2eq,AR4,1.6507,1.3940000000000001,1.3554,1.315,1.2811,1.2890000000000001,1.3532,1.4909999999999999,1.6179,1.7358,1.8659999999999999,1.9917,2.016,2.1047,2.3265,2.4961,2.6165,2.6016,2.615,2.685,3.0343,3.1921,3.3501,3.3864,3.3999,3.6911,3.8426,3.9745,4.1048,4.3335,4.5795,4.79274718849304,5.02357238899384,5.261522395559399,5.49758164961496,5.7238292128251,5.94015728618032,6.150854845006,6.3558370643908795,6.555019119423699,6.7484038917278,7.033187009574,7.3191980189046,7.608980409222999,7.904989963497999,8.2095947581638,8.5217423148052,8.8402047419378,9.1669115833228,9.503967795790599,9.853302923102401,10.2157063240696,10.590564052949999,10.978139229347398,11.378607266330999,11.7920558704354,12.2191866939374,12.6594734976294,13.111249857354,13.5731124685576,14.043394907082801
,LBR,RBU,unconditional,worst,KYOTOGHG,IPCM0EL,MtCO2eq,AR4,1.6507,1.3940000000000001,1.3554,1.315,1.2811,1.2890000000000001,1.3532,1.4909999999999999,1.6179,1.7358,1.8659999999999999,1.9917,2.016,2.1047,2.3265,2.4961,2.6165,2.6016,2.615,2.685,3.0343,3.1921,3.3501,3.3864,3.3999,3.6911,3.8426,3.9745,4.1048,4.3335,4.5795,4.8524,5.1502,5.462999999999999,5.7819,6.0987,6.4132,6.73,7.0491,7.3705,7.6943,8.019,8.3451,8.6755,9.013,9.3603,9.7162,10.0793,10.4518,10.8361,11.2344,11.6476,12.075,12.5169,12.9735,13.4449,13.9319,14.4339,14.949000000000002,15.4756,16.0118
,LBR,RBU,unconditional,best,KYOTOGHG,IPCM0EL,MtCO2eq,AR4,1.6507,1.3940000000000001,1.3554,1.315,1.2811,1.2890000000000001,1.3532,1.4909999999999999,1.6179,1.7358,1.8659999999999999,1.9917,2.016,2.1047,2.3265,2.4961,2.6165,2.6016,2.615,2.685,3.0343,3.1921,3.3501,3.3864,3.3999,3.6911,3.8426,3.9745,4.1048,4.3335,4.5795,4.8524,5.1502,5.462999999999999,5.7819,6.0987,6.4132,6.73,7.0491,7.3705,7.6943,8.019,8.3451,8.6755,9.013,9.3603,9.7162,10.0793,10.4518,10.8361,11.2344,11.6476,12.075,12.5169,12.9735,13.4449,13.9319,14.4339,14.949000000000002,15.4756,16.0118
"No targets calculated, so the baseline emissions are put in as target pathways for all un/conditional best/worst pathways.
",LBR,baseline_emissions,conditional,worst,KYOTOGHG,IPCM0EL,MtCO2eq,AR4,1.6507,1.3940000000000001,1.3554,1.315,1.2811,1.2890000000000001,1.3532,1.4909999999999999,1.6179,1.7358,1.8659999999999999,1.9917,2.016,2.1047,2.3265,2.4961,2.6165,2.6016,2.615,2.685,3.0343,3.1921,3.3501,3.3864,3.3999,3.6911,3.8426,3.9745,4.1048,4.3335,4.5795,4.8524,5.1502,5.462999999999999,5.7819,6.0987,6.4132,6.73,7.0491,7.3705,7.6943,8.019,8.3451,8.6755,9.013,9.3603,9.7162,10.0793,10.4518,10.8361,11.2344,11.6476,12.075,12.5169,12.9735,13.4449,13.9319,14.4339,14.949000000000002,15.4756,16.0118
"No targets calculated, so the baseline emissions are put in as target pathways for all un/conditional best/worst pathways.
",LBR,baseline_emissions,conditional,best,KYOTOGHG,IPCM0EL,MtCO2eq,AR4,1.6507,1.3940000000000001,1.3554,1.315,1.2811,1.2890000000000001,1.3532,1.4909999999999999,1.6179,1.7358,1.8659999999999999,1.9917,2.016,2.1047,2.3265,2.4961,2.6165,2.6016,2.615,2.685,3.0343,3.1921,3.3501,3.3864,3.3999,3.6911,3.8426,3.9745,4.1048,4.3335,4.5795,4.8524,5.1502,5.462999999999999,5.7819,6.0987,6.4132,6.73,7.0491,7.3705,7.6943,8.019,8.3451,8.6755,9.013,9.3603,9.7162,10.0793,10.4518,10.8361,11.2344,11.6476,12.075,12.5169,12.9735,13.4449,13.9319,14.4339,14.949000000000002,15.4756,16.0118
"No targets calculated, so the baseline emissions are put in as target pathways for all un/conditional best/worst pathways.
",LBR,baseline_emissions,unconditional,worst,KYOTOGHG,IPCM0EL,MtCO2eq,AR4,1.6507,1.3940000000000001,1.3554,1.315,1.2811,1.2890000000000001,1.3532,1.4909999999999999,1.6179,1.7358,1.8659999999999999,1.9917,2.016,2.1047,2.3265,2.4961,2.6165,2.6016,2.615,2.685,3.0343,3.1921,3.3501,3.3864,3.3999,3.6911,3.8426,3.9745,4.1048,4.3335,4.5795,4.8524,5.1502,5.462999999999999,5.7819,6.0987,6.4132,6.73,7.0491,7.3705,7.6943,8.019,8.3451,8.6755,9.013,9.3603,9.7162,10.0793,10.4518,10.8361,11.2344,11.6476,12.075,12.5169,12.9735,13.4449,13.9319,14.4339,14.949000000000002,15.4756,16.0118
"No targets calculated, so the baseline emissions are put in as target pathways for all un/conditional best/worst pathways.
",LBR,baseline_emissions,unconditional,best,KYOTOGHG,IPCM0EL,MtCO2eq,AR4,1.6507,1.3940000000000001,1.3554,1.315,1.2811,1.2890000000000001,1.3532,1.4909999999999999,1.6179,1.7358,1.8659999999999999,1.9917,2.016,2.1047,2.3265,2.4961,2.6165,2.6016,2.615,2.685,3.0343,3.1921,3.3501,3.3864,3.3999,3.6911,3.8426,3.9745,4.1048,4.3335,4.5795,4.8524,5.1502,5.462999999999999,5.7819,6.0987,6.4132,6.73,7.0491,7.3705,7.6943,8.019,8.3451,8.6755,9.013,9.3603,9.7162,10.0793,10.4518,10.8361,11.2344,11.6476,12.075,12.5169,12.9735,13.4449,13.9319,14.4339,14.949000000000002,15.4756,16.0118
,LBR,,emi_bau,emi_bau,KYOTOGHG,IPCM0EL,MtCO2eq,AR4,1.6507,1.3940000000000001,1.3554,1.315,1.2811,1.2890000000000001,1.3532,1.4909999999999999,1.6179,1.7358,1.8659999999999999,1.9917,2.016,2.1047,2.3265,2.4961,2.6165,2.6016,2.615,2.685,3.0343,3.1921,3.3501,3.3864,3.3999,3.6911,3.8426,3.9745,4.1048,4.3335,4.5795,4.8524,5.1502,5.462999999999999,5.7819,6.0987,6.4132,6.73,7.0491,7.3705,7.6943,8.019,8.3451,8.6755,9.013,9.3603,9.7162,10.0793,10.4518,10.8361,11.2344,11.6476,12.075,12.5169,12.9735,13.4449,13.9319,14.4339,14.949000000000002,15.4756,16.0118
,LBR,,emi_cov,emi_cov,KYOTOGHG,IPCM0EL,MtCO2eq,AR4,1.2751026751023002,1.0699916446260003,1.0386292179618,1.030164094935,1.0047698469163,1.010059062018,1.0573220446164,1.1625224672669998,1.2702699537116997,1.3834388141640002,1.4830125501,1.6098640408053,1.643660559072,1.7348255278951996,1.9149854089410001,2.0667568168478,2.1583222281064995,2.104583467776,2.1053105958100002,2.123228149725,2.4572477403771003,2.6012903215287,2.7437695182729,2.7501114170351997,2.731220315628,2.9929274826962002,3.1267653045248,3.2451473665609996,3.3435095729728,3.5322588782190003,3.7352861145705005,3.9605142936856,4.206292794583,4.4644510025369994,4.7276436297798,4.9891030952778,5.248664336824,5.510123800550001,5.7734814848082,6.0387373934145,6.305974055148,6.57395350623,6.8430883833348,7.115772117995499,7.39431558267,7.6809471231924,7.974676366729801,8.274347870842899,8.581777322304001,8.8989454760151,9.2276680285752,9.5686877582128,9.921426949875,10.2861331878921,10.662971544000001,11.0520245483991,11.4539524548382,11.868260072042398,12.293379289125001,12.727989627569999,13.170522966437202
,LBR,,emi_ncov,emi_ncov,KYOTOGHG,IPCM0EL,MtCO2eq,AR4,0.3755973248976999,0.3240083553739999,0.3167707820382,0.2848359050649999,0.27633015308369996,0.27894093798200004,0.2958779553836,0.328477532733,0.3476300462883001,0.3523611858359999,0.38298744989999994,0.3818359591946999,0.37233944092800003,0.36987447210480007,0.41151459105899973,0.4293431831522001,0.4581777718935002,0.4970165322240001,0.5096894041899999,0.5617718502750001,0.5770522596228999,0.5908096784712998,0.6063304817270999,0.6362885829648002,0.6686796843720002,0.6981725173037998,0.7158346954752003,0.7293526334390001,0.7612904270272001,0.8012411217809996,0.8442138854294997,0.8918857063144,0.943907205417,0.9985489974629994,1.0542563702201997,1.1095969047221999,1.1645356631759998,1.21987619945,1.2756185151917998,1.3317626065854997,1.388325944852,1.4450464937700003,1.5020116166652,1.5597278820045002,1.61868441733,1.679352876807601,1.7415236332701998,1.8049521291571005,1.8700226776959998,1.9371545239849002,2.0067319714248,2.0789122417872,2.1535730501249994,2.2307668121078996,2.310528455999999,2.3928754516009,2.4779475451618,2.5656399279576014,2.655620710875,2.7476103724300005,2.841277033562799
,LBR,,pc_cov,pc_cov,KYOTOGHG,IPCM0EL,MtCO2eq/MtCO2eq,AR4,0.7724617890000001,0.7675693290000001,0.766289817,0.7833947490000001,0.784302433,0.783598962,0.781349427,0.779693137,0.7851350229999999,0.79700358,0.79475485,0.808286409,0.815307817,0.824262616,0.8231185940000001,0.827994398,0.8248890609999999,0.80895736,0.8050900940000001,0.790773985,0.8098235970000001,0.8149150470000001,0.819011229,0.812104718,0.80332372,0.810849742,0.8137108479999999,0.816491978,0.814536536,0.8151053140000001,0.8156536990000001,0.816196994,0.816724165,0.8172159990000001,0.817662642,0.818060094,0.81841582,0.818740535,0.819038102,0.819311769,0.81956436,0.81979717,0.820012748,0.820214641,0.82040559,0.8205877079999999,0.820760829,0.820924853,0.82108128,0.821231391,0.821376133,0.821515828,0.821650265,0.821779609,0.8219040000000001,0.822023559,0.822138578,0.8222490159999999,0.822354625,0.822455325,0.8225510540000001
,LBY,,pop,pop,POP,DEMOGR,Pers,,4436661.0,4544242.0,4650885.0,4755133.0,4854875.0,4948798.0,5036171.0,5118007.0,5196780.0,5275926.0,5357891.0,5443248.0,5531089.0,5620547.0,5710154.0,5798614.0,5886872.0,5974787.0,6058748.0,6133984.0,6197663.0,6247439.0,6285748.0,6320360.0,6362037.0,6418315.0,6492162.0,6580724.0,6659756.1841,6765018.8489999985,6868290.142000001,6969970.1188,7070765.5073,7170817.3133,7270272.9327,7369286.9671,7466354.4828,7560637.7665,7653284.4406,7745422.1225,7838157.9145,7931674.711,8025568.1077,8120053.6057,8215351.8615,8311688.4382,8409145.3073,8507380.9789,8605989.0406,8704562.7917,8802695.3244,8901302.0231,9000988.2241,9100885.4525,9200129.6489,9297860.8488,9393757.6822,9487835.1089,9579732.8756,9669080.4893,9755497.3452
,LBY,,gdp,gdp,GDPPPP,ECO,2011GKD,,104820552786.0,121022252944.0,117555769260.0,112953429282.0,114876052250.0,112827645602.0,116516852256.0,122678627790.0,117296521380.0,117204696090.0,119079127475.0,118967628288.0,116888503837.0,131509558706.0,136718217222.0,150143512302.0,159569552432.0,167013221011.0,190590035836.0,188061815456.0,194724373797.0,80548231027.0,187101574968.0,84225117360.0,61940792232.0,54645533910.0,52560543552.0,66581525882.3808,44434796580.01,46187774168.2536,48027230280.7815,49974265612.7355,52000395812.9084,54090149430.2541,56228112789.5109,58398932876.7766,60572128323.0768,62730512994.0138,64878597729.29701,67020633081.1364,69160566800.4166,71327738509.6637,73527631405.4739,75728237188.5962,77897580080.8965,80003665083.0058,82063610852.5818,84091734765.3061,86051617506.4161,87906579554.0995,89619565748.7429,91204334698.4601,92695998777.3619,94088600117.0276,95375377157.686,96548643820.6185,97612450643.9134,98594291192.9349,99520726531.5562,100418159712.1517,101312878126.4453
"No targets calculated, so the baseline emissions are put in as target pathways for all un/conditional best/worst pathways.
",LBY,baseline_emissions,conditional,worst,KYOTOGHG,IPCM0EL,MtCO2eq,AR4,82.2197,88.3052,87.1789,93.3595,100.2976,104.2284,100.73299999999999,88.3528,82.2646,76.5395,77.9426,76.506,75.7814,81.5193,82.5556,87.3428,88.9511,84.3852,90.97,90.6353,96.7244,61.2326,82.8977,87.2918,87.6936,81.50399999999998,79.7916,82.4103,51.8129,53.6864,55.6737,57.7778,59.9426,62.1592,64.4184,66.7101,69.0065,71.2926,73.5765,75.8659,78.1675,80.5015,82.8622,85.2169,87.5335,89.7796,91.976,94.1382,96.2259,98.1986,100.0154,101.7036,103.3077,104.8114,106.1977,107.4491,108.5599,109.5513,110.4455,111.2645,112.031
"No targets calculated, so the baseline emissions are put in as target pathways for all un/conditional best/worst pathways.
",LBY,baseline_emissions,conditional,best,KYOTOGHG,IPCM0EL,MtCO2eq,AR4,82.2197,88.3052,87.1789,93.3595,100.2976,104.2284,100.73299999999999,88.3528,82.2646,76.5395,77.9426,76.506,75.7814,81.5193,82.5556,87.3428,88.9511,84.3852,90.97,90.6353,96.7244,61.2326,82.8977,87.2918,87.6936,81.50399999999998,79.7916,82.4103,51.8129,53.6864,55.6737,57.7778,59.9426,62.1592,64.4184,66.7101,69.0065,71.2926,73.5765,75.8659,78.1675,80.5015,82.8622,85.2169,87.5335,89.7796,91.976,94.1382,96.2259,98.1986,100.0154,101.7036,103.3077,104.8114,106.1977,107.4491,108.5599,109.5513,110.4455,111.2645,112.031
"No targets calculated, so the baseline emissions are put in as target pathways for all un/conditional best/worst pathways.
",LBY,baseline_emissions,unconditional,worst,KYOTOGHG,IPCM0EL,MtCO2eq,AR4,82.2197,88.3052,87.1789,93.3595,100.2976,104.2284,100.73299999999999,88.3528,82.2646,76.5395,77.9426,76.506,75.7814,81.5193,82.5556,87.3428,88.9511,84.3852,90.97,90.6353,96.7244,61.2326,82.8977,87.2918,87.6936,81.50399999999998,79.7916,82.4103,51.8129,53.6864,55.6737,57.7778,59.9426,62.1592,64.4184,66.7101,69.0065,71.2926,73.5765,75.8659,78.1675,80.5015,82.8622,85.2169,87.5335,89.7796,91.976,94.1382,96.2259,98.1986,100.0154,101.7036,103.3077,104.8114,106.1977,107.4491,108.5599,109.5513,110.4455,111.2645,112.031
"No targets calculated, so the baseline emissions are put in as target pathways for all un/conditional best/worst pathways.
",LBY,baseline_emissions,unconditional,best,KYOTOGHG,IPCM0EL,MtCO2eq,AR4,82.2197,88.3052,87.1789,93.3595,100.2976,104.2284,100.73299999999999,88.3528,82.2646,76.5395,77.9426,76.506,75.7814,81.5193,82.5556,87.3428,88.9511,84.3852,90.97,90.6353,96.7244,61.2326,82.8977,87.2918,87.6936,81.50399999999998,79.7916,82.4103,51.8129,53.6864,55.6737,57.7778,59.9426,62.1592,64.4184,66.7101,69.0065,71.2926,73.5765,75.8659,78.1675,80.5015,82.8622,85.2169,87.5335,89.7796,91.976,94.1382,96.2259,98.1986,100.0154,101.7036,103.3077,104.8114,106.1977,107.4491,108.5599,109.5513,110.4455,111.2645,112.031
,LBY,,emi_bau,emi_bau,KYOTOGHG,IPCM0EL,MtCO2eq,AR4,82.2197,88.3052,87.1789,93.3595,100.2976,104.2284,100.73299999999999,88.3528,82.2646,76.5395,77.9426,76.506,75.7814,81.5193,82.5556,87.3428,88.9511,84.3852,90.97,90.6353,96.7244,61.2326,82.8977,87.2918,87.6936,81.50399999999998,79.7916,82.4103,51.8129,53.6864,55.6737,57.7778,59.9426,62.1592,64.4184,66.7101,69.0065,71.2926,73.5765,75.8659,78.1675,80.5015,82.8622,85.2169,87.5335,89.7796,91.976,94.1382,96.2259,98.1986,100.0154,101.7036,103.3077,104.8114,106.1977,107.4491,108.5599,109.5513,110.4455,111.2645,112.031
,LBY,,emi_cov,emi_cov,KYOTOGHG,IPCM0EL,MtCO2eq,AR4,0.0,0.0,0.0,0.0,0.0,0.0,0.0,0.0,0.0,0.0,0.0,0.0,0.0,0.0,0.0,0.0,0.0,0.0,0.0,0.0,0.0,0.0,0.0,0.0,0.0,0.0,0.0,0.0,0.0,0.0,0.0,0.0,0.0,0.0,0.0,0.0,0.0,0.0,0.0,0.0,0.0,0.0,0.0,0.0,0.0,0.0,0.0,0.0,0.0,0.0,0.0,0.0,0.0,0.0,0.0,0.0,0.0,0.0,0.0,0.0,0.0
,LBY,,emi_ncov,emi_ncov,KYOTOGHG,IPCM0EL,MtCO2eq,AR4,82.2197,88.3052,87.1789,93.3595,100.2976,104.2284,100.73299999999999,88.3528,82.2646,76.5395,77.9426,76.506,75.7814,81.5193,82.5556,87.3428,88.9511,84.3852,90.97,90.6353,96.7244,61.2326,82.8977,87.2918,87.6936,81.50399999999998,79.7916,82.4103,51.8129,53.6864,55.6737,57.7778,59.9426,62.1592,64.4184,66.7101,69.0065,71.2926,73.5765,75.8659,78.1675,80.5015,82.8622,85.2169,87.5335,89.7796,91.976,94.1382,96.2259,98.1986,100.0154,101.7036,103.3077,104.8114,106.1977,107.4491,108.5599,109.5513,110.4455,111.2645,112.031
,LBY,,pc_cov,pc_cov,KYOTOGHG,IPCM0EL,MtCO2eq/MtCO2eq,AR4,0.0,0.0,0.0,0.0,0.0,0.0,0.0,0.0,0.0,0.0,0.0,0.0,0.0,0.0,0.0,0.0,0.0,0.0,0.0,0.0,0.0,0.0,0.0,0.0,0.0,0.0,0.0,0.0,0.0,0.0,0.0,0.0,0.0,0.0,0.0,0.0,0.0,0.0,0.0,0.0,0.0,0.0,0.0,0.0,0.0,0.0,0.0,0.0,0.0,0.0,0.0,0.0,0.0,0.0,0.0,0.0,0.0,0.0,0.0,0.0,0.0
,LCA,,pop,pop,POP,DEMOGR,Pers,,138020.0,139995.0,141760.0,143409.0,145083.0,146870.0,148834.0,150913.0,153021.0,154995.0,156729.0,158179.0,159392.0,160530.0,161816.0,163417.0,165381.0,167639.0,170011.0,172221.0,174085.0,175544.0,176646.0,177513.0,178296.0,179126.0,180024.0,180954.0,178759.83333333337,178759.83333333337,178759.83333333337,178759.83333333337,178759.83333333337,178759.83333333337,178759.83333333337,178759.83333333337,178759.83333333337,178759.83333333337,178759.83333333337,178759.83333333337,178759.83333333337,178759.83333333337,178759.83333333337,178759.83333333337,178759.83333333337,178759.83333333337,178759.83333333337,178759.83333333337,178759.83333333337,178759.83333333337,178759.83333333337,178759.83333333337,178759.83333333337,178759.83333333337,178759.83333333337,178759.83333333337,178759.83333333337,178759.83333333337,178759.83333333337,178759.83333333337,178759.83333333337
,LCA,,gdp,gdp,GDPPPP,ECO,2011GKD,,956224487.3047,946666625.9766,1014217285.1563,1032151000.9766,1000010620.1172,1072866088.8672,1149779418.9453,1161109252.9297,1254361450.1953,1290416748.0469,1236437011.7188,1138783691.4063,1221852661.1328,1437705566.4063,1549080200.1953,1616227905.2734,1559086547.8516,1648555419.9219,1787878662.1094,1832254394.5313,1911803588.8672,2068852050.7813,2060395507.8125,2024757080.0781,2109366210.9375,2075064697.2656,2130645263.6719,2268150634.7656,2111396565.7552,2111396565.7552,2111396565.7552,2111396565.7552,2111396565.7552,2111396565.7552,2111396565.7552,2111396565.7552,2111396565.7552,2111396565.7552,2111396565.7552,2111396565.7552,2111396565.7552,2111396565.7552,2111396565.7552,2111396565.7552,2111396565.7552,2111396565.7552,2111396565.7552,2111396565.7552,2111396565.7552,2111396565.7552,2111396565.7552,2111396565.7552,2111396565.7552,2111396565.7552,2111396565.7552,2111396565.7552,2111396565.7552,2111396565.7552,2111396565.7552,2111396565.7552,2111396565.7552
"The target value from 'conditional_best' was used for 'conditional_worst' in 2025, 2030.
",LCA,ABS,conditional,worst,KYOTOGHG,IPCM0EL,MtCO2eq,AR4,0.30768,0.31948000000000004,0.35909,0.38504,0.43317,0.5000899999999999,0.5371100000000001,0.53728,0.51236,0.53333,0.55283,0.59113,0.5422,0.58413,0.58704,0.60851,0.61815,0.65391,0.67723,0.67656,0.70962,0.71832,0.72344,0.73112,0.74475,0.75653,0.7693399999999999,0.7677,0.7664875,0.765275,0.7640625000000001,0.7384951583113457,0.7130052374670185,0.6875927374670185,0.6622576583113458,0.637,0.635856667184024,0.634385000776036,0.632585000776036,0.630456667184024,0.628,0.628,0.628,0.628,0.628,0.628,0.628,0.628,0.628,0.628,0.628,0.628,0.628,0.628,0.628,0.628,0.628,0.628,0.628,0.628,0.628
,LCA,ABS,conditional,best,KYOTOGHG,IPCM0EL,MtCO2eq,AR4,0.30768,0.31948000000000004,0.35909,0.38504,0.43317,0.5000899999999999,0.5371100000000001,0.53728,0.51236,0.53333,0.55283,0.59113,0.5422,0.58413,0.58704,0.60851,0.61815,0.65391,0.67723,0.67656,0.70962,0.71832,0.72344,0.73112,0.74475,0.75653,0.7693399999999999,0.7677,0.7664875,0.765275,0.7640625000000001,0.7384951583113457,0.7130052374670185,0.6875927374670185,0.6622576583113458,0.637,0.635856667184024,0.634385000776036,0.632585000776036,0.630456667184024,0.628,0.628,0.628,0.628,0.628,0.628,0.628,0.628,0.628,0.628,0.628,0.628,0.628,0.628,0.628,0.628,0.628,0.628,0.628,0.628,0.628
,LCA,ABS,unconditional,worst,KYOTOGHG,IPCM0EL,MtCO2eq,AR4,0.30768,0.31948000000000004,0.35909,0.38504,0.43317,0.5000899999999999,0.5371100000000001,0.53728,0.51236,0.53333,0.55283,0.59113,0.5422,0.58413,0.58704,0.60851,0.61815,0.65391,0.67723,0.67656,0.70962,0.71832,0.72344,0.73112,0.74475,0.75653,0.7693399999999999,0.7677,0.7664875,0.765275,0.7640625000000001,0.76285,0.7616375,0.760425,0.7592125000000001,0.758,0.7696,0.7812,0.7928,0.8044,0.816,0.816,0.816,0.816,0.816,0.816,0.816,0.816,0.816,0.816,0.816,0.816,0.816,0.816,0.816,0.816,0.816,0.816,0.816,0.816,0.816
,LCA,ABS,unconditional,best,KYOTOGHG,IPCM0EL,MtCO2eq,AR4,0.30768,0.31948000000000004,0.35909,0.38504,0.43317,0.5000899999999999,0.5371100000000001,0.53728,0.51236,0.53333,0.55283,0.59113,0.5422,0.58413,0.58704,0.60851,0.61815,0.65391,0.67723,0.67656,0.70962,0.71832,0.72344,0.73112,0.74475,0.75653,0.7693399999999999,0.7677,0.7664875,0.765275,0.7640625000000001,0.76285,0.7616375,0.760425,0.7592125000000001,0.758,0.7696,0.7812,0.7928,0.8044,0.816,0.816,0.816,0.816,0.816,0.816,0.816,0.816,0.816,0.816,0.816,0.816,0.816,0.816,0.816,0.816,0.816,0.816,0.816,0.816,0.816
"The target value from 'conditional_best' was used for 'conditional_worst' in 2025, 2030.
",LCA,ABU,conditional,worst,KYOTOGHG,IPCM0EL,MtCO2eq,AR4,0.30768,0.31948000000000004,0.35909,0.38504,0.43317,0.5000899999999999,0.5371100000000001,0.53728,0.51236,0.53333,0.55283,0.59113,0.5422,0.58413,0.58704,0.60851,0.61815,0.65391,0.67723,0.67656,0.70962,0.71832,0.72344,0.73112,0.74475,0.75653,0.7693399999999999,0.7677,0.7664875,0.765275,0.7640625000000001,0.7384951583113457,0.7130052374670185,0.6875927374670185,0.6622576583113458,0.637,0.6358566671840239,0.634385000776036,0.632585000776036,0.630456667184024,0.6279999999999999,0.6279999999999999,0.6279999999999999,0.6279999999999999,0.6279999999999999,0.6279999999999999,0.6279999999999999,0.6279999999999999,0.6279999999999999,0.6279999999999999,0.6279999999999999,0.6279999999999999,0.6279999999999999,0.6279999999999999,0.6279999999999999,0.6279999999999999,0.6279999999999999,0.6279999999999999,0.6279999999999999,0.6279999999999999,0.6279999999999999
,LCA,ABU,conditional,best,KYOTOGHG,IPCM0EL,MtCO2eq,AR4,0.30768,0.31948000000000004,0.35909,0.38504,0.43317,0.5000899999999999,0.5371100000000001,0.53728,0.51236,0.53333,0.55283,0.59113,0.5422,0.58413,0.58704,0.60851,0.61815,0.65391,0.67723,0.67656,0.70962,0.71832,0.72344,0.73112,0.74475,0.75653,0.7693399999999999,0.7677,0.7664875,0.765275,0.7640625000000001,0.7384951583113457,0.7130052374670185,0.6875927374670185,0.6622576583113458,0.637,0.6358566671840239,0.634385000776036,0.632585000776036,0.630456667184024,0.6279999999999999,0.6279999999999999,0.6279999999999999,0.6279999999999999,0.6279999999999999,0.6279999999999999,0.6279999999999999,0.6279999999999999,0.6279999999999999,0.6279999999999999,0.6279999999999999,0.6279999999999999,0.6279999999999999,0.6279999999999999,0.6279999999999999,0.6279999999999999,0.6279999999999999,0.6279999999999999,0.6279999999999999,0.6279999999999999,0.6279999999999999
,LCA,ABU,unconditional,worst,KYOTOGHG,IPCM0EL,MtCO2eq,AR4,0.30768,0.31948000000000004,0.35909,0.38504,0.43317,0.5000899999999999,0.5371100000000001,0.53728,0.51236,0.53333,0.55283,0.59113,0.5422,0.58413,0.58704,0.60851,0.61815,0.65391,0.67723,0.67656,0.70962,0.71832,0.72344,0.73112,0.74475,0.75653,0.7693399999999999,0.7677,0.7664875,0.765275,0.7640625000000001,0.76285,0.7616375,0.760425,0.7592125000000001,0.758,0.7696,0.7812,0.7928,0.8044,0.816,0.816,0.816,0.816,0.816,0.816,0.816,0.816,0.816,0.816,0.816,0.816,0.816,0.816,0.816,0.816,0.816,0.816,0.816,0.816,0.816
,LCA,ABU,unconditional,best,KYOTOGHG,IPCM0EL,MtCO2eq,AR4,0.30768,0.31948000000000004,0.35909,0.38504,0.43317,0.5000899999999999,0.5371100000000001,0.53728,0.51236,0.53333,0.55283,0.59113,0.5422,0.58413,0.58704,0.60851,0.61815,0.65391,0.67723,0.67656,0.70962,0.71832,0.72344,0.73112,0.74475,0.75653,0.7693399999999999,0.7677,0.7664875,0.765275,0.7640625000000001,0.76285,0.7616375,0.760425,0.7592125000000001,0.758,0.7696,0.7812,0.7928,0.8044,0.816,0.816,0.816,0.816,0.816,0.816,0.816,0.816,0.816,0.816,0.816,0.816,0.816,0.816,0.816,0.816,0.816,0.816,0.816,0.816,0.816
"The target value from 'conditional_best' was used for 'conditional_worst' in 2030.
",LCA,AEI,conditional,worst,KYOTOGHG,IPCM0EL,MtCO2eq,AR4,0.30768,0.31948000000000004,0.35909,0.38504,0.43317,0.5000899999999999,0.5371100000000001,0.53728,0.51236,0.53333,0.55283,0.59113,0.5422,0.58413,0.58704,0.60851,0.61815,0.65391,0.67723,0.67656,0.70962,0.71832,0.72344,0.73112,0.74475,0.75653,0.7693399999999999,0.7677,0.7664875,0.765275,0.7640625000000001,0.7415462780445977,0.7190977778244536,0.6967169993395681,0.6744039425899409,0.652158607575572,0.640646645472549,0.6284867888301472,0.6156790376483661,0.602223391927206,0.5881198516666668,0.5881198516666668,0.5881198516666668,0.5881198516666668,0.5881198516666668,0.5881198516666668,0.5881198516666668,0.5881198516666668,0.5881198516666668,0.5881198516666668,0.5881198516666668,0.5881198516666668,0.5881198516666668,0.5881198516666668,0.5881198516666668,0.5881198516666668,0.5881198516666668,0.5881198516666668,0.5881198516666668,0.5881198516666668,0.5881198516666668
,LCA,AEI,conditional,best,KYOTOGHG,IPCM0EL,MtCO2eq,AR4,0.30768,0.31948000000000004,0.35909,0.38504,0.43317,0.5000899999999999,0.5371100000000001,0.53728,0.51236,0.53333,0.55283,0.59113,0.5422,0.58413,0.58704,0.60851,0.61815,0.65391,0.67723,0.67656,0.70962,0.71832,0.72344,0.73112,0.74475,0.75653,0.7693399999999999,0.7677,0.7664875,0.765275,0.7640625000000001,0.7415462780445977,0.7190977778244536,0.6967169993395681,0.6744039425899409,0.652158607575572,0.640646645472549,0.6284867888301472,0.6156790376483661,0.602223391927206,0.5881198516666668,0.5881198516666668,0.5881198516666668,0.5881198516666668,0.5881198516666668,0.5881198516666668,0.5881198516666668,0.5881198516666668,0.5881198516666668,0.5881198516666668,0.5881198516666668,0.5881198516666668,0.5881198516666668,0.5881198516666668,0.5881198516666668,0.5881198516666668,0.5881198516666668,0.5881198516666668,0.5881198516666668,0.5881198516666668,0.5881198516666668
,LCA,AEI,unconditional,worst,KYOTOGHG,IPCM0EL,MtCO2eq,AR4,0.30768,0.31948000000000004,0.35909,0.38504,0.43317,0.5000899999999999,0.5371100000000001,0.53728,0.51236,0.53333,0.55283,0.59113,0.5422,0.58413,0.58704,0.60851,0.61815,0.65391,0.67723,0.67656,0.70962,0.71832,0.72344,0.73112,0.74475,0.75653,0.7693399999999999,0.7677,0.7664875,0.765275,0.7640625000000001,0.76285,0.7616375,0.760425,0.7592125000000001,0.758,0.7696,0.7812,0.7928,0.8044,0.816,0.816,0.816,0.816,0.816,0.816,0.816,0.816,0.816,0.816,0.816,0.816,0.816,0.816,0.816,0.816,0.816,0.816,0.816,0.816,0.816
,LCA,AEI,unconditional,best,KYOTOGHG,IPCM0EL,MtCO2eq,AR4,0.30768,0.31948000000000004,0.35909,0.38504,0.43317,0.5000899999999999,0.5371100000000001,0.53728,0.51236,0.53333,0.55283,0.59113,0.5422,0.58413,0.58704,0.60851,0.61815,0.65391,0.67723,0.67656,0.70962,0.71832,0.72344,0.73112,0.74475,0.75653,0.7693399999999999,0.7677,0.7664875,0.765275,0.7640625000000001,0.76285,0.7616375,0.760425,0.7592125000000001,0.758,0.7696,0.7812,0.7928,0.8044,0.816,0.816,0.816,0.816,0.816,0.816,0.816,0.816,0.816,0.816,0.816,0.816,0.816,0.816,0.816,0.816,0.816,0.816,0.816,0.816,0.816
"The target value from 'conditional_best' was used for 'conditional_worst' in 2025, 2030.
",LCA,RBU,conditional,worst,KYOTOGHG,IPCM0EL,MtCO2eq,AR4,0.30768,0.31948000000000004,0.35909,0.38504,0.43317,0.5000899999999999,0.5371100000000001,0.53728,0.51236,0.53333,0.55283,0.59113,0.5422,0.58413,0.58704,0.60851,0.61815,0.65391,0.67723,0.67656,0.70962,0.71832,0.72344,0.73112,0.74475,0.75653,0.7693399999999999,0.7677,0.7664875,0.765275,0.7640625000000001,0.739982598341624,0.7159753891509959,0.6920408724281161,0.668179048172984,0.6443899163856,0.644158280501008,0.643622385421512,0.642782231147112,0.641637817677808,0.6401891450136,0.6401891450136,0.6401891450136,0.6401891450136,0.6401891450136,0.6401891450136,0.6401891450136,0.6401891450136,0.6401891450136,0.6401891450136,0.6401891450136,0.6401891450136,0.6401891450136,0.6401891450136,0.6401891450136,0.6401891450136,0.6401891450136,0.6401891450136,0.6401891450136,0.6401891450136,0.6401891450136
,LCA,RBU,conditional,best,KYOTOGHG,IPCM0EL,MtCO2eq,AR4,0.30768,0.31948000000000004,0.35909,0.38504,0.43317,0.5000899999999999,0.5371100000000001,0.53728,0.51236,0.53333,0.55283,0.59113,0.5422,0.58413,0.58704,0.60851,0.61815,0.65391,0.67723,0.67656,0.70962,0.71832,0.72344,0.73112,0.74475,0.75653,0.7693399999999999,0.7677,0.7664875,0.765275,0.7640625000000001,0.739982598341624,0.7159753891509959,0.6920408724281161,0.668179048172984,0.6443899163856,0.644158280501008,0.643622385421512,0.642782231147112,0.641637817677808,0.6401891450136,0.6401891450136,0.6401891450136,0.6401891450136,0.6401891450136,0.6401891450136,0.6401891450136,0.6401891450136,0.6401891450136,0.6401891450136,0.6401891450136,0.6401891450136,0.6401891450136,0.6401891450136,0.6401891450136,0.6401891450136,0.6401891450136,0.6401891450136,0.6401891450136,0.6401891450136,0.6401891450136
,LCA,RBU,unconditional,worst,KYOTOGHG,IPCM0EL,MtCO2eq,AR4,0.30768,0.31948000000000004,0.35909,0.38504,0.43317,0.5000899999999999,0.5371100000000001,0.53728,0.51236,0.53333,0.55283,0.59113,0.5422,0.58413,0.58704,0.60851,0.61815,0.65391,0.67723,0.67656,0.70962,0.71832,0.72344,0.73112,0.74475,0.75653,0.7693399999999999,0.7677,0.7664875,0.765275,0.7640625000000001,0.76285,0.7616375,0.760425,0.7592125000000001,0.758,0.7696,0.7812,0.7928,0.8044,0.816,0.816,0.816,0.816,0.816,0.816,0.816,0.816,0.816,0.816,0.816,0.816,0.816,0.816,0.816,0.816,0.816,0.816,0.816,0.816,0.816
,LCA,RBU,unconditional,best,KYOTOGHG,IPCM0EL,MtCO2eq,AR4,0.30768,0.31948000000000004,0.35909,0.38504,0.43317,0.5000899999999999,0.5371100000000001,0.53728,0.51236,0.53333,0.55283,0.59113,0.5422,0.58413,0.58704,0.60851,0.61815,0.65391,0.67723,0.67656,0.70962,0.71832,0.72344,0.73112,0.74475,0.75653,0.7693399999999999,0.7677,0.7664875,0.765275,0.7640625000000001,0.76285,0.7616375,0.760425,0.7592125000000001,0.758,0.7696,0.7812,0.7928,0.8044,0.816,0.816,0.816,0.816,0.816,0.816,0.816,0.816,0.816,0.816,0.816,0.816,0.816,0.816,0.816,0.816,0.816,0.816,0.816,0.816,0.816
"No targets calculated, so the baseline emissions are put in as target pathways for all un/conditional best/worst pathways.
",LCA,baseline_emissions,conditional,worst,KYOTOGHG,IPCM0EL,MtCO2eq,AR4,0.30768,0.31948000000000004,0.35909,0.38504,0.43317,0.5000899999999999,0.5371100000000001,0.53728,0.51236,0.53333,0.55283,0.59113,0.5422,0.58413,0.58704,0.60851,0.61815,0.65391,0.67723,0.67656,0.70962,0.71832,0.72344,0.73112,0.74475,0.75653,0.7693399999999999,0.7677,0.7664875,0.765275,0.7640625000000001,0.76285,0.7616375,0.760425,0.7592125000000001,0.758,0.7696,0.7812,0.7928,0.8044,0.816,0.816,0.816,0.816,0.816,0.816,0.816,0.816,0.816,0.816,0.816,0.816,0.816,0.816,0.816,0.816,0.816,0.816,0.816,0.816,0.816
"No targets calculated, so the baseline emissions are put in as target pathways for all un/conditional best/worst pathways.
",LCA,baseline_emissions,conditional,best,KYOTOGHG,IPCM0EL,MtCO2eq,AR4,0.30768,0.31948000000000004,0.35909,0.38504,0.43317,0.5000899999999999,0.5371100000000001,0.53728,0.51236,0.53333,0.55283,0.59113,0.5422,0.58413,0.58704,0.60851,0.61815,0.65391,0.67723,0.67656,0.70962,0.71832,0.72344,0.73112,0.74475,0.75653,0.7693399999999999,0.7677,0.7664875,0.765275,0.7640625000000001,0.76285,0.7616375,0.760425,0.7592125000000001,0.758,0.7696,0.7812,0.7928,0.8044,0.816,0.816,0.816,0.816,0.816,0.816,0.816,0.816,0.816,0.816,0.816,0.816,0.816,0.816,0.816,0.816,0.816,0.816,0.816,0.816,0.816
"No targets calculated, so the baseline emissions are put in as target pathways for all un/conditional best/worst pathways.
",LCA,baseline_emissions,unconditional,worst,KYOTOGHG,IPCM0EL,MtCO2eq,AR4,0.30768,0.31948000000000004,0.35909,0.38504,0.43317,0.5000899999999999,0.5371100000000001,0.53728,0.51236,0.53333,0.55283,0.59113,0.5422,0.58413,0.58704,0.60851,0.61815,0.65391,0.67723,0.67656,0.70962,0.71832,0.72344,0.73112,0.74475,0.75653,0.7693399999999999,0.7677,0.7664875,0.765275,0.7640625000000001,0.76285,0.7616375,0.760425,0.7592125000000001,0.758,0.7696,0.7812,0.7928,0.8044,0.816,0.816,0.816,0.816,0.816,0.816,0.816,0.816,0.816,0.816,0.816,0.816,0.816,0.816,0.816,0.816,0.816,0.816,0.816,0.816,0.816
"No targets calculated, so the baseline emissions are put in as target pathways for all un/conditional best/worst pathways.
",LCA,baseline_emissions,unconditional,best,KYOTOGHG,IPCM0EL,MtCO2eq,AR4,0.30768,0.31948000000000004,0.35909,0.38504,0.43317,0.5000899999999999,0.5371100000000001,0.53728,0.51236,0.53333,0.55283,0.59113,0.5422,0.58413,0.58704,0.60851,0.61815,0.65391,0.67723,0.67656,0.70962,0.71832,0.72344,0.73112,0.74475,0.75653,0.7693399999999999,0.7677,0.7664875,0.765275,0.7640625000000001,0.76285,0.7616375,0.760425,0.7592125000000001,0.758,0.7696,0.7812,0.7928,0.8044,0.816,0.816,0.816,0.816,0.816,0.816,0.816,0.816,0.816,0.816,0.816,0.816,0.816,0.816,0.816,0.816,0.816,0.816,0.816,0.816,0.816
,LCA,,emi_bau,emi_bau,KYOTOGHG,IPCM0EL,MtCO2eq,AR4,0.30768,0.31948000000000004,0.35909,0.38504,0.43317,0.5000899999999999,0.5371100000000001,0.53728,0.51236,0.53333,0.55283,0.59113,0.5422,0.58413,0.58704,0.60851,0.61815,0.65391,0.67723,0.67656,0.70962,0.71832,0.72344,0.73112,0.74475,0.75653,0.7693399999999999,0.7677,0.7664875,0.765275,0.7640625000000001,0.76285,0.7616375,0.760425,0.7592125000000001,0.758,0.7696,0.7812,0.7928,0.8044,0.816,0.816,0.816,0.816,0.816,0.816,0.816,0.816,0.816,0.816,0.816,0.816,0.816,0.816,0.816,0.816,0.816,0.816,0.816,0.816,0.816
,LCA,,emi_cov,emi_cov,KYOTOGHG,IPCM0EL,MtCO2eq,AR4,0.29062376227680004,0.30108312949288,0.33836362109016005,0.3611730299224,0.40552669679436,0.4682132547184699,0.5007168851907601,0.4962662825712,0.46679899004772,0.48346913189903995,0.50363051767277,0.54309470940231,0.49523623603219996,0.5380469866059601,0.54155625879504,0.56324583943313,0.57288615725835,0.60864607319607,0.6319659310839,0.63129625245696,0.66435599275956,0.67157808363048,0.6765234662262399,0.68402807972304,0.6974839824840001,0.7090888192393401,0.7217247780599999,0.7199095587641999,0.7180137612499374,0.716877941441375,0.7157421216328126,0.71460630182425,0.7134704820156874,0.7123346622071249,0.7111988423985626,0.71006302259,0.720929422408,0.7317958222259999,0.7426622220439999,0.753528621862,0.76439502168,0.76439502168,0.76439502168,0.76439502168,0.76439502168,0.76439502168,0.76439502168,0.76439502168,0.76439502168,0.76439502168,0.76439502168,0.76439502168,0.76439502168,0.76439502168,0.76439502168,0.76439502168,0.76439502168,0.76439502168,0.76439502168,0.76439502168,0.76439502168
,LCA,,emi_ncov,emi_ncov,KYOTOGHG,IPCM0EL,MtCO2eq,AR4,0.017056237723199988,0.01839687050712001,0.020726378909839995,0.023866970077599994,0.027643303205640023,0.03187674528153001,0.03639311480924002,0.04101371742879998,0.04556100995228001,0.04986086810096,0.04919948232723,0.04803529059769002,0.04696376396780006,0.04608301339404001,0.04548374120496001,0.04526416056686999,0.04526384274164997,0.04526392680392998,0.045264068916100034,0.04526374754304004,0.04526400724044003,0.04674191636951999,0.04691653377376001,0.047091920276960006,0.047266017515999924,0.04744118076066,0.047615221940000015,0.04779044123580008,0.04847373875006253,0.04839705855862503,0.048320378367187534,0.04824369817575003,0.04816701798431253,0.048090337792875026,0.04801365760143753,0.047936977410000026,0.048670577592000025,0.049404177774000024,0.050137777956000024,0.05087137813800003,0.05160497832000002,0.05160497832000002,0.05160497832000002,0.05160497832000002,0.05160497832000002,0.05160497832000002,0.05160497832000002,0.05160497832000002,0.05160497832000002,0.05160497832000002,0.05160497832000002,0.05160497832000002,0.05160497832000002,0.05160497832000002,0.05160497832000002,0.05160497832000002,0.05160497832000002,0.05160497832000002,0.05160497832000002,0.05160497832000002,0.05160497832000002
,LCA,,pc_cov,pc_cov,KYOTOGHG,IPCM0EL,MtCO2eq/MtCO2eq,AR4,0.94456501,0.942416206,0.942280824,0.93801431,0.936183708,0.936257983,0.932242716,0.923664165,0.911076177,0.906510288,0.911004319,0.918739887,0.9133829509999999,0.921108292,0.922520201,0.925614763,0.926775309,0.930779577,0.93316293,0.933097216,0.936213738,0.934928839,0.935147996,0.935589342,0.9365343840000001,0.937291078,0.938109,0.9377485459999999,0.936758605,0.936758605,0.936758605,0.936758605,0.936758605,0.936758605,0.936758605,0.936758605,0.936758605,0.936758605,0.936758605,0.936758605,0.936758605,0.936758605,0.936758605,0.936758605,0.936758605,0.936758605,0.936758605,0.936758605,0.936758605,0.936758605,0.936758605,0.936758605,0.936758605,0.936758605,0.936758605,0.936758605,0.936758605,0.936758605,0.936758605,0.936758605,0.936758605
,LIE,,pop,pop,POP,DEMOGR,Pers,,28789.0,29159.0,29553.0,29975.0,30426.0,30880.0,31348.0,31830.0,32311.0,32769.0,33184.0,33552.0,33879.0,34175.0,34452.0,34713.0,34970.0,35217.0,35471.0,35727.0,35994.0,36293.0,36615.0,36934.0,37223.0,37470.0,37658.0,37800.0,37283.333333333336,37283.333333333336,37283.333333333336,37283.333333333336,37283.333333333336,37283.333333333336,37283.333333333336,37283.333333333336,37283.333333333336,37283.333333333336,37283.333333333336,37283.333333333336,37283.333333333336,37283.333333333336,37283.333333333336,37283.333333333336,37283.333333333336,37283.333333333336,37283.333333333336,37283.333333333336,37283.333333333336,37283.333333333336,37283.333333333336,37283.333333333336,37283.333333333336,37283.333333333336,37283.333333333336,37283.333333333336,37283.333333333336,37283.333333333336,37283.333333333336,37283.333333333336,37283.333333333336
,LIE,,gdp,gdp,GDPPPP,ECO,2011GKD,,,,,,,,,,,,,,,,,,,,,,,,,,,,,,,,,,,,,,,,,,,,,,,,,,,,,,,,,,,,,,
"The target value from 'unconditional_best' was used for 'conditional_worst' in 2030.
The target value from 'unconditional_best' was used for 'conditional_best' in 2030.
",LIE,ABS,conditional,worst,KYOTOGHG,IPCM0EL,MtCO2eq,AR4,0.24653000000000005,0.2526,0.25189,0.25785,0.24494000000000002,0.2482800000000001,0.25004,0.2619,0.27304,0.26985,0.26118,0.26095999999999997,0.26677,0.27698,0.27853,0.27964,0.28265999999999997,0.25340999999999997,0.27302,0.2578,0.24403000000000002,0.23034000000000002,0.23886999999999997,0.2464,0.21484,0.2122,0.20217000000000002,0.2081800000000001,0.22044333333333327,0.22044333333333327,0.22044333333333327,0.21046431874999993,0.2004853041666666,0.1905062895833333,0.18052727499999996,0.17054826041666662,0.16056924583333332,0.15059023124999998,0.14061121666666668,0.13063220208333332,0.12065318750000001,0.12065318750000001,0.12065318750000001,0.12065318750000001,0.12065318750000001,0.12065318750000001,0.12065318750000001,0.12065318750000001,0.12065318750000001,0.12065318750000001,0.12065318750000001,0.12065318750000001,0.12065318750000001,0.12065318750000001,0.12065318750000001,0.12065318750000001,0.12065318750000001,0.12065318750000001,0.12065318750000001,0.12065318750000001,0.12065318750000001
,LIE,ABS,conditional,best,KYOTOGHG,IPCM0EL,MtCO2eq,AR4,0.24653000000000005,0.2526,0.25189,0.25785,0.24494000000000002,0.2482800000000001,0.25004,0.2619,0.27304,0.26985,0.26118,0.26095999999999997,0.26677,0.27698,0.27853,0.27964,0.28265999999999997,0.25340999999999997,0.27302,0.2578,0.24403000000000002,0.23034000000000002,0.23886999999999997,0.2464,0.21484,0.2122,0.20217000000000002,0.2081800000000001,0.22044333333333327,0.22044333333333327,0.22044333333333327,0.21046431874999993,0.2004853041666666,0.1905062895833333,0.18052727499999996,0.17054826041666662,0.16056924583333332,0.15059023124999998,0.14061121666666668,0.13063220208333332,0.12065318750000001,0.12065318750000001,0.12065318750000001,0.12065318750000001,0.12065318750000001,0.12065318750000001,0.12065318750000001,0.12065318750000001,0.12065318750000001,0.12065318750000001,0.12065318750000001,0.12065318750000001,0.12065318750000001,0.12065318750000001,0.12065318750000001,0.12065318750000001,0.12065318750000001,0.12065318750000001,0.12065318750000001,0.12065318750000001,0.12065318750000001
"The target value from 'unconditional_best' was used for 'unconditional_worst' in 2030.
",LIE,ABS,unconditional,worst,KYOTOGHG,IPCM0EL,MtCO2eq,AR4,0.24653000000000005,0.2526,0.25189,0.25785,0.24494000000000002,0.2482800000000001,0.25004,0.2619,0.27304,0.26985,0.26118,0.26095999999999997,0.26677,0.27698,0.27853,0.27964,0.28265999999999997,0.25340999999999997,0.27302,0.2578,0.24403000000000002,0.23034000000000002,0.23886999999999997,0.2464,0.21484,0.2122,0.20217000000000002,0.2081800000000001,0.22044333333333327,0.22044333333333327,0.22044333333333327,0.21046431874999993,0.2004853041666666,0.1905062895833333,0.18052727499999996,0.17054826041666662,0.16056924583333332,0.15059023124999998,0.14061121666666668,0.13063220208333332,0.12065318750000001,0.12065318750000001,0.12065318750000001,0.12065318750000001,0.12065318750000001,0.12065318750000001,0.12065318750000001,0.12065318750000001,0.12065318750000001,0.12065318750000001,0.12065318750000001,0.12065318750000001,0.12065318750000001,0.12065318750000001,0.12065318750000001,0.12065318750000001,0.12065318750000001,0.12065318750000001,0.12065318750000001,0.12065318750000001,0.12065318750000001
,LIE,ABS,unconditional,best,KYOTOGHG,IPCM0EL,MtCO2eq,AR4,0.24653000000000005,0.2526,0.25189,0.25785,0.24494000000000002,0.2482800000000001,0.25004,0.2619,0.27304,0.26985,0.26118,0.26095999999999997,0.26677,0.27698,0.27853,0.27964,0.28265999999999997,0.25340999999999997,0.27302,0.2578,0.24403000000000002,0.23034000000000002,0.23886999999999997,0.2464,0.21484,0.2122,0.20217000000000002,0.2081800000000001,0.22044333333333327,0.22044333333333327,0.22044333333333327,0.21046431874999993,0.2004853041666666,0.1905062895833333,0.18052727499999996,0.17054826041666662,0.16056924583333332,0.15059023124999998,0.14061121666666668,0.13063220208333332,0.12065318750000001,0.12065318750000001,0.12065318750000001,0.12065318750000001,0.12065318750000001,0.12065318750000001,0.12065318750000001,0.12065318750000001,0.12065318750000001,0.12065318750000001,0.12065318750000001,0.12065318750000001,0.12065318750000001,0.12065318750000001,0.12065318750000001,0.12065318750000001,0.12065318750000001,0.12065318750000001,0.12065318750000001,0.12065318750000001,0.12065318750000001
"The target value from 'unconditional_best' was used for 'conditional_worst' in 2030.
The target value from 'unconditional_best' was used for 'conditional_best' in 2030.
",LIE,AEI,conditional,worst,KYOTOGHG,IPCM0EL,MtCO2eq,AR4,0.24653000000000005,0.2526,0.25189,0.25785,0.24494000000000002,0.2482800000000001,0.25004,0.2619,0.27304,0.26985,0.26118,0.26095999999999997,0.26677,0.27698,0.27853,0.27964,0.28265999999999997,0.25340999999999997,0.27302,0.2578,0.24403000000000002,0.23034000000000002,0.23886999999999997,0.2464,0.21484,0.2122,0.20217000000000002,0.2081800000000001,0.22044333333333327,0.22044333333333327,0.22044333333333327,0.21016431874999994,0.1998853041666666,0.1896062895833333,0.17932727499999995,0.16904826041666665,0.15876924583333332,0.14849023125,0.13821121666666666,0.12793220208333334,0.11765318750000002,0.11765318750000002,0.11765318750000002,0.11765318750000002,0.11765318750000002,0.11765318750000002,0.11765318750000002,0.11765318750000002,0.11765318750000002,0.11765318750000002,0.11765318750000002,0.11765318750000002,0.11765318750000002,0.11765318750000002,0.11765318750000002,0.11765318750000002,0.11765318750000002,0.11765318750000002,0.11765318750000002,0.11765318750000002,0.11765318750000002
,LIE,AEI,conditional,best,KYOTOGHG,IPCM0EL,MtCO2eq,AR4,0.24653000000000005,0.2526,0.25189,0.25785,0.24494000000000002,0.2482800000000001,0.25004,0.2619,0.27304,0.26985,0.26118,0.26095999999999997,0.26677,0.27698,0.27853,0.27964,0.28265999999999997,0.25340999999999997,0.27302,0.2578,0.24403000000000002,0.23034000000000002,0.23886999999999997,0.2464,0.21484,0.2122,0.20217000000000002,0.2081800000000001,0.22044333333333327,0.22044333333333327,0.22044333333333327,0.21016431874999994,0.1998853041666666,0.1896062895833333,0.17932727499999995,0.16904826041666665,0.15876924583333332,0.14849023125,0.13821121666666666,0.12793220208333334,0.11765318750000002,0.11765318750000002,0.11765318750000002,0.11765318750000002,0.11765318750000002,0.11765318750000002,0.11765318750000002,0.11765318750000002,0.11765318750000002,0.11765318750000002,0.11765318750000002,0.11765318750000002,0.11765318750000002,0.11765318750000002,0.11765318750000002,0.11765318750000002,0.11765318750000002,0.11765318750000002,0.11765318750000002,0.11765318750000002,0.11765318750000002
"The target value from 'unconditional_best' was used for 'unconditional_worst' in 2030.
",LIE,AEI,unconditional,worst,KYOTOGHG,IPCM0EL,MtCO2eq,AR4,0.24653000000000005,0.2526,0.25189,0.25785,0.24494000000000002,0.2482800000000001,0.25004,0.2619,0.27304,0.26985,0.26118,0.26095999999999997,0.26677,0.27698,0.27853,0.27964,0.28265999999999997,0.25340999999999997,0.27302,0.2578,0.24403000000000002,0.23034000000000002,0.23886999999999997,0.2464,0.21484,0.2122,0.20217000000000002,0.2081800000000001,0.22044333333333327,0.22044333333333327,0.22044333333333327,0.21016431874999994,0.1998853041666666,0.1896062895833333,0.17932727499999995,0.16904826041666665,0.15876924583333332,0.14849023125,0.13821121666666666,0.12793220208333334,0.11765318750000002,0.11765318750000002,0.11765318750000002,0.11765318750000002,0.11765318750000002,0.11765318750000002,0.11765318750000002,0.11765318750000002,0.11765318750000002,0.11765318750000002,0.11765318750000002,0.11765318750000002,0.11765318750000002,0.11765318750000002,0.11765318750000002,0.11765318750000002,0.11765318750000002,0.11765318750000002,0.11765318750000002,0.11765318750000002,0.11765318750000002
,LIE,AEI,unconditional,best,KYOTOGHG,IPCM0EL,MtCO2eq,AR4,0.24653000000000005,0.2526,0.25189,0.25785,0.24494000000000002,0.2482800000000001,0.25004,0.2619,0.27304,0.26985,0.26118,0.26095999999999997,0.26677,0.27698,0.27853,0.27964,0.28265999999999997,0.25340999999999997,0.27302,0.2578,0.24403000000000002,0.23034000000000002,0.23886999999999997,0.2464,0.21484,0.2122,0.20217000000000002,0.2081800000000001,0.22044333333333327,0.22044333333333327,0.22044333333333327,0.21016431874999994,0.1998853041666666,0.1896062895833333,0.17932727499999995,0.16904826041666665,0.15876924583333332,0.14849023125,0.13821121666666666,0.12793220208333334,0.11765318750000002,0.11765318750000002,0.11765318750000002,0.11765318750000002,0.11765318750000002,0.11765318750000002,0.11765318750000002,0.11765318750000002,0.11765318750000002,0.11765318750000002,0.11765318750000002,0.11765318750000002,0.11765318750000002,0.11765318750000002,0.11765318750000002,0.11765318750000002,0.11765318750000002,0.11765318750000002,0.11765318750000002,0.11765318750000002,0.11765318750000002
"The target value from 'unconditional_best' was used for 'conditional_worst' in 2030.
The target value from 'unconditional_best' was used for 'conditional_best' in 2030.
",LIE,RBY,conditional,worst,KYOTOGHG,IPCM0EL,MtCO2eq,AR4,0.24653000000000005,0.2526,0.25189,0.25785,0.24494000000000002,0.2482800000000001,0.25004,0.2619,0.27304,0.26985,0.26118,0.26095999999999997,0.26677,0.27698,0.27853,0.27964,0.28265999999999997,0.25340999999999997,0.27302,0.2578,0.24403000000000002,0.23034000000000002,0.23886999999999997,0.2464,0.21484,0.2122,0.20217000000000002,0.2081800000000001,0.22044333333333327,0.22044333333333327,0.22044333333333327,0.20975111874999994,0.1990589041666666,0.18836668958333327,0.17767447499999994,0.1669822604166666,0.15629004583333325,0.14559783124999995,0.13490561666666662,0.12421340208333327,0.11352118749999994,0.11352118749999994,0.11352118749999994,0.11352118749999994,0.11352118749999994,0.11352118749999994,0.11352118749999994,0.11352118749999994,0.11352118749999994,0.11352118749999994,0.11352118749999994,0.11352118749999994,0.11352118749999994,0.11352118749999994,0.11352118749999994,0.11352118749999994,0.11352118749999994,0.11352118749999994,0.11352118749999994,0.11352118749999994,0.11352118749999994
,LIE,RBY,conditional,best,KYOTOGHG,IPCM0EL,MtCO2eq,AR4,0.24653000000000005,0.2526,0.25189,0.25785,0.24494000000000002,0.2482800000000001,0.25004,0.2619,0.27304,0.26985,0.26118,0.26095999999999997,0.26677,0.27698,0.27853,0.27964,0.28265999999999997,0.25340999999999997,0.27302,0.2578,0.24403000000000002,0.23034000000000002,0.23886999999999997,0.2464,0.21484,0.2122,0.20217000000000002,0.2081800000000001,0.22044333333333327,0.22044333333333327,0.22044333333333327,0.20975111874999994,0.1990589041666666,0.18836668958333327,0.17767447499999994,0.1669822604166666,0.15629004583333325,0.14559783124999995,0.13490561666666662,0.12421340208333327,0.11352118749999994,0.11352118749999994,0.11352118749999994,0.11352118749999994,0.11352118749999994,0.11352118749999994,0.11352118749999994,0.11352118749999994,0.11352118749999994,0.11352118749999994,0.11352118749999994,0.11352118749999994,0.11352118749999994,0.11352118749999994,0.11352118749999994,0.11352118749999994,0.11352118749999994,0.11352118749999994,0.11352118749999994,0.11352118749999994,0.11352118749999994
"The target value from 'unconditional_best' was used for 'unconditional_worst' in 2030.
",LIE,RBY,unconditional,worst,KYOTOGHG,IPCM0EL,MtCO2eq,AR4,0.24653000000000005,0.2526,0.25189,0.25785,0.24494000000000002,0.2482800000000001,0.25004,0.2619,0.27304,0.26985,0.26118,0.26095999999999997,0.26677,0.27698,0.27853,0.27964,0.28265999999999997,0.25340999999999997,0.27302,0.2578,0.24403000000000002,0.23034000000000002,0.23886999999999997,0.2464,0.21484,0.2122,0.20217000000000002,0.2081800000000001,0.22044333333333327,0.22044333333333327,0.22044333333333327,0.20975111874999994,0.1990589041666666,0.18836668958333327,0.17767447499999994,0.1669822604166666,0.15629004583333325,0.14559783124999995,0.13490561666666662,0.12421340208333327,0.11352118749999994,0.11352118749999994,0.11352118749999994,0.11352118749999994,0.11352118749999994,0.11352118749999994,0.11352118749999994,0.11352118749999994,0.11352118749999994,0.11352118749999994,0.11352118749999994,0.11352118749999994,0.11352118749999994,0.11352118749999994,0.11352118749999994,0.11352118749999994,0.11352118749999994,0.11352118749999994,0.11352118749999994,0.11352118749999994,0.11352118749999994
,LIE,RBY,unconditional,best,KYOTOGHG,IPCM0EL,MtCO2eq,AR4,0.24653000000000005,0.2526,0.25189,0.25785,0.24494000000000002,0.2482800000000001,0.25004,0.2619,0.27304,0.26985,0.26118,0.26095999999999997,0.26677,0.27698,0.27853,0.27964,0.28265999999999997,0.25340999999999997,0.27302,0.2578,0.24403000000000002,0.23034000000000002,0.23886999999999997,0.2464,0.21484,0.2122,0.20217000000000002,0.2081800000000001,0.22044333333333327,0.22044333333333327,0.22044333333333327,0.20975111874999994,0.1990589041666666,0.18836668958333327,0.17767447499999994,0.1669822604166666,0.15629004583333325,0.14559783124999995,0.13490561666666662,0.12421340208333327,0.11352118749999994,0.11352118749999994,0.11352118749999994,0.11352118749999994,0.11352118749999994,0.11352118749999994,0.11352118749999994,0.11352118749999994,0.11352118749999994,0.11352118749999994,0.11352118749999994,0.11352118749999994,0.11352118749999994,0.11352118749999994,0.11352118749999994,0.11352118749999994,0.11352118749999994,0.11352118749999994,0.11352118749999994,0.11352118749999994,0.11352118749999994
"No targets calculated, so the baseline emissions are put in as target pathways for all un/conditional best/worst pathways.
",LIE,baseline_emissions,conditional,worst,KYOTOGHG,IPCM0EL,MtCO2eq,AR4,0.24653000000000005,0.2526,0.25189,0.25785,0.24494000000000002,0.2482800000000001,0.25004,0.2619,0.27304,0.26985,0.26118,0.26095999999999997,0.26677,0.27698,0.27853,0.27964,0.28265999999999997,0.25340999999999997,0.27302,0.2578,0.24403000000000002,0.23034000000000002,0.23886999999999997,0.2464,0.21484,0.2122,0.20217000000000002,0.2081800000000001,0.22044333333333327,0.22044333333333327,0.22044333333333327,0.22044333333333327,0.22044333333333327,0.22044333333333327,0.22044333333333327,0.22044333333333327,0.22044333333333327,0.22044333333333327,0.22044333333333327,0.22044333333333327,0.22044333333333327,0.22044333333333327,0.22044333333333327,0.22044333333333327,0.22044333333333327,0.22044333333333327,0.22044333333333327,0.22044333333333327,0.22044333333333327,0.22044333333333327,0.22044333333333327,0.22044333333333327,0.22044333333333327,0.22044333333333327,0.22044333333333327,0.22044333333333327,0.22044333333333327,0.22044333333333327,0.22044333333333327,0.22044333333333327,0.22044333333333327
"No targets calculated, so the baseline emissions are put in as target pathways for all un/conditional best/worst pathways.
",LIE,baseline_emissions,conditional,best,KYOTOGHG,IPCM0EL,MtCO2eq,AR4,0.24653000000000005,0.2526,0.25189,0.25785,0.24494000000000002,0.2482800000000001,0.25004,0.2619,0.27304,0.26985,0.26118,0.26095999999999997,0.26677,0.27698,0.27853,0.27964,0.28265999999999997,0.25340999999999997,0.27302,0.2578,0.24403000000000002,0.23034000000000002,0.23886999999999997,0.2464,0.21484,0.2122,0.20217000000000002,0.2081800000000001,0.22044333333333327,0.22044333333333327,0.22044333333333327,0.22044333333333327,0.22044333333333327,0.22044333333333327,0.22044333333333327,0.22044333333333327,0.22044333333333327,0.22044333333333327,0.22044333333333327,0.22044333333333327,0.22044333333333327,0.22044333333333327,0.22044333333333327,0.22044333333333327,0.22044333333333327,0.22044333333333327,0.22044333333333327,0.22044333333333327,0.22044333333333327,0.22044333333333327,0.22044333333333327,0.22044333333333327,0.22044333333333327,0.22044333333333327,0.22044333333333327,0.22044333333333327,0.22044333333333327,0.22044333333333327,0.22044333333333327,0.22044333333333327,0.22044333333333327
"No targets calculated, so the baseline emissions are put in as target pathways for all un/conditional best/worst pathways.
",LIE,baseline_emissions,unconditional,worst,KYOTOGHG,IPCM0EL,MtCO2eq,AR4,0.24653000000000005,0.2526,0.25189,0.25785,0.24494000000000002,0.2482800000000001,0.25004,0.2619,0.27304,0.26985,0.26118,0.26095999999999997,0.26677,0.27698,0.27853,0.27964,0.28265999999999997,0.25340999999999997,0.27302,0.2578,0.24403000000000002,0.23034000000000002,0.23886999999999997,0.2464,0.21484,0.2122,0.20217000000000002,0.2081800000000001,0.22044333333333327,0.22044333333333327,0.22044333333333327,0.22044333333333327,0.22044333333333327,0.22044333333333327,0.22044333333333327,0.22044333333333327,0.22044333333333327,0.22044333333333327,0.22044333333333327,0.22044333333333327,0.22044333333333327,0.22044333333333327,0.22044333333333327,0.22044333333333327,0.22044333333333327,0.22044333333333327,0.22044333333333327,0.22044333333333327,0.22044333333333327,0.22044333333333327,0.22044333333333327,0.22044333333333327,0.22044333333333327,0.22044333333333327,0.22044333333333327,0.22044333333333327,0.22044333333333327,0.22044333333333327,0.22044333333333327,0.22044333333333327,0.22044333333333327
"No targets calculated, so the baseline emissions are put in as target pathways for all un/conditional best/worst pathways.
",LIE,baseline_emissions,unconditional,best,KYOTOGHG,IPCM0EL,MtCO2eq,AR4,0.24653000000000005,0.2526,0.25189,0.25785,0.24494000000000002,0.2482800000000001,0.25004,0.2619,0.27304,0.26985,0.26118,0.26095999999999997,0.26677,0.27698,0.27853,0.27964,0.28265999999999997,0.25340999999999997,0.27302,0.2578,0.24403000000000002,0.23034000000000002,0.23886999999999997,0.2464,0.21484,0.2122,0.20217000000000002,0.2081800000000001,0.22044333333333327,0.22044333333333327,0.22044333333333327,0.22044333333333327,0.22044333333333327,0.22044333333333327,0.22044333333333327,0.22044333333333327,0.22044333333333327,0.22044333333333327,0.22044333333333327,0.22044333333333327,0.22044333333333327,0.22044333333333327,0.22044333333333327,0.22044333333333327,0.22044333333333327,0.22044333333333327,0.22044333333333327,0.22044333333333327,0.22044333333333327,0.22044333333333327,0.22044333333333327,0.22044333333333327,0.22044333333333327,0.22044333333333327,0.22044333333333327,0.22044333333333327,0.22044333333333327,0.22044333333333327,0.22044333333333327,0.22044333333333327,0.22044333333333327
,LIE,,emi_bau,emi_bau,KYOTOGHG,IPCM0EL,MtCO2eq,AR4,0.24653000000000005,0.2526,0.25189,0.25785,0.24494000000000002,0.2482800000000001,0.25004,0.2619,0.27304,0.26985,0.26118,0.26095999999999997,0.26677,0.27698,0.27853,0.27964,0.28265999999999997,0.25340999999999997,0.27302,0.2578,0.24403000000000002,0.23034000000000002,0.23886999999999997,0.2464,0.21484,0.2122,0.20217000000000002,0.2081800000000001,0.22044333333333327,0.22044333333333327,0.22044333333333327,0.22044333333333327,0.22044333333333327,0.22044333333333327,0.22044333333333327,0.22044333333333327,0.22044333333333327,0.22044333333333327,0.22044333333333327,0.22044333333333327,0.22044333333333327,0.22044333333333327,0.22044333333333327,0.22044333333333327,0.22044333333333327,0.22044333333333327,0.22044333333333327,0.22044333333333327,0.22044333333333327,0.22044333333333327,0.22044333333333327,0.22044333333333327,0.22044333333333327,0.22044333333333327,0.22044333333333327,0.22044333333333327,0.22044333333333327,0.22044333333333327,0.22044333333333327,0.22044333333333327,0.22044333333333327
,LIE,,emi_cov,emi_cov,KYOTOGHG,IPCM0EL,MtCO2eq,AR4,0.24653000000000005,0.2526,0.25189,0.25785,0.24494000000000002,0.2482800000000001,0.25004,0.2619,0.27304,0.26985,0.26118,0.26095999999999997,0.26677,0.27698,0.27853,0.27964,0.28265999999999997,0.25340999999999997,0.27302,0.2578,0.24403000000000002,0.23034000000000002,0.23886999999999997,0.2464,0.21484,0.2122,0.20217000000000002,0.2081800000000001,0.22044333333333327,0.22044333333333327,0.22044333333333327,0.22044333333333327,0.22044333333333327,0.22044333333333327,0.22044333333333327,0.22044333333333327,0.22044333333333327,0.22044333333333327,0.22044333333333327,0.22044333333333327,0.22044333333333327,0.22044333333333327,0.22044333333333327,0.22044333333333327,0.22044333333333327,0.22044333333333327,0.22044333333333327,0.22044333333333327,0.22044333333333327,0.22044333333333327,0.22044333333333327,0.22044333333333327,0.22044333333333327,0.22044333333333327,0.22044333333333327,0.22044333333333327,0.22044333333333327,0.22044333333333327,0.22044333333333327,0.22044333333333327,0.22044333333333327
,LIE,,emi_ncov,emi_ncov,KYOTOGHG,IPCM0EL,MtCO2eq,AR4,0.0,0.0,0.0,0.0,0.0,0.0,0.0,0.0,0.0,0.0,0.0,0.0,0.0,0.0,0.0,0.0,0.0,0.0,0.0,0.0,0.0,0.0,0.0,0.0,0.0,0.0,0.0,0.0,0.0,0.0,0.0,0.0,0.0,0.0,0.0,0.0,0.0,0.0,0.0,0.0,0.0,0.0,0.0,0.0,0.0,0.0,0.0,0.0,0.0,0.0,0.0,0.0,0.0,0.0,0.0,0.0,0.0,0.0,0.0,0.0,0.0
,LIE,,pc_cov,pc_cov,KYOTOGHG,IPCM0EL,MtCO2eq/MtCO2eq,AR4,1.0,1.0,1.0,1.0,1.0,1.0,1.0,1.0,1.0,1.0,1.0,1.0,1.0,1.0,1.0,1.0,1.0,1.0,1.0,1.0,1.0,1.0,1.0,1.0,1.0,1.0,1.0,1.0,1.0,1.0,1.0,1.0,1.0,1.0,1.0,1.0,1.0,1.0,1.0,1.0,1.0,1.0,1.0,1.0,1.0,1.0,1.0,1.0,1.0,1.0,1.0,1.0,1.0,1.0,1.0,1.0,1.0,1.0,1.0,1.0,1.0
,LKA,,pop,pop,POP,DEMOGR,Pers,,17325773.0,17535729.0,17736821.0,17924823.0,18094477.0,18242912.0,18367288.0,18470900.0,18564599.0,18663284.0,18777601.0,18911730.0,19062482.0,19224037.0,19387153.0,19544988.0,19695972.0,19842044.0,19983984.0,20123508.0,20261737.0,20398497.0,20532600.0,20663046.0,20788511.0,20908027.0,21021171.0,21128032.0,21317503.1887,21471409.5305,21625379.2195,21779505.4576,21933116.4839,22087218.8472,22242810.0967,22400881.7709,22558545.0808,22712046.0501,22861075.7575,23005323.6846,23144477.0585,23282465.1512,23422158.7858,23561665.6331,23699102.2158,23832591.0192,23964125.6972,24095948.9313,24226564.1267,24354477.3709,24478196.9131,24598414.4888,24716683.9949,24832809.4835,24946595.9367,25057849.3028,25165671.7529,25269772.9673,25370869.4388,25469675.3663,25566902.523
,LKA,,gdp,gdp,GDPPPP,ECO,2011GKD,,50271875000.0,50833910156.25,55390117187.5,60501757812.5,64284925781.25,68050898437.5,72600531250.0,76275851562.5,82068007812.5,80347156250.0,81564335937.5,82286421875.0,86947898437.5,93666992187.5,95879382812.5,101123953125.0,111266328125.0,121504906250.0,131567125000.0,150551031250.0,165801375000.0,181226906250.0,196295640625.0,205713375000.0,218807218750.0,233570484375.0,242337765625.0,255236640625.0,273560776962.5925,288113236023.6779,302734539468.1649,317858964076.4453,333710991468.5182,350108719744.3673,366871534017.702,383820978103.9284,400640136219.6621,417036313691.4365,432869741417.3459,448000548231.4902,462288352510.9304,475894835017.0712,489092449646.5446,501905582394.0452,514357516392.7791,526470391503.1198,538238279706.0134,549661945045.0884,560773411632.5703,571605592724.9401,582192224155.0487,592391537489.8826,602164459851.8154,611699594135.1927,621185653749.147,630811838856.4181,640360019431.3092,649613289409.1686,658764254624.982,668006336364.1521,677534253421.0079
"The target value from 'conditional_best' was used for 'conditional_worst' in 2030.
",LKA,RBU,conditional,worst,KYOTOGHG,IPCM0EL,MtCO2eq,AR4,14.9437,14.7181,15.9648,16.0716,16.8115,17.0942,17.6318,18.1943,17.6113,18.9073,20.4446,20.4206,21.3278,21.3675,22.3316,22.9445,22.7794,22.9123,23.9261,24.384,25.0903,27.2536,28.0655,27.5608,30.0678,34.8812,37.1249,38.5736,38.6552,40.3505,42.1454,43.413681980439556,44.716586404668845,46.045608578529844,47.391102441141314,48.743131178466086,50.06877831315048,51.3398833735094,52.553326552050635,53.70563387860879,54.793020603402965,56.770681838928446,58.74355289153051,60.71180483917071,62.67569429879138,64.6355634263156,66.58824727945468,68.53092307184306,70.46538712207702,72.39360682671436,74.31797727721683,76.21891004698684,78.08947647858162,79.95140347311809,81.82701670457861,83.73949723675331,85.65155007402413,87.52596575975379,89.3866952085594,91.25854472486581,93.1669193859633
,LKA,RBU,conditional,best,KYOTOGHG,IPCM0EL,MtCO2eq,AR4,14.9437,14.7181,15.9648,16.0716,16.8115,17.0942,17.6318,18.1943,17.6113,18.9073,20.4446,20.4206,21.3278,21.3675,22.3316,22.9445,22.7794,22.9123,23.9261,24.384,25.0903,27.2536,28.0655,27.5608,30.0678,34.8812,37.1249,38.5736,38.6552,40.3505,42.1454,43.413681980439556,44.716586404668845,46.045608578529844,47.391102441141314,48.743131178466086,50.06877831315048,51.3398833735094,52.553326552050635,53.70563387860879,54.793020603402965,56.770681838928446,58.74355289153051,60.71180483917071,62.67569429879138,64.6355634263156,66.58824727945468,68.53092307184306,70.46538712207702,72.39360682671436,74.31797727721683,76.21891004698684,78.08947647858162,79.95140347311809,81.82701670457861,83.73949723675331,85.65155007402413,87.52596575975379,89.3866952085594,91.25854472486581,93.1669193859633
"The target value from 'unconditional_best' was used for 'unconditional_worst' in 2030.
",LKA,RBU,unconditional,worst,KYOTOGHG,IPCM0EL,MtCO2eq,AR4,14.9437,14.7181,15.9648,16.0716,16.8115,17.0942,17.6318,18.1943,17.6113,18.9073,20.4446,20.4206,21.3278,21.3675,22.3316,22.9445,22.7794,22.9123,23.9261,24.384,25.0903,27.2536,28.0655,27.5608,30.0678,34.8812,37.1249,38.5736,38.6552,40.3505,42.1454,43.916961410258025,45.768792725842076,47.69539517118306,49.68984526388602,51.744605440782934,53.82708826463933,55.90823297344396,57.98509341976753,60.054175068437196,62.111444104581835,64.35325143579712,66.58962878385722,68.82077007673196,71.04696620637608,73.26860502872924,75.4820988763496,77.68424793773501,79.87708845656864,82.06285060450355,84.24424937311734,86.39908000986462,88.5194884319674,90.63010349159384,92.75623278880654,94.92415356351725,97.0915895183034,99.21636131972731,101.32561888356494,103.44748176544142,105.61074826887626
,LKA,RBU,unconditional,best,KYOTOGHG,IPCM0EL,MtCO2eq,AR4,14.9437,14.7181,15.9648,16.0716,16.8115,17.0942,17.6318,18.1943,17.6113,18.9073,20.4446,20.4206,21.3278,21.3675,22.3316,22.9445,22.7794,22.9123,23.9261,24.384,25.0903,27.2536,28.0655,27.5608,30.0678,34.8812,37.1249,38.5736,38.6552,40.3505,42.1454,43.916961410258025,45.768792725842076,47.69539517118306,49.68984526388602,51.744605440782934,53.82708826463933,55.90823297344396,57.98509341976753,60.054175068437196,62.111444104581835,64.35325143579712,66.58962878385722,68.82077007673196,71.04696620637608,73.26860502872924,75.4820988763496,77.68424793773501,79.87708845656864,82.06285060450355,84.24424937311734,86.39908000986462,88.5194884319674,90.63010349159384,92.75623278880654,94.92415356351725,97.0915895183034,99.21636131972731,101.32561888356494,103.44748176544142,105.61074826887626
"No targets calculated, so the baseline emissions are put in as target pathways for all un/conditional best/worst pathways.
",LKA,baseline_emissions,conditional,worst,KYOTOGHG,IPCM0EL,MtCO2eq,AR4,14.9437,14.7181,15.9648,16.0716,16.8115,17.0942,17.6318,18.1943,17.6113,18.9073,20.4446,20.4206,21.3278,21.3675,22.3316,22.9445,22.7794,22.9123,23.9261,24.384,25.0903,27.2536,28.0655,27.5608,30.0678,34.8812,37.1249,38.5736,38.6552,40.3505,42.1454,44.0507,46.0484,48.1338,50.3007,52.5422,54.8258,57.1222,59.4285,61.7412,64.0562,66.3682,68.6746,70.9756,73.2715,75.5627,77.8455,80.1166,82.3781,84.6323,86.882,89.1043,91.2911,93.4678,95.6605,97.8963,100.1316,102.3229,104.4982,106.6865,108.9175
"No targets calculated, so the baseline emissions are put in as target pathways for all un/conditional best/worst pathways.
",LKA,baseline_emissions,conditional,best,KYOTOGHG,IPCM0EL,MtCO2eq,AR4,14.9437,14.7181,15.9648,16.0716,16.8115,17.0942,17.6318,18.1943,17.6113,18.9073,20.4446,20.4206,21.3278,21.3675,22.3316,22.9445,22.7794,22.9123,23.9261,24.384,25.0903,27.2536,28.0655,27.5608,30.0678,34.8812,37.1249,38.5736,38.6552,40.3505,42.1454,44.0507,46.0484,48.1338,50.3007,52.5422,54.8258,57.1222,59.4285,61.7412,64.0562,66.3682,68.6746,70.9756,73.2715,75.5627,77.8455,80.1166,82.3781,84.6323,86.882,89.1043,91.2911,93.4678,95.6605,97.8963,100.1316,102.3229,104.4982,106.6865,108.9175
"No targets calculated, so the baseline emissions are put in as target pathways for all un/conditional best/worst pathways.
",LKA,baseline_emissions,unconditional,worst,KYOTOGHG,IPCM0EL,MtCO2eq,AR4,14.9437,14.7181,15.9648,16.0716,16.8115,17.0942,17.6318,18.1943,17.6113,18.9073,20.4446,20.4206,21.3278,21.3675,22.3316,22.9445,22.7794,22.9123,23.9261,24.384,25.0903,27.2536,28.0655,27.5608,30.0678,34.8812,37.1249,38.5736,38.6552,40.3505,42.1454,44.0507,46.0484,48.1338,50.3007,52.5422,54.8258,57.1222,59.4285,61.7412,64.0562,66.3682,68.6746,70.9756,73.2715,75.5627,77.8455,80.1166,82.3781,84.6323,86.882,89.1043,91.2911,93.4678,95.6605,97.8963,100.1316,102.3229,104.4982,106.6865,108.9175
"No targets calculated, so the baseline emissions are put in as target pathways for all un/conditional best/worst pathways.
",LKA,baseline_emissions,unconditional,best,KYOTOGHG,IPCM0EL,MtCO2eq,AR4,14.9437,14.7181,15.9648,16.0716,16.8115,17.0942,17.6318,18.1943,17.6113,18.9073,20.4446,20.4206,21.3278,21.3675,22.3316,22.9445,22.7794,22.9123,23.9261,24.384,25.0903,27.2536,28.0655,27.5608,30.0678,34.8812,37.1249,38.5736,38.6552,40.3505,42.1454,44.0507,46.0484,48.1338,50.3007,52.5422,54.8258,57.1222,59.4285,61.7412,64.0562,66.3682,68.6746,70.9756,73.2715,75.5627,77.8455,80.1166,82.3781,84.6323,86.882,89.1043,91.2911,93.4678,95.6605,97.8963,100.1316,102.3229,104.4982,106.6865,108.9175
,LKA,,emi_bau,emi_bau,KYOTOGHG,IPCM0EL,MtCO2eq,AR4,14.9437,14.7181,15.9648,16.0716,16.8115,17.0942,17.6318,18.1943,17.6113,18.9073,20.4446,20.4206,21.3278,21.3675,22.3316,22.9445,22.7794,22.9123,23.9261,24.384,25.0903,27.2536,28.0655,27.5608,30.0678,34.8812,37.1249,38.5736,38.6552,40.3505,42.1454,44.0507,46.0484,48.1338,50.3007,52.5422,54.8258,57.1222,59.4285,61.7412,64.0562,66.3682,68.6746,70.9756,73.2715,75.5627,77.8455,80.1166,82.3781,84.6323,86.882,89.1043,91.2911,93.4678,95.6605,97.8963,100.1316,102.3229,104.4982,106.6865,108.9175
,LKA,,emi_cov,emi_cov,KYOTOGHG,IPCM0EL,MtCO2eq,AR4,7.5892130677034,7.9355713851891005,8.954183841744,8.828760192080399,9.289539196110999,9.699565801337599,10.935424143858,11.5227866389956,11.7260596550587,12.5105793711831,14.242745964339202,14.455115439588598,15.053858978977,15.075907488179997,16.3427208019456,16.1846630656735,16.0607486372256,16.4660769221811,16.4114897335367,17.27817004608,17.534793478929,19.2652740566792,20.238097498746,19.7673957076496,22.709425322115,27.3652151827964,30.4688612866471,32.292093178623205,29.1931572214664,30.473480682153497,31.829023995777803,33.2679435319349,34.7766453412988,36.3515798926566,37.9880648256849,39.6808891264754,41.4055081643006,43.1397940105354,44.8815565288995,46.6281524514684,48.3764853786734,50.1225526476574,51.8643906879622,53.6021505434692,55.336058780000506,57.06641748531891,58.7904323476185,60.5056111428562,62.213539831786704,63.9159554190461,65.614972518974,67.2932966071501,68.9448104063777,70.5886964895946,72.2446660833235,73.9331856334941,75.62132757396121,77.2762398605203,78.9190686365674,80.57171526490549,82.2566097619225
,LKA,,emi_ncov,emi_ncov,KYOTOGHG,IPCM0EL,MtCO2eq,AR4,7.3544869322965996,6.782528614810899,7.010616158256001,7.2428398079196015,7.521960803888999,7.394634198662402,6.696375856141999,6.671513361004399,5.8852403449413,6.396720628816899,6.2018540356608,5.965484560411402,6.273941021023,6.291592511820002,5.988879198054402,6.7598369343265015,6.718651362774398,6.446223077818899,7.5146102664633,7.10582995392,7.555506521071001,7.988325943320798,7.8274025012539985,7.7934042923504,7.358374677884999,7.515984817203599,6.6560387133528955,6.281506821376797,9.4620427785336,9.877019317846498,10.3163760042222,10.782756468065099,11.2717546587012,11.7822201073434,12.3126351743151,12.8613108735246,13.4202918356994,13.9824059894646,14.5469434711005,15.113047548531599,15.6797146213266,16.2456473523426,16.8102093120378,17.3734494565308,17.9354412199995,18.496282514681102,19.0550676523815,19.610988857143802,20.1645601682133,20.716344580953898,21.267027481026002,21.811003392849898,22.3462895936223,22.879103510405397,23.415833916676497,23.9631143665059,24.5102724260388,25.0466601394797,25.579131363432598,26.1147847350945,26.6608902380775
,LKA,,pc_cov,pc_cov,KYOTOGHG,IPCM0EL,MtCO2eq/MtCO2eq,AR4,0.507853682,0.539170911,0.560870405,0.5493392189999999,0.552570514,0.5674185279999999,0.62021031,0.633318492,0.665825899,0.661679847,0.696650752,0.7078692809999999,0.705832715,0.7055531759999999,0.7318204159999999,0.705383123,0.7050558240000001,0.718656657,0.685924147,0.70858637,0.69886743,0.706889147,0.7211023320000001,0.717228662,0.755273925,0.784526197,0.8207122790000001,0.8371552870000001,0.755219407,0.755219407,0.755219407,0.755219407,0.755219407,0.755219407,0.755219407,0.755219407,0.755219407,0.755219407,0.755219407,0.755219407,0.755219407,0.755219407,0.755219407,0.755219407,0.755219407,0.755219407,0.755219407,0.755219407,0.755219407,0.755219407,0.755219407,0.755219407,0.755219407,0.755219407,0.755219407,0.755219407,0.755219407,0.755219407,0.755219407,0.755219407,0.755219407
,LSO,,pop,pop,POP,DEMOGR,Pers,,1703747.0,1742539.0,1782285.0,1822236.0,1861324.0,1898598.0,1934291.0,1968044.0,1997516.0,2019731.0,2032804.0,2035740.0,2029829.0,2018348.0,2005940.0,1996114.0,1989939.0,1986922.0,1987129.0,1990131.0,1995581.0,2003788.0,2014994.0,2028530.0,2043445.0,2059021.0,2075030.0,2091534.0,2097496.3128,2114963.7049,2132163.4445,2149256.0408,2166358.3116,2183434.9014,2200454.5586,2217390.0606,2234082.7736,2250333.1702,2266048.2628,2281125.5362,2295453.331,2309133.2942,2322392.458,2335302.5329,2347937.7639,2360374.8572,2372574.6559,2384446.1124,2395989.797,2407206.1669,2418095.5685,2428664.6528,2439018.9482,2449309.0702,2459688.3522,2470312.7726,2481152.0246,2491951.4474,2502528.0612,2512693.5375,2522254.6219
,LSO,,gdp,gdp,GDPPPP,ECO,2011GKD,,2187152343.75,2176213378.9063,2342024658.2031,2542357910.1563,2630770019.5313,2699811523.4375,2953529785.1563,3166365722.6563,2948118652.3438,3113697998.0469,3289740722.6563,3580571777.3438,3618294921.875,3673290771.4844,3839783935.5469,4129676757.8125,4238920410.1563,4392856445.3125,4680726562.5,4407234863.2813,4668384765.625,5176389648.4375,5288234863.2813,5549332519.5313,6063506835.9375,6535152832.0313,6549056152.3438,6689327148.4375,6984045585.1862,7223702554.2701,7483349814.3858,7766409474.011998,8065456951.1747,8378055301.6705,8701803627.1926,9034328991.7319,9372443715.5774,9713758220.3105,10057087786.5435,10401212901.494,10744881701.1739,11084684651.8232,11422755945.1968,11766109878.6357,12121732045.3133,12496592855.2137,12890061196.3981,13297128874.402,13718191557.922,14153648174.0371,14603916980.6669,15066994902.3359,15542210523.9408,16032030772.5121,16538972142.1323,17065619758.8894,17613426988.8891,18181517100.2426,18769059126.4537,19375240365.8355,19999263780.6263
"The target value from 'conditional_best' was used for 'conditional_worst' in 2025, 2030.
",LSO,ABS,conditional,worst,KYOTOGHG,IPCM0EL,MtCO2eq,AR4,3.3281,3.3931,3.6183,3.6397,3.6508,3.6113,3.6291,3.6333,3.5832,4.1862,4.1544,4.1808,3.9823,4.0717,4.0902,4.2954,4.2604,4.3525,4.3264,4.4437,4.4991,4.605,4.6742,4.6196,4.6423,4.691,4.7304,5.0964,5.065633333333333,5.034866666666667,5.0041,4.88639690899267,4.759092818347467,4.622187728064391,4.475681638143442,4.319574548584619,4.278481143190378,4.231898748509322,4.179827364541449,4.122266991286763,4.059217628745261,4.1339385245575215,4.206409189672159,4.279475504089108,4.3556524315292435,4.4373887524576245,4.524485917106814,4.615156977569876,4.709401933846812,4.807353152449243,4.909076816632986,5.014242010118976,5.122981099418838,5.2354926343000106,5.352041347785743,5.473090522666722,5.598375425919698,5.727101858474921,5.858475621262643,5.991834881724738,6.126385440791458
,LSO,ABS,conditional,best,KYOTOGHG,IPCM0EL,MtCO2eq,AR4,3.3281,3.3931,3.6183,3.6397,3.6508,3.6113,3.6291,3.6333,3.5832,4.1862,4.1544,4.1808,3.9823,4.0717,4.0902,4.2954,4.2604,4.3525,4.3264,4.4437,4.4991,4.605,4.6742,4.6196,4.6423,4.691,4.7304,5.0964,5.065633333333333,5.034866666666667,5.0041,4.88639690899267,4.759092818347467,4.622187728064391,4.475681638143442,4.319574548584619,4.278481143190378,4.231898748509322,4.179827364541449,4.122266991286763,4.059217628745261,4.1339385245575215,4.206409189672159,4.279475504089108,4.3556524315292435,4.4373887524576245,4.524485917106814,4.615156977569876,4.709401933846812,4.807353152449243,4.909076816632986,5.014242010118976,5.122981099418838,5.2354926343000106,5.352041347785743,5.473090522666722,5.598375425919698,5.727101858474921,5.858475621262643,5.991834881724738,6.126385440791458
"The target value from 'unconditional_best' was used for 'unconditional_worst' in 2025, 2030.
",LSO,ABS,unconditional,worst,KYOTOGHG,IPCM0EL,MtCO2eq,AR4,3.3281,3.3931,3.6183,3.6397,3.6508,3.6113,3.6291,3.6333,3.5832,4.1862,4.1544,4.1808,3.9823,4.0717,4.0902,4.2954,4.2604,4.3525,4.3264,4.4437,4.4991,4.605,4.6742,4.6196,4.6423,4.691,4.7304,5.0964,5.065633333333333,5.034866666666667,5.0041,5.017784333110701,5.027444295115704,5.033079886015014,5.034691105808628,5.032277954496546,5.133082446264388,5.2336526338450895,5.333988517238648,5.434090096445067,5.5339573714643455,5.635824846924265,5.734624568473079,5.834236342527776,5.938088835224292,6.049520484642362,6.168260606613357,6.2918730436196375,6.420357795661201,6.553895318850467,6.692575841243643,6.8359482225596855,6.984192918911012,7.13758061446625,7.296472221450235,7.461499336256429,7.632301046659996,7.807794615986429,7.986897307561222,8.168706840822283,8.352140479095105
,LSO,ABS,unconditional,best,KYOTOGHG,IPCM0EL,MtCO2eq,AR4,3.3281,3.3931,3.6183,3.6397,3.6508,3.6113,3.6291,3.6333,3.5832,4.1862,4.1544,4.1808,3.9823,4.0717,4.0902,4.2954,4.2604,4.3525,4.3264,4.4437,4.4991,4.605,4.6742,4.6196,4.6423,4.691,4.7304,5.0964,5.065633333333333,5.034866666666667,5.0041,5.017784333110701,5.027444295115704,5.033079886015014,5.034691105808628,5.032277954496546,5.133082446264388,5.2336526338450895,5.333988517238648,5.434090096445067,5.5339573714643455,5.635824846924265,5.734624568473079,5.834236342527776,5.938088835224292,6.049520484642362,6.168260606613357,6.2918730436196375,6.420357795661201,6.553895318850467,6.692575841243643,6.8359482225596855,6.984192918911012,7.13758061446625,7.296472221450235,7.461499336256429,7.632301046659996,7.807794615986429,7.986897307561222,8.168706840822283,8.352140479095105
"The target value from 'conditional_best' was used for 'conditional_worst' in 2025, 2030.
",LSO,ABU,conditional,worst,KYOTOGHG,IPCM0EL,MtCO2eq,AR4,3.3281,3.3931,3.6183,3.6397,3.6508,3.6113,3.6291,3.6333,3.5832,4.1862,4.1544,4.1808,3.9823,4.0717,4.0902,4.2954,4.2604,4.3525,4.3264,4.4437,4.4991,4.605,4.6742,4.6196,4.6423,4.691,4.7304,5.0964,5.065633333333333,5.034866666666667,5.0041,4.88639690899267,4.759092818347467,4.622187728064391,4.475681638143442,4.319574548584619,4.278481143190378,4.231898748509322,4.179827364541449,4.122266991286762,4.05921762874526,4.133938524557521,4.206409189672158,4.279475504089107,4.355652431529243,4.437388752457624,4.524485917106813,4.6151569775698755,4.709401933846811,4.807353152449243,4.909076816632985,5.014242010118975,5.122981099418837,5.23549263430001,5.352041347785742,5.4730905226667215,5.598375425919697,5.72710185847492,5.8584756212626425,5.9918348817247375,6.1263854407914575
,LSO,ABU,conditional,best,KYOTOGHG,IPCM0EL,MtCO2eq,AR4,3.3281,3.3931,3.6183,3.6397,3.6508,3.6113,3.6291,3.6333,3.5832,4.1862,4.1544,4.1808,3.9823,4.0717,4.0902,4.2954,4.2604,4.3525,4.3264,4.4437,4.4991,4.605,4.6742,4.6196,4.6423,4.691,4.7304,5.0964,5.065633333333333,5.034866666666667,5.0041,4.88639690899267,4.759092818347467,4.622187728064391,4.475681638143442,4.319574548584619,4.278481143190378,4.231898748509322,4.179827364541449,4.122266991286762,4.05921762874526,4.133938524557521,4.206409189672158,4.279475504089107,4.355652431529243,4.437388752457624,4.524485917106813,4.6151569775698755,4.709401933846811,4.807353152449243,4.909076816632985,5.014242010118975,5.122981099418837,5.23549263430001,5.352041347785742,5.4730905226667215,5.598375425919697,5.72710185847492,5.8584756212626425,5.9918348817247375,6.1263854407914575
"The target value from 'unconditional_best' was used for 'unconditional_worst' in 2025, 2030.
",LSO,ABU,unconditional,worst,KYOTOGHG,IPCM0EL,MtCO2eq,AR4,3.3281,3.3931,3.6183,3.6397,3.6508,3.6113,3.6291,3.6333,3.5832,4.1862,4.1544,4.1808,3.9823,4.0717,4.0902,4.2954,4.2604,4.3525,4.3264,4.4437,4.4991,4.605,4.6742,4.6196,4.6423,4.691,4.7304,5.0964,5.065633333333333,5.034866666666667,5.0041,5.017784333110701,5.027444295115705,5.033079886015014,5.034691105808629,5.032277954496547,5.133082446264388,5.233652633845089,5.333988517238647,5.434090096445066,5.533957371464344,5.635824846924263,5.734624568473078,5.834236342527773,5.93808883522429,6.049520484642359,6.168260606613355,6.291873043619635,6.420357795661199,6.553895318850464,6.692575841243641,6.835948222559683,6.98419291891101,7.1375806144662475,7.296472221450232,7.461499336256426,7.632301046659993,7.807794615986427,7.986897307561219,8.16870684082228,8.352140479095102
,LSO,ABU,unconditional,best,KYOTOGHG,IPCM0EL,MtCO2eq,AR4,3.3281,3.3931,3.6183,3.6397,3.6508,3.6113,3.6291,3.6333,3.5832,4.1862,4.1544,4.1808,3.9823,4.0717,4.0902,4.2954,4.2604,4.3525,4.3264,4.4437,4.4991,4.605,4.6742,4.6196,4.6423,4.691,4.7304,5.0964,5.065633333333333,5.034866666666667,5.0041,5.017784333110701,5.027444295115705,5.033079886015014,5.034691105808629,5.032277954496547,5.133082446264388,5.233652633845089,5.333988517238647,5.434090096445066,5.533957371464344,5.635824846924263,5.734624568473078,5.834236342527773,5.93808883522429,6.049520484642359,6.168260606613355,6.291873043619635,6.420357795661199,6.553895318850464,6.692575841243641,6.835948222559683,6.98419291891101,7.1375806144662475,7.296472221450232,7.461499336256426,7.632301046659993,7.807794615986427,7.986897307561219,8.16870684082228,8.352140479095102
"The target value from 'conditional_best' was used for 'conditional_worst' in 2025, 2030.
",LSO,RBU,conditional,worst,KYOTOGHG,IPCM0EL,MtCO2eq,AR4,3.3281,3.3931,3.6183,3.6397,3.6508,3.6113,3.6291,3.6333,3.5832,4.1862,4.1544,4.1808,3.9823,4.0717,4.0902,4.2954,4.2604,4.3525,4.3264,4.4437,4.4991,4.605,4.6742,4.6196,4.6423,4.691,4.7304,5.0964,5.065633333333333,5.034866666666667,5.0041,4.7608537541996245,4.502677935317318,4.22957254335308,3.941537578306912,3.638573040178811,3.708750722365467,3.7786467594409143,3.848261151405152,3.917593898258181,3.986645,4.06003,4.131205,4.202965,4.27778,4.358055,4.443595,4.5326450000000005,4.625205,4.721405,4.82131,4.924595,5.03139,5.14189,5.256355,5.375240000000001,5.498285,5.62471,5.753735000000001,5.88471,6.0168550000000005
,LSO,RBU,conditional,best,KYOTOGHG,IPCM0EL,MtCO2eq,AR4,3.3281,3.3931,3.6183,3.6397,3.6508,3.6113,3.6291,3.6333,3.5832,4.1862,4.1544,4.1808,3.9823,4.0717,4.0902,4.2954,4.2604,4.3525,4.3264,4.4437,4.4991,4.605,4.6742,4.6196,4.6423,4.691,4.7304,5.0964,5.065633333333333,5.034866666666667,5.0041,4.7608537541996245,4.502677935317318,4.22957254335308,3.941537578306912,3.638573040178811,3.708750722365467,3.7786467594409143,3.848261151405152,3.917593898258181,3.986645,4.06003,4.131205,4.202965,4.27778,4.358055,4.443595,4.5326450000000005,4.625205,4.721405,4.82131,4.924595,5.03139,5.14189,5.256355,5.375240000000001,5.498285,5.62471,5.753735000000001,5.88471,6.0168550000000005
"The target value from 'unconditional_best' was used for 'unconditional_worst' in 2025, 2030.
",LSO,RBU,unconditional,worst,KYOTOGHG,IPCM0EL,MtCO2eq,AR4,3.3281,3.3931,3.6183,3.6397,3.6508,3.6113,3.6291,3.6333,3.5832,4.1862,4.1544,4.1808,3.9823,4.0717,4.0902,4.2954,4.2604,4.3525,4.3264,4.4437,4.4991,4.605,4.6742,4.6196,4.6423,4.691,4.7304,5.0964,5.065633333333333,5.034866666666667,5.0041,5.008303148047563,5.008079504076647,5.00342906808725,4.994351840079375,4.980847820053019,5.08848452930604,5.1962151019272484,5.304039537916643,5.411957837274228,5.519970000000001,5.621580000000001,5.72013,5.819490000000001,5.923080000000001,6.034230000000001,6.1526700000000005,6.275970000000001,6.404130000000001,6.537330000000001,6.675660000000001,6.818670000000001,6.966540000000001,7.119540000000001,7.278030000000001,7.442640000000002,7.613010000000001,7.788060000000001,7.966710000000002,8.148060000000001,8.331030000000002
,LSO,RBU,unconditional,best,KYOTOGHG,IPCM0EL,MtCO2eq,AR4,3.3281,3.3931,3.6183,3.6397,3.6508,3.6113,3.6291,3.6333,3.5832,4.1862,4.1544,4.1808,3.9823,4.0717,4.0902,4.2954,4.2604,4.3525,4.3264,4.4437,4.4991,4.605,4.6742,4.6196,4.6423,4.691,4.7304,5.0964,5.065633333333333,5.034866666666667,5.0041,5.008303148047563,5.008079504076647,5.00342906808725,4.994351840079375,4.980847820053019,5.08848452930604,5.1962151019272484,5.304039537916643,5.411957837274228,5.519970000000001,5.621580000000001,5.72013,5.819490000000001,5.923080000000001,6.034230000000001,6.1526700000000005,6.275970000000001,6.404130000000001,6.537330000000001,6.675660000000001,6.818670000000001,6.966540000000001,7.119540000000001,7.278030000000001,7.442640000000002,7.613010000000001,7.788060000000001,7.966710000000002,8.148060000000001,8.331030000000002
"No targets calculated, so the baseline emissions are put in as target pathways for all un/conditional best/worst pathways.
",LSO,baseline_emissions,conditional,worst,KYOTOGHG,IPCM0EL,MtCO2eq,AR4,3.3281,3.3931,3.6183,3.6397,3.6508,3.6113,3.6291,3.6333,3.5832,4.1862,4.1544,4.1808,3.9823,4.0717,4.0902,4.2954,4.2604,4.3525,4.3264,4.4437,4.4991,4.605,4.6742,4.6196,4.6423,4.691,4.7304,5.0964,5.065633333333333,5.034866666666667,5.0041,5.1126000000000005,5.2211,5.3296,5.4381,5.5466,5.66394,5.781280000000001,5.898619999999999,6.01596,6.1333,6.2462,6.3557,6.4661,6.5812,6.7047,6.8363,6.9733,7.1157,7.2637,7.4174,7.5763,7.7406,7.9106,8.0867,8.2696,8.4589,8.6534,8.8519,9.0534,9.2567
"No targets calculated, so the baseline emissions are put in as target pathways for all un/conditional best/worst pathways.
",LSO,baseline_emissions,conditional,best,KYOTOGHG,IPCM0EL,MtCO2eq,AR4,3.3281,3.3931,3.6183,3.6397,3.6508,3.6113,3.6291,3.6333,3.5832,4.1862,4.1544,4.1808,3.9823,4.0717,4.0902,4.2954,4.2604,4.3525,4.3264,4.4437,4.4991,4.605,4.6742,4.6196,4.6423,4.691,4.7304,5.0964,5.065633333333333,5.034866666666667,5.0041,5.1126000000000005,5.2211,5.3296,5.4381,5.5466,5.66394,5.781280000000001,5.898619999999999,6.01596,6.1333,6.2462,6.3557,6.4661,6.5812,6.7047,6.8363,6.9733,7.1157,7.2637,7.4174,7.5763,7.7406,7.9106,8.0867,8.2696,8.4589,8.6534,8.8519,9.0534,9.2567
"No targets calculated, so the baseline emissions are put in as target pathways for all un/conditional best/worst pathways.
",LSO,baseline_emissions,unconditional,worst,KYOTOGHG,IPCM0EL,MtCO2eq,AR4,3.3281,3.3931,3.6183,3.6397,3.6508,3.6113,3.6291,3.6333,3.5832,4.1862,4.1544,4.1808,3.9823,4.0717,4.0902,4.2954,4.2604,4.3525,4.3264,4.4437,4.4991,4.605,4.6742,4.6196,4.6423,4.691,4.7304,5.0964,5.065633333333333,5.034866666666667,5.0041,5.1126000000000005,5.2211,5.3296,5.4381,5.5466,5.66394,5.781280000000001,5.898619999999999,6.01596,6.1333,6.2462,6.3557,6.4661,6.5812,6.7047,6.8363,6.9733,7.1157,7.2637,7.4174,7.5763,7.7406,7.9106,8.0867,8.2696,8.4589,8.6534,8.8519,9.0534,9.2567
"No targets calculated, so the baseline emissions are put in as target pathways for all un/conditional best/worst pathways.
",LSO,baseline_emissions,unconditional,best,KYOTOGHG,IPCM0EL,MtCO2eq,AR4,3.3281,3.3931,3.6183,3.6397,3.6508,3.6113,3.6291,3.6333,3.5832,4.1862,4.1544,4.1808,3.9823,4.0717,4.0902,4.2954,4.2604,4.3525,4.3264,4.4437,4.4991,4.605,4.6742,4.6196,4.6423,4.691,4.7304,5.0964,5.065633333333333,5.034866666666667,5.0041,5.1126000000000005,5.2211,5.3296,5.4381,5.5466,5.66394,5.781280000000001,5.898619999999999,6.01596,6.1333,6.2462,6.3557,6.4661,6.5812,6.7047,6.8363,6.9733,7.1157,7.2637,7.4174,7.5763,7.7406,7.9106,8.0867,8.2696,8.4589,8.6534,8.8519,9.0534,9.2567
,LSO,,emi_bau,emi_bau,KYOTOGHG,IPCM0EL,MtCO2eq,AR4,3.3281,3.3931,3.6183,3.6397,3.6508,3.6113,3.6291,3.6333,3.5832,4.1862,4.1544,4.1808,3.9823,4.0717,4.0902,4.2954,4.2604,4.3525,4.3264,4.4437,4.4991,4.605,4.6742,4.6196,4.6423,4.691,4.7304,5.0964,5.065633333333333,5.034866666666667,5.0041,5.1126000000000005,5.2211,5.3296,5.4381,5.5466,5.66394,5.781280000000001,5.898619999999999,6.01596,6.1333,6.2462,6.3557,6.4661,6.5812,6.7047,6.8363,6.9733,7.1157,7.2637,7.4174,7.5763,7.7406,7.9106,8.0867,8.2696,8.4589,8.6534,8.8519,9.0534,9.2567
,LSO,,emi_cov,emi_cov,KYOTOGHG,IPCM0EL,MtCO2eq,AR4,3.3281,3.3931,3.6183,3.6397,3.6508,3.6113,3.6291,3.6333,3.5832,4.1862,4.1544,4.1808,3.9823,4.0717,4.0902,4.2954,4.2604,4.3525,4.3264,4.4437,4.4991,4.605,4.6742,4.6196,4.6423,4.691,4.7304,5.0964,5.065633333333333,5.034784759455734,5.0040299976451,5.1126000000000005,5.221079950976,5.3295599107488005,5.4381,5.5465899994802,5.66394,5.7811600095336,5.898619999999999,6.01596,6.1333,6.246189999833801,6.3557,6.4660899969433,6.581119998932801,6.704679999879899,6.8363,6.973210002590201,7.1157,7.2636899978851,7.4174,7.576279998567999,7.740579998289599,7.9105499970974,8.0867,8.2696,8.4589,8.6533800019926,8.8518100027327,9.0533800010394,9.2567
,LSO,,emi_ncov,emi_ncov,KYOTOGHG,IPCM0EL,MtCO2eq,AR4,0.0,0.0,0.0,0.0,0.0,0.0,0.0,0.0,0.0,0.0,0.0,0.0,0.0,0.0,0.0,0.0,0.0,0.0,0.0,0.0,0.0,0.0,0.0,0.0,0.0,0.0,0.0,0.0,0.0,8.190721093326265e-05,7.000235490023793e-05,0.0,2.004902399988093e-05,4.00892511999043e-05,0.0,1.0000519799816487e-05,0.0,0.00011999046639990419,0.0,0.0,0.0,1.000016619941726e-05,0.0,1.0003056699939473e-05,8.000106719953859e-05,2.000012010008011e-05,0.0,8.999740979946795e-05,0.0,1.0002114900178749e-05,0.0,2.0001432000406927e-05,2.0001710400643913e-05,5.00029025998087e-05,0.0,0.0,0.0,1.9998007399321316e-05,8.99972673000475e-05,1.999896060027857e-05,0.0
,LSO,,pc_cov,pc_cov,KYOTOGHG,IPCM0EL,MtCO2eq/MtCO2eq,AR4,1.0,1.0,1.0,1.0,1.0,1.0,1.0,1.0,1.0,1.0,1.0,1.0,1.0,1.0,1.0,1.0,1.0,1.0,1.0,1.0,1.0,1.0,1.0,1.0,1.0,1.0,1.0,1.0,1.0,0.999983732,0.999986011,1.0,0.99999616,0.999992478,1.0,0.999998197,1.0,0.999979245,1.0,1.0,1.0,0.9999983990000001,1.0,0.999998453,0.9999878440000001,0.999997017,1.0,0.9999870940000001,1.0,0.999998623,1.0,0.99999736,0.9999974159999999,0.999993679,1.0,1.0,1.0,0.9999976890000001,0.999989833,0.999997791,1.0
,LTU,,pop,pop,POP,DEMOGR,Pers,,3696035.0,3697457.0,3688106.0,3670651.0,3649143.0,3626612.0,3603756.0,3579910.0,3555141.0,3529181.0,3501839.0,3473625.0,3444763.0,3414365.0,3381131.0,3344268.0,3303335.0,3258980.0,3212865.0,3167265.0,3123816.0,3083403.0,3045561.0,3008934.0,2971497.0,2931880.0,2889557.0,2845414.0,2839463.8039999995,2831618.6583,2823154.1574,2814979.659,2807908.3163,2801578.0666,2795629.0219,2789702.7162,2783747.9395,2777851.6609,2771863.9149,2765635.3460000004,2759017.0709,2751201.6204,2741873.8684,2731622.7357,2721034.9732,2710694.7238,2700411.0155,2689865.1069,2679446.9484,2669545.6462,2660549.6723,2652301.9598,2644379.3926,2636771.2901,2629467.0109,2622455.7346,2615945.7316,2610070.1211,2604705.4395,2599728.4857,2595016.1374
,LTU,,gdp,gdp,GDPPPP,ECO,2011GKD,,45622101562.5,39855828125.0,33435324218.75,28137611328.125,26984046875.0,28005716796.875,29526347656.25,31724923828.125,33488269531.25,34170515625.0,36522843750.0,39171949218.75,41762363281.25,46295964843.75,48332144531.25,53307785156.25,57324832031.25,64349582031.25,68319101562.5,59433835937.5,64179867187.5,70387382812.5,74434281250.0,77234484375.0,79904234375.0,81981359375.0,83802218750.0,89357726562.5,90073645782.0655,92613036919.4029,94769716764.3482,96638124507.3585,98384099895.7275,100009305663.3853,101515122873.2878,102902720404.2314,104156011825.3342,105283189632.2234,106321756608.5084,107309247384.8756,108283204340.504,109242542604.4411,110168000318.7411,111069863157.3761,111958437377.802,112844036711.0587,113736436114.6757,114627089937.3372,115498824978.4507,116334489956.8732,117116971074.7724,117865527653.9299,118599218612.8185,119300718712.5737,119952771105.8796,120538149098.1066,121060631097.2456,121536500056.6687,121967272383.2385,122354474772.3686,122699648755.0264
"The target value from 'unconditional_best' was used for 'conditional_worst' in 2030.
The target value from 'unconditional_best' was used for 'conditional_best' in 2030.
",LTU,RBY,conditional,worst,KYOTOGHG,IPCM0EL,MtCO2eq,AR4,48.6851,50.7054,31.3554,25.2504,23.7729,22.7537,23.8134,23.3692,24.3209,21.4925,19.9413,20.6988,21.0874,21.2327,22.1243,23.3237,23.6332,25.7509,24.8367,20.4916,21.3483,21.9063,21.8281,20.6049,20.5619,20.8272,20.8585,21.0517,20.4728,21.0604,21.5756,22.54539787828443,23.50854228771079,24.465103641912368,25.41542832314877,26.360038682305966,27.295646809797137,28.225091824307462,29.159031731612533,30.109422464829407,31.089059999999996,31.423459999999995,31.755659999999995,32.08846,32.424859999999995,32.76765999999999,33.119659999999996,33.47936,33.84336,34.20786,34.569559999999996,34.931059999999995,35.29505999999999,35.65736,36.01366,36.35956,36.695859999999996,37.02646,37.351659999999995,37.671659999999996,37.986760000000004
,LTU,RBY,conditional,best,KYOTOGHG,IPCM0EL,MtCO2eq,AR4,48.6851,50.7054,31.3554,25.2504,23.7729,22.7537,23.8134,23.3692,24.3209,21.4925,19.9413,20.6988,21.0874,21.2327,22.1243,23.3237,23.6332,25.7509,24.8367,20.4916,21.3483,21.9063,21.8281,20.6049,20.5619,20.8272,20.8585,21.0517,20.4728,21.0604,21.5756,22.54539787828443,23.50854228771079,24.465103641912368,25.41542832314877,26.360038682305966,27.295646809797137,28.225091824307462,29.159031731612533,30.109422464829407,31.089059999999996,31.423459999999995,31.755659999999995,32.08846,32.424859999999995,32.76765999999999,33.119659999999996,33.47936,33.84336,34.20786,34.569559999999996,34.931059999999995,35.29505999999999,35.65736,36.01366,36.35956,36.695859999999996,37.02646,37.351659999999995,37.671659999999996,37.986760000000004
"The target value from 'unconditional_best' was used for 'unconditional_worst' in 2030.
",LTU,RBY,unconditional,worst,KYOTOGHG,IPCM0EL,MtCO2eq,AR4,48.6851,50.7054,31.3554,25.2504,23.7729,22.7537,23.8134,23.3692,24.3209,21.4925,19.9413,20.6988,21.0874,21.2327,22.1243,23.3237,23.6332,25.7509,24.8367,20.4916,21.3483,21.9063,21.8281,20.6049,20.5619,20.8272,20.8585,21.0517,20.4728,21.0604,21.5756,22.54539787828443,23.50854228771079,24.465103641912368,25.41542832314877,26.360038682305966,27.295646809797137,28.225091824307462,29.159031731612533,30.109422464829407,31.089059999999996,31.423459999999995,31.755659999999995,32.08846,32.424859999999995,32.76765999999999,33.119659999999996,33.47936,33.84336,34.20786,34.569559999999996,34.931059999999995,35.29505999999999,35.65736,36.01366,36.35956,36.695859999999996,37.02646,37.351659999999995,37.671659999999996,37.986760000000004
,LTU,RBY,unconditional,best,KYOTOGHG,IPCM0EL,MtCO2eq,AR4,48.6851,50.7054,31.3554,25.2504,23.7729,22.7537,23.8134,23.3692,24.3209,21.4925,19.9413,20.6988,21.0874,21.2327,22.1243,23.3237,23.6332,25.7509,24.8367,20.4916,21.3483,21.9063,21.8281,20.6049,20.5619,20.8272,20.8585,21.0517,20.4728,21.0604,21.5756,22.54539787828443,23.50854228771079,24.465103641912368,25.41542832314877,26.360038682305966,27.295646809797137,28.225091824307462,29.159031731612533,30.109422464829407,31.089059999999996,31.423459999999995,31.755659999999995,32.08846,32.424859999999995,32.76765999999999,33.119659999999996,33.47936,33.84336,34.20786,34.569559999999996,34.931059999999995,35.29505999999999,35.65736,36.01366,36.35956,36.695859999999996,37.02646,37.351659999999995,37.671659999999996,37.986760000000004
"No targets calculated, so the baseline emissions are put in as target pathways for all un/conditional best/worst pathways.
",LTU,baseline_emissions,conditional,worst,KYOTOGHG,IPCM0EL,MtCO2eq,AR4,48.6851,50.7054,31.3554,25.2504,23.7729,22.7537,23.8134,23.3692,24.3209,21.4925,19.9413,20.6988,21.0874,21.2327,22.1243,23.3237,23.6332,25.7509,24.8367,20.4916,21.3483,21.9063,21.8281,20.6049,20.5619,20.8272,20.8585,21.0517,20.4728,21.0604,21.5756,22.0352,22.4681,22.8761,23.2611,23.625,23.9662,24.2885,24.601999999999997,24.9171,25.2441,25.5785,25.9107,26.2435,26.5799,26.9227,27.2747,27.6344,27.9984,28.3629,28.7246,29.0861,29.4501,29.8124,30.1687,30.5146,30.8509,31.1815,31.5067,31.8267,32.1418
"No targets calculated, so the baseline emissions are put in as target pathways for all un/conditional best/worst pathways.
",LTU,baseline_emissions,conditional,best,KYOTOGHG,IPCM0EL,MtCO2eq,AR4,48.6851,50.7054,31.3554,25.2504,23.7729,22.7537,23.8134,23.3692,24.3209,21.4925,19.9413,20.6988,21.0874,21.2327,22.1243,23.3237,23.6332,25.7509,24.8367,20.4916,21.3483,21.9063,21.8281,20.6049,20.5619,20.8272,20.8585,21.0517,20.4728,21.0604,21.5756,22.0352,22.4681,22.8761,23.2611,23.625,23.9662,24.2885,24.601999999999997,24.9171,25.2441,25.5785,25.9107,26.2435,26.5799,26.9227,27.2747,27.6344,27.9984,28.3629,28.7246,29.0861,29.4501,29.8124,30.1687,30.5146,30.8509,31.1815,31.5067,31.8267,32.1418
"No targets calculated, so the baseline emissions are put in as target pathways for all un/conditional best/worst pathways.
",LTU,baseline_emissions,unconditional,worst,KYOTOGHG,IPCM0EL,MtCO2eq,AR4,48.6851,50.7054,31.3554,25.2504,23.7729,22.7537,23.8134,23.3692,24.3209,21.4925,19.9413,20.6988,21.0874,21.2327,22.1243,23.3237,23.6332,25.7509,24.8367,20.4916,21.3483,21.9063,21.8281,20.6049,20.5619,20.8272,20.8585,21.0517,20.4728,21.0604,21.5756,22.0352,22.4681,22.8761,23.2611,23.625,23.9662,24.2885,24.601999999999997,24.9171,25.2441,25.5785,25.9107,26.2435,26.5799,26.9227,27.2747,27.6344,27.9984,28.3629,28.7246,29.0861,29.4501,29.8124,30.1687,30.5146,30.8509,31.1815,31.5067,31.8267,32.1418
"No targets calculated, so the baseline emissions are put in as target pathways for all un/conditional best/worst pathways.
",LTU,baseline_emissions,unconditional,best,KYOTOGHG,IPCM0EL,MtCO2eq,AR4,48.6851,50.7054,31.3554,25.2504,23.7729,22.7537,23.8134,23.3692,24.3209,21.4925,19.9413,20.6988,21.0874,21.2327,22.1243,23.3237,23.6332,25.7509,24.8367,20.4916,21.3483,21.9063,21.8281,20.6049,20.5619,20.8272,20.8585,21.0517,20.4728,21.0604,21.5756,22.0352,22.4681,22.8761,23.2611,23.625,23.9662,24.2885,24.601999999999997,24.9171,25.2441,25.5785,25.9107,26.2435,26.5799,26.9227,27.2747,27.6344,27.9984,28.3629,28.7246,29.0861,29.4501,29.8124,30.1687,30.5146,30.8509,31.1815,31.5067,31.8267,32.1418
,LTU,,emi_bau,emi_bau,KYOTOGHG,IPCM0EL,MtCO2eq,AR4,48.6851,50.7054,31.3554,25.2504,23.7729,22.7537,23.8134,23.3692,24.3209,21.4925,19.9413,20.6988,21.0874,21.2327,22.1243,23.3237,23.6332,25.7509,24.8367,20.4916,21.3483,21.9063,21.8281,20.6049,20.5619,20.8272,20.8585,21.0517,20.4728,21.0604,21.5756,22.0352,22.4681,22.8761,23.2611,23.625,23.9662,24.2885,24.601999999999997,24.9171,25.2441,25.5785,25.9107,26.2435,26.5799,26.9227,27.2747,27.6344,27.9984,28.3629,28.7246,29.0861,29.4501,29.8124,30.1687,30.5146,30.8509,31.1815,31.5067,31.8267,32.1418
,LTU,,emi_cov,emi_cov,KYOTOGHG,IPCM0EL,MtCO2eq,AR4,48.6851,50.7054,31.3554,25.2504,23.7729,22.7537,23.8134,23.3692,24.3209,21.4925,19.9413,20.6988,21.0874,21.2327,22.1243,23.3237,23.6332,25.7509,24.8367,20.4916,21.3483,21.9063,21.8281,20.6049,20.5619,20.8272,20.8585,21.0517,20.4728,21.0604,21.5756,22.0352,22.4681,22.8761,23.2611,23.625,23.9662,24.2885,24.601999999999997,24.9171,25.2441,25.5785,25.9107,26.2435,26.5799,26.9227,27.2747,27.6344,27.9984,28.3629,28.7246,29.0861,29.4501,29.8124,30.1687,30.5146,30.8509,31.1815,31.5067,31.8267,32.1418
,LTU,,emi_ncov,emi_ncov,KYOTOGHG,IPCM0EL,MtCO2eq,AR4,0.0,0.0,0.0,0.0,0.0,0.0,0.0,0.0,0.0,0.0,0.0,0.0,0.0,0.0,0.0,0.0,0.0,0.0,0.0,0.0,0.0,0.0,0.0,0.0,0.0,0.0,0.0,0.0,0.0,0.0,0.0,0.0,0.0,0.0,0.0,0.0,0.0,0.0,0.0,0.0,0.0,0.0,0.0,0.0,0.0,0.0,0.0,0.0,0.0,0.0,0.0,0.0,0.0,0.0,0.0,0.0,0.0,0.0,0.0,0.0,0.0
,LTU,,pc_cov,pc_cov,KYOTOGHG,IPCM0EL,MtCO2eq/MtCO2eq,AR4,1.0,1.0,1.0,1.0,1.0,1.0,1.0,1.0,1.0,1.0,1.0,1.0,1.0,1.0,1.0,1.0,1.0,1.0,1.0,1.0,1.0,1.0,1.0,1.0,1.0,1.0,1.0,1.0,1.0,1.0,1.0,1.0,1.0,1.0,1.0,1.0,1.0,1.0,1.0,1.0,1.0,1.0,1.0,1.0,1.0,1.0,1.0,1.0,1.0,1.0,1.0,1.0,1.0,1.0,1.0,1.0,1.0,1.0,1.0,1.0,1.0
,LUX,,pop,pop,POP,DEMOGR,Pers,,381791.0,386352.0,391394.0,396810.0,402433.0,408149.0,413999.0,419974.0,425833.0,431262.0,436103.0,440198.0,443726.0,447322.0,451819.0,457842.0,465610.0,474915.0,485405.0,496527.0,507889.0,519307.0,530857.0,542560.0,554516.0,566741.0,579264.0,591910.0,595644.4791,600418.5821,604645.8983,608486.4167,612149.4037,615697.8012,619194.1782,622700.8702,626212.6575,629676.7781,633083.9377,636424.5487,639688.7256,642794.6208,645679.4122,648362.2738,650863.3829999999,653203.9221,655440.5678,657591.9815,659623.3907,661500.4378,663189.1331,664782.3363,666316.1803,667671.5187,668728.8354,669368.3419,669770.8259,670171.5858,670532.4764,670815.2905,670981.7199
,LUX,,gdp,gdp,GDPPPP,ECO,2011GKD,,16516275390.625,18021029296.875,18098154296.875,19666457031.25,20577740234.375,20787550781.25,21465632812.5,22884718750.0,24189060546.875,27544824218.75,29551419921.875,29093392578.125,29624412109.375,30150357421.875,31772921875.0,34873714843.75,38630230468.75,41592500000.0,43521121093.75,40628660156.25,43711125000.0,48003230468.75,48483753906.25,48873613281.25,52397046875.0,54399031250.0,55620437500.0,56793656250.0,58140511802.5268,59295035182.832,60325237877.4865,61267649443.8176,62189725585.6467,63090295727.2391,63968168799.0889,64822145535.33901,65640973847.3431,66418135761.1187,67159540164.8916,67871100882.8709,68558731239.7271,69231871266.6239,69890577220.0236,70526682430.0043,71132018296.0337,71698419345.1154,72232331959.7219,72740964124.0261,73217306193.0192,73654358335.0079,74045132352.9901,74393103301.2939,74711800502.0454,75009278813.4036,75293526357.0659,75572474621.4947,75841866901.6574,76092932792.8004,76326815811.6578,76544671908.4325,76747667758.5704
"The target value from 'unconditional_best' was used for 'conditional_worst' in 2030.
The target value from 'unconditional_best' was used for 'conditional_best' in 2030.
",LUX,RBY,conditional,worst,KYOTOGHG,IPCM0EL,MtCO2eq,AR4,12.8713,13.5236,13.253,13.4071,12.5778,10.1907,10.2524,9.5983,8.7147,9.1823,9.7667,10.2617,11.0383,11.4795,12.9006,13.1428,12.9647,12.3786,12.2564,11.7011,12.2734,12.1584,11.8696,11.3407,10.8893,10.3977,10.155,10.3395,10.71,10.9613,11.1988,10.977876214380302,10.735825001409408,10.473863972186974,10.192816630820163,9.893653557553339,9.57575118035646,9.23929574133169,8.885999049135,8.517308247826477,8.134447,8.269762764465867,8.405321683944251,8.540272715891343,8.673886395269589,8.80519010202892,8.935217244972536,9.064940444150507,9.193630234525278,9.320617939812427,9.445174094974403,9.566812389986174,9.686566233650936,9.805469034771887,9.924554202152224,10.045037510854538,10.166311073347531,10.287280692074878,10.40806794454284,10.528855197010797,10.649824815738146
,LUX,RBY,conditional,best,KYOTOGHG,IPCM0EL,MtCO2eq,AR4,12.8713,13.5236,13.253,13.4071,12.5778,10.1907,10.2524,9.5983,8.7147,9.1823,9.7667,10.2617,11.0383,11.4795,12.9006,13.1428,12.9647,12.3786,12.2564,11.7011,12.2734,12.1584,11.8696,11.3407,10.8893,10.3977,10.155,10.3395,10.71,10.9613,11.1988,10.977876214380302,10.735825001409408,10.473863972186974,10.192816630820163,9.893653557553339,9.57575118035646,9.23929574133169,8.885999049135,8.517308247826477,8.134447,8.269762764465867,8.405321683944251,8.540272715891343,8.673886395269589,8.80519010202892,8.935217244972536,9.064940444150507,9.193630234525278,9.320617939812427,9.445174094974403,9.566812389986174,9.686566233650936,9.805469034771887,9.924554202152224,10.045037510854538,10.166311073347531,10.287280692074878,10.40806794454284,10.528855197010797,10.649824815738146
"The target value from 'unconditional_best' was used for 'unconditional_worst' in 2030.
",LUX,RBY,unconditional,worst,KYOTOGHG,IPCM0EL,MtCO2eq,AR4,12.8713,13.5236,13.253,13.4071,12.5778,10.1907,10.2524,9.5983,8.7147,9.1823,9.7667,10.2617,11.0383,11.4795,12.9006,13.1428,12.9647,12.3786,12.2564,11.7011,12.2734,12.1584,11.8696,11.3407,10.8893,10.3977,10.155,10.3395,10.71,10.9613,11.1988,10.977876214380302,10.735825001409408,10.473863972186974,10.192816630820163,9.893653557553339,9.57575118035646,9.23929574133169,8.885999049135,8.517308247826477,8.134447,8.269762764465867,8.405321683944251,8.540272715891343,8.673886395269589,8.80519010202892,8.935217244972536,9.064940444150507,9.193630234525278,9.320617939812427,9.445174094974403,9.566812389986174,9.686566233650936,9.805469034771887,9.924554202152224,10.045037510854538,10.166311073347531,10.287280692074878,10.40806794454284,10.528855197010797,10.649824815738146
,LUX,RBY,unconditional,best,KYOTOGHG,IPCM0EL,MtCO2eq,AR4,12.8713,13.5236,13.253,13.4071,12.5778,10.1907,10.2524,9.5983,8.7147,9.1823,9.7667,10.2617,11.0383,11.4795,12.9006,13.1428,12.9647,12.3786,12.2564,11.7011,12.2734,12.1584,11.8696,11.3407,10.8893,10.3977,10.155,10.3395,10.71,10.9613,11.1988,10.977876214380302,10.735825001409408,10.473863972186974,10.192816630820163,9.893653557553339,9.57575118035646,9.23929574133169,8.885999049135,8.517308247826477,8.134447,8.269762764465867,8.405321683944251,8.540272715891343,8.673886395269589,8.80519010202892,8.935217244972536,9.064940444150507,9.193630234525278,9.320617939812427,9.445174094974403,9.566812389986174,9.686566233650936,9.805469034771887,9.924554202152224,10.045037510854538,10.166311073347531,10.287280692074878,10.40806794454284,10.528855197010797,10.649824815738146
"No targets calculated, so the baseline emissions are put in as target pathways for all un/conditional best/worst pathways.
",LUX,baseline_emissions,conditional,worst,KYOTOGHG,IPCM0EL,MtCO2eq,AR4,12.8713,13.5236,13.253,13.4071,12.5778,10.1907,10.2524,9.5983,8.7147,9.1823,9.7667,10.2617,11.0383,11.4795,12.9006,13.1428,12.9647,12.3786,12.2564,11.7011,12.2734,12.1584,11.8696,11.3407,10.8893,10.3977,10.155,10.3395,10.71,10.9613,11.1988,11.4259,11.6494,11.8702,12.0889,12.3064,12.5217,12.7347,12.9475,13.1623,13.3815,13.6041,13.8271,14.0491,14.2689,14.4849,14.6988,14.9122,15.1239,15.3328,15.5377,15.7378,15.9348,16.1304,16.3263,16.5245,16.724,16.923,17.1217,17.3204,17.5194
"No targets calculated, so the baseline emissions are put in as target pathways for all un/conditional best/worst pathways.
",LUX,baseline_emissions,conditional,best,KYOTOGHG,IPCM0EL,MtCO2eq,AR4,12.8713,13.5236,13.253,13.4071,12.5778,10.1907,10.2524,9.5983,8.7147,9.1823,9.7667,10.2617,11.0383,11.4795,12.9006,13.1428,12.9647,12.3786,12.2564,11.7011,12.2734,12.1584,11.8696,11.3407,10.8893,10.3977,10.155,10.3395,10.71,10.9613,11.1988,11.4259,11.6494,11.8702,12.0889,12.3064,12.5217,12.7347,12.9475,13.1623,13.3815,13.6041,13.8271,14.0491,14.2689,14.4849,14.6988,14.9122,15.1239,15.3328,15.5377,15.7378,15.9348,16.1304,16.3263,16.5245,16.724,16.923,17.1217,17.3204,17.5194
"No targets calculated, so the baseline emissions are put in as target pathways for all un/conditional best/worst pathways.
",LUX,baseline_emissions,unconditional,worst,KYOTOGHG,IPCM0EL,MtCO2eq,AR4,12.8713,13.5236,13.253,13.4071,12.5778,10.1907,10.2524,9.5983,8.7147,9.1823,9.7667,10.2617,11.0383,11.4795,12.9006,13.1428,12.9647,12.3786,12.2564,11.7011,12.2734,12.1584,11.8696,11.3407,10.8893,10.3977,10.155,10.3395,10.71,10.9613,11.1988,11.4259,11.6494,11.8702,12.0889,12.3064,12.5217,12.7347,12.9475,13.1623,13.3815,13.6041,13.8271,14.0491,14.2689,14.4849,14.6988,14.9122,15.1239,15.3328,15.5377,15.7378,15.9348,16.1304,16.3263,16.5245,16.724,16.923,17.1217,17.3204,17.5194
"No targets calculated, so the baseline emissions are put in as target pathways for all un/conditional best/worst pathways.
",LUX,baseline_emissions,unconditional,best,KYOTOGHG,IPCM0EL,MtCO2eq,AR4,12.8713,13.5236,13.253,13.4071,12.5778,10.1907,10.2524,9.5983,8.7147,9.1823,9.7667,10.2617,11.0383,11.4795,12.9006,13.1428,12.9647,12.3786,12.2564,11.7011,12.2734,12.1584,11.8696,11.3407,10.8893,10.3977,10.155,10.3395,10.71,10.9613,11.1988,11.4259,11.6494,11.8702,12.0889,12.3064,12.5217,12.7347,12.9475,13.1623,13.3815,13.6041,13.8271,14.0491,14.2689,14.4849,14.6988,14.9122,15.1239,15.3328,15.5377,15.7378,15.9348,16.1304,16.3263,16.5245,16.724,16.923,17.1217,17.3204,17.5194
,LUX,,emi_bau,emi_bau,KYOTOGHG,IPCM0EL,MtCO2eq,AR4,12.8713,13.5236,13.253,13.4071,12.5778,10.1907,10.2524,9.5983,8.7147,9.1823,9.7667,10.2617,11.0383,11.4795,12.9006,13.1428,12.9647,12.3786,12.2564,11.7011,12.2734,12.1584,11.8696,11.3407,10.8893,10.3977,10.155,10.3395,10.71,10.9613,11.1988,11.4259,11.6494,11.8702,12.0889,12.3064,12.5217,12.7347,12.9475,13.1623,13.3815,13.6041,13.8271,14.0491,14.2689,14.4849,14.6988,14.9122,15.1239,15.3328,15.5377,15.7378,15.9348,16.1304,16.3263,16.5245,16.724,16.923,17.1217,17.3204,17.5194
,LUX,,emi_cov,emi_cov,KYOTOGHG,IPCM0EL,MtCO2eq,AR4,12.8713,13.5236,13.253,13.4071,12.5778,10.1907,10.2524,9.5983,8.7147,9.1823,9.7667,10.2617,11.0383,11.4795,12.9006,13.1428,12.9647,12.3786,12.2564,11.7011,12.2734,12.1584,11.8696,11.3407,10.8893,10.3977,10.155,10.3395,10.71,10.9613,11.1988,11.4259,11.6494,11.8702,12.0889,12.3064,12.5217,12.7347,12.9475,13.1623,13.3815,13.6041,13.8271,14.0491,14.2689,14.4849,14.6988,14.9122,15.1239,15.3328,15.5377,15.7378,15.9348,16.1304,16.3263,16.5245,16.724,16.923,17.1217,17.3204,17.5194
,LUX,,emi_ncov,emi_ncov,KYOTOGHG,IPCM0EL,MtCO2eq,AR4,0.0,0.0,0.0,0.0,0.0,0.0,0.0,0.0,0.0,0.0,0.0,0.0,0.0,0.0,0.0,0.0,0.0,0.0,0.0,0.0,0.0,0.0,0.0,0.0,0.0,0.0,0.0,0.0,0.0,0.0,0.0,0.0,0.0,0.0,0.0,0.0,0.0,0.0,0.0,0.0,0.0,0.0,0.0,0.0,0.0,0.0,0.0,0.0,0.0,0.0,0.0,0.0,0.0,0.0,0.0,0.0,0.0,0.0,0.0,0.0,0.0
,LUX,,pc_cov,pc_cov,KYOTOGHG,IPCM0EL,MtCO2eq/MtCO2eq,AR4,1.0,1.0,1.0,1.0,1.0,1.0,1.0,1.0,1.0,1.0,1.0,1.0,1.0,1.0,1.0,1.0,1.0,1.0,1.0,1.0,1.0,1.0,1.0,1.0,1.0,1.0,1.0,1.0,1.0,1.0,1.0,1.0,1.0,1.0,1.0,1.0,1.0,1.0,1.0,1.0,1.0,1.0,1.0,1.0,1.0,1.0,1.0,1.0,1.0,1.0,1.0,1.0,1.0,1.0,1.0,1.0,1.0,1.0,1.0,1.0,1.0
,LVA,,pop,pop,POP,DEMOGR,Pers,,2664439.0,2649162.0,2620254.0,2582661.0,2543628.0,2508480.0,2478832.0,2453307.0,2430549.0,2408092.0,2384164.0,2358693.0,2332530.0,2305848.0,2278921.0,2251993.0,2225066.0,2198089.0,2171259.0,2144785.0,2118861.0,2093610.0,2069016.0,2044957.0,2021219.0,1997674.0,1974266.0,1951097.0,1938561.6207,1928595.4779,1918152.1006,1907812.8444,1898178.0504,1889081.1507,1880357.211,1871842.5592,1863479.8698,1855293.4529,1847243.6362,1839291.7276,1831399.9179,1823161.4367,1814385.0249,1805354.9412,1796352.8837,1787658.0576,1779280.4852,1771069.0588,1763059.076,1755285.2062,1747781.5689,1740512.0249,1733375.9947,1726310.8485,1719254.2491,1712144.0917,1705104.6042,1698301.1345,1691733.6338,1685402.2701,1679307.3672
,LVA,,gdp,gdp,GDPPPP,ECO,2011GKD,,38776617187.5,35273132812.5,25131826171.875,23185890625.0,20218683593.75,19203486328.125,18764976562.5,19546189453.125,20878703125.0,21929974609.375,22988666015.625,24654414062.5,26385634765.625,27567509765.625,29310822265.625,33106929687.5,36024695312.5,41327238281.25,43589902343.75,37271839843.75,38158394531.25,41758894531.25,42955746093.75,44255203125.0,45494347656.25,47386222656.25,48333636718.75,51611023437.5,50748312304.3003,52198027116.6984,53526775434.0162,54764552582.0417,55955356055.0796,57107756723.3042,58230175320.1116,59330938692.2053,60419504791.899,61483676737.6248,62499247421.6268,63442005905.2922,64287748234.4245,65047912283.6979,65753387090.5813,66409134634.7611,67020101892.185,67591233474.817,68124337539.0827,68619892035.8715,69080850678.8011,69510164037.0262,69910774377.5702,70290756963.5631,70654095224.1222,70997581680.8932,71317999284.7353,71612111330.0045,71880294147.0723,72125464350.5152,72348179502.3213,72549008510.3051,72728532698.3333
"The target value from 'unconditional_best' was used for 'conditional_worst' in 2030.
The target value from 'unconditional_best' was used for 'conditional_best' in 2030.
",LVA,RBY,conditional,worst,KYOTOGHG,IPCM0EL,MtCO2eq,AR4,26.8104,24.8563,20.0861,16.6489,14.7125,13.3103,13.370999999999999,12.7953,12.2977,11.5061,10.8866,11.4523,11.4323,11.6158,11.5977,11.7667,12.3157,12.8131,12.3826,11.6374,12.7526,11.9634,11.8472,11.764000000000001,11.6867,11.7791,11.8055,11.8464,11.6233,11.9591,12.2776,11.850682059814607,11.379918317916227,10.86903001005828,10.321617261358847,9.740346317425873,9.127687850981479,8.482333770501203,7.80166713023227,7.084045696908538,6.329027487499999,6.432930898178381,6.533110022287945,6.630067010826733,6.724387706625795,6.816699798432685,6.907128823996915,6.995884012901001,7.08325828656047,7.169753795973365,7.255789000304719,7.341740512803065,7.427524641635398,7.5127229276366805,7.5970842953078925,7.6802321314004995,7.762166435914502,7.843138284348924,7.923189522620268,8.002403842561538,8.080739398256235
,LVA,RBY,conditional,best,KYOTOGHG,IPCM0EL,MtCO2eq,AR4,26.8104,24.8563,20.0861,16.6489,14.7125,13.3103,13.370999999999999,12.7953,12.2977,11.5061,10.8866,11.4523,11.4323,11.6158,11.5977,11.7667,12.3157,12.8131,12.3826,11.6374,12.7526,11.9634,11.8472,11.764000000000001,11.6867,11.7791,11.8055,11.8464,11.6233,11.9591,12.2776,11.850682059814607,11.379918317916227,10.86903001005828,10.321617261358847,9.740346317425873,9.127687850981479,8.482333770501203,7.80166713023227,7.084045696908538,6.329027487499999,6.432930898178381,6.533110022287945,6.630067010826733,6.724387706625795,6.816699798432685,6.907128823996915,6.995884012901001,7.08325828656047,7.169753795973365,7.255789000304719,7.341740512803065,7.427524641635398,7.5127229276366805,7.5970842953078925,7.6802321314004995,7.762166435914502,7.843138284348924,7.923189522620268,8.002403842561538,8.080739398256235
"The target value from 'unconditional_best' was used for 'unconditional_worst' in 2030.
",LVA,RBY,unconditional,worst,KYOTOGHG,IPCM0EL,MtCO2eq,AR4,26.8104,24.8563,20.0861,16.6489,14.7125,13.3103,13.370999999999999,12.7953,12.2977,11.5061,10.8866,11.4523,11.4323,11.6158,11.5977,11.7667,12.3157,12.8131,12.3826,11.6374,12.7526,11.9634,11.8472,11.764000000000001,11.6867,11.7791,11.8055,11.8464,11.6233,11.9591,12.2776,11.850682059814607,11.379918317916227,10.86903001005828,10.321617261358847,9.740346317425873,9.127687850981479,8.482333770501203,7.80166713023227,7.084045696908538,6.329027487499999,6.432930898178381,6.533110022287945,6.630067010826733,6.724387706625795,6.816699798432685,6.907128823996915,6.995884012901001,7.08325828656047,7.169753795973365,7.255789000304719,7.341740512803065,7.427524641635398,7.5127229276366805,7.5970842953078925,7.6802321314004995,7.762166435914502,7.843138284348924,7.923189522620268,8.002403842561538,8.080739398256235
,LVA,RBY,unconditional,best,KYOTOGHG,IPCM0EL,MtCO2eq,AR4,26.8104,24.8563,20.0861,16.6489,14.7125,13.3103,13.370999999999999,12.7953,12.2977,11.5061,10.8866,11.4523,11.4323,11.6158,11.5977,11.7667,12.3157,12.8131,12.3826,11.6374,12.7526,11.9634,11.8472,11.764000000000001,11.6867,11.7791,11.8055,11.8464,11.6233,11.9591,12.2776,11.850682059814607,11.379918317916227,10.86903001005828,10.321617261358847,9.740346317425873,9.127687850981479,8.482333770501203,7.80166713023227,7.084045696908538,6.329027487499999,6.432930898178381,6.533110022287945,6.630067010826733,6.724387706625795,6.816699798432685,6.907128823996915,6.995884012901001,7.08325828656047,7.169753795973365,7.255789000304719,7.341740512803065,7.427524641635398,7.5127229276366805,7.5970842953078925,7.6802321314004995,7.762166435914502,7.843138284348924,7.923189522620268,8.002403842561538,8.080739398256235
"No targets calculated, so the baseline emissions are put in as target pathways for all un/conditional best/worst pathways.
",LVA,baseline_emissions,conditional,worst,KYOTOGHG,IPCM0EL,MtCO2eq,AR4,26.8104,24.8563,20.0861,16.6489,14.7125,13.3103,13.370999999999999,12.7953,12.2977,11.5061,10.8866,11.4523,11.4323,11.6158,11.5977,11.7667,12.3157,12.8131,12.3826,11.6374,12.7526,11.9634,11.8472,11.764000000000001,11.6867,11.7791,11.8055,11.8464,11.6233,11.9591,12.2776,12.5824,12.8777,13.165999999999999,13.4504,13.7337,14.0194,14.306,14.5889,14.8633,15.1246,15.3729,15.6123,15.844000000000001,16.0694,16.29,16.5061,16.7182,16.927,17.1337,17.3393,17.5447,17.7497,17.9533,18.1549,18.3536,18.5494,18.7429,18.9342,19.1235,19.3107
"No targets calculated, so the baseline emissions are put in as target pathways for all un/conditional best/worst pathways.
",LVA,baseline_emissions,conditional,best,KYOTOGHG,IPCM0EL,MtCO2eq,AR4,26.8104,24.8563,20.0861,16.6489,14.7125,13.3103,13.370999999999999,12.7953,12.2977,11.5061,10.8866,11.4523,11.4323,11.6158,11.5977,11.7667,12.3157,12.8131,12.3826,11.6374,12.7526,11.9634,11.8472,11.764000000000001,11.6867,11.7791,11.8055,11.8464,11.6233,11.9591,12.2776,12.5824,12.8777,13.165999999999999,13.4504,13.7337,14.0194,14.306,14.5889,14.8633,15.1246,15.3729,15.6123,15.844000000000001,16.0694,16.29,16.5061,16.7182,16.927,17.1337,17.3393,17.5447,17.7497,17.9533,18.1549,18.3536,18.5494,18.7429,18.9342,19.1235,19.3107
"No targets calculated, so the baseline emissions are put in as target pathways for all un/conditional best/worst pathways.
",LVA,baseline_emissions,unconditional,worst,KYOTOGHG,IPCM0EL,MtCO2eq,AR4,26.8104,24.8563,20.0861,16.6489,14.7125,13.3103,13.370999999999999,12.7953,12.2977,11.5061,10.8866,11.4523,11.4323,11.6158,11.5977,11.7667,12.3157,12.8131,12.3826,11.6374,12.7526,11.9634,11.8472,11.764000000000001,11.6867,11.7791,11.8055,11.8464,11.6233,11.9591,12.2776,12.5824,12.8777,13.165999999999999,13.4504,13.7337,14.0194,14.306,14.5889,14.8633,15.1246,15.3729,15.6123,15.844000000000001,16.0694,16.29,16.5061,16.7182,16.927,17.1337,17.3393,17.5447,17.7497,17.9533,18.1549,18.3536,18.5494,18.7429,18.9342,19.1235,19.3107
"No targets calculated, so the baseline emissions are put in as target pathways for all un/conditional best/worst pathways.
",LVA,baseline_emissions,unconditional,best,KYOTOGHG,IPCM0EL,MtCO2eq,AR4,26.8104,24.8563,20.0861,16.6489,14.7125,13.3103,13.370999999999999,12.7953,12.2977,11.5061,10.8866,11.4523,11.4323,11.6158,11.5977,11.7667,12.3157,12.8131,12.3826,11.6374,12.7526,11.9634,11.8472,11.764000000000001,11.6867,11.7791,11.8055,11.8464,11.6233,11.9591,12.2776,12.5824,12.8777,13.165999999999999,13.4504,13.7337,14.0194,14.306,14.5889,14.8633,15.1246,15.3729,15.6123,15.844000000000001,16.0694,16.29,16.5061,16.7182,16.927,17.1337,17.3393,17.5447,17.7497,17.9533,18.1549,18.3536,18.5494,18.7429,18.9342,19.1235,19.3107
,LVA,,emi_bau,emi_bau,KYOTOGHG,IPCM0EL,MtCO2eq,AR4,26.8104,24.8563,20.0861,16.6489,14.7125,13.3103,13.370999999999999,12.7953,12.2977,11.5061,10.8866,11.4523,11.4323,11.6158,11.5977,11.7667,12.3157,12.8131,12.3826,11.6374,12.7526,11.9634,11.8472,11.764000000000001,11.6867,11.7791,11.8055,11.8464,11.6233,11.9591,12.2776,12.5824,12.8777,13.165999999999999,13.4504,13.7337,14.0194,14.306,14.5889,14.8633,15.1246,15.3729,15.6123,15.844000000000001,16.0694,16.29,16.5061,16.7182,16.927,17.1337,17.3393,17.5447,17.7497,17.9533,18.1549,18.3536,18.5494,18.7429,18.9342,19.1235,19.3107
,LVA,,emi_cov,emi_cov,KYOTOGHG,IPCM0EL,MtCO2eq,AR4,26.8104,24.8563,20.0861,16.6489,14.7125,13.3103,13.370999999999999,12.7953,12.2977,11.5061,10.8866,11.4523,11.4323,11.6158,11.5977,11.7667,12.3157,12.8131,12.3826,11.6374,12.7526,11.9634,11.8472,11.764000000000001,11.6867,11.7791,11.8055,11.8464,11.6233,11.9591,12.2776,12.5824,12.8777,13.165999999999999,13.4504,13.7337,14.0194,14.306,14.5889,14.8633,15.1246,15.3729,15.6123,15.844000000000001,16.0694,16.29,16.5061,16.7182,16.927,17.1337,17.3393,17.5447,17.7497,17.9533,18.1549,18.3536,18.5494,18.7429,18.9342,19.1235,19.3107
,LVA,,emi_ncov,emi_ncov,KYOTOGHG,IPCM0EL,MtCO2eq,AR4,0.0,0.0,0.0,0.0,0.0,0.0,0.0,0.0,0.0,0.0,0.0,0.0,0.0,0.0,0.0,0.0,0.0,0.0,0.0,0.0,0.0,0.0,0.0,0.0,0.0,0.0,0.0,0.0,0.0,0.0,0.0,0.0,0.0,0.0,0.0,0.0,0.0,0.0,0.0,0.0,0.0,0.0,0.0,0.0,0.0,0.0,0.0,0.0,0.0,0.0,0.0,0.0,0.0,0.0,0.0,0.0,0.0,0.0,0.0,0.0,0.0
,LVA,,pc_cov,pc_cov,KYOTOGHG,IPCM0EL,MtCO2eq/MtCO2eq,AR4,1.0,1.0,1.0,1.0,1.0,1.0,1.0,1.0,1.0,1.0,1.0,1.0,1.0,1.0,1.0,1.0,1.0,1.0,1.0,1.0,1.0,1.0,1.0,1.0,1.0,1.0,1.0,1.0,1.0,1.0,1.0,1.0,1.0,1.0,1.0,1.0,1.0,1.0,1.0,1.0,1.0,1.0,1.0,1.0,1.0,1.0,1.0,1.0,1.0,1.0,1.0,1.0,1.0,1.0,1.0,1.0,1.0,1.0,1.0,1.0,1.0
,MAC,,pop,pop,POP,DEMOGR,Pers,,343808.0,353626.0,362311.0,370199.0,377798.0,385513.0,393373.0,401352.0,409616.0,418383.0,427782.0,437938.0,448821.0,460165.0,471597.0,482858.0,493799.0,504511.0,515239.0,526400.0,538219.0,550832.0,564039.0,577372.0,590208.0,602085.0,612836.0,622585.0,629731.4289333333,634539.9536333333,639730.9826333333,645372.5570666668,651204.2357333334,657175.7189,663236.7879,669337.2987333335,675538.7056333333,681848.6840333333,688135.5091333332,694265.9822999999,700105.3828333333,705863.2130999998,711768.9791666665,717716.4097333333,723598.4230666667,729307.0132,734836.8156333333,740198.9119666667,745308.6061333334,750080.375,754427.9409666667,758513.9769,762538.7677333333,766472.1632666666,770284.2798,773945.4679666666,777491.9876999998,780958.6755666669,784314.1749666667,787527.4872666667,790567.9401333333
,MAC,,gdp,gdp,GDPPPP,ECO,2011GKD,,8609833984.375,9226271484.375,11044896484.375,11779646484.375,11992591796.875,12598252929.6875,12507257812.5,12367353515.625,11626391601.5625,11668005859.375,12156742187.5,12550254882.8125,13823573242.1875,15774779296.875,19983757812.5,21826812500.0,25517046875.0,30307703125.0,32961140625.0,35277964843.75,45875812500.0,58958433593.75,64958578125.0,72551437500.0,72375609375.0,56420726562.5,54879281250.0,59328859375.0,70427935629.48401,71234140060.8604,72093606802.82158,73027605752.97754,74010315157.77391,75060398986.2135,76197410155.38068,77442492650.74376,78725015075.78429,79957906909.80763,81138374057.29176,82262558181.70866,83325540014.343,84370027039.81494,85433567687.2676,86502459824.32138,87562700115.87346,88600106737.29483,89589698652.19243,90518727516.69223,91390683326.9301,92208269635.74072,92973468885.94344,93694732098.5103,94386157579.03604,95056543907.03577,95713300653.49876,96362651076.40836,96984318685.2188,97558356443.98393,98090244031.39204,98584876269.67596,99046624774.0855
"No targets calculated, so the baseline emissions are put in as target pathways for all un/conditional best/worst pathways.
",MAC,baseline_emissions,conditional,worst,KYOTOGHG,IPCM0EL,MtCO2eq,AR4,1.176,1.2397,1.2402,1.3424000000000005,1.4355,1.3874000000000002,1.6131,1.6863,1.7634,1.7453,1.8206,1.8836,1.7006,1.7126,1.9032,2.0368,1.8630000000000002,1.915,1.7191,2.4893,1.8113,1.8887,1.7360999999999998,1.6289,1.7558,1.8355,2.0396,2.1079,2.304666666666667,2.4030666666666662,2.500666666666667,2.5965333333333334,2.6881,2.7779666666666665,2.8684333333333334,2.9616333333333333,3.0558,3.1480666666666663,3.2387,3.3278,3.4151333333333334,3.5013333333333336,3.5870333333333333,3.671866666666667,3.7556,3.8377,3.9176,3.995333333333333,4.0711,4.145266666666667,4.2180333333333335,4.289833333333333,4.361166666666667,4.4324,4.503833333333334,4.5756000000000006,4.6466666666666665,4.715599999999999,4.782633333333333,4.8477,4.910933333333333
"No targets calculated, so the baseline emissions are put in as target pathways for all un/conditional best/worst pathways.
",MAC,baseline_emissions,conditional,best,KYOTOGHG,IPCM0EL,MtCO2eq,AR4,1.176,1.2397,1.2402,1.3424000000000005,1.4355,1.3874000000000002,1.6131,1.6863,1.7634,1.7453,1.8206,1.8836,1.7006,1.7126,1.9032,2.0368,1.8630000000000002,1.915,1.7191,2.4893,1.8113,1.8887,1.7360999999999998,1.6289,1.7558,1.8355,2.0396,2.1079,2.304666666666667,2.4030666666666662,2.500666666666667,2.5965333333333334,2.6881,2.7779666666666665,2.8684333333333334,2.9616333333333333,3.0558,3.1480666666666663,3.2387,3.3278,3.4151333333333334,3.5013333333333336,3.5870333333333333,3.671866666666667,3.7556,3.8377,3.9176,3.995333333333333,4.0711,4.145266666666667,4.2180333333333335,4.289833333333333,4.361166666666667,4.4324,4.503833333333334,4.5756000000000006,4.6466666666666665,4.715599999999999,4.782633333333333,4.8477,4.910933333333333
"No targets calculated, so the baseline emissions are put in as target pathways for all un/conditional best/worst pathways.
",MAC,baseline_emissions,unconditional,worst,KYOTOGHG,IPCM0EL,MtCO2eq,AR4,1.176,1.2397,1.2402,1.3424000000000005,1.4355,1.3874000000000002,1.6131,1.6863,1.7634,1.7453,1.8206,1.8836,1.7006,1.7126,1.9032,2.0368,1.8630000000000002,1.915,1.7191,2.4893,1.8113,1.8887,1.7360999999999998,1.6289,1.7558,1.8355,2.0396,2.1079,2.304666666666667,2.4030666666666662,2.500666666666667,2.5965333333333334,2.6881,2.7779666666666665,2.8684333333333334,2.9616333333333333,3.0558,3.1480666666666663,3.2387,3.3278,3.4151333333333334,3.5013333333333336,3.5870333333333333,3.671866666666667,3.7556,3.8377,3.9176,3.995333333333333,4.0711,4.145266666666667,4.2180333333333335,4.289833333333333,4.361166666666667,4.4324,4.503833333333334,4.5756000000000006,4.6466666666666665,4.715599999999999,4.782633333333333,4.8477,4.910933333333333
"No targets calculated, so the baseline emissions are put in as target pathways for all un/conditional best/worst pathways.
",MAC,baseline_emissions,unconditional,best,KYOTOGHG,IPCM0EL,MtCO2eq,AR4,1.176,1.2397,1.2402,1.3424000000000005,1.4355,1.3874000000000002,1.6131,1.6863,1.7634,1.7453,1.8206,1.8836,1.7006,1.7126,1.9032,2.0368,1.8630000000000002,1.915,1.7191,2.4893,1.8113,1.8887,1.7360999999999998,1.6289,1.7558,1.8355,2.0396,2.1079,2.304666666666667,2.4030666666666662,2.500666666666667,2.5965333333333334,2.6881,2.7779666666666665,2.8684333333333334,2.9616333333333333,3.0558,3.1480666666666663,3.2387,3.3278,3.4151333333333334,3.5013333333333336,3.5870333333333333,3.671866666666667,3.7556,3.8377,3.9176,3.995333333333333,4.0711,4.145266666666667,4.2180333333333335,4.289833333333333,4.361166666666667,4.4324,4.503833333333334,4.5756000000000006,4.6466666666666665,4.715599999999999,4.782633333333333,4.8477,4.910933333333333
,MAC,,emi_bau,emi_bau,KYOTOGHG,IPCM0EL,MtCO2eq,AR4,1.176,1.2397,1.2402,1.3424000000000005,1.4355,1.3874000000000002,1.6131,1.6863,1.7634,1.7453,1.8206,1.8836,1.7006,1.7126,1.9032,2.0368,1.8630000000000002,1.915,1.7191,2.4893,1.8113,1.8887,1.7360999999999998,1.6289,1.7558,1.8355,2.0396,2.1079,2.304666666666667,2.4030666666666662,2.500666666666667,2.5965333333333334,2.6881,2.7779666666666665,2.8684333333333334,2.9616333333333333,3.0558,3.1480666666666663,3.2387,3.3278,3.4151333333333334,3.5013333333333336,3.5870333333333333,3.671866666666667,3.7556,3.8377,3.9176,3.995333333333333,4.0711,4.145266666666667,4.2180333333333335,4.289833333333333,4.361166666666667,4.4324,4.503833333333334,4.5756000000000006,4.6466666666666665,4.715599999999999,4.782633333333333,4.8477,4.910933333333333
,MAC,,emi_cov,emi_cov,KYOTOGHG,IPCM0EL,MtCO2eq,AR4,0.0,0.0,0.0,0.0,0.0,0.0,0.0,0.0,0.0,0.0,0.0,0.0,0.0,0.0,0.0,0.0,0.0,0.0,0.0,0.0,0.0,0.0,0.0,0.0,0.0,0.0,0.0,0.0,0.0,0.0,0.0,0.0,0.0,0.0,0.0,0.0,0.0,0.0,0.0,0.0,0.0,0.0,0.0,0.0,0.0,0.0,0.0,0.0,0.0,0.0,0.0,0.0,0.0,0.0,0.0,0.0,0.0,0.0,0.0,0.0,0.0
,MAC,,emi_ncov,emi_ncov,KYOTOGHG,IPCM0EL,MtCO2eq,AR4,1.176,1.2397,1.2402,1.3424000000000005,1.4355,1.3874000000000002,1.6131,1.6863,1.7634,1.7453,1.8206,1.8836,1.7006,1.7126,1.9032,2.0368,1.8630000000000002,1.915,1.7191,2.4893,1.8113,1.8887,1.7360999999999998,1.6289,1.7558,1.8355,2.0396,2.1079,2.304666666666667,2.4030666666666662,2.500666666666667,2.5965333333333334,2.6881,2.7779666666666665,2.8684333333333334,2.9616333333333333,3.0558,3.1480666666666663,3.2387,3.3278,3.4151333333333334,3.5013333333333336,3.5870333333333333,3.671866666666667,3.7556,3.8377,3.9176,3.995333333333333,4.0711,4.145266666666667,4.2180333333333335,4.289833333333333,4.361166666666667,4.4324,4.503833333333334,4.5756000000000006,4.6466666666666665,4.715599999999999,4.782633333333333,4.8477,4.910933333333333
,MAC,,pc_cov,pc_cov,KYOTOGHG,IPCM0EL,MtCO2eq/MtCO2eq,AR4,0.0,0.0,0.0,0.0,0.0,0.0,0.0,0.0,0.0,0.0,0.0,0.0,0.0,0.0,0.0,0.0,0.0,0.0,0.0,0.0,0.0,0.0,0.0,0.0,0.0,0.0,0.0,0.0,0.0,0.0,0.0,0.0,0.0,0.0,0.0,0.0,0.0,0.0,0.0,0.0,0.0,0.0,0.0,0.0,0.0,0.0,0.0,0.0,0.0,0.0,0.0,0.0,0.0,0.0,0.0,0.0,0.0,0.0,0.0,0.0,0.0
,MAR,,pop,pop,POP,DEMOGR,Pers,,25024720.0,25484787.0,25943133.0,26394532.0,26831735.0,27249884.0,27647581.0,28027411.0,28393526.0,28752021.0,29107797.0,29462981.0,29817995.0,30174051.0,30532011.0,30893076.0,31257033.0,31625880.0,32005444.0,32403131.0,32823663.0,33269503.0,33737673.0,34220561.0,34707352.0,35189819.0,35665032.0,36133870.0,36484243.2382,36889169.7838,37297107.1415,37715531.341,38147098.1047,38584106.4052,39018908.6791,39443904.8865,39855677.687,40255555.5344,40642991.0645,41017302.5497,41377674.6435,41727099.5581,42068794.1355,42402209.3599,42726833.1182,43042189.4054,43345631.544,43637139.7329,43920204.4516,44198314.9535,44474958.5819,44751434.3066,45027149.5729,45302785.0141,45579063.7894,45856750.0345,46132525.2849,46403024.2634,46668901.9778,46930725.2568,47188977.6737
,MAR,,gdp,gdp,GDPPPP,ECO,2011GKD,,99727820312.5,112055101562.5,111898453125.0,113263023437.5,126629156250.0,125092453125.0,146997984375.0,136316156250.0,137995953125.0,131985671875.0,125842507812.5,129764320312.5,130040523437.5,135739562500.0,135615453125.0,133652687500.0,145601984375.0,153388609375.0,170382062500.0,189504765625.0,200225046875.0,220344109375.0,226256906250.0,238476921875.0,249655437500.0,263655968750.0,268878406250.0,280057437500.0,301120745246.6058,316900246965.4229,333045026847.3358,349820952853.1709,367424284097.7054,385630569315.9817,404214281576.7642,422948350814.9579,441641128740.7242,460243647611.1078,478742965734.7483,497126977562.6861,515383651152.4501,533481817870.8945,551491060880.4885,569549648391.4127,587795111744.9594,606364473879.0458,625172472080.8175,644053342385.0917,663022869274.4796,682096396973.962,701288846988.554,720463025317.4219,739543560675.89,758637425062.473,777850898600.875,797289620352.178,816939971571.7839,836716609452.7295,856616985408.2222,876638121496.7443,896776492461.8605
"The target value from 'conditional_best' was used for 'conditional_worst' in 2025, 2030.
",MAR,ABS,conditional,worst,KYOTOGHG,IPCM0EL,MtCO2eq,AR4,42.4744,43.3893,43.6586,44.6587,46.8409,48.4771,51.4583,54.0654,55.7345,59.2385,61.598,67.0767,69.38,70.4424,78.8351,83.3391,87.6271,90.6902,94.7371,95.773,101.2148,98.8444,97.5034,105.0705,107.0225,109.3424,110.1822,115.1722,118.3648,121.5574,124.75,113.73814904974532,101.57137763532769,88.24968575674714,73.77307341400366,58.14154060709726,57.083511569498896,55.8494414616154,54.43933028344678,52.85317803499305,51.090984716254184,52.43225348559587,53.75220301248886,55.065373198686885,56.386185010141965,57.728821541202805,59.08751440548861,60.44864545370858,61.8143555302927,63.18657734201805,64.56715439381045,65.95112111595037,67.33538517759443,68.72437693735473,70.12231861619044,71.53316482950693,72.94927395204715,74.3573251740245,75.75265026522352,77.13043232567678,78.48582472146634
,MAR,ABS,conditional,best,KYOTOGHG,IPCM0EL,MtCO2eq,AR4,42.4744,43.3893,43.6586,44.6587,46.8409,48.4771,51.4583,54.0654,55.7345,59.2385,61.598,67.0767,69.38,70.4424,78.8351,83.3391,87.6271,90.6902,94.7371,95.773,101.2148,98.8444,97.5034,105.0705,107.0225,109.3424,110.1822,115.1722,118.3648,121.5574,124.75,113.73814904974532,101.57137763532769,88.24968575674714,73.77307341400366,58.14154060709726,57.083511569498896,55.8494414616154,54.43933028344678,52.85317803499305,51.090984716254184,52.43225348559587,53.75220301248886,55.065373198686885,56.386185010141965,57.728821541202805,59.08751440548861,60.44864545370858,61.8143555302927,63.18657734201805,64.56715439381045,65.95112111595037,67.33538517759443,68.72437693735473,70.12231861619044,71.53316482950693,72.94927395204715,74.3573251740245,75.75265026522352,77.13043232567678,78.48582472146634
"The target value from 'unconditional_best' was used for 'unconditional_worst' in 2025, 2030.
",MAR,ABS,unconditional,worst,KYOTOGHG,IPCM0EL,MtCO2eq,AR4,42.4744,43.3893,43.6586,44.6587,46.8409,48.4771,51.4583,54.0654,55.7345,59.2385,61.598,67.0767,69.38,70.4424,78.8351,83.3391,87.6271,90.6902,94.7371,95.773,101.2148,98.8444,97.5034,105.0705,107.0225,109.3424,110.1822,115.1722,118.3648,121.5574,124.75,121.4023277692365,117.46147040016234,112.9274278927775,107.800200247082,102.07978746307586,106.76391678695498,111.53791232138822,116.40177406637561,121.35550202191718,126.39909618801285,129.71739512336416,132.98295025289744,136.23173329355134,139.49942171509122,142.82110449293572,146.18251063917882,149.549948852475,152.92871558194412,156.32359234415264,159.73913997028706,163.1630736408612,166.5877429293686,170.0241085430156,173.48261625645512,176.97304978820011,180.47650375736464,183.96002248053657,187.412056756163,190.82068957372434,194.17393036090772
,MAR,ABS,unconditional,best,KYOTOGHG,IPCM0EL,MtCO2eq,AR4,42.4744,43.3893,43.6586,44.6587,46.8409,48.4771,51.4583,54.0654,55.7345,59.2385,61.598,67.0767,69.38,70.4424,78.8351,83.3391,87.6271,90.6902,94.7371,95.773,101.2148,98.8444,97.5034,105.0705,107.0225,109.3424,110.1822,115.1722,118.3648,121.5574,124.75,121.4023277692365,117.46147040016234,112.9274278927775,107.800200247082,102.07978746307586,106.76391678695498,111.53791232138822,116.40177406637561,121.35550202191718,126.39909618801285,129.71739512336416,132.98295025289744,136.23173329355134,139.49942171509122,142.82110449293572,146.18251063917882,149.549948852475,152.92871558194412,156.32359234415264,159.73913997028706,163.1630736408612,166.5877429293686,170.0241085430156,173.48261625645512,176.97304978820011,180.47650375736464,183.96002248053657,187.412056756163,190.82068957372434,194.17393036090772
"The target value from 'conditional_best' was used for 'conditional_worst' in 2025, 2030.
",MAR,ABU,conditional,worst,KYOTOGHG,IPCM0EL,MtCO2eq,AR4,42.4744,43.3893,43.6586,44.6587,46.8409,48.4771,51.4583,54.0654,55.7345,59.2385,61.598,67.0767,69.38,70.4424,78.8351,83.3391,87.6271,90.6902,94.7371,95.773,101.2148,98.8444,97.5034,105.0705,107.0225,109.3424,110.1822,115.1722,118.3648,121.5574,124.75,121.49277152313594,117.64898685718428,113.21864600214501,108.20174895801816,102.5982957248037,103.77794949166085,104.83275633447451,105.76271625324472,106.56782924797146,107.2480953186547,110.06363159420681,112.83441539221407,115.59096827685978,118.36356214718056,121.18196957191964,124.03408179146238,126.89131214651233,129.75815460971003,132.63866623968917,135.53671684622356,138.44188290943873,141.34767313552064,144.2633875511836,147.1978892691353,150.15947965550325,153.13211772461239,156.08784098003304,159.01685006475745,161.90903354034455,164.75421755206654
,MAR,ABU,conditional,best,KYOTOGHG,IPCM0EL,MtCO2eq,AR4,42.4744,43.3893,43.6586,44.6587,46.8409,48.4771,51.4583,54.0654,55.7345,59.2385,61.598,67.0767,69.38,70.4424,78.8351,83.3391,87.6271,90.6902,94.7371,95.773,101.2148,98.8444,97.5034,105.0705,107.0225,109.3424,110.1822,115.1722,118.3648,121.5574,124.75,121.49277152313594,117.64898685718428,113.21864600214501,108.20174895801816,102.5982957248037,103.77794949166085,104.83275633447451,105.76271625324472,106.56782924797146,107.2480953186547,110.06363159420681,112.83441539221407,115.59096827685978,118.36356214718056,121.18196957191964,124.03408179146238,126.89131214651233,129.75815460971003,132.63866623968917,135.53671684622356,138.44188290943873,141.34767313552064,144.2633875511836,147.1978892691353,150.15947965550325,153.13211772461239,156.08784098003304,159.01685006475745,161.90903354034455,164.75421755206654
"The target value from 'unconditional_best' was used for 'unconditional_worst' in 2025, 2030.
",MAR,ABU,unconditional,worst,KYOTOGHG,IPCM0EL,MtCO2eq,AR4,42.4744,43.3893,43.6586,44.6587,46.8409,48.4771,51.4583,54.0654,55.7345,59.2385,61.598,67.0767,69.38,70.4424,78.8351,83.3391,87.6271,90.6902,94.7371,95.773,101.2148,98.8444,97.5034,105.0705,107.0225,109.3424,110.1822,115.1722,118.3648,121.5574,124.75,125.46745025440696,125.88966287243574,126.01663785408633,125.84837519935878,125.38487490825307,129.53858395781643,133.70511175596008,137.88445830268407,142.07662359798834,146.2816076418729,150.12187325720208,153.90109849375557,157.66091340065657,161.44260749492904,165.2867892293986,169.1769427972557,173.07407727314572,176.98432223485366,180.91321132899097,184.86602280309478,188.82853944202483,192.7919074112028,196.76881153132263,200.7713406919048,204.81081758524655,208.86536302397644,212.89683741298776,216.89187486738825,220.83668383716164,224.71738763926686
,MAR,ABU,unconditional,best,KYOTOGHG,IPCM0EL,MtCO2eq,AR4,42.4744,43.3893,43.6586,44.6587,46.8409,48.4771,51.4583,54.0654,55.7345,59.2385,61.598,67.0767,69.38,70.4424,78.8351,83.3391,87.6271,90.6902,94.7371,95.773,101.2148,98.8444,97.5034,105.0705,107.0225,109.3424,110.1822,115.1722,118.3648,121.5574,124.75,125.46745025440696,125.88966287243574,126.01663785408633,125.84837519935878,125.38487490825307,129.53858395781643,133.70511175596008,137.88445830268407,142.07662359798834,146.2816076418729,150.12187325720208,153.90109849375557,157.66091340065657,161.44260749492904,165.2867892293986,169.1769427972557,173.07407727314572,176.98432223485366,180.91321132899097,184.86602280309478,188.82853944202483,192.7919074112028,196.76881153132263,200.7713406919048,204.81081758524655,208.86536302397644,212.89683741298776,216.89187486738825,220.83668383716164,224.71738763926686
"The target value from 'conditional_best' was used for 'conditional_worst' in 2030.
",MAR,AEI,conditional,worst,KYOTOGHG,IPCM0EL,MtCO2eq,AR4,42.4744,43.3893,43.6586,44.6587,46.8409,48.4771,51.4583,54.0654,55.7345,59.2385,61.598,67.0767,69.38,70.4424,78.8351,83.3391,87.6271,90.6902,94.7371,95.773,101.2148,98.8444,97.5034,105.0705,107.0225,109.3424,110.1822,115.1722,118.3648,121.5574,124.75,126.10531500766449,127.21214378939347,128.0704863451869,128.68034267504487,129.0417127789673,129.09072049600604,128.89520993345985,128.45518109132874,127.77063396961276,126.84156856831181,130.17148353315028,133.44847005732748,136.70862578029025,139.98775306427106,143.32106371707383,146.69423679380563,150.07346305343034,153.46405748580517,156.87081834566231,160.29832242982323,163.73424191459142,167.17089959239527,170.61929453946712,174.08990909691425,177.59256123211168,181.1082793840414,184.60399250470303,188.0681109634358,191.48867603306093,194.8536551670962
,MAR,AEI,conditional,best,KYOTOGHG,IPCM0EL,MtCO2eq,AR4,42.4744,43.3893,43.6586,44.6587,46.8409,48.4771,51.4583,54.0654,55.7345,59.2385,61.598,67.0767,69.38,70.4424,78.8351,83.3391,87.6271,90.6902,94.7371,95.773,101.2148,98.8444,97.5034,105.0705,107.0225,109.3424,110.1822,115.1722,118.3648,121.5574,124.75,126.10531500766449,127.21214378939347,128.0704863451869,128.68034267504487,129.0417127789673,129.09072049600604,128.89520993345985,128.45518109132874,127.77063396961276,126.84156856831181,130.17148353315028,133.44847005732748,136.70862578029025,139.98775306427106,143.32106371707383,146.69423679380563,150.07346305343034,153.46405748580517,156.87081834566231,160.29832242982323,163.73424191459142,167.17089959239527,170.61929453946712,174.08990909691425,177.59256123211168,181.1082793840414,184.60399250470303,188.0681109634358,191.48867603306093,194.8536551670962
,MAR,AEI,unconditional,worst,KYOTOGHG,IPCM0EL,MtCO2eq,AR4,42.4744,43.3893,43.6586,44.6587,46.8409,48.4771,51.4583,54.0654,55.7345,59.2385,61.598,67.0767,69.38,70.4424,78.8351,83.3391,87.6271,90.6902,94.7371,95.773,101.2148,98.8444,97.5034,105.0705,107.0225,109.3424,110.1822,115.1722,118.3648,121.5574,124.75,129.4956,134.2412,138.98679999999996,143.73239999999996,148.47799999999995,153.14781999999997,157.81763999999995,162.48745999999997,167.15728000000001,171.8271,176.338,180.7772,185.1936,189.6357,194.1512,198.7207,203.2984,207.8915,212.5065,217.1496,221.8041,226.4596,231.13099999999997,235.8325,240.5774,245.34,250.0755,254.7682,259.4019,263.9603
,MAR,AEI,unconditional,best,KYOTOGHG,IPCM0EL,MtCO2eq,AR4,42.4744,43.3893,43.6586,44.6587,46.8409,48.4771,51.4583,54.0654,55.7345,59.2385,61.598,67.0767,69.38,70.4424,78.8351,83.3391,87.6271,90.6902,94.7371,95.773,101.2148,98.8444,97.5034,105.0705,107.0225,109.3424,110.1822,115.1722,118.3648,121.5574,124.75,129.4956,134.2412,138.98679999999996,143.73239999999996,148.47799999999995,153.14781999999997,157.81763999999995,162.48745999999997,167.15728000000001,171.8271,176.338,180.7772,185.1936,189.6357,194.1512,198.7207,203.2984,207.8915,212.5065,217.1496,221.8041,226.4596,231.13099999999997,235.8325,240.5774,245.34,250.0755,254.7682,259.4019,263.9603
"The target value from 'conditional_best' was used for 'conditional_worst' in 2025, 2030.
",MAR,RBU,conditional,worst,KYOTOGHG,IPCM0EL,MtCO2eq,AR4,42.4744,43.3893,43.6586,44.6587,46.8409,48.4771,51.4583,54.0654,55.7345,59.2385,61.598,67.0767,69.38,70.4424,78.8351,83.3391,87.6271,90.6902,94.7371,95.773,101.2148,98.8444,97.5034,105.0705,107.0225,109.3424,110.1822,115.1722,118.3648,121.5574,124.75,121.3373772,117.3268088,112.71829479999998,107.51183519999996,101.70742999999997,103.22163067999999,104.63309531999998,105.94182391999999,107.14781648000002,108.251073,111.09294,113.889636,116.671968,119.47049100000001,122.31525599999999,125.194041,128.077992,130.971645,133.879095,136.804248,139.736583,142.669548,145.61253,148.574475,151.563762,154.5642,157.547565,160.50396600000002,163.42319700000002,166.29498900000002
,MAR,RBU,conditional,best,KYOTOGHG,IPCM0EL,MtCO2eq,AR4,42.4744,43.3893,43.6586,44.6587,46.8409,48.4771,51.4583,54.0654,55.7345,59.2385,61.598,67.0767,69.38,70.4424,78.8351,83.3391,87.6271,90.6902,94.7371,95.773,101.2148,98.8444,97.5034,105.0705,107.0225,109.3424,110.1822,115.1722,118.3648,121.5574,124.75,121.3373772,117.3268088,112.71829479999998,107.51183519999996,101.70742999999997,103.22163067999999,104.63309531999998,105.94182391999999,107.14781648000002,108.251073,111.09294,113.889636,116.671968,119.47049100000001,122.31525599999999,125.194041,128.077992,130.971645,133.879095,136.804248,139.736583,142.669548,145.61253,148.574475,151.563762,154.5642,157.547565,160.50396600000002,163.42319700000002,166.29498900000002
"The target value from 'unconditional_best' was used for 'unconditional_worst' in 2025, 2030.
",MAR,RBU,unconditional,worst,KYOTOGHG,IPCM0EL,MtCO2eq,AR4,42.4744,43.3893,43.6586,44.6587,46.8409,48.4771,51.4583,54.0654,55.7345,59.2385,61.598,67.0767,69.38,70.4424,78.8351,83.3391,87.6271,90.6902,94.7371,95.773,101.2148,98.8444,97.5034,105.0705,107.0225,109.3424,110.1822,115.1722,118.3648,121.5574,124.75,125.40353904,125.75715616,125.81085135999996,125.56462463999995,125.01847599999995,129.31801920799995,133.63997755199995,137.98435103199998,142.35113964800001,146.7403434,150.592652,154.3837288,158.1553344,161.94888780000002,165.8051248,169.7074778,173.61683359999998,177.539341,181.480551,185.4457584,189.4207014,193.39649839999998,197.38587399999997,201.400955,205.4530996,209.52036,213.564477,217.5720428,221.5292226,225.4220962
,MAR,RBU,unconditional,best,KYOTOGHG,IPCM0EL,MtCO2eq,AR4,42.4744,43.3893,43.6586,44.6587,46.8409,48.4771,51.4583,54.0654,55.7345,59.2385,61.598,67.0767,69.38,70.4424,78.8351,83.3391,87.6271,90.6902,94.7371,95.773,101.2148,98.8444,97.5034,105.0705,107.0225,109.3424,110.1822,115.1722,118.3648,121.5574,124.75,125.40353904,125.75715616,125.81085135999996,125.56462463999995,125.01847599999995,129.31801920799995,133.63997755199995,137.98435103199998,142.35113964800001,146.7403434,150.592652,154.3837288,158.1553344,161.94888780000002,165.8051248,169.7074778,173.61683359999998,177.539341,181.480551,185.4457584,189.4207014,193.39649839999998,197.38587399999997,201.400955,205.4530996,209.52036,213.564477,217.5720428,221.5292226,225.4220962
"No targets calculated, so the baseline emissions are put in as target pathways for all un/conditional best/worst pathways.
",MAR,baseline_emissions,conditional,worst,KYOTOGHG,IPCM0EL,MtCO2eq,AR4,42.4744,43.3893,43.6586,44.6587,46.8409,48.4771,51.4583,54.0654,55.7345,59.2385,61.598,67.0767,69.38,70.4424,78.8351,83.3391,87.6271,90.6902,94.7371,95.773,101.2148,98.8444,97.5034,105.0705,107.0225,109.3424,110.1822,115.1722,118.3648,121.5574,124.75,129.4956,134.2412,138.98679999999996,143.73239999999996,148.47799999999995,153.14781999999997,157.81763999999995,162.48745999999997,167.15728000000001,171.8271,176.338,180.7772,185.1936,189.6357,194.1512,198.7207,203.2984,207.8915,212.5065,217.1496,221.8041,226.4596,231.13099999999997,235.8325,240.5774,245.34,250.0755,254.7682,259.4019,263.9603
"No targets calculated, so the baseline emissions are put in as target pathways for all un/conditional best/worst pathways.
",MAR,baseline_emissions,conditional,best,KYOTOGHG,IPCM0EL,MtCO2eq,AR4,42.4744,43.3893,43.6586,44.6587,46.8409,48.4771,51.4583,54.0654,55.7345,59.2385,61.598,67.0767,69.38,70.4424,78.8351,83.3391,87.6271,90.6902,94.7371,95.773,101.2148,98.8444,97.5034,105.0705,107.0225,109.3424,110.1822,115.1722,118.3648,121.5574,124.75,129.4956,134.2412,138.98679999999996,143.73239999999996,148.47799999999995,153.14781999999997,157.81763999999995,162.48745999999997,167.15728000000001,171.8271,176.338,180.7772,185.1936,189.6357,194.1512,198.7207,203.2984,207.8915,212.5065,217.1496,221.8041,226.4596,231.13099999999997,235.8325,240.5774,245.34,250.0755,254.7682,259.4019,263.9603
"No targets calculated, so the baseline emissions are put in as target pathways for all un/conditional best/worst pathways.
",MAR,baseline_emissions,unconditional,worst,KYOTOGHG,IPCM0EL,MtCO2eq,AR4,42.4744,43.3893,43.6586,44.6587,46.8409,48.4771,51.4583,54.0654,55.7345,59.2385,61.598,67.0767,69.38,70.4424,78.8351,83.3391,87.6271,90.6902,94.7371,95.773,101.2148,98.8444,97.5034,105.0705,107.0225,109.3424,110.1822,115.1722,118.3648,121.5574,124.75,129.4956,134.2412,138.98679999999996,143.73239999999996,148.47799999999995,153.14781999999997,157.81763999999995,162.48745999999997,167.15728000000001,171.8271,176.338,180.7772,185.1936,189.6357,194.1512,198.7207,203.2984,207.8915,212.5065,217.1496,221.8041,226.4596,231.13099999999997,235.8325,240.5774,245.34,250.0755,254.7682,259.4019,263.9603
"No targets calculated, so the baseline emissions are put in as target pathways for all un/conditional best/worst pathways.
",MAR,baseline_emissions,unconditional,best,KYOTOGHG,IPCM0EL,MtCO2eq,AR4,42.4744,43.3893,43.6586,44.6587,46.8409,48.4771,51.4583,54.0654,55.7345,59.2385,61.598,67.0767,69.38,70.4424,78.8351,83.3391,87.6271,90.6902,94.7371,95.773,101.2148,98.8444,97.5034,105.0705,107.0225,109.3424,110.1822,115.1722,118.3648,121.5574,124.75,129.4956,134.2412,138.98679999999996,143.73239999999996,148.47799999999995,153.14781999999997,157.81763999999995,162.48745999999997,167.15728000000001,171.8271,176.338,180.7772,185.1936,189.6357,194.1512,198.7207,203.2984,207.8915,212.5065,217.1496,221.8041,226.4596,231.13099999999997,235.8325,240.5774,245.34,250.0755,254.7682,259.4019,263.9603
,MAR,,emi_bau,emi_bau,KYOTOGHG,IPCM0EL,MtCO2eq,AR4,42.4744,43.3893,43.6586,44.6587,46.8409,48.4771,51.4583,54.0654,55.7345,59.2385,61.598,67.0767,69.38,70.4424,78.8351,83.3391,87.6271,90.6902,94.7371,95.773,101.2148,98.8444,97.5034,105.0705,107.0225,109.3424,110.1822,115.1722,118.3648,121.5574,124.75,129.4956,134.2412,138.98679999999996,143.73239999999996,148.47799999999995,153.14781999999997,157.81763999999995,162.48745999999997,167.15728000000001,171.8271,176.338,180.7772,185.1936,189.6357,194.1512,198.7207,203.2984,207.8915,212.5065,217.1496,221.8041,226.4596,231.13099999999997,235.8325,240.5774,245.34,250.0755,254.7682,259.4019,263.9603
,MAR,,emi_cov,emi_cov,KYOTOGHG,IPCM0EL,MtCO2eq,AR4,42.4744,43.3893,43.6586,44.6587,46.8409,48.4771,51.4583,54.0654,55.7345,59.2385,61.598,67.0767,69.38,70.4424,78.8351,83.3391,87.6271,90.6902,94.7371,95.773,101.2148,98.8444,97.5034,105.0705,107.0225,109.3424,110.1822,115.1722,118.3648,121.55729898580061,124.75,129.4956,134.2412,138.98679999999996,143.73229996224956,148.47799999999995,153.14781999999997,157.81763999999995,162.48745999999997,167.15728000000001,171.8271,176.338,180.7772,185.1936,189.6357,194.1512,198.7207,203.2984,207.8915,212.5063999094385,217.1496,221.8041,226.4596,231.13099999999997,235.83240000701997,240.57729991980165,245.34,250.0755,254.7682,259.4019,263.9603
,MAR,,emi_ncov,emi_ncov,KYOTOGHG,IPCM0EL,MtCO2eq,AR4,0.0,0.0,0.0,0.0,0.0,0.0,0.0,0.0,0.0,0.0,0.0,0.0,0.0,0.0,0.0,0.0,0.0,0.0,0.0,0.0,0.0,0.0,0.0,0.0,0.0,0.0,0.0,0.0,0.0,0.00010101419939069123,0.0,0.0,0.0,0.0,0.00010003775039521702,0.0,0.0,0.0,0.0,0.0,0.0,0.0,0.0,0.0,0.0,0.0,0.0,0.0,0.0,0.00010009056147680794,0.0,0.0,0.0,0.0,9.999298002591612e-05,0.00010008019837403167,0.0,0.0,0.0,0.0,0.0
,MAR,,pc_cov,pc_cov,KYOTOGHG,IPCM0EL,MtCO2eq/MtCO2eq,AR4,1.0,1.0,1.0,1.0,1.0,1.0,1.0,1.0,1.0,1.0,1.0,1.0,1.0,1.0,1.0,1.0,1.0,1.0,1.0,1.0,1.0,1.0,1.0,1.0,1.0,1.0,1.0,1.0,1.0,0.9999991690000001,1.0,1.0,1.0,1.0,0.999999304,1.0,1.0,1.0,1.0,1.0,1.0,1.0,1.0,1.0,1.0,1.0,1.0,1.0,1.0,0.9999995290000001,1.0,1.0,1.0,1.0,0.9999995759999999,0.9999995840000001,1.0,1.0,1.0,1.0,1.0
,MCO,,pop,pop,POP,DEMOGR,Pers,,29438.0,29622.0,29865.0,30146.0,30435.0,30716.0,30995.0,31280.0,31556.0,31844.0,32147.0,32470.0,32806.0,33153.0,33500.0,33843.0,34190.0,34525.0,34872.0,35226.0,35612.0,36024.0,36460.0,36901.0,37322.0,37718.0,38070.0,38392.0,37477.16666666666,37477.16666666666,37477.16666666666,37477.16666666666,37477.16666666666,37477.16666666666,37477.16666666666,37477.16666666666,37477.16666666666,37477.16666666666,37477.16666666666,37477.16666666666,37477.16666666666,37477.16666666666,37477.16666666666,37477.16666666666,37477.16666666666,37477.16666666666,37477.16666666666,37477.16666666666,37477.16666666666,37477.16666666666,37477.16666666666,37477.16666666666,37477.16666666666,37477.16666666666,37477.16666666666,37477.16666666666,37477.16666666666,37477.16666666666,37477.16666666666,37477.16666666666,37477.16666666666
,MCO,,gdp,gdp,GDPPPP,ECO,2011GKD,,,,,,,,,,,,,,,,,,,,,,,,,,,,,,,,,,,,,,,,,,,,,,,,,,,,,,,,,,,,,,
"The target value from 'conditional_best' was used for 'conditional_worst' in 2030.
",MCO,ABS,conditional,worst,KYOTOGHG,IPCM0EL,MtCO2eq,AR4,0.17886,0.1791,0.183,0.18066,0.18188,0.17972,0.18539,0.18345,0.17618,0.17585,0.17613,0.17439000000000002,0.17359000000000002,0.16975,0.16517,0.16409,0.1562,0.16022999999999998,0.15737,0.15194000000000002,0.15388,0.15097,0.15333,0.15395,0.14745999999999998,0.1521,0.15085,0.14976,0.1512416666666667,0.1512416666666667,0.1512416666666667,0.14161911546625003,0.13199656426583337,0.12237401306541668,0.11275146186500001,0.10312891066458335,0.09350635946416667,0.08388380826375,0.07426125706333334,0.06463870586291667,0.05501615466249999,0.05501615466249999,0.05501615466249999,0.05501615466249999,0.05501615466249999,0.05501615466249999,0.05501615466249999,0.05501615466249999,0.05501615466249999,0.05501615466249999,0.05501615466249999,0.05501615466249999,0.05501615466249999,0.05501615466249999,0.05501615466249999,0.05501615466249999,0.05501615466249999,0.05501615466249999,0.05501615466249999,0.05501615466249999,0.05501615466249999
,MCO,ABS,conditional,best,KYOTOGHG,IPCM0EL,MtCO2eq,AR4,0.17886,0.1791,0.183,0.18066,0.18188,0.17972,0.18539,0.18345,0.17618,0.17585,0.17613,0.17439000000000002,0.17359000000000002,0.16975,0.16517,0.16409,0.1562,0.16022999999999998,0.15737,0.15194000000000002,0.15388,0.15097,0.15333,0.15395,0.14745999999999998,0.1521,0.15085,0.14976,0.1512416666666667,0.1512416666666667,0.1512416666666667,0.14161911546625003,0.13199656426583337,0.12237401306541668,0.11275146186500001,0.10312891066458335,0.09350635946416667,0.08388380826375,0.07426125706333334,0.06463870586291667,0.05501615466249999,0.05501615466249999,0.05501615466249999,0.05501615466249999,0.05501615466249999,0.05501615466249999,0.05501615466249999,0.05501615466249999,0.05501615466249999,0.05501615466249999,0.05501615466249999,0.05501615466249999,0.05501615466249999,0.05501615466249999,0.05501615466249999,0.05501615466249999,0.05501615466249999,0.05501615466249999,0.05501615466249999,0.05501615466249999,0.05501615466249999
,MCO,ABS,unconditional,worst,KYOTOGHG,IPCM0EL,MtCO2eq,AR4,0.17886,0.1791,0.183,0.18066,0.18188,0.17972,0.18539,0.18345,0.17618,0.17585,0.17613,0.17439000000000002,0.17359000000000002,0.16975,0.16517,0.16409,0.1562,0.16022999999999998,0.15737,0.15194000000000002,0.15388,0.15097,0.15333,0.15395,0.14745999999999998,0.1521,0.15085,0.14976,0.1512416666666667,0.1512416666666667,0.1512416666666667,0.1512416666666667,0.1512416666666667,0.1512416666666667,0.1512416666666667,0.1512416666666667,0.1512416666666667,0.1512416666666667,0.1512416666666667,0.1512416666666667,0.1512416666666667,0.1512416666666667,0.1512416666666667,0.1512416666666667,0.1512416666666667,0.1512416666666667,0.1512416666666667,0.1512416666666667,0.1512416666666667,0.1512416666666667,0.1512416666666667,0.1512416666666667,0.1512416666666667,0.1512416666666667,0.1512416666666667,0.1512416666666667,0.1512416666666667,0.1512416666666667,0.1512416666666667,0.1512416666666667,0.1512416666666667
,MCO,ABS,unconditional,best,KYOTOGHG,IPCM0EL,MtCO2eq,AR4,0.17886,0.1791,0.183,0.18066,0.18188,0.17972,0.18539,0.18345,0.17618,0.17585,0.17613,0.17439000000000002,0.17359000000000002,0.16975,0.16517,0.16409,0.1562,0.16022999999999998,0.15737,0.15194000000000002,0.15388,0.15097,0.15333,0.15395,0.14745999999999998,0.1521,0.15085,0.14976,0.1512416666666667,0.1512416666666667,0.1512416666666667,0.1512416666666667,0.1512416666666667,0.1512416666666667,0.1512416666666667,0.1512416666666667,0.1512416666666667,0.1512416666666667,0.1512416666666667,0.1512416666666667,0.1512416666666667,0.1512416666666667,0.1512416666666667,0.1512416666666667,0.1512416666666667,0.1512416666666667,0.1512416666666667,0.1512416666666667,0.1512416666666667,0.1512416666666667,0.1512416666666667,0.1512416666666667,0.1512416666666667,0.1512416666666667,0.1512416666666667,0.1512416666666667,0.1512416666666667,0.1512416666666667,0.1512416666666667,0.1512416666666667,0.1512416666666667
"The target value from 'unconditional_best' was used for 'conditional_worst' in 2030.
The target value from 'unconditional_best' was used for 'conditional_best' in 2030.
",MCO,RBY,conditional,worst,KYOTOGHG,IPCM0EL,MtCO2eq,AR4,0.17886,0.1791,0.183,0.18066,0.18188,0.17972,0.18539,0.18345,0.17618,0.17585,0.17613,0.17439000000000002,0.17359000000000002,0.16975,0.16517,0.16409,0.1562,0.16022999999999998,0.15737,0.15194000000000002,0.15388,0.15097,0.15333,0.15395,0.14745999999999998,0.1521,0.15085,0.14976,0.1512416666666667,0.1512416666666667,0.1512416666666667,0.13817611546625003,0.12511056426583336,0.11204501306541668,0.09897946186500002,0.08591391066458336,0.07284835946416666,0.05978280826375,0.04671725706333334,0.033651705862916666,0.020586154662500005,0.020586154662500005,0.020586154662500005,0.020586154662500005,0.020586154662500005,0.020586154662500005,0.020586154662500005,0.020586154662500005,0.020586154662500005,0.020586154662500005,0.020586154662500005,0.020586154662500005,0.020586154662500005,0.020586154662500005,0.020586154662500005,0.020586154662500005,0.020586154662500005,0.020586154662500005,0.020586154662500005,0.020586154662500005,0.020586154662500005
,MCO,RBY,conditional,best,KYOTOGHG,IPCM0EL,MtCO2eq,AR4,0.17886,0.1791,0.183,0.18066,0.18188,0.17972,0.18539,0.18345,0.17618,0.17585,0.17613,0.17439000000000002,0.17359000000000002,0.16975,0.16517,0.16409,0.1562,0.16022999999999998,0.15737,0.15194000000000002,0.15388,0.15097,0.15333,0.15395,0.14745999999999998,0.1521,0.15085,0.14976,0.1512416666666667,0.1512416666666667,0.1512416666666667,0.13817611546625003,0.12511056426583336,0.11204501306541668,0.09897946186500002,0.08591391066458336,0.07284835946416666,0.05978280826375,0.04671725706333334,0.033651705862916666,0.020586154662500005,0.020586154662500005,0.020586154662500005,0.020586154662500005,0.020586154662500005,0.020586154662500005,0.020586154662500005,0.020586154662500005,0.020586154662500005,0.020586154662500005,0.020586154662500005,0.020586154662500005,0.020586154662500005,0.020586154662500005,0.020586154662500005,0.020586154662500005,0.020586154662500005,0.020586154662500005,0.020586154662500005,0.020586154662500005,0.020586154662500005
"The target value from 'unconditional_best' was used for 'unconditional_worst' in 2030.
",MCO,RBY,unconditional,worst,KYOTOGHG,IPCM0EL,MtCO2eq,AR4,0.17886,0.1791,0.183,0.18066,0.18188,0.17972,0.18539,0.18345,0.17618,0.17585,0.17613,0.17439000000000002,0.17359000000000002,0.16975,0.16517,0.16409,0.1562,0.16022999999999998,0.15737,0.15194000000000002,0.15388,0.15097,0.15333,0.15395,0.14745999999999998,0.1521,0.15085,0.14976,0.1512416666666667,0.1512416666666667,0.1512416666666667,0.13817611546625003,0.12511056426583336,0.11204501306541668,0.09897946186500002,0.08591391066458336,0.07284835946416666,0.05978280826375,0.04671725706333334,0.033651705862916666,0.020586154662500005,0.020586154662500005,0.020586154662500005,0.020586154662500005,0.020586154662500005,0.020586154662500005,0.020586154662500005,0.020586154662500005,0.020586154662500005,0.020586154662500005,0.020586154662500005,0.020586154662500005,0.020586154662500005,0.020586154662500005,0.020586154662500005,0.020586154662500005,0.020586154662500005,0.020586154662500005,0.020586154662500005,0.020586154662500005,0.020586154662500005
,MCO,RBY,unconditional,best,KYOTOGHG,IPCM0EL,MtCO2eq,AR4,0.17886,0.1791,0.183,0.18066,0.18188,0.17972,0.18539,0.18345,0.17618,0.17585,0.17613,0.17439000000000002,0.17359000000000002,0.16975,0.16517,0.16409,0.1562,0.16022999999999998,0.15737,0.15194000000000002,0.15388,0.15097,0.15333,0.15395,0.14745999999999998,0.1521,0.15085,0.14976,0.1512416666666667,0.1512416666666667,0.1512416666666667,0.13817611546625003,0.12511056426583336,0.11204501306541668,0.09897946186500002,0.08591391066458336,0.07284835946416666,0.05978280826375,0.04671725706333334,0.033651705862916666,0.020586154662500005,0.020586154662500005,0.020586154662500005,0.020586154662500005,0.020586154662500005,0.020586154662500005,0.020586154662500005,0.020586154662500005,0.020586154662500005,0.020586154662500005,0.020586154662500005,0.020586154662500005,0.020586154662500005,0.020586154662500005,0.020586154662500005,0.020586154662500005,0.020586154662500005,0.020586154662500005,0.020586154662500005,0.020586154662500005,0.020586154662500005
"No targets calculated, so the baseline emissions are put in as target pathways for all un/conditional best/worst pathways.
",MCO,baseline_emissions,conditional,worst,KYOTOGHG,IPCM0EL,MtCO2eq,AR4,0.17886,0.1791,0.183,0.18066,0.18188,0.17972,0.18539,0.18345,0.17618,0.17585,0.17613,0.17439000000000002,0.17359000000000002,0.16975,0.16517,0.16409,0.1562,0.16022999999999998,0.15737,0.15194000000000002,0.15388,0.15097,0.15333,0.15395,0.14745999999999998,0.1521,0.15085,0.14976,0.1512416666666667,0.1512416666666667,0.1512416666666667,0.1512416666666667,0.1512416666666667,0.1512416666666667,0.1512416666666667,0.1512416666666667,0.1512416666666667,0.1512416666666667,0.1512416666666667,0.1512416666666667,0.1512416666666667,0.1512416666666667,0.1512416666666667,0.1512416666666667,0.1512416666666667,0.1512416666666667,0.1512416666666667,0.1512416666666667,0.1512416666666667,0.1512416666666667,0.1512416666666667,0.1512416666666667,0.1512416666666667,0.1512416666666667,0.1512416666666667,0.1512416666666667,0.1512416666666667,0.1512416666666667,0.1512416666666667,0.1512416666666667,0.1512416666666667
"No targets calculated, so the baseline emissions are put in as target pathways for all un/conditional best/worst pathways.
",MCO,baseline_emissions,conditional,best,KYOTOGHG,IPCM0EL,MtCO2eq,AR4,0.17886,0.1791,0.183,0.18066,0.18188,0.17972,0.18539,0.18345,0.17618,0.17585,0.17613,0.17439000000000002,0.17359000000000002,0.16975,0.16517,0.16409,0.1562,0.16022999999999998,0.15737,0.15194000000000002,0.15388,0.15097,0.15333,0.15395,0.14745999999999998,0.1521,0.15085,0.14976,0.1512416666666667,0.1512416666666667,0.1512416666666667,0.1512416666666667,0.1512416666666667,0.1512416666666667,0.1512416666666667,0.1512416666666667,0.1512416666666667,0.1512416666666667,0.1512416666666667,0.1512416666666667,0.1512416666666667,0.1512416666666667,0.1512416666666667,0.1512416666666667,0.1512416666666667,0.1512416666666667,0.1512416666666667,0.1512416666666667,0.1512416666666667,0.1512416666666667,0.1512416666666667,0.1512416666666667,0.1512416666666667,0.1512416666666667,0.1512416666666667,0.1512416666666667,0.1512416666666667,0.1512416666666667,0.1512416666666667,0.1512416666666667,0.1512416666666667
"No targets calculated, so the baseline emissions are put in as target pathways for all un/conditional best/worst pathways.
",MCO,baseline_emissions,unconditional,worst,KYOTOGHG,IPCM0EL,MtCO2eq,AR4,0.17886,0.1791,0.183,0.18066,0.18188,0.17972,0.18539,0.18345,0.17618,0.17585,0.17613,0.17439000000000002,0.17359000000000002,0.16975,0.16517,0.16409,0.1562,0.16022999999999998,0.15737,0.15194000000000002,0.15388,0.15097,0.15333,0.15395,0.14745999999999998,0.1521,0.15085,0.14976,0.1512416666666667,0.1512416666666667,0.1512416666666667,0.1512416666666667,0.1512416666666667,0.1512416666666667,0.1512416666666667,0.1512416666666667,0.1512416666666667,0.1512416666666667,0.1512416666666667,0.1512416666666667,0.1512416666666667,0.1512416666666667,0.1512416666666667,0.1512416666666667,0.1512416666666667,0.1512416666666667,0.1512416666666667,0.1512416666666667,0.1512416666666667,0.1512416666666667,0.1512416666666667,0.1512416666666667,0.1512416666666667,0.1512416666666667,0.1512416666666667,0.1512416666666667,0.1512416666666667,0.1512416666666667,0.1512416666666667,0.1512416666666667,0.1512416666666667
"No targets calculated, so the baseline emissions are put in as target pathways for all un/conditional best/worst pathways.
",MCO,baseline_emissions,unconditional,best,KYOTOGHG,IPCM0EL,MtCO2eq,AR4,0.17886,0.1791,0.183,0.18066,0.18188,0.17972,0.18539,0.18345,0.17618,0.17585,0.17613,0.17439000000000002,0.17359000000000002,0.16975,0.16517,0.16409,0.1562,0.16022999999999998,0.15737,0.15194000000000002,0.15388,0.15097,0.15333,0.15395,0.14745999999999998,0.1521,0.15085,0.14976,0.1512416666666667,0.1512416666666667,0.1512416666666667,0.1512416666666667,0.1512416666666667,0.1512416666666667,0.1512416666666667,0.1512416666666667,0.1512416666666667,0.1512416666666667,0.1512416666666667,0.1512416666666667,0.1512416666666667,0.1512416666666667,0.1512416666666667,0.1512416666666667,0.1512416666666667,0.1512416666666667,0.1512416666666667,0.1512416666666667,0.1512416666666667,0.1512416666666667,0.1512416666666667,0.1512416666666667,0.1512416666666667,0.1512416666666667,0.1512416666666667,0.1512416666666667,0.1512416666666667,0.1512416666666667,0.1512416666666667,0.1512416666666667,0.1512416666666667
,MCO,,emi_bau,emi_bau,KYOTOGHG,IPCM0EL,MtCO2eq,AR4,0.17886,0.1791,0.183,0.18066,0.18188,0.17972,0.18539,0.18345,0.17618,0.17585,0.17613,0.17439000000000002,0.17359000000000002,0.16975,0.16517,0.16409,0.1562,0.16022999999999998,0.15737,0.15194000000000002,0.15388,0.15097,0.15333,0.15395,0.14745999999999998,0.1521,0.15085,0.14976,0.1512416666666667,0.1512416666666667,0.1512416666666667,0.1512416666666667,0.1512416666666667,0.1512416666666667,0.1512416666666667,0.1512416666666667,0.1512416666666667,0.1512416666666667,0.1512416666666667,0.1512416666666667,0.1512416666666667,0.1512416666666667,0.1512416666666667,0.1512416666666667,0.1512416666666667,0.1512416666666667,0.1512416666666667,0.1512416666666667,0.1512416666666667,0.1512416666666667,0.1512416666666667,0.1512416666666667,0.1512416666666667,0.1512416666666667,0.1512416666666667,0.1512416666666667,0.1512416666666667,0.1512416666666667,0.1512416666666667,0.1512416666666667,0.1512416666666667
,MCO,,emi_cov,emi_cov,KYOTOGHG,IPCM0EL,MtCO2eq,AR4,0.17886,0.1791,0.183,0.18066,0.18188,0.17972,0.18539,0.18345,0.17618,0.17585,0.17613,0.17439000000000002,0.17359000000000002,0.16975,0.16517,0.16409,0.1562,0.16022999999999998,0.15737,0.15194000000000002,0.15388,0.15097,0.15333,0.15395,0.14745999999999998,0.1521,0.15085,0.14976,0.1512416666666667,0.1512416666666667,0.1512416666666667,0.1512416666666667,0.1512416666666667,0.1512416666666667,0.1512416666666667,0.1512416666666667,0.1512416666666667,0.1512416666666667,0.1512416666666667,0.1512416666666667,0.1512416666666667,0.1512416666666667,0.1512416666666667,0.1512416666666667,0.1512416666666667,0.1512416666666667,0.1512416666666667,0.1512416666666667,0.1512416666666667,0.1512416666666667,0.1512416666666667,0.1512416666666667,0.1512416666666667,0.1512416666666667,0.1512416666666667,0.1512416666666667,0.1512416666666667,0.1512416666666667,0.1512416666666667,0.1512416666666667,0.1512416666666667
,MCO,,emi_ncov,emi_ncov,KYOTOGHG,IPCM0EL,MtCO2eq,AR4,0.0,0.0,0.0,0.0,0.0,0.0,0.0,0.0,0.0,0.0,0.0,0.0,0.0,0.0,0.0,0.0,0.0,0.0,0.0,0.0,0.0,0.0,0.0,0.0,0.0,0.0,0.0,0.0,0.0,0.0,0.0,0.0,0.0,0.0,0.0,0.0,0.0,0.0,0.0,0.0,0.0,0.0,0.0,0.0,0.0,0.0,0.0,0.0,0.0,0.0,0.0,0.0,0.0,0.0,0.0,0.0,0.0,0.0,0.0,0.0,0.0
,MCO,,pc_cov,pc_cov,KYOTOGHG,IPCM0EL,MtCO2eq/MtCO2eq,AR4,1.0,1.0,1.0,1.0,1.0,1.0,1.0,1.0,1.0,1.0,1.0,1.0,1.0,1.0,1.0,1.0,1.0,1.0,1.0,1.0,1.0,1.0,1.0,1.0,1.0,1.0,1.0,1.0,1.0,1.0,1.0,1.0,1.0,1.0,1.0,1.0,1.0,1.0,1.0,1.0,1.0,1.0,1.0,1.0,1.0,1.0,1.0,1.0,1.0,1.0,1.0,1.0,1.0,1.0,1.0,1.0,1.0,1.0,1.0,1.0,1.0
,MDA,,pop,pop,POP,DEMOGR,Pers,,4365564.0,4375050.0,4376793.0,4371146.0,4358785.0,4340597.0,4316223.0,4286472.0,4254836.0,4225829.0,4202658.0,4187093.0,4178230.0,4173274.0,4167959.0,4159293.0,4146265.0,4130136.0,4112891.0,4097518.0,4086081.0,4079164.0,4075808.0,4074591.0,4073407.0,4070700.0,4066009.0,4059684.0,4026789.6017,3999614.2721,3972432.5081,3946117.0135,3921500.5658,3897860.4856,3874478.4048,3850639.4964,3826470.205,3802473.2113,3778502.1356,3754412.709,3730062.6854,3705390.0483,3680416.7981,3655133.4737,3629537.7018,3603634.3665,3577500.2876,3551303.2346,3525191.0749,3499312.9666,3473819.3198,3449047.4575,3425134.1785,3401933.0279,3379301.4753,3357100.8105,3335382.1248,3314132.6595,3293123.8224,3272131.0284,3250933.6639
,MDA,,gdp,gdp,GDPPPP,ECO,2011GKD,,21846269531.25,20787103515.625,12124908203.125,12071853515.625,10344950195.3125,10862567382.8125,9914633789.0625,9721622070.3125,8202239257.8125,7181057617.1875,7252990722.6563,7688618164.0625,8366800781.25,9103544921.875,9773515625.0,10668851562.5,11287082031.25,11872049804.6875,12938978515.625,13375813476.5625,15095069335.9375,17527398437.5,17744228515.625,19248500000.0,20129628906.25,20382816406.25,21604912109.375,22575578125.0,24137981722.2306,25297136548.5845,26459070866.8202,27652671250.3401,28903940939.8064,30191192971.8482,31492919909.1991,32787721600.7636,34073175966.9765,35351969461.781,36610379867.7136,37834676519.3082,39011137579.0814,40155287480.9339,41292336282.527,42422984083.6197,43547827131.4924,44667408616.5774,45757701844.0813,46796769529.9041,47788467612.4662,48736828264.3718,49646016488.2593,50510606371.8114,51334824341.4006,52137843325.3747,52939412097.9397,53759996129.0042,54591637836.8547,55412497344.4453,56222752513.0495,57022364181.7873,57811072686.0973
"The target value from 'conditional_best' was used for 'conditional_worst' in 2030.
",MDA,ABS,conditional,worst,KYOTOGHG,IPCM0EL,MtCO2eq,AR4,45.2389,41.0335,33.0318,24.8901,21.1346,17.9288,17.6196,16.2253,14.5937,12.8293,11.8427,12.6013,12.3771,12.7456,13.7073,13.9866,13.1096,12.9196,14.0749,14.5814,14.6938,15.1245,14.2516,13.7169,14.5512,15.135,15.5058,15.6432,15.2178,15.6522,16.0911,15.247455415698775,14.348759386902442,13.38421585343499,12.346003117916553,11.229078089213067,10.035593129115126,8.767679078539274,7.423389083033285,6.002556207665405,4.506654285714286,4.599866229631999,4.692318765254294,4.784554327077896,4.87700686270019,4.970110319718558,5.0616732627662175,5.149829717174428,5.235252301719129,5.318613635176264,5.400477849422431,5.480606273279068,5.55938945958382,5.638498106586609,5.719668004676964,5.804613246864545,5.891923503457859,5.978713022934314,6.0646997393556115,6.149558192023716,6.23296292024059
,MDA,ABS,conditional,best,KYOTOGHG,IPCM0EL,MtCO2eq,AR4,45.2389,41.0335,33.0318,24.8901,21.1346,17.9288,17.6196,16.2253,14.5937,12.8293,11.8427,12.6013,12.3771,12.7456,13.7073,13.9866,13.1096,12.9196,14.0749,14.5814,14.6938,15.1245,14.2516,13.7169,14.5512,15.135,15.5058,15.6432,15.2178,15.6522,16.0911,15.247455415698775,14.348759386902442,13.38421585343499,12.346003117916553,11.229078089213067,10.035593129115126,8.767679078539274,7.423389083033285,6.002556207665405,4.506654285714286,4.599866229631999,4.692318765254294,4.784554327077896,4.87700686270019,4.970110319718558,5.0616732627662175,5.149829717174428,5.235252301719129,5.318613635176264,5.400477849422431,5.480606273279068,5.55938945958382,5.638498106586609,5.719668004676964,5.804613246864545,5.891923503457859,5.978713022934314,6.0646997393556115,6.149558192023716,6.23296292024059
,MDA,ABS,unconditional,worst,KYOTOGHG,IPCM0EL,MtCO2eq,AR4,45.2389,41.0335,33.0318,24.8901,21.1346,17.9288,17.6196,16.2253,14.5937,12.8293,11.8427,12.6013,12.3771,12.7456,13.7073,13.9866,13.1096,12.9196,14.0749,14.5814,14.6938,15.1245,14.2516,13.7169,14.5512,15.135,15.5058,15.6432,15.2178,15.6522,16.0911,15.731597436160488,15.34457105219697,14.920120328339301,14.450394301181278,13.929468972196144,13.35936500605598,12.742538096569653,12.075750757523549,11.356992294326774,10.585354285714287,10.804293078768996,11.021448152606549,11.238093592382054,11.455248666219605,11.673932642243294,11.888998216426456,12.09606253583551,12.29670546606279,12.492506872700638,12.684791804310374,12.872999663423744,13.058047791352434,13.243860370374192,13.434514472985382,13.634036208276163,13.839112954843237,14.042966579661403,14.24493455845,14.444252440115964,14.64015577356622
,MDA,ABS,unconditional,best,KYOTOGHG,IPCM0EL,MtCO2eq,AR4,45.2389,41.0335,33.0318,24.8901,21.1346,17.9288,17.6196,16.2253,14.5937,12.8293,11.8427,12.6013,12.3771,12.7456,13.7073,13.9866,13.1096,12.9196,14.0749,14.5814,14.6938,15.1245,14.2516,13.7169,14.5512,15.135,15.5058,15.6432,15.2178,15.6522,16.0911,15.627851010797594,15.131179327780128,14.59099252650497,13.999445914960436,13.350804263595002,12.647116458356114,11.890768580573408,11.078799712531852,10.20959425749569,9.282754285714285,9.474751167885772,9.665183829648505,9.855169571294454,10.045602233057187,10.237375655170279,10.425975944454187,10.607559587904548,10.783512037883398,10.955218746752777,11.123841706816329,11.288889305945588,11.45116600035077,11.614113074931135,11.78130589062097,11.95627511634289,12.136115771337783,12.314883818052389,12.491998260334883,12.66678871801009,12.838584810902827
"The target value from 'conditional_best' was used for 'conditional_worst' in 2030.
",MDA,RBY,conditional,worst,KYOTOGHG,IPCM0EL,MtCO2eq,AR4,45.2389,41.0335,33.0318,24.8901,21.1346,17.9288,17.6196,16.2253,14.5937,12.8293,11.8427,12.6013,12.3771,12.7456,13.7073,13.9866,13.1096,12.9196,14.0749,14.5814,14.6938,15.1245,14.2516,13.7169,14.5512,15.135,15.5058,15.6432,15.2178,15.6522,16.0911,15.279350153920772,14.414362352645202,13.485399533203891,12.48463807020369,11.40697683931056,10.2545595262553,9.029538372901952,7.729881499412283,6.355300506017393,4.907112285714286,5.008606974717577,5.109274774960367,5.209706321271584,5.310374121514373,5.411750683551879,5.511449842675223,5.607439815072889,5.700452987932748,5.791221748442675,5.880360356824755,5.967608933754261,6.0533927363080196,6.139530919759137,6.2279135155601875,6.320406929770589,6.415475511835124,6.509977084463887,6.603604517545833,6.696003430183606,6.786819441479847
,MDA,RBY,conditional,best,KYOTOGHG,IPCM0EL,MtCO2eq,AR4,45.2389,41.0335,33.0318,24.8901,21.1346,17.9288,17.6196,16.2253,14.5937,12.8293,11.8427,12.6013,12.3771,12.7456,13.7073,13.9866,13.1096,12.9196,14.0749,14.5814,14.6938,15.1245,14.2516,13.7169,14.5512,15.135,15.5058,15.6432,15.2178,15.6522,16.0911,15.279350153920772,14.414362352645202,13.485399533203891,12.48463807020369,11.40697683931056,10.2545595262553,9.029538372901952,7.729881499412283,6.355300506017393,4.907112285714286,5.008606974717577,5.109274774960367,5.209706321271584,5.310374121514373,5.411750683551879,5.511449842675223,5.607439815072889,5.700452987932748,5.791221748442675,5.880360356824755,5.967608933754261,6.0533927363080196,6.139530919759137,6.2279135155601875,6.320406929770589,6.415475511835124,6.509977084463887,6.603604517545833,6.696003430183606,6.786819441479847
,MDA,RBY,unconditional,worst,KYOTOGHG,IPCM0EL,MtCO2eq,AR4,45.2389,41.0335,33.0318,24.8901,21.1346,17.9288,17.6196,16.2253,14.5937,12.8293,11.8427,12.6013,12.3771,12.7456,13.7073,13.9866,13.1096,12.9196,14.0749,14.5814,14.6938,15.1245,14.2516,13.7169,14.5512,15.135,15.5058,15.6432,15.2178,15.6522,16.0911,15.78378158546455,15.451906467063248,15.085670652516379,14.677220023924592,14.22053563251727,13.71762394774732,13.170975678297586,12.577214224806472,11.934130159614563,11.240558285714284,11.47304878134717,11.703645150502602,11.933700340664473,12.164296709819903,12.39651661595601,12.624894151237847,12.844775176320812,13.057837346084934,13.265758315410249,13.469945149680006,13.669802552001293,13.866304644562515,14.063618505614073,14.266073567104444,14.477945143082739,14.695715570090822,14.912187167514366,15.126656402661743,15.338311507042613,15.546340712166637
,MDA,RBY,unconditional,best,KYOTOGHG,IPCM0EL,MtCO2eq,AR4,45.2389,41.0335,33.0318,24.8901,21.1346,17.9288,17.6196,16.2253,14.5937,12.8293,11.8427,12.6013,12.3771,12.7456,13.7073,13.9866,13.1096,12.9196,14.0749,14.5814,14.6938,15.1245,14.2516,13.7169,14.5512,15.135,15.5058,15.6432,15.2178,15.6522,16.0911,15.675689135848025,15.229575585402237,14.742755412663703,14.207381033841541,13.617630176830119,12.975538714570458,12.283524827141378,11.53850006936486,10.738666662415168,9.883391285714284,10.087811251355113,10.290565784314978,10.492844479365996,10.695599012325859,10.899781059012266,11.100584656545854,11.293917598910541,11.48125498362375,11.66407190820291,11.843605551211022,12.019332490948356,12.192109235650834,12.365599737216586,12.543610698916387,12.729901240230133,12.921378414750315,13.111713578289262,13.300288141565474,13.48638834771568,13.66930043987661
"No targets calculated, so the baseline emissions are put in as target pathways for all un/conditional best/worst pathways.
",MDA,baseline_emissions,conditional,worst,KYOTOGHG,IPCM0EL,MtCO2eq,AR4,45.2389,41.0335,33.0318,24.8901,21.1346,17.9288,17.6196,16.2253,14.5937,12.8293,11.8427,12.6013,12.3771,12.7456,13.7073,13.9866,13.1096,12.9196,14.0749,14.5814,14.6938,15.1245,14.2516,13.7169,14.5512,15.135,15.5058,15.6432,15.2178,15.6522,16.0911,16.5428,17.0131,17.4936,17.9764,18.4541,18.9285,19.4026,19.871,20.3286,20.7705,21.2001,21.6262,22.0513,22.4774,22.9065,23.3285,23.7348,24.1285,24.5127,24.89,25.2593,25.6224,25.987,26.3611,26.7526,27.155,27.555,27.9513,28.3424,28.7268
"No targets calculated, so the baseline emissions are put in as target pathways for all un/conditional best/worst pathways.
",MDA,baseline_emissions,conditional,best,KYOTOGHG,IPCM0EL,MtCO2eq,AR4,45.2389,41.0335,33.0318,24.8901,21.1346,17.9288,17.6196,16.2253,14.5937,12.8293,11.8427,12.6013,12.3771,12.7456,13.7073,13.9866,13.1096,12.9196,14.0749,14.5814,14.6938,15.1245,14.2516,13.7169,14.5512,15.135,15.5058,15.6432,15.2178,15.6522,16.0911,16.5428,17.0131,17.4936,17.9764,18.4541,18.9285,19.4026,19.871,20.3286,20.7705,21.2001,21.6262,22.0513,22.4774,22.9065,23.3285,23.7348,24.1285,24.5127,24.89,25.2593,25.6224,25.987,26.3611,26.7526,27.155,27.555,27.9513,28.3424,28.7268
"No targets calculated, so the baseline emissions are put in as target pathways for all un/conditional best/worst pathways.
",MDA,baseline_emissions,unconditional,worst,KYOTOGHG,IPCM0EL,MtCO2eq,AR4,45.2389,41.0335,33.0318,24.8901,21.1346,17.9288,17.6196,16.2253,14.5937,12.8293,11.8427,12.6013,12.3771,12.7456,13.7073,13.9866,13.1096,12.9196,14.0749,14.5814,14.6938,15.1245,14.2516,13.7169,14.5512,15.135,15.5058,15.6432,15.2178,15.6522,16.0911,16.5428,17.0131,17.4936,17.9764,18.4541,18.9285,19.4026,19.871,20.3286,20.7705,21.2001,21.6262,22.0513,22.4774,22.9065,23.3285,23.7348,24.1285,24.5127,24.89,25.2593,25.6224,25.987,26.3611,26.7526,27.155,27.555,27.9513,28.3424,28.7268
"No targets calculated, so the baseline emissions are put in as target pathways for all un/conditional best/worst pathways.
",MDA,baseline_emissions,unconditional,best,KYOTOGHG,IPCM0EL,MtCO2eq,AR4,45.2389,41.0335,33.0318,24.8901,21.1346,17.9288,17.6196,16.2253,14.5937,12.8293,11.8427,12.6013,12.3771,12.7456,13.7073,13.9866,13.1096,12.9196,14.0749,14.5814,14.6938,15.1245,14.2516,13.7169,14.5512,15.135,15.5058,15.6432,15.2178,15.6522,16.0911,16.5428,17.0131,17.4936,17.9764,18.4541,18.9285,19.4026,19.871,20.3286,20.7705,21.2001,21.6262,22.0513,22.4774,22.9065,23.3285,23.7348,24.1285,24.5127,24.89,25.2593,25.6224,25.987,26.3611,26.7526,27.155,27.555,27.9513,28.3424,28.7268
,MDA,,emi_bau,emi_bau,KYOTOGHG,IPCM0EL,MtCO2eq,AR4,45.2389,41.0335,33.0318,24.8901,21.1346,17.9288,17.6196,16.2253,14.5937,12.8293,11.8427,12.6013,12.3771,12.7456,13.7073,13.9866,13.1096,12.9196,14.0749,14.5814,14.6938,15.1245,14.2516,13.7169,14.5512,15.135,15.5058,15.6432,15.2178,15.6522,16.0911,16.5428,17.0131,17.4936,17.9764,18.4541,18.9285,19.4026,19.871,20.3286,20.7705,21.2001,21.6262,22.0513,22.4774,22.9065,23.3285,23.7348,24.1285,24.5127,24.89,25.2593,25.6224,25.987,26.3611,26.7526,27.155,27.555,27.9513,28.3424,28.7268
,MDA,,emi_cov,emi_cov,KYOTOGHG,IPCM0EL,MtCO2eq,AR4,45.2389,41.0335,33.0318,24.8901,21.1346,17.9288,17.6196,16.2253,14.5937,12.8293,11.8427,12.6013,12.3771,12.7456,13.7073,13.9866,13.1096,12.9196,14.0749,14.5814,14.6938,15.1245,14.2516,13.7169,14.5512,15.135,15.5058,15.6432,15.2178,15.6522,16.0911,16.5428,17.0131,17.4936,17.9764,18.4541,18.9285,19.4026,19.871,20.3286,20.7705,21.2001,21.6262,22.0513,22.4774,22.9065,23.3285,23.7348,24.1285,24.5127,24.89,25.2593,25.6224,25.987,26.3611,26.7526,27.155,27.555,27.9513,28.3424,28.7268
,MDA,,emi_ncov,emi_ncov,KYOTOGHG,IPCM0EL,MtCO2eq,AR4,0.0,0.0,0.0,0.0,0.0,0.0,0.0,0.0,0.0,0.0,0.0,0.0,0.0,0.0,0.0,0.0,0.0,0.0,0.0,0.0,0.0,0.0,0.0,0.0,0.0,0.0,0.0,0.0,0.0,0.0,0.0,0.0,0.0,0.0,0.0,0.0,0.0,0.0,0.0,0.0,0.0,0.0,0.0,0.0,0.0,0.0,0.0,0.0,0.0,0.0,0.0,0.0,0.0,0.0,0.0,0.0,0.0,0.0,0.0,0.0,0.0
,MDA,,pc_cov,pc_cov,KYOTOGHG,IPCM0EL,MtCO2eq/MtCO2eq,AR4,1.0,1.0,1.0,1.0,1.0,1.0,1.0,1.0,1.0,1.0,1.0,1.0,1.0,1.0,1.0,1.0,1.0,1.0,1.0,1.0,1.0,1.0,1.0,1.0,1.0,1.0,1.0,1.0,1.0,1.0,1.0,1.0,1.0,1.0,1.0,1.0,1.0,1.0,1.0,1.0,1.0,1.0,1.0,1.0,1.0,1.0,1.0,1.0,1.0,1.0,1.0,1.0,1.0,1.0,1.0,1.0,1.0,1.0,1.0,1.0,1.0
,MDG,,pop,pop,POP,DEMOGR,Pers,,11598633.0,11942819.0,12301336.0,12675460.0,13066543.0,13475400.0,13902688.0,14347854.0,14808791.0,15282521.0,15766806.0,16260932.0,16765117.0,17279141.0,17802997.0,18336724.0,18880269.0,19433530.0,19996473.0,20569117.0,21151640.0,21743967.0,22346645.0,22961255.0,23589888.0,24234088.0,24894370.0,25570512.0,26189786.0636,26922621.898,27666504.4205,28426654.8841,29207121.2848,30003785.4132,30812509.3862,31629134.7683,32452002.3716,33280731.6629,34113100.4263,34946927.7029,35780069.4289,36614335.811,37452749.3613,38295001.1893,39140772.6068,39989736.4068,40839932.1484,41690623.9085,42543316.4273,43399515.2242,44260726.1702,45129574.7031,46006856.8943,46891329.2621,47781741.8613,48676838.887,49574327.6994,50471889.6462,51368236.5924,52262093.8009,53152199.0396
,MDG,,gdp,gdp,GDPPPP,ECO,2011GKD,,14281035156.25,13681881835.9375,13348071289.0625,13498079101.5625,13653039062.5,14033053710.9375,14710563476.5625,15220539062.5,16030330078.125,16952552734.375,18007529296.875,19496638671.875,18008662109.375,19874650390.625,20465810546.875,21840826171.875,23313884765.625,24489556640.625,27079183593.75,26476750000.0,29180966796.875,31729207031.25,33202148437.5,33652156250.0,35136132812.5,35957406250.0,37294125000.0,40283527343.75,41573856534.8297,43730781968.5639,46011819608.2296,48492690615.3745,51250980547.6746,54239700002.728,57412125641.5155,60721431903.3546,64170042151.183,67778880277.0154,71529103484.1975,75402569741.2169,79381918063.4159,83465264980.8308,87685583042.4084,92078487476.6013,96679742880.6317,101525336057.0374,106616851996.1404,111943989715.5354,117525953215.1897,123383165643.7169,129537445193.1411,136006214916.4118,142797963231.5908,149923922814.7968,157397754550.1626,165235812589.4254,173490581129.7006,182191382713.4247,191322510548.7502,200868928046.3484,210816236098.7512
"The target value from 'conditional_best' was used for 'conditional_worst' in 2030.
",MDG,ABS,conditional,worst,KYOTOGHG,IPCM0EL,MtCO2eq,AR4,22.2278,22.4478,22.6411,22.8856,23.2353,24.9379,26.5315,28.4042,29.9482,30.8545,30.491999999999997,28.1803,26.4512,26.3885,26.5888,28.7184,30.6898,30.7975,30.2645,30.5093,30.9458,31.3482,32.3551,32.1824,32.5879,32.9325,34.0544,33.9906,34.3369,34.6832,35.0295,47.21205925333224,60.23820576711352,74.10793954134384,88.8212605760232,104.3781688711516,120.77866442672902,138.0227472427555,156.11041731923103,175.04167465615558,194.81651925352918,196.53231925352918,198.28911925352918,200.10151925352918,201.98431925352918,203.9516192535292,206.0068192535292,208.14851925352917,210.38401925352917,212.7209192535292,215.1672192535292,217.7356192535292,220.4307192535292,223.24891925352918,226.1878192535292,229.24561925352918,232.4380192535292,235.7709192535292,239.22911925352918,242.7976192535292,246.46191925352917
,MDG,ABS,conditional,best,KYOTOGHG,IPCM0EL,MtCO2eq,AR4,22.2278,22.4478,22.6411,22.8856,23.2353,24.9379,26.5315,28.4042,29.9482,30.8545,30.491999999999997,28.1803,26.4512,26.3885,26.5888,28.7184,30.6898,30.7975,30.2645,30.5093,30.9458,31.3482,32.3551,32.1824,32.5879,32.9325,34.0544,33.9906,34.3369,34.6832,35.0295,47.21205925333224,60.23820576711352,74.10793954134384,88.8212605760232,104.3781688711516,120.77866442672902,138.0227472427555,156.11041731923103,175.04167465615558,194.81651925352918,196.53231925352918,198.28911925352918,200.10151925352918,201.98431925352918,203.9516192535292,206.0068192535292,208.14851925352917,210.38401925352917,212.7209192535292,215.1672192535292,217.7356192535292,220.4307192535292,223.24891925352918,226.1878192535292,229.24561925352918,232.4380192535292,235.7709192535292,239.22911925352918,242.7976192535292,246.46191925352917
,MDG,ABS,unconditional,worst,KYOTOGHG,IPCM0EL,MtCO2eq,AR4,22.2278,22.4478,22.6411,22.8856,23.2353,24.9379,26.5315,28.4042,29.9482,30.8545,30.491999999999997,28.1803,26.4512,26.3885,26.5888,28.7184,30.6898,30.7975,30.2645,30.5093,30.9458,31.3482,32.3551,32.1824,32.5879,32.9325,34.0544,33.9906,34.3369,34.6832,35.0295,36.45975,37.89,39.32025,40.7505,42.18075,43.611,45.04125,46.4715,47.90175,49.332,51.0478,52.8046,54.617,56.4998,58.4671,60.5223,62.663999999999994,64.8995,67.2364,69.6827,72.2511,74.9462,77.7644,80.7033,83.7611,86.9535,90.2864,93.7446,97.3131,100.9774
,MDG,ABS,unconditional,best,KYOTOGHG,IPCM0EL,MtCO2eq,AR4,22.2278,22.4478,22.6411,22.8856,23.2353,24.9379,26.5315,28.4042,29.9482,30.8545,30.491999999999997,28.1803,26.4512,26.3885,26.5888,28.7184,30.6898,30.7975,30.2645,30.5093,30.9458,31.3482,32.3551,32.1824,32.5879,32.9325,34.0544,33.9906,34.3369,34.6832,35.0295,36.45975,37.89,39.32025,40.7505,42.18075,43.611,45.04125,46.4715,47.90175,49.332,51.0478,52.8046,54.617,56.4998,58.4671,60.5223,62.663999999999994,64.8995,67.2364,69.6827,72.2511,74.9462,77.7644,80.7033,83.7611,86.9535,90.2864,93.7446,97.3131,100.9774
"The target value from 'conditional_best' was used for 'conditional_worst' in 2030.
",MDG,ABU,conditional,worst,KYOTOGHG,IPCM0EL,MtCO2eq,AR4,22.2278,22.4478,22.6411,22.8856,23.2353,24.9379,26.5315,28.4042,29.9482,30.8545,30.491999999999997,28.1803,26.4512,26.3885,26.5888,28.7184,30.6898,30.7975,30.2645,30.5093,30.9458,31.3482,32.3551,32.1824,32.5879,32.9325,34.0544,33.9906,34.3369,34.6832,35.0295,34.11482894639715,33.01618387558817,31.73356478757307,30.266971682351848,28.6164045599245,26.78186342029102,24.763348263451427,22.56085908940571,20.17439589815387,17.603958689695908,18.21623616313668,18.843144349021255,19.489893208366198,20.161764071517084,20.863788476167997,21.597179700911834,22.361438160445637,23.1591688352777,23.993083759909794,24.86603770750168,25.782562630444495,26.744300023305104,27.749965238161604,28.798701843066077,29.889867514057563,31.029064743462115,32.21839892648505,33.45244599412282,34.72585324670086,36.033446407867096
,MDG,ABU,conditional,best,KYOTOGHG,IPCM0EL,MtCO2eq,AR4,22.2278,22.4478,22.6411,22.8856,23.2353,24.9379,26.5315,28.4042,29.9482,30.8545,30.491999999999997,28.1803,26.4512,26.3885,26.5888,28.7184,30.6898,30.7975,30.2645,30.5093,30.9458,31.3482,32.3551,32.1824,32.5879,32.9325,34.0544,33.9906,34.3369,34.6832,35.0295,34.11482894639715,33.01618387558817,31.73356478757307,30.266971682351848,28.6164045599245,26.78186342029102,24.763348263451427,22.56085908940571,20.17439589815387,17.603958689695908,18.21623616313668,18.843144349021255,19.489893208366198,20.161764071517084,20.863788476167997,21.597179700911834,22.361438160445637,23.1591688352777,23.993083759909794,24.86603770750168,25.782562630444495,26.744300023305104,27.749965238161604,28.798701843066077,29.889867514057563,31.029064743462115,32.21839892648505,33.45244599412282,34.72585324670086,36.033446407867096
,MDG,ABU,unconditional,worst,KYOTOGHG,IPCM0EL,MtCO2eq,AR4,22.2278,22.4478,22.6411,22.8856,23.2353,24.9379,26.5315,28.4042,29.9482,30.8545,30.491999999999997,28.1803,26.4512,26.3885,26.5888,28.7184,30.6898,30.7975,30.2645,30.5093,30.9458,31.3482,32.3551,32.1824,32.5879,32.9325,34.0544,33.9906,34.3369,34.6832,35.0295,36.45975,37.89,39.32025,40.7505,42.18075,43.611,45.04125,46.4715,47.90175,49.332,51.0478,52.8046,54.617,56.4998,58.4671,60.5223,62.663999999999994,64.8995,67.2364,69.6827,72.2511,74.9462,77.7644,80.7033,83.7611,86.9535,90.2864,93.7446,97.3131,100.9774
,MDG,ABU,unconditional,best,KYOTOGHG,IPCM0EL,MtCO2eq,AR4,22.2278,22.4478,22.6411,22.8856,23.2353,24.9379,26.5315,28.4042,29.9482,30.8545,30.491999999999997,28.1803,26.4512,26.3885,26.5888,28.7184,30.6898,30.7975,30.2645,30.5093,30.9458,31.3482,32.3551,32.1824,32.5879,32.9325,34.0544,33.9906,34.3369,34.6832,35.0295,36.45975,37.89,39.32025,40.7505,42.18075,43.611,45.04125,46.4715,47.90175,49.332,51.0478,52.8046,54.617,56.4998,58.4671,60.5223,62.663999999999994,64.8995,67.2364,69.6827,72.2511,74.9462,77.7644,80.7033,83.7611,86.9535,90.2864,93.7446,97.3131,100.9774
"The target value from 'conditional_best' was used for 'conditional_worst' in 2030.
",MDG,RBU,conditional,worst,KYOTOGHG,IPCM0EL,MtCO2eq,AR4,22.2278,22.4478,22.6411,22.8856,23.2353,24.9379,26.5315,28.4042,29.9482,30.8545,30.491999999999997,28.1803,26.4512,26.3885,26.5888,28.7184,30.6898,30.7975,30.2645,30.5093,30.9458,31.3482,32.3551,32.1824,32.5879,32.9325,34.0544,33.9906,34.3369,34.6832,35.0295,35.95029956582463,36.83112949480428,37.67198978693896,38.47288044222865,39.23380146067338,39.954752842273116,40.63573458702788,41.27674669493767,41.877789166002486,42.43886200022232,43.91491404392583,45.426237176213,46.98539134570142,48.60510855509935,50.29751861779775,52.0655464533377,53.90798768308464,55.831122281347376,57.84148830357067,59.945967913380606,62.155486545533584,64.47400144411462,66.89841563549194,69.42666447057776,72.05719946255618,74.80352685754342,77.67072225121368,80.6457095326774,83.71558464513572,86.86787366701634
,MDG,RBU,conditional,best,KYOTOGHG,IPCM0EL,MtCO2eq,AR4,22.2278,22.4478,22.6411,22.8856,23.2353,24.9379,26.5315,28.4042,29.9482,30.8545,30.491999999999997,28.1803,26.4512,26.3885,26.5888,28.7184,30.6898,30.7975,30.2645,30.5093,30.9458,31.3482,32.3551,32.1824,32.5879,32.9325,34.0544,33.9906,34.3369,34.6832,35.0295,35.95029956582463,36.83112949480428,37.67198978693896,38.47288044222865,39.23380146067338,39.954752842273116,40.63573458702788,41.27674669493767,41.877789166002486,42.43886200022232,43.91491404392583,45.426237176213,46.98539134570142,48.60510855509935,50.29751861779775,52.0655464533377,53.90798768308464,55.831122281347376,57.84148830357067,59.945967913380606,62.155486545533584,64.47400144411462,66.89841563549194,69.42666447057776,72.05719946255618,74.80352685754342,77.67072225121368,80.6457095326774,83.71558464513572,86.86787366701634
,MDG,RBU,unconditional,worst,KYOTOGHG,IPCM0EL,MtCO2eq,AR4,22.2278,22.4478,22.6411,22.8856,23.2353,24.9379,26.5315,28.4042,29.9482,30.8545,30.491999999999997,28.1803,26.4512,26.3885,26.5888,28.7184,30.6898,30.7975,30.2645,30.5093,30.9458,31.3482,32.3551,32.1824,32.5879,32.9325,34.0544,33.9906,34.3369,34.6832,35.0295,36.45975,37.89,39.32025,40.7505,42.18075,43.611,45.04125,46.4715,47.90175,49.332,51.0478,52.8046,54.617,56.4998,58.4671,60.5223,62.663999999999994,64.8995,67.2364,69.6827,72.2511,74.9462,77.7644,80.7033,83.7611,86.9535,90.2864,93.7446,97.3131,100.9774
,MDG,RBU,unconditional,best,KYOTOGHG,IPCM0EL,MtCO2eq,AR4,22.2278,22.4478,22.6411,22.8856,23.2353,24.9379,26.5315,28.4042,29.9482,30.8545,30.491999999999997,28.1803,26.4512,26.3885,26.5888,28.7184,30.6898,30.7975,30.2645,30.5093,30.9458,31.3482,32.3551,32.1824,32.5879,32.9325,34.0544,33.9906,34.3369,34.6832,35.0295,36.45975,37.89,39.32025,40.7505,42.18075,43.611,45.04125,46.4715,47.90175,49.332,51.0478,52.8046,54.617,56.4998,58.4671,60.5223,62.663999999999994,64.8995,67.2364,69.6827,72.2511,74.9462,77.7644,80.7033,83.7611,86.9535,90.2864,93.7446,97.3131,100.9774
"No targets calculated, so the baseline emissions are put in as target pathways for all un/conditional best/worst pathways.
",MDG,baseline_emissions,conditional,worst,KYOTOGHG,IPCM0EL,MtCO2eq,AR4,22.2278,22.4478,22.6411,22.8856,23.2353,24.9379,26.5315,28.4042,29.9482,30.8545,30.491999999999997,28.1803,26.4512,26.3885,26.5888,28.7184,30.6898,30.7975,30.2645,30.5093,30.9458,31.3482,32.3551,32.1824,32.5879,32.9325,34.0544,33.9906,34.3369,34.6832,35.0295,36.45975,37.89,39.32025,40.7505,42.18075,43.611,45.04125,46.4715,47.90175,49.332,51.0478,52.8046,54.617,56.4998,58.4671,60.5223,62.663999999999994,64.8995,67.2364,69.6827,72.2511,74.9462,77.7644,80.7033,83.7611,86.9535,90.2864,93.7446,97.3131,100.9774
"No targets calculated, so the baseline emissions are put in as target pathways for all un/conditional best/worst pathways.
",MDG,baseline_emissions,conditional,best,KYOTOGHG,IPCM0EL,MtCO2eq,AR4,22.2278,22.4478,22.6411,22.8856,23.2353,24.9379,26.5315,28.4042,29.9482,30.8545,30.491999999999997,28.1803,26.4512,26.3885,26.5888,28.7184,30.6898,30.7975,30.2645,30.5093,30.9458,31.3482,32.3551,32.1824,32.5879,32.9325,34.0544,33.9906,34.3369,34.6832,35.0295,36.45975,37.89,39.32025,40.7505,42.18075,43.611,45.04125,46.4715,47.90175,49.332,51.0478,52.8046,54.617,56.4998,58.4671,60.5223,62.663999999999994,64.8995,67.2364,69.6827,72.2511,74.9462,77.7644,80.7033,83.7611,86.9535,90.2864,93.7446,97.3131,100.9774
"No targets calculated, so the baseline emissions are put in as target pathways for all un/conditional best/worst pathways.
",MDG,baseline_emissions,unconditional,worst,KYOTOGHG,IPCM0EL,MtCO2eq,AR4,22.2278,22.4478,22.6411,22.8856,23.2353,24.9379,26.5315,28.4042,29.9482,30.8545,30.491999999999997,28.1803,26.4512,26.3885,26.5888,28.7184,30.6898,30.7975,30.2645,30.5093,30.9458,31.3482,32.3551,32.1824,32.5879,32.9325,34.0544,33.9906,34.3369,34.6832,35.0295,36.45975,37.89,39.32025,40.7505,42.18075,43.611,45.04125,46.4715,47.90175,49.332,51.0478,52.8046,54.617,56.4998,58.4671,60.5223,62.663999999999994,64.8995,67.2364,69.6827,72.2511,74.9462,77.7644,80.7033,83.7611,86.9535,90.2864,93.7446,97.3131,100.9774
"No targets calculated, so the baseline emissions are put in as target pathways for all un/conditional best/worst pathways.
",MDG,baseline_emissions,unconditional,best,KYOTOGHG,IPCM0EL,MtCO2eq,AR4,22.2278,22.4478,22.6411,22.8856,23.2353,24.9379,26.5315,28.4042,29.9482,30.8545,30.491999999999997,28.1803,26.4512,26.3885,26.5888,28.7184,30.6898,30.7975,30.2645,30.5093,30.9458,31.3482,32.3551,32.1824,32.5879,32.9325,34.0544,33.9906,34.3369,34.6832,35.0295,36.45975,37.89,39.32025,40.7505,42.18075,43.611,45.04125,46.4715,47.90175,49.332,51.0478,52.8046,54.617,56.4998,58.4671,60.5223,62.663999999999994,64.8995,67.2364,69.6827,72.2511,74.9462,77.7644,80.7033,83.7611,86.9535,90.2864,93.7446,97.3131,100.9774
,MDG,,emi_bau,emi_bau,KYOTOGHG,IPCM0EL,MtCO2eq,AR4,22.2278,22.4478,22.6411,22.8856,23.2353,24.9379,26.5315,28.4042,29.9482,30.8545,30.491999999999997,28.1803,26.4512,26.3885,26.5888,28.7184,30.6898,30.7975,30.2645,30.5093,30.9458,31.3482,32.3551,32.1824,32.5879,32.9325,34.0544,33.9906,34.3369,34.6832,35.0295,36.45975,37.89,39.32025,40.7505,42.18075,43.611,45.04125,46.4715,47.90175,49.332,51.0478,52.8046,54.617,56.4998,58.4671,60.5223,62.663999999999994,64.8995,67.2364,69.6827,72.2511,74.9462,77.7644,80.7033,83.7611,86.9535,90.2864,93.7446,97.3131,100.9774
,MDG,,emi_cov,emi_cov,KYOTOGHG,IPCM0EL,MtCO2eq,AR4,22.227794909833797,22.447787563918798,22.641072015600404,22.885486029712,23.2350489425835,24.9373836109047,26.5306167928965,28.4029625994312,29.9464467125792,30.852046110760504,30.488547299363997,28.175718784989602,26.4472142802816,26.383127406954003,26.5822043025056,28.710569382590396,30.681375404381605,30.788213013875,30.254350981512,30.498377975693,30.934104994209797,31.3358020063374,32.341891030425,32.168380027081604,32.5730690511826,32.9168570625,34.037945935552,33.9733350185796,34.3170274847881,34.6604948512192,35.003499984156,36.42935113654125,37.85485592619,39.279713535347256,40.7040221394765,42.12787444737975,43.551089475972,44.973607230915,46.395339903396,47.8165012673985,49.236699998412,50.9409999878954,52.685100021924,54.483900009509995,56.3513999983116,58.302000018349005,60.3389999834172,62.46099997199999,64.67480001873801,66.98840001780081,69.40920000155819,71.9499999710979,74.61469999170741,77.4000999926028,80.3034999676683,83.32280002534709,86.47359998145299,89.76179999172639,93.172000014909,96.6894000036621,100.29950003945581
,MDG,,emi_ncov,emi_ncov,KYOTOGHG,IPCM0EL,MtCO2eq,AR4,5.090166201639378e-06,1.243608120217692e-05,2.7984399597838585e-05,0.00011397028800099056,0.000251057416498771,0.0005163890953002167,0.0008832071035027309,0.0012374005688014615,0.0017532874208014743,0.0024538892394972396,0.003452700635999706,0.004581215010397705,0.003985719718400346,0.005372593045999277,0.006595697494400547,0.007830617409603278,0.0084245956183985,0.009286986124999501,0.01014901848800046,0.010922024307000922,0.011695005790201852,0.012397993662599027,0.013208969574999964,0.014019972918397784,0.014830948817399442,0.015642937500000103,0.016454064447999225,0.01726498142040147,0.019872515211897698,0.0227051487808013,0.026000015844000326,0.030398863458749502,0.03514407381000144,0.040536464652748315,0.04647786052349967,0.05287555262025091,0.059910524028000345,0.06764276908499499,0.07616009660399585,0.08524873260150083,0.09530000158800032,0.10680001210459916,0.11949997807599913,0.13309999048999904,0.14840000168840006,0.16509998165099896,0.18330001658279504,0.20300002800000386,0.22469998126199553,0.24799998219919595,0.2734999984418032,0.3011000289020967,0.33150000829259607,0.3643000073971939,0.399800032331701,0.43829997465290815,0.4799000185470074,0.524600008273602,0.5725999850910038,0.6236999963379081,0.6778999605442018
,MDG,,pc_cov,pc_cov,KYOTOGHG,IPCM0EL,MtCO2eq/MtCO2eq,AR4,0.9999997709999999,0.9999994459999999,0.9999987640000001,0.99999502,0.999989195,0.999979293,0.9999667109999999,0.999956436,0.999941456,0.9999204690000001,0.999886767,0.9998374320000001,0.999849318,0.999796404,0.999751937,0.9997273309999999,0.999725492,0.99969845,0.999664656,0.99964201,0.9996220809999999,0.999604507,0.99959175,0.9995643590000001,0.999544894,0.999525,0.99951683,0.999492066,0.9994212490000001,0.999345356,0.999257768,0.999166235,0.999072471,0.998969069,0.998859453,0.998746453,0.998626252,0.9984982040000001,0.9983611440000001,0.998220342,0.998068191,0.997907843,0.99773694,0.99756303,0.997373442,0.99717619,0.9969713640000001,0.9967604999999999,0.9965377240000001,0.9963115220000001,0.996075066,0.995832589,0.995576827,0.9953153370000001,0.995046051,0.9947672609999999,0.9944809579999999,0.994189601,0.993891915,0.9935907909999999,0.993286617
,MDV,,pop,pop,POP,DEMOGR,Pers,,223158.0,229751.0,236265.0,242605.0,248588.0,254139.0,259183.0,263842.0,268455.0,273527.0,279398.0,286306.0,294186.0,302683.0,311265.0,319608.0,327487.0,335169.0,343452.0,353398.0,365734.0,380495.0,397237.0,415593.0,435015.0,454915.0,475512.0,496402.0,494416.0725,501611.2307,508739.556,515841.3991,522967.4579,530085.6046,537164.1478,544171.7977,551055.3624,557765.0873,564275.2389,570560.2379,576594.6495,582450.4945,588219.1494,593903.8841,599507.4011,605031.848,610493.0072,615914.8054,621311.0129999999,626695.1486,632080.4739,637495.966,642943.4723,648395.2645,653823.4789999999,659200.1123,664545.0331,669863.1889,675104.2308,680218.0149,685154.6099
,MDV,,gdp,gdp,GDPPPP,ECO,2011GKD,,961237670.8984,1036490234.375,1106225097.6563,1178582275.3906,1251004516.6016,1283464721.6797,1422442138.6719,1562240112.3047,1722146606.4453,1793330078.125,2015281860.3516,2107524169.9219,2272045654.2969,2574108398.4375,3093493896.4844,2929634033.2031,3776848388.6719,4363567871.0938,4569612792.9688,4182988769.5313,4409547851.5625,4960601074.2188,5193627929.6875,5812812011.7188,6267459472.6563,6441460937.5,6620446777.3438,7112773437.5,7187305816.1257,7411636279.7816,7642536435.7237,7886291967.8446,8145517958.7077,8421159462.7798,8714111030.25,9025351020.8022,9345316169.9633,9663203990.119,9978250028.1708,10289643028.4996,10596511220.2459,10902616381.0683,11211801712.7566,11523255240.7742,11836132384.1895,12149538212.0936,12464087183.957,12780539909.4078,13098209507.3182,13416462033.5408,13734723216.8336,14051670690.9302,14366835557.741,14681036262.4346,14995180658.7775,15310271306.3381,15622578195.3382,15929219012.8681,16232601554.8566,16535208187.4498,16839599820.2063
"The target value from 'conditional_best' was used for 'conditional_worst' in 2030.
",MDV,ABS,conditional,worst,KYOTOGHG,IPCM0EL,MtCO2eq,AR4,0.20600000000000002,0.18836,0.26647,0.23464000000000002,0.2381,0.29539,0.33864,0.38006999999999996,0.35299,0.47648,0.49731000000000003,0.50998,0.64462,0.5596899999999999,0.72268,0.65901,0.82,0.8451299999999999,0.9087799999999999,0.95199,1.0073,1.0611,1.1892,1.1698,1.4135,1.3367,1.3961,1.4551,1.5970153846153847,1.7389307692307692,1.8808461538461536,1.9742152615384616,2.060772430769231,2.140517661538462,2.213450953846154,2.2795723076923076,2.338881723076923,2.3913792000000003,2.437064738461539,2.4759383384615385,2.508,2.548964,2.5911440000000003,2.6344640000000004,2.6787720000000004,2.72384,2.7698199999999997,2.8167880000000003,2.864592,2.9130800000000003,2.962252,3.01188,3.061888,3.112428,3.1635,3.215256,3.26686,3.31778,3.368168,3.41848,3.46902
,MDV,ABS,conditional,best,KYOTOGHG,IPCM0EL,MtCO2eq,AR4,0.20600000000000002,0.18836,0.26647,0.23464000000000002,0.2381,0.29539,0.33864,0.38006999999999996,0.35299,0.47648,0.49731000000000003,0.50998,0.64462,0.5596899999999999,0.72268,0.65901,0.82,0.8451299999999999,0.9087799999999999,0.95199,1.0073,1.0611,1.1892,1.1698,1.4135,1.3367,1.3961,1.4551,1.5970153846153847,1.7389307692307692,1.8808461538461536,1.9742152615384616,2.060772430769231,2.140517661538462,2.213450953846154,2.2795723076923076,2.338881723076923,2.3913792000000003,2.437064738461539,2.4759383384615385,2.508,2.548964,2.5911440000000003,2.6344640000000004,2.6787720000000004,2.72384,2.7698199999999997,2.8167880000000003,2.864592,2.9130800000000003,2.962252,3.01188,3.061888,3.112428,3.1635,3.215256,3.26686,3.31778,3.368168,3.41848,3.46902
"The target value from 'unconditional_best' was used for 'unconditional_worst' in 2030.
",MDV,ABS,unconditional,worst,KYOTOGHG,IPCM0EL,MtCO2eq,AR4,0.20600000000000002,0.18836,0.26647,0.23464000000000002,0.2381,0.29539,0.33864,0.38006999999999996,0.35299,0.47648,0.49731000000000003,0.50998,0.64462,0.5596899999999999,0.72268,0.65901,0.82,0.8451299999999999,0.9087799999999999,0.95199,1.0073,1.0611,1.1892,1.1698,1.4135,1.3367,1.3961,1.4551,1.5970153846153847,1.7389307692307692,1.8808461538461536,2.002533923076923,2.1213833846153847,2.237394538461539,2.3505673846153847,2.460901923076923,2.568398153846154,2.6730560769230776,2.774875692307693,2.8738570000000005,2.97,3.0185100000000005,3.068460000000001,3.1197600000000008,3.1722300000000008,3.2256000000000005,3.28005,3.335670000000001,3.3922800000000004,3.449700000000001,3.5079300000000004,3.5667000000000004,3.6259200000000007,3.6857700000000007,3.7462500000000003,3.8075400000000004,3.86865,3.9289500000000004,3.9886200000000005,4.0482000000000005,4.10805
,MDV,ABS,unconditional,best,KYOTOGHG,IPCM0EL,MtCO2eq,AR4,0.20600000000000002,0.18836,0.26647,0.23464000000000002,0.2381,0.29539,0.33864,0.38006999999999996,0.35299,0.47648,0.49731000000000003,0.50998,0.64462,0.5596899999999999,0.72268,0.65901,0.82,0.8451299999999999,0.9087799999999999,0.95199,1.0073,1.0611,1.1892,1.1698,1.4135,1.3367,1.3961,1.4551,1.5970153846153847,1.7389307692307692,1.8808461538461536,2.002533923076923,2.1213833846153847,2.237394538461539,2.3505673846153847,2.460901923076923,2.568398153846154,2.6730560769230776,2.774875692307693,2.8738570000000005,2.97,3.0185100000000005,3.068460000000001,3.1197600000000008,3.1722300000000008,3.2256000000000005,3.28005,3.335670000000001,3.3922800000000004,3.449700000000001,3.5079300000000004,3.5667000000000004,3.6259200000000007,3.6857700000000007,3.7462500000000003,3.8075400000000004,3.86865,3.9289500000000004,3.9886200000000005,4.0482000000000005,4.10805
"The target value from 'conditional_best' was used for 'conditional_worst' in 2030.
",MDV,ABU,conditional,worst,KYOTOGHG,IPCM0EL,MtCO2eq,AR4,0.20600000000000002,0.18836,0.26647,0.23464000000000002,0.2381,0.29539,0.33864,0.38006999999999996,0.35299,0.47648,0.49731000000000003,0.50998,0.64462,0.5596899999999999,0.72268,0.65901,0.82,0.8451299999999999,0.9087799999999999,0.95199,1.0073,1.0611,1.1892,1.1698,1.4135,1.3367,1.3961,1.4551,1.5970153846153847,1.7389307692307692,1.8808461538461536,1.9737248951048951,2.059722890442891,2.1388401398601404,2.2110766433566433,2.276432400932401,2.3349074125874125,2.386501678321679,2.4312151981351984,2.469047972027972,2.5,2.540833333333333,2.582878787878788,2.626060606060606,2.670227272727273,2.7151515151515153,2.7609848484848483,2.8078030303030306,2.8554545454545455,2.903787878787879,2.95280303030303,3.0022727272727274,3.0521212121212122,3.1025,3.153409090909091,3.205,3.256439393939394,3.3071969696969696,3.3574242424242424,3.4075757575757577,3.457954545454545
,MDV,ABU,conditional,best,KYOTOGHG,IPCM0EL,MtCO2eq,AR4,0.20600000000000002,0.18836,0.26647,0.23464000000000002,0.2381,0.29539,0.33864,0.38006999999999996,0.35299,0.47648,0.49731000000000003,0.50998,0.64462,0.5596899999999999,0.72268,0.65901,0.82,0.8451299999999999,0.9087799999999999,0.95199,1.0073,1.0611,1.1892,1.1698,1.4135,1.3367,1.3961,1.4551,1.5970153846153847,1.7389307692307692,1.8808461538461536,1.9737248951048951,2.059722890442891,2.1388401398601404,2.2110766433566433,2.276432400932401,2.3349074125874125,2.386501678321679,2.4312151981351984,2.469047972027972,2.5,2.540833333333333,2.582878787878788,2.626060606060606,2.670227272727273,2.7151515151515153,2.7609848484848483,2.8078030303030306,2.8554545454545455,2.903787878787879,2.95280303030303,3.0022727272727274,3.0521212121212122,3.1025,3.153409090909091,3.205,3.256439393939394,3.3071969696969696,3.3574242424242424,3.4075757575757577,3.457954545454545
"The target value from 'unconditional_best' was used for 'unconditional_worst' in 2030.
",MDV,ABU,unconditional,worst,KYOTOGHG,IPCM0EL,MtCO2eq,AR4,0.20600000000000002,0.18836,0.26647,0.23464000000000002,0.2381,0.29539,0.33864,0.38006999999999996,0.35299,0.47648,0.49731000000000003,0.50998,0.64462,0.5596899999999999,0.72268,0.65901,0.82,0.8451299999999999,0.9087799999999999,0.95199,1.0073,1.0611,1.1892,1.1698,1.4135,1.3367,1.3961,1.4551,1.5970153846153847,1.7389307692307692,1.8808461538461536,2.004372797202797,2.1253191608391613,2.2436852447552456,2.359471048951049,2.472676573426573,2.5833018181818184,2.6913467832167837,2.7968114685314696,2.8996958741258743,3.0,3.0490000000000004,3.099454545454546,3.151272727272728,3.204272727272728,3.2581818181818187,3.3131818181818184,3.369363636363637,3.426545454545455,3.484545454545455,3.5433636363636367,3.602727272727273,3.662545454545455,3.7230000000000003,3.784090909090909,3.846,3.9077272727272727,3.9686363636363637,4.028909090909091,4.08909090909091,4.149545454545454
,MDV,ABU,unconditional,best,KYOTOGHG,IPCM0EL,MtCO2eq,AR4,0.20600000000000002,0.18836,0.26647,0.23464000000000002,0.2381,0.29539,0.33864,0.38006999999999996,0.35299,0.47648,0.49731000000000003,0.50998,0.64462,0.5596899999999999,0.72268,0.65901,0.82,0.8451299999999999,0.9087799999999999,0.95199,1.0073,1.0611,1.1892,1.1698,1.4135,1.3367,1.3961,1.4551,1.5970153846153847,1.7389307692307692,1.8808461538461536,2.004372797202797,2.1253191608391613,2.2436852447552456,2.359471048951049,2.472676573426573,2.5833018181818184,2.6913467832167837,2.7968114685314696,2.8996958741258743,3.0,3.0490000000000004,3.099454545454546,3.151272727272728,3.204272727272728,3.2581818181818187,3.3131818181818184,3.369363636363637,3.426545454545455,3.484545454545455,3.5433636363636367,3.602727272727273,3.662545454545455,3.7230000000000003,3.784090909090909,3.846,3.9077272727272727,3.9686363636363637,4.028909090909091,4.08909090909091,4.149545454545454
"The target value from 'conditional_best' was used for 'conditional_worst' in 2030.
",MDV,RBU,conditional,worst,KYOTOGHG,IPCM0EL,MtCO2eq,AR4,0.20600000000000002,0.18836,0.26647,0.23464000000000002,0.2381,0.29539,0.33864,0.38006999999999996,0.35299,0.47648,0.49731000000000003,0.50998,0.64462,0.5596899999999999,0.72268,0.65901,0.82,0.8451299999999999,0.9087799999999999,0.95199,1.0073,1.0611,1.1892,1.1698,1.4135,1.3367,1.3961,1.4551,1.5970153846153847,1.7389307692307692,1.8808461538461536,1.9752020331642661,2.0628844362885284,2.1438933632189396,2.2182288139554993,2.285890788498209,2.3468792868470687,2.401194309002078,2.448835854963236,2.4898039247305435,2.524098518304,2.5653254607696323,2.6077762085774725,2.6513742738936323,2.6959666810503364,2.7413239665459206,2.78759910604816,2.8348685873909445,2.8829794349064963,2.9317786729270408,2.9812663014525764,3.0312128569814405,3.0815418516797446,3.1324062612152646,3.1838060855880004,3.2358943004657283,3.2878295396756805,3.3390763883806405,3.3897878222483846,3.440422768282241,3.4912871778177603
,MDV,RBU,conditional,best,KYOTOGHG,IPCM0EL,MtCO2eq,AR4,0.20600000000000002,0.18836,0.26647,0.23464000000000002,0.2381,0.29539,0.33864,0.38006999999999996,0.35299,0.47648,0.49731000000000003,0.50998,0.64462,0.5596899999999999,0.72268,0.65901,0.82,0.8451299999999999,0.9087799999999999,0.95199,1.0073,1.0611,1.1892,1.1698,1.4135,1.3367,1.3961,1.4551,1.5970153846153847,1.7389307692307692,1.8808461538461536,1.9752020331642661,2.0628844362885284,2.1438933632189396,2.2182288139554993,2.285890788498209,2.3468792868470687,2.401194309002078,2.448835854963236,2.4898039247305435,2.524098518304,2.5653254607696323,2.6077762085774725,2.6513742738936323,2.6959666810503364,2.7413239665459206,2.78759910604816,2.8348685873909445,2.8829794349064963,2.9317786729270408,2.9812663014525764,3.0312128569814405,3.0815418516797446,3.1324062612152646,3.1838060855880004,3.2358943004657283,3.2878295396756805,3.3390763883806405,3.3897878222483846,3.440422768282241,3.4912871778177603
"The target value from 'unconditional_best' was used for 'unconditional_worst' in 2030.
",MDV,RBU,unconditional,worst,KYOTOGHG,IPCM0EL,MtCO2eq,AR4,0.20600000000000002,0.18836,0.26647,0.23464000000000002,0.2381,0.29539,0.33864,0.38006999999999996,0.35299,0.47648,0.49731000000000003,0.50998,0.64462,0.5596899999999999,0.72268,0.65901,0.82,0.8451299999999999,0.9087799999999999,0.95199,1.0073,1.0611,1.1892,1.1698,1.4135,1.3367,1.3961,1.4551,1.5970153846153847,1.7389307692307692,1.8808461538461536,2.0029450779210083,2.1222633869150918,2.2388010808284045,2.3525581596609455,2.463534623412715,2.5717304720837144,2.6771457056739427,2.7797803241834003,2.8796343276120853,2.97670771596,3.02532727532068,3.07539008690728,3.12680594745568,3.1793944504376404,3.2328849860608,3.2874579608534,3.34320357807956,3.3999414312110403,3.4574911137196005,3.5158526256052403,3.5747553570756003,3.6341091048665604,3.69409427550636,3.7547108689949997,3.81613929186072,3.8773873081982,3.9378234951586,3.99762825927016,4.057342820117601,4.1173279907574
,MDV,RBU,unconditional,best,KYOTOGHG,IPCM0EL,MtCO2eq,AR4,0.20600000000000002,0.18836,0.26647,0.23464000000000002,0.2381,0.29539,0.33864,0.38006999999999996,0.35299,0.47648,0.49731000000000003,0.50998,0.64462,0.5596899999999999,0.72268,0.65901,0.82,0.8451299999999999,0.9087799999999999,0.95199,1.0073,1.0611,1.1892,1.1698,1.4135,1.3367,1.3961,1.4551,1.5970153846153847,1.7389307692307692,1.8808461538461536,2.0029450779210083,2.1222633869150918,2.2388010808284045,2.3525581596609455,2.463534623412715,2.5717304720837144,2.6771457056739427,2.7797803241834003,2.8796343276120853,2.97670771596,3.02532727532068,3.07539008690728,3.12680594745568,3.1793944504376404,3.2328849860608,3.2874579608534,3.34320357807956,3.3999414312110403,3.4574911137196005,3.5158526256052403,3.5747553570756003,3.6341091048665604,3.69409427550636,3.7547108689949997,3.81613929186072,3.8773873081982,3.9378234951586,3.99762825927016,4.057342820117601,4.1173279907574
"No targets calculated, so the baseline emissions are put in as target pathways for all un/conditional best/worst pathways.
",MDV,baseline_emissions,conditional,worst,KYOTOGHG,IPCM0EL,MtCO2eq,AR4,0.20600000000000002,0.18836,0.26647,0.23464000000000002,0.2381,0.29539,0.33864,0.38006999999999996,0.35299,0.47648,0.49731000000000003,0.50998,0.64462,0.5596899999999999,0.72268,0.65901,0.82,0.8451299999999999,0.9087799999999999,0.95199,1.0073,1.0611,1.1892,1.1698,1.4135,1.3367,1.3961,1.4551,1.5970153846153847,1.7389307692307692,1.8808461538461536,2.0227615384615385,2.1646769230769234,2.3065923076923083,2.4485076923076923,2.5904230769230767,2.7323384615384616,2.8742538461538465,3.0161692307692314,3.1580846153846154,3.3,3.3539,3.4094,3.4664,3.5247,3.584,3.6445,3.7063,3.7692,3.833,3.8977,3.963,4.0288,4.0953,4.1625,4.2306,4.2985,4.3655,4.4318,4.498,4.5645
"No targets calculated, so the baseline emissions are put in as target pathways for all un/conditional best/worst pathways.
",MDV,baseline_emissions,conditional,best,KYOTOGHG,IPCM0EL,MtCO2eq,AR4,0.20600000000000002,0.18836,0.26647,0.23464000000000002,0.2381,0.29539,0.33864,0.38006999999999996,0.35299,0.47648,0.49731000000000003,0.50998,0.64462,0.5596899999999999,0.72268,0.65901,0.82,0.8451299999999999,0.9087799999999999,0.95199,1.0073,1.0611,1.1892,1.1698,1.4135,1.3367,1.3961,1.4551,1.5970153846153847,1.7389307692307692,1.8808461538461536,2.0227615384615385,2.1646769230769234,2.3065923076923083,2.4485076923076923,2.5904230769230767,2.7323384615384616,2.8742538461538465,3.0161692307692314,3.1580846153846154,3.3,3.3539,3.4094,3.4664,3.5247,3.584,3.6445,3.7063,3.7692,3.833,3.8977,3.963,4.0288,4.0953,4.1625,4.2306,4.2985,4.3655,4.4318,4.498,4.5645
"No targets calculated, so the baseline emissions are put in as target pathways for all un/conditional best/worst pathways.
",MDV,baseline_emissions,unconditional,worst,KYOTOGHG,IPCM0EL,MtCO2eq,AR4,0.20600000000000002,0.18836,0.26647,0.23464000000000002,0.2381,0.29539,0.33864,0.38006999999999996,0.35299,0.47648,0.49731000000000003,0.50998,0.64462,0.5596899999999999,0.72268,0.65901,0.82,0.8451299999999999,0.9087799999999999,0.95199,1.0073,1.0611,1.1892,1.1698,1.4135,1.3367,1.3961,1.4551,1.5970153846153847,1.7389307692307692,1.8808461538461536,2.0227615384615385,2.1646769230769234,2.3065923076923083,2.4485076923076923,2.5904230769230767,2.7323384615384616,2.8742538461538465,3.0161692307692314,3.1580846153846154,3.3,3.3539,3.4094,3.4664,3.5247,3.584,3.6445,3.7063,3.7692,3.833,3.8977,3.963,4.0288,4.0953,4.1625,4.2306,4.2985,4.3655,4.4318,4.498,4.5645
"No targets calculated, so the baseline emissions are put in as target pathways for all un/conditional best/worst pathways.
",MDV,baseline_emissions,unconditional,best,KYOTOGHG,IPCM0EL,MtCO2eq,AR4,0.20600000000000002,0.18836,0.26647,0.23464000000000002,0.2381,0.29539,0.33864,0.38006999999999996,0.35299,0.47648,0.49731000000000003,0.50998,0.64462,0.5596899999999999,0.72268,0.65901,0.82,0.8451299999999999,0.9087799999999999,0.95199,1.0073,1.0611,1.1892,1.1698,1.4135,1.3367,1.3961,1.4551,1.5970153846153847,1.7389307692307692,1.8808461538461536,2.0227615384615385,2.1646769230769234,2.3065923076923083,2.4485076923076923,2.5904230769230767,2.7323384615384616,2.8742538461538465,3.0161692307692314,3.1580846153846154,3.3,3.3539,3.4094,3.4664,3.5247,3.584,3.6445,3.7063,3.7692,3.833,3.8977,3.963,4.0288,4.0953,4.1625,4.2306,4.2985,4.3655,4.4318,4.498,4.5645
,MDV,,emi_bau,emi_bau,KYOTOGHG,IPCM0EL,MtCO2eq,AR4,0.20600000000000002,0.18836,0.26647,0.23464000000000002,0.2381,0.29539,0.33864,0.38006999999999996,0.35299,0.47648,0.49731000000000003,0.50998,0.64462,0.5596899999999999,0.72268,0.65901,0.82,0.8451299999999999,0.9087799999999999,0.95199,1.0073,1.0611,1.1892,1.1698,1.4135,1.3367,1.3961,1.4551,1.5970153846153847,1.7389307692307692,1.8808461538461536,2.0227615384615385,2.1646769230769234,2.3065923076923083,2.4485076923076923,2.5904230769230767,2.7323384615384616,2.8742538461538465,3.0161692307692314,3.1580846153846154,3.3,3.3539,3.4094,3.4664,3.5247,3.584,3.6445,3.7063,3.7692,3.833,3.8977,3.963,4.0288,4.0953,4.1625,4.2306,4.2985,4.3655,4.4318,4.498,4.5645
,MDV,,emi_cov,emi_cov,KYOTOGHG,IPCM0EL,MtCO2eq,AR4,0.200356879878,0.1822699699086,0.26000394903211,0.22775801185032002,0.2300069950479,0.28557020194422,0.3282181745208,0.36952532423747997,0.34177527719753004,0.46456081563456,0.48572932802394003,0.49772876422946,0.6310760387318399,0.54451060945108,0.70655042124912,0.64183488401604,0.80096943672,0.8241779207290201,0.8880294436636199,0.9297254766735,0.9830514725892002,1.0358132028470999,1.1618830140444,1.1420724552016,1.385011003618,1.3069144582636,1.3646021746544001,1.4224242714898,1.5623088753962768,1.7012568880222383,1.8402582480654612,1.9793128228915382,2.1184122183404313,2.257563769107508,2.396772142455185,2.5360413227754997,2.6753563189072,2.814701602990362,2.954077233888816,3.0934840618291384,3.2329228403999997,3.2861527359628,3.3409526196668002,3.3972237624584,3.4547688205713003,3.513291901952,3.5729906277124996,3.6339638501022997,3.6960144311304,3.758945324597,3.8227568095466,3.8871533081220004,3.9520365461024003,4.0176040421154,4.083856047675,4.1509899568368,4.217921668729,4.28396162755,4.3493074320688,4.4145507875300005,4.4800861408155
,MDV,,emi_ncov,emi_ncov,KYOTOGHG,IPCM0EL,MtCO2eq,AR4,0.005643120122000012,0.006090030091399992,0.006466050967890009,0.0068819881496800005,0.008093004952099992,0.00981979805578001,0.010421825479199998,0.010544675762519988,0.011214722802469974,0.011919184365440011,0.011580671976059989,0.01225123577054,0.013543961268160008,0.01517939054891995,0.01612957875087994,0.017175115983959946,0.019030563280000003,0.020952079270979904,0.020750556336379965,0.022264523326500026,0.024248527410799896,0.025286797152900106,0.02731698595559999,0.027727544798400023,0.028488996382000097,0.0297855417364,0.031497825345599854,0.03267572851019997,0.034706509219107784,0.037673881208530824,0.040587905780692414,0.04344871557000022,0.046264704736492274,0.04902853858480008,0.05173554985250751,0.05438175414757685,0.05698214263126153,0.05955224316348436,0.06209199688041536,0.06460055355547696,0.06707715960000023,0.06774726403720004,0.0684473803332,0.06917623754160038,0.06993117942869999,0.07070809804800013,0.07150937228750016,0.07233614989770039,0.07318556886959995,0.07405467540299997,0.07494319045339995,0.07584669187799958,0.0767634538976002,0.07769595788460022,0.07864395232499992,0.07961004316320026,0.08057833127099968,0.0815383724500001,0.08249256793120009,0.08344921246999996,0.08441385918449996
,MDV,,pc_cov,pc_cov,KYOTOGHG,IPCM0EL,MtCO2eq/MtCO2eq,AR4,0.9726062129999999,0.967668135,0.975734413,0.970670013,0.966010059,0.966756498,0.96922447,0.972255964,0.9682293470000001,0.974984922,0.976713374,0.975977027,0.978989232,0.9728789320000001,0.9776808840000001,0.9739380040000001,0.976791996,0.9752084540000001,0.977166579,0.97661265,0.9759272040000001,0.9761692609999999,0.977029107,0.976297192,0.9798450679999999,0.977717108,0.9774387040000001,0.977543998,0.9782678929999999,0.978335031,0.9784204009999999,0.9785200999999999,0.978627432,0.978744168,0.9788705790000001,0.979006613,0.979145284,0.9792807990000001,0.979413623,0.979544388,0.9796735879999999,0.979800452,0.979923922,0.9800437809999999,0.980159679,0.980271178,0.980378825,0.9804829209999999,0.980583262,0.980679709,0.980772458,0.9808612940000001,0.980946323,0.981028018,0.981106558,0.9811823279999999,0.9812543140000001,0.9813221,0.981386216,0.981447485,0.981506439
,MEX,,pop,pop,POP,DEMOGR,Pers,,83943132.0,85512623.0,87075138.0,88625440.0,90156400.0,91663285.0,93147044.0,94611002.0,96056321.0,97484832.0,98899845.0,100298153.0,101684758.0,103081020.0,104514932.0,106005203.0,107560153.0,109170502.0,110815271.0,112463887.0,114092963.0,115695473.0,117274155.0,118827161.0,120355128.0,121858258.0,123333376.0,124777324.0,126632962.3641,128312691.1223,130004064.4815,131722437.2689,133478299.8996,135262321.6852,137065175.4604,138877535.5822,140693429.889,142506839.0983,144308371.3385,146088642.1963,147838275.924,149562080.3774,151272034.1108,152969518.0972,154655905.2713,156332560.7594,157999622.0382,159657356.5042,161307313.9732,162951038.5641,164590068.8244,166226101.5753,167858905.2821,169487118.1371,171109373.5576,172724300.2702,174328952.1812,175920782.3157,177499031.4518,179062962.50599998,180611860.4399
,MEX,,gdp,gdp,GDPPPP,ECO,2011GKD,,950346187500.0,988801125000.0,1031230812500.0,1156802875000.0,1219827500000.0,1002769500000.0,1053240500000.0,1136781500000.0,1197633375000.0,1262583375000.0,1319985750000.0,1323849000000.0,1320671625000.0,1328494500000.0,1414710000000.0,1482598875000.0,1563848125000.0,1611901500000.0,1646862125000.0,1602847875000.0,1736534250000.0,1878911625000.0,1978917875000.0,2040331375000.0,2189297000000.0,2213969500000.0,2270527000000.0,2350070750000.0,2447527608697.309,2525217615506.397,2603286615454.505,2683104614061.542,2765205961447.26,2849152913032.064,2934512138166.19,3020855071829.669,3107417868449.5186,3193557886930.67,3279032338096.1187,3363598702012.4614,3447014737419.536,3529493467720.761,3611153472461.432,3691608070130.214,3770466793138.679,3847336493433.6064,3922238015183.266,3995829811277.011,4068675652288.57,4141340542426.856,4214390450216.692,4286964348022.328,4358238759456.1,4428837608757.35,4499385493770.113,4570507553443.296,4642224932595.446,4714246463638.639,4786729397397.395,4859831083246.138,4933708978969.837
"The target value from 'conditional_best' was used for 'conditional_worst' in 2030.
",MEX,ABS,conditional,worst,KYOTOGHG,IPCM0EL,MtCO2eq,AR4,454.3874,463.0508,464.9716,469.8352,494.0048,485.7627,516.9789,550.2369,579.0708,556.033,563.1332,552.6421,568.7299,570.6087,574.3883,593.3897,620.0876,664.5313,745.3385,710.3623,688.7677,690.3539,671.0736,681.8095,691.2049,695.0717,734.7292,741.7181,738.6753666666667,735.6326333333333,732.5899,723.5331889951846,713.0301561734636,701.0808015348364,687.6851250793031,672.8431268068639,657.5368177345892,640.6887705177658,622.298985156393,602.3674616504711,580.8942000000001,580.8942000000001,580.8942000000001,580.8942000000001,580.8942000000001,580.8942000000001,580.8942000000001,580.8942000000001,580.8942000000001,580.8942000000001,580.8942000000001,580.8942000000001,580.8942000000001,580.8942000000001,580.8942000000001,580.8942000000001,580.8942000000001,580.8942000000001,580.8942000000001,580.8942000000001,580.8942000000001
,MEX,ABS,conditional,best,KYOTOGHG,IPCM0EL,MtCO2eq,AR4,454.3874,463.0508,464.9716,469.8352,494.0048,485.7627,516.9789,550.2369,579.0708,556.033,563.1332,552.6421,568.7299,570.6087,574.3883,593.3897,620.0876,664.5313,745.3385,710.3623,688.7677,690.3539,671.0736,681.8095,691.2049,695.0717,734.7292,741.7181,738.6753666666667,735.6326333333333,732.5899,723.5331889951846,713.0301561734636,701.0808015348364,687.6851250793031,672.8431268068639,657.5368177345892,640.6887705177658,622.298985156393,602.3674616504711,580.8942000000001,580.8942000000001,580.8942000000001,580.8942000000001,580.8942000000001,580.8942000000001,580.8942000000001,580.8942000000001,580.8942000000001,580.8942000000001,580.8942000000001,580.8942000000001,580.8942000000001,580.8942000000001,580.8942000000001,580.8942000000001,580.8942000000001,580.8942000000001,580.8942000000001,580.8942000000001,580.8942000000001
"The target value from 'unconditional_best' was used for 'unconditional_worst' in 2030.
",MEX,ABS,unconditional,worst,KYOTOGHG,IPCM0EL,MtCO2eq,AR4,454.3874,463.0508,464.9716,469.8352,494.0048,485.7627,516.9789,550.2369,579.0708,556.033,563.1332,552.6421,568.7299,570.6087,574.3883,593.3897,620.0876,664.5313,745.3385,710.3623,688.7677,690.3539,671.0736,681.8095,691.2049,695.0717,734.7292,741.7181,738.6753666666667,735.6326333333333,732.5899,734.5313599415016,735.58895655045,735.7626898268444,735.0525597706853,733.4585663819723,732.0740397266934,729.7473397608569,726.4784664844624,722.2674198975101,717.1142000000001,717.1142000000001,717.1142000000001,717.1142000000001,717.1142000000001,717.1142000000001,717.1142000000001,717.1142000000001,717.1142000000001,717.1142000000001,717.1142000000001,717.1142000000001,717.1142000000001,717.1142000000001,717.1142000000001,717.1142000000001,717.1142000000001,717.1142000000001,717.1142000000001,717.1142000000001,717.1142000000001
,MEX,ABS,unconditional,best,KYOTOGHG,IPCM0EL,MtCO2eq,AR4,454.3874,463.0508,464.9716,469.8352,494.0048,485.7627,516.9789,550.2369,579.0708,556.033,563.1332,552.6421,568.7299,570.6087,574.3883,593.3897,620.0876,664.5313,745.3385,710.3623,688.7677,690.3539,671.0736,681.8095,691.2049,695.0717,734.7292,741.7181,738.6753666666667,735.6326333333333,732.5899,734.5313599415016,735.58895655045,735.7626898268444,735.0525597706853,733.4585663819723,732.0740397266934,729.7473397608569,726.4784664844624,722.2674198975101,717.1142000000001,717.1142000000001,717.1142000000001,717.1142000000001,717.1142000000001,717.1142000000001,717.1142000000001,717.1142000000001,717.1142000000001,717.1142000000001,717.1142000000001,717.1142000000001,717.1142000000001,717.1142000000001,717.1142000000001,717.1142000000001,717.1142000000001,717.1142000000001,717.1142000000001,717.1142000000001,717.1142000000001
"The target value from 'conditional_best' was used for 'conditional_worst' in 2030.
",MEX,ABU,conditional,worst,KYOTOGHG,IPCM0EL,MtCO2eq,AR4,454.3874,463.0508,464.9716,469.8352,494.0048,485.7627,516.9789,550.2369,579.0708,556.033,563.1332,552.6421,568.7299,570.6087,574.3883,593.3897,620.0876,664.5313,745.3385,710.3623,688.7677,690.3539,671.0736,681.8095,691.2049,695.0717,734.7292,741.7181,738.6753666666667,735.6326333333333,732.5899,723.5331889951846,713.0301561734636,701.0808015348364,687.6851250793031,672.8431268068639,657.5368177345892,640.6887705177658,622.298985156393,602.3674616504711,580.8942000000001,580.8942000000001,580.8942000000001,580.8942000000001,580.8942000000001,580.8942000000001,580.8942000000001,580.8942000000001,580.8942000000001,580.8942000000001,580.8942000000001,580.8942000000001,580.8942000000001,580.8942000000001,580.8942000000001,580.8942000000001,580.8942000000001,580.8942000000001,580.8942000000001,580.8942000000001,580.8942000000001
,MEX,ABU,conditional,best,KYOTOGHG,IPCM0EL,MtCO2eq,AR4,454.3874,463.0508,464.9716,469.8352,494.0048,485.7627,516.9789,550.2369,579.0708,556.033,563.1332,552.6421,568.7299,570.6087,574.3883,593.3897,620.0876,664.5313,745.3385,710.3623,688.7677,690.3539,671.0736,681.8095,691.2049,695.0717,734.7292,741.7181,738.6753666666667,735.6326333333333,732.5899,723.5331889951846,713.0301561734636,701.0808015348364,687.6851250793031,672.8431268068639,657.5368177345892,640.6887705177658,622.298985156393,602.3674616504711,580.8942000000001,580.8942000000001,580.8942000000001,580.8942000000001,580.8942000000001,580.8942000000001,580.8942000000001,580.8942000000001,580.8942000000001,580.8942000000001,580.8942000000001,580.8942000000001,580.8942000000001,580.8942000000001,580.8942000000001,580.8942000000001,580.8942000000001,580.8942000000001,580.8942000000001,580.8942000000001,580.8942000000001
"The target value from 'unconditional_best' was used for 'unconditional_worst' in 2030.
",MEX,ABU,unconditional,worst,KYOTOGHG,IPCM0EL,MtCO2eq,AR4,454.3874,463.0508,464.9716,469.8352,494.0048,485.7627,516.9789,550.2369,579.0708,556.033,563.1332,552.6421,568.7299,570.6087,574.3883,593.3897,620.0876,664.5313,745.3385,710.3623,688.7677,690.3539,671.0736,681.8095,691.2049,695.0717,734.7292,741.7181,738.6753666666667,735.6326333333333,732.5899,734.5313599415016,735.58895655045,735.7626898268444,735.0525597706853,733.4585663819723,732.0740397266934,729.7473397608569,726.4784664844624,722.2674198975101,717.1142000000001,717.1142000000001,717.1142000000001,717.1142000000001,717.1142000000001,717.1142000000001,717.1142000000001,717.1142000000001,717.1142000000001,717.1142000000001,717.1142000000001,717.1142000000001,717.1142000000001,717.1142000000001,717.1142000000001,717.1142000000001,717.1142000000001,717.1142000000001,717.1142000000001,717.1142000000001,717.1142000000001
,MEX,ABU,unconditional,best,KYOTOGHG,IPCM0EL,MtCO2eq,AR4,454.3874,463.0508,464.9716,469.8352,494.0048,485.7627,516.9789,550.2369,579.0708,556.033,563.1332,552.6421,568.7299,570.6087,574.3883,593.3897,620.0876,664.5313,745.3385,710.3623,688.7677,690.3539,671.0736,681.8095,691.2049,695.0717,734.7292,741.7181,738.6753666666667,735.6326333333333,732.5899,734.5313599415016,735.58895655045,735.7626898268444,735.0525597706853,733.4585663819723,732.0740397266934,729.7473397608569,726.4784664844624,722.2674198975101,717.1142000000001,717.1142000000001,717.1142000000001,717.1142000000001,717.1142000000001,717.1142000000001,717.1142000000001,717.1142000000001,717.1142000000001,717.1142000000001,717.1142000000001,717.1142000000001,717.1142000000001,717.1142000000001,717.1142000000001,717.1142000000001,717.1142000000001,717.1142000000001,717.1142000000001,717.1142000000001,717.1142000000001
"The target value from 'conditional_best' was used for 'conditional_worst' in 2030.
",MEX,RBU,conditional,worst,KYOTOGHG,IPCM0EL,MtCO2eq,AR4,454.3874,463.0508,464.9716,469.8352,494.0048,485.7627,516.9789,550.2369,579.0708,556.033,563.1332,552.6421,568.7299,570.6087,574.3883,593.3897,620.0876,664.5313,745.3385,710.3623,688.7677,690.3539,671.0736,681.8095,691.2049,695.0717,734.7292,741.7181,738.6753666666667,735.6326333333333,732.5899,723.5331889951846,713.0301561734636,701.0808015348364,687.6851250793031,672.8431268068639,657.5368177345892,640.6887705177658,622.298985156393,602.3674616504711,580.8942000000001,580.8942000000001,580.8942000000001,580.8942000000001,580.8942000000001,580.8942000000001,580.8942000000001,580.8942000000001,580.8942000000001,580.8942000000001,580.8942000000001,580.8942000000001,580.8942000000001,580.8942000000001,580.8942000000001,580.8942000000001,580.8942000000001,580.8942000000001,580.8942000000001,580.8942000000001,580.8942000000001
,MEX,RBU,conditional,best,KYOTOGHG,IPCM0EL,MtCO2eq,AR4,454.3874,463.0508,464.9716,469.8352,494.0048,485.7627,516.9789,550.2369,579.0708,556.033,563.1332,552.6421,568.7299,570.6087,574.3883,593.3897,620.0876,664.5313,745.3385,710.3623,688.7677,690.3539,671.0736,681.8095,691.2049,695.0717,734.7292,741.7181,738.6753666666667,735.6326333333333,732.5899,723.5331889951846,713.0301561734636,701.0808015348364,687.6851250793031,672.8431268068639,657.5368177345892,640.6887705177658,622.298985156393,602.3674616504711,580.8942000000001,580.8942000000001,580.8942000000001,580.8942000000001,580.8942000000001,580.8942000000001,580.8942000000001,580.8942000000001,580.8942000000001,580.8942000000001,580.8942000000001,580.8942000000001,580.8942000000001,580.8942000000001,580.8942000000001,580.8942000000001,580.8942000000001,580.8942000000001,580.8942000000001,580.8942000000001,580.8942000000001
"The target value from 'unconditional_best' was used for 'unconditional_worst' in 2030.
",MEX,RBU,unconditional,worst,KYOTOGHG,IPCM0EL,MtCO2eq,AR4,454.3874,463.0508,464.9716,469.8352,494.0048,485.7627,516.9789,550.2369,579.0708,556.033,563.1332,552.6421,568.7299,570.6087,574.3883,593.3897,620.0876,664.5313,745.3385,710.3623,688.7677,690.3539,671.0736,681.8095,691.2049,695.0717,734.7292,741.7181,738.6753666666667,735.6326333333333,732.5899,734.5313599415016,735.58895655045,735.7626898268444,735.0525597706853,733.4585663819723,732.0740397266934,729.7473397608569,726.4784664844624,722.2674198975101,717.1142000000001,717.1142000000001,717.1142000000001,717.1142000000001,717.1142000000001,717.1142000000001,717.1142000000001,717.1142000000001,717.1142000000001,717.1142000000001,717.1142000000001,717.1142000000001,717.1142000000001,717.1142000000001,717.1142000000001,717.1142000000001,717.1142000000001,717.1142000000001,717.1142000000001,717.1142000000001,717.1142000000001
,MEX,RBU,unconditional,best,KYOTOGHG,IPCM0EL,MtCO2eq,AR4,454.3874,463.0508,464.9716,469.8352,494.0048,485.7627,516.9789,550.2369,579.0708,556.033,563.1332,552.6421,568.7299,570.6087,574.3883,593.3897,620.0876,664.5313,745.3385,710.3623,688.7677,690.3539,671.0736,681.8095,691.2049,695.0717,734.7292,741.7181,738.6753666666667,735.6326333333333,732.5899,734.5313599415016,735.58895655045,735.7626898268444,735.0525597706853,733.4585663819723,732.0740397266934,729.7473397608569,726.4784664844624,722.2674198975101,717.1142000000001,717.1142000000001,717.1142000000001,717.1142000000001,717.1142000000001,717.1142000000001,717.1142000000001,717.1142000000001,717.1142000000001,717.1142000000001,717.1142000000001,717.1142000000001,717.1142000000001,717.1142000000001,717.1142000000001,717.1142000000001,717.1142000000001,717.1142000000001,717.1142000000001,717.1142000000001,717.1142000000001
"No targets calculated, so the baseline emissions are put in as target pathways for all un/conditional best/worst pathways.
",MEX,baseline_emissions,conditional,worst,KYOTOGHG,IPCM0EL,MtCO2eq,AR4,454.3874,463.0508,464.9716,469.8352,494.0048,485.7627,516.9789,550.2369,579.0708,556.033,563.1332,552.6421,568.7299,570.6087,574.3883,593.3897,620.0876,664.5313,745.3385,710.3623,688.7677,690.3539,671.0736,681.8095,691.2049,695.0717,734.7292,741.7181,738.6753666666667,735.6326333333333,732.5899,751.8141999999998,771.0385,790.2628,809.4871,828.7114,849.2039599999999,869.6965200000002,890.1890800000001,910.68164,931.1742,951.2113,971.2186,991.0567,1010.586,1029.6663,1048.2544,1066.4774,1084.4497,1102.2853,1120.0974,1137.691,1154.9194,1171.9665,1189.0144,1206.2437,1223.6583,1241.1777,1258.853,1276.7343,1294.8711
"No targets calculated, so the baseline emissions are put in as target pathways for all un/conditional best/worst pathways.
",MEX,baseline_emissions,conditional,best,KYOTOGHG,IPCM0EL,MtCO2eq,AR4,454.3874,463.0508,464.9716,469.8352,494.0048,485.7627,516.9789,550.2369,579.0708,556.033,563.1332,552.6421,568.7299,570.6087,574.3883,593.3897,620.0876,664.5313,745.3385,710.3623,688.7677,690.3539,671.0736,681.8095,691.2049,695.0717,734.7292,741.7181,738.6753666666667,735.6326333333333,732.5899,751.8141999999998,771.0385,790.2628,809.4871,828.7114,849.2039599999999,869.6965200000002,890.1890800000001,910.68164,931.1742,951.2113,971.2186,991.0567,1010.586,1029.6663,1048.2544,1066.4774,1084.4497,1102.2853,1120.0974,1137.691,1154.9194,1171.9665,1189.0144,1206.2437,1223.6583,1241.1777,1258.853,1276.7343,1294.8711
"No targets calculated, so the baseline emissions are put in as target pathways for all un/conditional best/worst pathways.
",MEX,baseline_emissions,unconditional,worst,KYOTOGHG,IPCM0EL,MtCO2eq,AR4,454.3874,463.0508,464.9716,469.8352,494.0048,485.7627,516.9789,550.2369,579.0708,556.033,563.1332,552.6421,568.7299,570.6087,574.3883,593.3897,620.0876,664.5313,745.3385,710.3623,688.7677,690.3539,671.0736,681.8095,691.2049,695.0717,734.7292,741.7181,738.6753666666667,735.6326333333333,732.5899,751.8141999999998,771.0385,790.2628,809.4871,828.7114,849.2039599999999,869.6965200000002,890.1890800000001,910.68164,931.1742,951.2113,971.2186,991.0567,1010.586,1029.6663,1048.2544,1066.4774,1084.4497,1102.2853,1120.0974,1137.691,1154.9194,1171.9665,1189.0144,1206.2437,1223.6583,1241.1777,1258.853,1276.7343,1294.8711
"No targets calculated, so the baseline emissions are put in as target pathways for all un/conditional best/worst pathways.
",MEX,baseline_emissions,unconditional,best,KYOTOGHG,IPCM0EL,MtCO2eq,AR4,454.3874,463.0508,464.9716,469.8352,494.0048,485.7627,516.9789,550.2369,579.0708,556.033,563.1332,552.6421,568.7299,570.6087,574.3883,593.3897,620.0876,664.5313,745.3385,710.3623,688.7677,690.3539,671.0736,681.8095,691.2049,695.0717,734.7292,741.7181,738.6753666666667,735.6326333333333,732.5899,751.8141999999998,771.0385,790.2628,809.4871,828.7114,849.2039599999999,869.6965200000002,890.1890800000001,910.68164,931.1742,951.2113,971.2186,991.0567,1010.586,1029.6663,1048.2544,1066.4774,1084.4497,1102.2853,1120.0974,1137.691,1154.9194,1171.9665,1189.0144,1206.2437,1223.6583,1241.1777,1258.853,1276.7343,1294.8711
,MEX,,emi_bau,emi_bau,KYOTOGHG,IPCM0EL,MtCO2eq,AR4,454.3874,463.0508,464.9716,469.8352,494.0048,485.7627,516.9789,550.2369,579.0708,556.033,563.1332,552.6421,568.7299,570.6087,574.3883,593.3897,620.0876,664.5313,745.3385,710.3623,688.7677,690.3539,671.0736,681.8095,691.2049,695.0717,734.7292,741.7181,738.6753666666667,735.6326333333333,732.5899,751.8141999999998,771.0385,790.2628,809.4871,828.7114,849.2039599999999,869.6965200000002,890.1890800000001,910.68164,931.1742,951.2113,971.2186,991.0567,1010.586,1029.6663,1048.2544,1066.4774,1084.4497,1102.2853,1120.0974,1137.691,1154.9194,1171.9665,1189.0144,1206.2437,1223.6583,1241.1777,1258.853,1276.7343,1294.8711
,MEX,,emi_cov,emi_cov,KYOTOGHG,IPCM0EL,MtCO2eq,AR4,454.3874,463.0508,464.9716,469.8352,494.0048,485.7627,516.9789,550.2369,579.0708,556.033,563.1332,552.6421,568.7299,570.6087,574.3883,593.3897,620.0876,664.5313,745.3385,710.3623,688.7677,690.3539,671.0736,681.8095,691.2049,695.0717,734.7292,741.7181,738.6753666666667,735.6326333333333,732.5899,751.8141999999998,771.0385,790.2628,809.4871,828.7114,849.2039599999999,869.6965200000002,890.1890800000001,910.68164,931.1742,951.2113,971.2186,991.0567,1010.586,1029.6663,1048.2544,1066.4774,1084.4496002306275,1102.2853,1120.0974,1137.691,1154.9194,1171.9665,1189.0144,1206.2437,1223.6583,1241.1777,1258.852900550613,1276.7343,1294.8710002949254
,MEX,,emi_ncov,emi_ncov,KYOTOGHG,IPCM0EL,MtCO2eq,AR4,0.0,0.0,0.0,0.0,0.0,0.0,0.0,0.0,0.0,0.0,0.0,0.0,0.0,0.0,0.0,0.0,0.0,0.0,0.0,0.0,0.0,0.0,0.0,0.0,0.0,0.0,0.0,0.0,0.0,0.0,0.0,0.0,0.0,0.0,0.0,0.0,0.0,0.0,0.0,0.0,0.0,0.0,0.0,0.0,0.0,0.0,0.0,0.0,9.97693724678839e-05,0.0,0.0,0.0,0.0,0.0,0.0,0.0,0.0,0.0,9.944938712235518e-05,0.0,9.970507475533934e-05
,MEX,,pc_cov,pc_cov,KYOTOGHG,IPCM0EL,MtCO2eq/MtCO2eq,AR4,1.0,1.0,1.0,1.0,1.0,1.0,1.0,1.0,1.0,1.0,1.0,1.0,1.0,1.0,1.0,1.0,1.0,1.0,1.0,1.0,1.0,1.0,1.0,1.0,1.0,1.0,1.0,1.0,1.0,1.0,1.0,1.0,1.0,1.0,1.0,1.0,1.0,1.0,1.0,1.0,1.0,1.0,1.0,1.0,1.0,1.0,1.0,1.0,0.9999999079999999,1.0,1.0,1.0,1.0,1.0,1.0,1.0,1.0,1.0,0.9999999209999999,1.0,0.999999923
,MHL,,pop,pop,POP,DEMOGR,Pers,,47271.0,48404.0,49245.0,49831.0,50215.0,50457.0,50533.0,50450.0,50356.0,50423.0,50753.0,51422.0,52370.0,53456.0,54476.0,55258.0,55767.0,56051.0,56174.0,56250.0,56366.0,56531.0,56717.0,56938.0,57179.0,57439.0,57735.0,58058.0,57344.33333333334,57344.33333333334,57344.33333333334,57344.33333333334,57344.33333333334,57344.33333333334,57344.33333333334,57344.33333333334,57344.33333333334,57344.33333333334,57344.33333333334,57344.33333333334,57344.33333333334,57344.33333333334,57344.33333333334,57344.33333333334,57344.33333333334,57344.33333333334,57344.33333333334,57344.33333333334,57344.33333333334,57344.33333333334,57344.33333333334,57344.33333333334,57344.33333333334,57344.33333333334,57344.33333333334,57344.33333333334,57344.33333333334,57344.33333333334,57344.33333333334,57344.33333333334,57344.33333333334
,MHL,,gdp,gdp,GDPPPP,ECO,2011GKD,,137536954.2032,137657833.7118,147487705.5098,156346179.6067,165535763.8629,179131593.1372,160675784.524,150319152.2279,146043756.1624,142542861.2788,150939625.4997,159035063.2754,163195187.6444,163472836.6602,163666617.7282,168438242.8695,170858200.7859,177099945.0652,174186873.5242,171337232.5708,182394716.7811,184595346.9292,190978408.0773,196440541.8346,194953599.2599,194242902.5198,197953903.436,205080186.6354,196608256.9605,196608256.9605,196608256.9605,196608256.9605,196608256.9605,196608256.9605,196608256.9605,196608256.9605,196608256.9605,196608256.9605,196608256.9605,196608256.9605,196608256.9605,196608256.9605,196608256.9605,196608256.9605,196608256.9605,196608256.9605,196608256.9605,196608256.9605,196608256.9605,196608256.9605,196608256.9605,196608256.9605,196608256.9605,196608256.9605,196608256.9605,196608256.9605,196608256.9605,196608256.9605,196608256.9605,196608256.9605,196608256.9605
"The target value from 'conditional_best' was used for 'conditional_worst' in 2025, 2030, 2035.
",MHL,ABS,conditional,worst,KYOTOGHG,IPCM0EL,MtCO2eq,AR4,0.097591,0.10244,0.10125,0.10982,0.11439,0.11510999999999999,0.11577,0.11635,0.12072999999999999,0.11739000000000001,0.13057,0.13525,0.13979,0.14069,0.1455,0.14207999999999998,0.15306,0.16446,0.17015,0.17496,0.17805,0.17732,0.17808,0.17627,0.1914,0.19816,0.21841,0.22394,0.19771,0.19771,0.19771,0.183368,0.169026,0.154684,0.14034200000000002,0.126,0.1212,0.1164,0.1116,0.1068,0.102,0.0972,0.0924,0.0876,0.0828,0.078,0.078,0.078,0.078,0.078,0.078,0.078,0.078,0.078,0.078,0.078,0.078,0.078,0.078,0.078,0.078
,MHL,ABS,conditional,best,KYOTOGHG,IPCM0EL,MtCO2eq,AR4,0.097591,0.10244,0.10125,0.10982,0.11439,0.11510999999999999,0.11577,0.11635,0.12072999999999999,0.11739000000000001,0.13057,0.13525,0.13979,0.14069,0.1455,0.14207999999999998,0.15306,0.16446,0.17015,0.17496,0.17805,0.17732,0.17808,0.17627,0.1914,0.19816,0.21841,0.22394,0.19771,0.19771,0.19771,0.183368,0.169026,0.154684,0.14034200000000002,0.126,0.1212,0.1164,0.1116,0.1068,0.102,0.0972,0.0924,0.0876,0.0828,0.078,0.078,0.078,0.078,0.078,0.078,0.078,0.078,0.078,0.078,0.078,0.078,0.078,0.078,0.078,0.078
,MHL,ABS,unconditional,worst,KYOTOGHG,IPCM0EL,MtCO2eq,AR4,0.097591,0.10244,0.10125,0.10982,0.11439,0.11510999999999999,0.11577,0.11635,0.12072999999999999,0.11739000000000001,0.13057,0.13525,0.13979,0.14069,0.1455,0.14207999999999998,0.15306,0.16446,0.17015,0.17496,0.17805,0.17732,0.17808,0.17627,0.1914,0.19816,0.21841,0.22394,0.19771,0.19771,0.19771,0.19771,0.19771,0.19771,0.19771,0.19771,0.19771,0.19771,0.19771,0.19771,0.19771,0.19771,0.19771,0.19771,0.19771,0.19771,0.19771,0.19771,0.19771,0.19771,0.19771,0.19771,0.19771,0.19771,0.19771,0.19771,0.19771,0.19771,0.19771,0.19771,0.19771
,MHL,ABS,unconditional,best,KYOTOGHG,IPCM0EL,MtCO2eq,AR4,0.097591,0.10244,0.10125,0.10982,0.11439,0.11510999999999999,0.11577,0.11635,0.12072999999999999,0.11739000000000001,0.13057,0.13525,0.13979,0.14069,0.1455,0.14207999999999998,0.15306,0.16446,0.17015,0.17496,0.17805,0.17732,0.17808,0.17627,0.1914,0.19816,0.21841,0.22394,0.19771,0.19771,0.19771,0.19771,0.19771,0.19771,0.19771,0.19771,0.19771,0.19771,0.19771,0.19771,0.19771,0.19771,0.19771,0.19771,0.19771,0.19771,0.19771,0.19771,0.19771,0.19771,0.19771,0.19771,0.19771,0.19771,0.19771,0.19771,0.19771,0.19771,0.19771,0.19771,0.19771
"The target value from 'conditional_best' was used for 'conditional_worst' in 2025, 2030, 2035.
",MHL,RBY,conditional,worst,KYOTOGHG,IPCM0EL,MtCO2eq,AR4,0.097591,0.10244,0.10125,0.10982,0.11439,0.11510999999999999,0.11577,0.11635,0.12072999999999999,0.11739000000000001,0.13057,0.13525,0.13979,0.14069,0.1455,0.14207999999999998,0.15306,0.16446,0.17015,0.17496,0.17805,0.17732,0.17808,0.17627,0.1914,0.19816,0.21841,0.22394,0.19771,0.19771,0.19771,0.182383533345932,0.167057066691864,0.15173060003779598,0.13640413338372798,0.12107766672965997,0.11644836672965998,0.11181906672965998,0.10718976672965999,0.10256046672965999,0.09793116672966,0.09330186672966001,0.08867256672966,0.08404326672966,0.07941396672966,0.07478466672966,0.07478466672966,0.07478466672966,0.07478466672966,0.07478466672966,0.07478466672966,0.07478466672966,0.07478466672966,0.07478466672966,0.07478466672966,0.07478466672966,0.07478466672966,0.07478466672966,0.07478466672966,0.07478466672966,0.07478466672966
,MHL,RBY,conditional,best,KYOTOGHG,IPCM0EL,MtCO2eq,AR4,0.097591,0.10244,0.10125,0.10982,0.11439,0.11510999999999999,0.11577,0.11635,0.12072999999999999,0.11739000000000001,0.13057,0.13525,0.13979,0.14069,0.1455,0.14207999999999998,0.15306,0.16446,0.17015,0.17496,0.17805,0.17732,0.17808,0.17627,0.1914,0.19816,0.21841,0.22394,0.19771,0.19771,0.19771,0.182383533345932,0.167057066691864,0.15173060003779598,0.13640413338372798,0.12107766672965997,0.11644836672965998,0.11181906672965998,0.10718976672965999,0.10256046672965999,0.09793116672966,0.09330186672966001,0.08867256672966,0.08404326672966,0.07941396672966,0.07478466672966,0.07478466672966,0.07478466672966,0.07478466672966,0.07478466672966,0.07478466672966,0.07478466672966,0.07478466672966,0.07478466672966,0.07478466672966,0.07478466672966,0.07478466672966,0.07478466672966,0.07478466672966,0.07478466672966,0.07478466672966
,MHL,RBY,unconditional,worst,KYOTOGHG,IPCM0EL,MtCO2eq,AR4,0.097591,0.10244,0.10125,0.10982,0.11439,0.11510999999999999,0.11577,0.11635,0.12072999999999999,0.11739000000000001,0.13057,0.13525,0.13979,0.14069,0.1455,0.14207999999999998,0.15306,0.16446,0.17015,0.17496,0.17805,0.17732,0.17808,0.17627,0.1914,0.19816,0.21841,0.22394,0.19771,0.19771,0.19771,0.19771,0.19771,0.19771,0.19771,0.19771,0.19771,0.19771,0.19771,0.19771,0.19771,0.19771,0.19771,0.19771,0.19771,0.19771,0.19771,0.19771,0.19771,0.19771,0.19771,0.19771,0.19771,0.19771,0.19771,0.19771,0.19771,0.19771,0.19771,0.19771,0.19771
,MHL,RBY,unconditional,best,KYOTOGHG,IPCM0EL,MtCO2eq,AR4,0.097591,0.10244,0.10125,0.10982,0.11439,0.11510999999999999,0.11577,0.11635,0.12072999999999999,0.11739000000000001,0.13057,0.13525,0.13979,0.14069,0.1455,0.14207999999999998,0.15306,0.16446,0.17015,0.17496,0.17805,0.17732,0.17808,0.17627,0.1914,0.19816,0.21841,0.22394,0.19771,0.19771,0.19771,0.19771,0.19771,0.19771,0.19771,0.19771,0.19771,0.19771,0.19771,0.19771,0.19771,0.19771,0.19771,0.19771,0.19771,0.19771,0.19771,0.19771,0.19771,0.19771,0.19771,0.19771,0.19771,0.19771,0.19771,0.19771,0.19771,0.19771,0.19771,0.19771,0.19771
"No targets calculated, so the baseline emissions are put in as target pathways for all un/conditional best/worst pathways.
",MHL,baseline_emissions,conditional,worst,KYOTOGHG,IPCM0EL,MtCO2eq,AR4,0.097591,0.10244,0.10125,0.10982,0.11439,0.11510999999999999,0.11577,0.11635,0.12072999999999999,0.11739000000000001,0.13057,0.13525,0.13979,0.14069,0.1455,0.14207999999999998,0.15306,0.16446,0.17015,0.17496,0.17805,0.17732,0.17808,0.17627,0.1914,0.19816,0.21841,0.22394,0.19771,0.19771,0.19771,0.19771,0.19771,0.19771,0.19771,0.19771,0.19771,0.19771,0.19771,0.19771,0.19771,0.19771,0.19771,0.19771,0.19771,0.19771,0.19771,0.19771,0.19771,0.19771,0.19771,0.19771,0.19771,0.19771,0.19771,0.19771,0.19771,0.19771,0.19771,0.19771,0.19771
"No targets calculated, so the baseline emissions are put in as target pathways for all un/conditional best/worst pathways.
",MHL,baseline_emissions,conditional,best,KYOTOGHG,IPCM0EL,MtCO2eq,AR4,0.097591,0.10244,0.10125,0.10982,0.11439,0.11510999999999999,0.11577,0.11635,0.12072999999999999,0.11739000000000001,0.13057,0.13525,0.13979,0.14069,0.1455,0.14207999999999998,0.15306,0.16446,0.17015,0.17496,0.17805,0.17732,0.17808,0.17627,0.1914,0.19816,0.21841,0.22394,0.19771,0.19771,0.19771,0.19771,0.19771,0.19771,0.19771,0.19771,0.19771,0.19771,0.19771,0.19771,0.19771,0.19771,0.19771,0.19771,0.19771,0.19771,0.19771,0.19771,0.19771,0.19771,0.19771,0.19771,0.19771,0.19771,0.19771,0.19771,0.19771,0.19771,0.19771,0.19771,0.19771
"No targets calculated, so the baseline emissions are put in as target pathways for all un/conditional best/worst pathways.
",MHL,baseline_emissions,unconditional,worst,KYOTOGHG,IPCM0EL,MtCO2eq,AR4,0.097591,0.10244,0.10125,0.10982,0.11439,0.11510999999999999,0.11577,0.11635,0.12072999999999999,0.11739000000000001,0.13057,0.13525,0.13979,0.14069,0.1455,0.14207999999999998,0.15306,0.16446,0.17015,0.17496,0.17805,0.17732,0.17808,0.17627,0.1914,0.19816,0.21841,0.22394,0.19771,0.19771,0.19771,0.19771,0.19771,0.19771,0.19771,0.19771,0.19771,0.19771,0.19771,0.19771,0.19771,0.19771,0.19771,0.19771,0.19771,0.19771,0.19771,0.19771,0.19771,0.19771,0.19771,0.19771,0.19771,0.19771,0.19771,0.19771,0.19771,0.19771,0.19771,0.19771,0.19771
"No targets calculated, so the baseline emissions are put in as target pathways for all un/conditional best/worst pathways.
",MHL,baseline_emissions,unconditional,best,KYOTOGHG,IPCM0EL,MtCO2eq,AR4,0.097591,0.10244,0.10125,0.10982,0.11439,0.11510999999999999,0.11577,0.11635,0.12072999999999999,0.11739000000000001,0.13057,0.13525,0.13979,0.14069,0.1455,0.14207999999999998,0.15306,0.16446,0.17015,0.17496,0.17805,0.17732,0.17808,0.17627,0.1914,0.19816,0.21841,0.22394,0.19771,0.19771,0.19771,0.19771,0.19771,0.19771,0.19771,0.19771,0.19771,0.19771,0.19771,0.19771,0.19771,0.19771,0.19771,0.19771,0.19771,0.19771,0.19771,0.19771,0.19771,0.19771,0.19771,0.19771,0.19771,0.19771,0.19771,0.19771,0.19771,0.19771,0.19771,0.19771,0.19771
,MHL,,emi_bau,emi_bau,KYOTOGHG,IPCM0EL,MtCO2eq,AR4,0.097591,0.10244,0.10125,0.10982,0.11439,0.11510999999999999,0.11577,0.11635,0.12072999999999999,0.11739000000000001,0.13057,0.13525,0.13979,0.14069,0.1455,0.14207999999999998,0.15306,0.16446,0.17015,0.17496,0.17805,0.17732,0.17808,0.17627,0.1914,0.19816,0.21841,0.22394,0.19771,0.19771,0.19771,0.19771,0.19771,0.19771,0.19771,0.19771,0.19771,0.19771,0.19771,0.19771,0.19771,0.19771,0.19771,0.19771,0.19771,0.19771,0.19771,0.19771,0.19771,0.19771,0.19771,0.19771,0.19771,0.19771,0.19771,0.19771,0.19771,0.19771,0.19771,0.19771,0.19771
,MHL,,emi_cov,emi_cov,KYOTOGHG,IPCM0EL,MtCO2eq,AR4,0.097591,0.10244,0.10125,0.10982,0.11439,0.11510999999999999,0.11577,0.11635,0.12072999999999999,0.11739000000000001,0.13057,0.13525,0.13979,0.14069,0.1455,0.14207999999999998,0.15306,0.16446,0.17015,0.17496,0.17805,0.17732,0.17808,0.17627,0.1914,0.19816,0.21841,0.22394,0.19770633327034,0.19770633327034,0.19770633327034,0.19770633327034,0.19770633327034,0.19770633327034,0.19770633327034,0.19770633327034,0.19770633327034,0.19770633327034,0.19770633327034,0.19770633327034,0.19770633327034,0.19770633327034,0.19770633327034,0.19770633327034,0.19770633327034,0.19770633327034,0.19770633327034,0.19770633327034,0.19770633327034,0.19770633327034,0.19770633327034,0.19770633327034,0.19770633327034,0.19770633327034,0.19770633327034,0.19770633327034,0.19770633327034,0.19770633327034,0.19770633327034,0.19770633327034,0.19770633327034
,MHL,,emi_ncov,emi_ncov,KYOTOGHG,IPCM0EL,MtCO2eq,AR4,0.0,0.0,0.0,0.0,0.0,0.0,0.0,0.0,0.0,0.0,0.0,0.0,0.0,0.0,0.0,0.0,0.0,0.0,0.0,0.0,0.0,0.0,0.0,0.0,0.0,0.0,0.0,0.0,3.6667296599906394e-06,3.6667296599906394e-06,3.6667296599906394e-06,3.6667296599906394e-06,3.6667296599906394e-06,3.6667296599906394e-06,3.6667296599906394e-06,3.6667296599906394e-06,3.6667296599906394e-06,3.6667296599906394e-06,3.6667296599906394e-06,3.6667296599906394e-06,3.6667296599906394e-06,3.6667296599906394e-06,3.6667296599906394e-06,3.6667296599906394e-06,3.6667296599906394e-06,3.6667296599906394e-06,3.6667296599906394e-06,3.6667296599906394e-06,3.6667296599906394e-06,3.6667296599906394e-06,3.6667296599906394e-06,3.6667296599906394e-06,3.6667296599906394e-06,3.6667296599906394e-06,3.6667296599906394e-06,3.6667296599906394e-06,3.6667296599906394e-06,3.6667296599906394e-06,3.6667296599906394e-06,3.6667296599906394e-06,3.6667296599906394e-06
,MHL,,pc_cov,pc_cov,KYOTOGHG,IPCM0EL,MtCO2eq/MtCO2eq,AR4,1.0,1.0,1.0,1.0,1.0,1.0,1.0,1.0,1.0,1.0,1.0,1.0,1.0,1.0,1.0,1.0,1.0,1.0,1.0,1.0,1.0,1.0,1.0,1.0,1.0,1.0,1.0,1.0,0.999981454,0.999981454,0.999981454,0.999981454,0.999981454,0.999981454,0.999981454,0.999981454,0.999981454,0.999981454,0.999981454,0.999981454,0.999981454,0.999981454,0.999981454,0.999981454,0.999981454,0.999981454,0.999981454,0.999981454,0.999981454,0.999981454,0.999981454,0.999981454,0.999981454,0.999981454,0.999981454,0.999981454,0.999981454,0.999981454,0.999981454,0.999981454,0.999981454
,MKD,,pop,pop,POP,DEMOGR,Pers,,1996228.0,1993302.0,1988659.0,1984028.0,1981703.0,1983252.0,1989443.0,1999598.0,2012057.0,2024394.0,2034819.0,2042842.0,2048928.0,2053426.0,2057048.0,2060273.0,2063131.0,2065426.0,2067313.0,2069039.0,2070741.0,2072487.0,2074278.0,2076067.0,2077775.0,2079328.0,2080743.0,2081996.0,2089089.9704,2094916.8208,2099769.9057,2104195.9005,2108886.7954,2113827.89,2119004.7794,2124403.3152,2130046.2646,2135868.1938,2141722.5786,2147462.4135,2152940.0637,2157783.7509,2161869.9497,2165424.1706,2168673.5119,2171846.6508,2174894.8408,2177729.1344,2180519.7585,2183437.725,2186654.9037,2190123.5706,2193646.179,2197169.8076,2200640.3957,2204002.6549,2207487.1225,2211304.3759,2215368.235,2219592.3793,2223890.2157
,MKD,,gdp,gdp,GDPPPP,ECO,2011GKD,,10640329101.5625,10756055664.0625,9910373046.875,9694286132.8125,9964593750.0,10415830078.125,10501934570.3125,10750995117.1875,11245181640.625,12356402343.75,13256842773.4375,13910254882.8125,13992047851.5625,14538731445.3125,15264856445.3125,16772740234.375,17942349609.375,19208896484.375,20998498046.875,22122744140.625,23006376953.125,23462138671.875,23611199218.75,24756681640.625,25821466796.875,27096697265.625,28510039062.5,29014638671.875,30097963053.7774,31284038199.9274,32429396815.8309,33557206258.0577,34712823354.2555,35886041100.8432,37066626453.6635,38244292176.2224,39413015146.6535,40573246490.425,41724356019.3503,42865712238.255,43996680755.5087,45121128126.9675,46240994392.5252,47352639266.624,48452274324.5526,49535968050.224014,50607067135.9733,51667321718.7319,52710370919.1165,53729947252.853,54719876628.669014,55678935753.856,56614295016.0074,57532642305.4888,58440923725.8099,59346343431.5367,60238180020.1729,61106895822.9287,61961600848.4304,62811311286.5971,63664946213.5751
,MKD,ABU,conditional,worst,KYOTOGHG,IPCM0EL,MtCO2eq,AR4,13.6629,12.9481,12.402999999999999,12.8162,12.3928,12.606,12.279000000000002,13.0624,13.700999999999999,13.2822,12.9591,13.046,13.3203,12.9302,12.8501,13.6429,12.9154,13.44,13.6539,13.7476,13.8485,13.9481,14.0535,13.238,12.9084,12.6431,12.6795,13.2494,13.5035,13.9083,14.3004,14.245620073164014,14.174299284981789,14.082704200178942,13.967773869733549,13.82664987009007,13.659165636522896,13.467267969041094,13.25189165196816,13.013912261793877,12.75434102992564,13.031665585991098,13.308570377340008,13.584215874539275,13.858042391300174,14.129280358975697,14.39918907171549,14.66860805895264,14.936138104965332,15.200659837176103,15.460774039863129,15.715571222807224,15.966100797799758,16.214391627637372,16.462542535902806,16.71272230696488,16.961922627021682,17.207554946987834,17.452207815948704,17.698469782989676,17.949069318768302
,MKD,ABU,conditional,best,KYOTOGHG,IPCM0EL,MtCO2eq,AR4,13.6629,12.9481,12.402999999999999,12.8162,12.3928,12.606,12.279000000000002,13.0624,13.700999999999999,13.2822,12.9591,13.046,13.3203,12.9302,12.8501,13.6429,12.9154,13.44,13.6539,13.7476,13.8485,13.9481,14.0535,13.238,12.9084,12.6431,12.6795,13.2494,13.5035,13.9083,14.3004,14.154818695720342,13.987830889924485,13.795634521409342,13.575176678423926,13.323689820399352,13.041076008538704,12.729250512018949,12.389114111325032,12.02147561177288,11.62722506745433,11.880042129703114,12.132476522331945,12.383762906100916,12.633391054850094,12.880659407609562,13.126715973239182,13.372326090978854,13.616214195428741,13.857359834268966,14.094487442099686,14.326767901411005,14.555157886252806,14.781506966454858,15.007728490116923,15.235799583608763,15.462977781320713,15.686903287263062,15.909935897425523,16.134435407797802,16.362889170909597
,MKD,ABU,unconditional,worst,KYOTOGHG,IPCM0EL,MtCO2eq,AR4,13.6629,12.9481,12.402999999999999,12.8162,12.3928,12.606,12.279000000000002,13.0624,13.700999999999999,13.2822,12.9591,13.046,13.3203,12.9302,12.8501,13.6429,12.9154,13.44,13.6539,13.7476,13.8485,13.9481,14.0535,13.238,12.9084,12.6431,12.6795,13.2494,13.5035,13.9083,14.3004,14.6868,15.0803,15.4775,15.8753,16.2704,16.6623,17.0531,17.4439,17.8359,18.2307,18.6271,19.0229,19.4169,19.8083,20.195999999999998,20.5818,20.9669,21.3493,21.7274,22.0992,22.4634,22.8215,23.1764,23.5311,23.8887,24.2449,24.596,24.9457,25.2977,25.6559
,MKD,ABU,unconditional,best,KYOTOGHG,IPCM0EL,MtCO2eq,AR4,13.6629,12.9481,12.402999999999999,12.8162,12.3928,12.606,12.279000000000002,13.0624,13.700999999999999,13.2822,12.9591,13.046,13.3203,12.9302,12.8501,13.6429,12.9154,13.44,13.6539,13.7476,13.8485,13.9481,14.0535,13.238,12.9084,12.6431,12.6795,13.2494,13.5035,13.9083,14.3004,14.6868,15.0803,15.4775,15.8753,16.2704,16.6623,17.0531,17.4439,17.8359,18.2307,18.6271,19.0229,19.4169,19.8083,20.195999999999998,20.5818,20.9669,21.3493,21.7274,22.0992,22.4634,22.8215,23.1764,23.5311,23.8887,24.2449,24.596,24.9457,25.2977,25.6559
,MKD,RBU,conditional,worst,KYOTOGHG,IPCM0EL,MtCO2eq,AR4,13.6629,12.9481,12.402999999999999,12.8162,12.3928,12.606,12.279000000000002,13.0624,13.700999999999999,13.2822,12.9591,13.046,13.3203,12.9302,12.8501,13.6429,12.9154,13.44,13.6539,13.7476,13.8485,13.9481,14.0535,13.238,12.9084,12.6431,12.6795,13.2494,13.5035,13.9083,14.3004,14.330288327226324,14.348172786593558,14.350383933459723,14.333853324404515,14.295637791521358,14.235506779452233,14.155436489307581,14.056393412481015,13.939315386618182,13.805326635594508,14.105503341829028,14.40522569381597,14.703584983060168,14.999975403898189,15.293563973542797,15.58571375473674,15.877333455975169,16.16690856309949,16.45322746478282,16.73477564686656,17.01056867514762,17.28174243524495,17.55049297268852,17.81909205871623,18.08988719027391,18.35962216192057,18.625495122462798,18.890307923094007,19.15686241500761,19.42811190081287
,MKD,RBU,conditional,best,KYOTOGHG,IPCM0EL,MtCO2eq,AR4,13.6629,12.9481,12.402999999999999,12.8162,12.3928,12.606,12.279000000000002,13.0624,13.700999999999999,13.2822,12.9591,13.046,13.3203,12.9302,12.8501,13.6429,12.9154,13.44,13.6539,13.7476,13.8485,13.9481,14.0535,13.238,12.9084,12.6431,12.6795,13.2494,13.5035,13.9083,14.3004,14.258985992671589,14.201747343912269,14.12496072015167,14.025563989285418,13.90068534982563,13.750148135342679,13.575903787169098,13.37889209497722,13.159998463941818,12.920251962713412,13.201184010194835,13.481690832579163,13.760921979672203,14.038310484677828,14.313076768251358,14.586496505684089,14.859420147170203,15.130430275719387,15.398392957739384,15.661890776239872,15.920002410177144,16.17379092229394,16.425311567226224,16.676690470459477,16.93012462832869,17.182566594304685,17.43139414695536,17.67922950771281,17.92869489800913,18.182554280975445
,MKD,RBU,unconditional,worst,KYOTOGHG,IPCM0EL,MtCO2eq,AR4,13.6629,12.9481,12.402999999999999,12.8162,12.3928,12.606,12.279000000000002,13.0624,13.700999999999999,13.2822,12.9591,13.046,13.3203,12.9302,12.8501,13.6429,12.9154,13.44,13.6539,13.7476,13.8485,13.9481,14.0535,13.238,12.9084,12.6431,12.6795,13.2494,13.5035,13.9083,14.3004,14.6868,15.0803,15.4775,15.8753,16.2704,16.6623,17.0531,17.4439,17.8359,18.2307,18.6271,19.0229,19.4169,19.8083,20.195999999999998,20.5818,20.9669,21.3493,21.7274,22.0992,22.4634,22.8215,23.1764,23.5311,23.8887,24.2449,24.596,24.9457,25.2977,25.6559
,MKD,RBU,unconditional,best,KYOTOGHG,IPCM0EL,MtCO2eq,AR4,13.6629,12.9481,12.402999999999999,12.8162,12.3928,12.606,12.279000000000002,13.0624,13.700999999999999,13.2822,12.9591,13.046,13.3203,12.9302,12.8501,13.6429,12.9154,13.44,13.6539,13.7476,13.8485,13.9481,14.0535,13.238,12.9084,12.6431,12.6795,13.2494,13.5035,13.9083,14.3004,14.6868,15.0803,15.4775,15.8753,16.2704,16.6623,17.0531,17.4439,17.8359,18.2307,18.6271,19.0229,19.4169,19.8083,20.195999999999998,20.5818,20.9669,21.3493,21.7274,22.0992,22.4634,22.8215,23.1764,23.5311,23.8887,24.2449,24.596,24.9457,25.2977,25.6559
"No targets calculated, so the baseline emissions are put in as target pathways for all un/conditional best/worst pathways.
",MKD,baseline_emissions,conditional,worst,KYOTOGHG,IPCM0EL,MtCO2eq,AR4,13.6629,12.9481,12.402999999999999,12.8162,12.3928,12.606,12.279000000000002,13.0624,13.700999999999999,13.2822,12.9591,13.046,13.3203,12.9302,12.8501,13.6429,12.9154,13.44,13.6539,13.7476,13.8485,13.9481,14.0535,13.238,12.9084,12.6431,12.6795,13.2494,13.5035,13.9083,14.3004,14.6868,15.0803,15.4775,15.8753,16.2704,16.6623,17.0531,17.4439,17.8359,18.2307,18.6271,19.0229,19.4169,19.8083,20.195999999999998,20.5818,20.9669,21.3493,21.7274,22.0992,22.4634,22.8215,23.1764,23.5311,23.8887,24.2449,24.596,24.9457,25.2977,25.6559
"No targets calculated, so the baseline emissions are put in as target pathways for all un/conditional best/worst pathways.
",MKD,baseline_emissions,conditional,best,KYOTOGHG,IPCM0EL,MtCO2eq,AR4,13.6629,12.9481,12.402999999999999,12.8162,12.3928,12.606,12.279000000000002,13.0624,13.700999999999999,13.2822,12.9591,13.046,13.3203,12.9302,12.8501,13.6429,12.9154,13.44,13.6539,13.7476,13.8485,13.9481,14.0535,13.238,12.9084,12.6431,12.6795,13.2494,13.5035,13.9083,14.3004,14.6868,15.0803,15.4775,15.8753,16.2704,16.6623,17.0531,17.4439,17.8359,18.2307,18.6271,19.0229,19.4169,19.8083,20.195999999999998,20.5818,20.9669,21.3493,21.7274,22.0992,22.4634,22.8215,23.1764,23.5311,23.8887,24.2449,24.596,24.9457,25.2977,25.6559
"No targets calculated, so the baseline emissions are put in as target pathways for all un/conditional best/worst pathways.
",MKD,baseline_emissions,unconditional,worst,KYOTOGHG,IPCM0EL,MtCO2eq,AR4,13.6629,12.9481,12.402999999999999,12.8162,12.3928,12.606,12.279000000000002,13.0624,13.700999999999999,13.2822,12.9591,13.046,13.3203,12.9302,12.8501,13.6429,12.9154,13.44,13.6539,13.7476,13.8485,13.9481,14.0535,13.238,12.9084,12.6431,12.6795,13.2494,13.5035,13.9083,14.3004,14.6868,15.0803,15.4775,15.8753,16.2704,16.6623,17.0531,17.4439,17.8359,18.2307,18.6271,19.0229,19.4169,19.8083,20.195999999999998,20.5818,20.9669,21.3493,21.7274,22.0992,22.4634,22.8215,23.1764,23.5311,23.8887,24.2449,24.596,24.9457,25.2977,25.6559
"No targets calculated, so the baseline emissions are put in as target pathways for all un/conditional best/worst pathways.
",MKD,baseline_emissions,unconditional,best,KYOTOGHG,IPCM0EL,MtCO2eq,AR4,13.6629,12.9481,12.402999999999999,12.8162,12.3928,12.606,12.279000000000002,13.0624,13.700999999999999,13.2822,12.9591,13.046,13.3203,12.9302,12.8501,13.6429,12.9154,13.44,13.6539,13.7476,13.8485,13.9481,14.0535,13.238,12.9084,12.6431,12.6795,13.2494,13.5035,13.9083,14.3004,14.6868,15.0803,15.4775,15.8753,16.2704,16.6623,17.0531,17.4439,17.8359,18.2307,18.6271,19.0229,19.4169,19.8083,20.195999999999998,20.5818,20.9669,21.3493,21.7274,22.0992,22.4634,22.8215,23.1764,23.5311,23.8887,24.2449,24.596,24.9457,25.2977,25.6559
,MKD,,emi_bau,emi_bau,KYOTOGHG,IPCM0EL,MtCO2eq,AR4,13.6629,12.9481,12.402999999999999,12.8162,12.3928,12.606,12.279000000000002,13.0624,13.700999999999999,13.2822,12.9591,13.046,13.3203,12.9302,12.8501,13.6429,12.9154,13.44,13.6539,13.7476,13.8485,13.9481,14.0535,13.238,12.9084,12.6431,12.6795,13.2494,13.5035,13.9083,14.3004,14.6868,15.0803,15.4775,15.8753,16.2704,16.6623,17.0531,17.4439,17.8359,18.2307,18.6271,19.0229,19.4169,19.8083,20.195999999999998,20.5818,20.9669,21.3493,21.7274,22.0992,22.4634,22.8215,23.1764,23.5311,23.8887,24.2449,24.596,24.9457,25.2977,25.6559
,MKD,,emi_cov,emi_cov,KYOTOGHG,IPCM0EL,MtCO2eq,AR4,9.2042528470965,8.5022902859774,7.841147601786,8.3784266770076,8.1755009873488,8.274059045406,7.957752107289001,8.6126514966336,9.322391289252,9.1155058285716,8.6373691837587,8.78806713268,9.2063084948205,8.604225480676,8.3029342900718,9.046210281753801,8.1483278877178,8.65670670144,8.7319071603621,8.840218073244001,8.948215697796,9.056234781809,9.164540720551498,8.165046586616,7.704761080433999,7.405310956392899,7.2484015410390015,7.764926139779999,8.426287463817001,8.967906734570699,9.4925335031856,10.009533724019999,10.5360336896225,11.067484208532498,11.5997375493713,12.128378295528,12.652737464022298,13.1756248358233,13.698512224249898,14.2230051970998,14.7512445480183,15.281624688946499,15.8112020256437,16.338370989829496,16.8620611563864,17.380800755207996,17.8969981870806,18.4122590005227,18.923907244031298,19.4298021270738,19.88928,20.21706,20.539350000000002,20.85876,21.177989999999998,21.49983,21.820410000000003,22.136400000000002,22.45113,22.76793,23.09031
,MKD,,emi_ncov,emi_ncov,KYOTOGHG,IPCM0EL,MtCO2eq,AR4,4.4586471529035,4.4458097140226,4.561852398213999,4.437773322992401,4.2172990126512,4.331940954594,4.321247892711001,4.449748503366401,4.378608710747999,4.1666941714284,4.321730816241299,4.257932867319999,4.1139915051795,4.325974519323999,4.5471657099282,4.596689718246199,4.7670721122822,4.78329329856,4.9219928396379,4.907381926756,4.900284302203999,4.8918652181910005,4.888959279448501,5.072953413383999,5.203638919566001,5.237789043607101,5.431098458960999,5.4844738602200005,5.077212536183,4.940393265429301,4.807866496814401,4.67726627598,4.5442663103775,4.4100157914675,4.2755624506287,4.142021704471999,4.009562535977699,3.8774751641767007,3.745387775750101,3.612894802900199,3.479455451981698,3.3454753110535003,3.2116979743563006,3.078529010170501,2.9462388436136004,2.815199244792,2.6848018129194,2.5546409994773014,2.4253927559687014,2.297597872926199,2.2099199999999994,2.2463399999999996,2.2821499999999997,2.3176399999999995,2.353109999999999,2.3888699999999994,2.4244899999999996,2.4595999999999996,2.4945699999999995,2.529769999999999,2.5655899999999994
,MKD,,pc_cov,pc_cov,KYOTOGHG,IPCM0EL,MtCO2eq/MtCO2eq,AR4,0.673667585,0.656643854,0.632197662,0.653737198,0.659697646,0.656358801,0.648078191,0.659346789,0.680416852,0.686294878,0.666509957,0.67362158,0.691148735,0.66543638,0.646137718,0.6630709220000001,0.630900157,0.644100201,0.639517439,0.64303719,0.646150536,0.64928089,0.6521180289999999,0.6167885320000001,0.596879635,0.585719559,0.5716630420000001,0.5860586999999999,0.624007662,0.6447881289999999,0.6637949639999999,0.68153265,0.698662075,0.715069243,0.730678321,0.745425945,0.759363201,0.772623443,0.7852895409999999,0.797436922,0.8091430690000001,0.820397415,0.831166753,0.841451055,0.851262408,0.860606098,0.869554567,0.8781583829999999,0.8863947409999999,0.894253437,0.9,0.9,0.9,0.9,0.9,0.9,0.9,0.9,0.9,0.9,0.9
,MLI,,pop,pop,POP,DEMOGR,Pers,,8449913.0,8635527.0,8850334.0,9087176.0,9334880.0,9585653.0,9837571.0,10094368.0,10360561.0,10642936.0,10946445.0,11271600.0,11616887.0,11982695.0,12369070.0,12775516.0,13203378.0,13651464.0,14113577.0,14581429.0,15049353.0,15514590.0,15979496.0,16449854.0,16934214.0,17438778.0,17965443.0,18512430.0,18989721.6473,19563277.4784,20146096.4225,20740380.7612,21348282.4328,21969233.4671,22602647.3332,23247920.0002,23905184.9646,24572823.3551,25247623.8405,25926421.5379,26606096.9862,27289712.3593,27980584.1019,28675997.5886,29373226.1796,30069531.4801,30764225.1771,31458404.5155,32152002.0989,32844951.6167,33537187.7,34231747.7382,34929991.4116,35629330.0001,36327165.5225,37020891.8385,37708269.7478,38388630.6671,39061731.1324,39727339.8977,40385234.2596
,MLI,,gdp,gdp,GDPPPP,ECO,2011GKD,,5432118164.0625,6125410644.5313,5681059082.0313,6002999511.7188,6015897949.2188,8142274414.0625,10044640625.0,10776232421.875,11747005859.375,12132223632.8125,11853869140.625,13557377929.6875,14534029296.875,16184844726.5625,15365680664.0625,16766085937.5,19433431640.625,19663126953.125,21304527343.75,24923976562.5,26007367187.5,28617136718.75,31633685546.875,32523863281.25,33684023437.5,38535792968.75,41804531250.0,44956937500.0,46058802650.5383,48867197125.0443,51737569081.4686,54735894388.4613,57989389513.9529,61458928598.6899,65105337280.5721,68889147804.90599,72799688205.3909,76844172977.2094,81010244671.5007,85286339696.5739,89661695554.8703,94139353383.3924,98746175117.3175,103507834697.2888,108450167006.6323,113599218621.797,118945731313.8804,124474730237.4104,130204666216.3336,136155090706.2615,142346767157.8841,148775649653.486,155434957448.1394,162343761162.0598,169523144558.0984,176996380447.2162,184791720955.7635,192915918801.6632,201362139886.1132,210124052004.6762,219195797463.1823
"The target value from 'conditional_best' was used for 'conditional_worst' in 2025, 2030.
",MLI,ABS,conditional,worst,KYOTOGHG,IPCM0EL,MtCO2eq,AR4,9.7445,9.6743,9.7394,9.8785,10.1195,10.3745,10.8072,11.2973,12.5029,13.4513,14.114,18.553,22.3762,25.3413,31.851999999999997,34.3837,38.1765,41.0077,46.7507,46.048,54.3495,54.6978,55.3479,57.3156,58.8089,60.3494,67.6768,70.5462,70.10113333333334,69.65606666666666,69.211,70.21642805302247,71.0312420795337,71.65544207953371,72.08902805302246,72.332,71.78801323999721,71.09701985999583,70.25901985999582,69.27401323999722,68.142,70.18732399687711,72.25945791506584,74.36561173340455,76.51292543093706,78.70895898547448,80.9529423992768,83.24431567398761,85.59126878556899,88.00206170977748,90.48537442113695,93.04302691430564,95.67158919935076,98.37148127503953,101.1437531382902,103.98994478458282,106.91362620343925,109.91059740718673,112.97056842602673,116.08373928872271,119.24045002362706
,MLI,ABS,conditional,best,KYOTOGHG,IPCM0EL,MtCO2eq,AR4,9.7445,9.6743,9.7394,9.8785,10.1195,10.3745,10.8072,11.2973,12.5029,13.4513,14.114,18.553,22.3762,25.3413,31.851999999999997,34.3837,38.1765,41.0077,46.7507,46.048,54.3495,54.6978,55.3479,57.3156,58.8089,60.3494,67.6768,70.5462,70.10113333333334,69.65606666666666,69.211,70.21642805302247,71.0312420795337,71.65544207953371,72.08902805302246,72.332,71.78801323999721,71.09701985999583,70.25901985999582,69.27401323999722,68.142,70.18732399687711,72.25945791506584,74.36561173340455,76.51292543093706,78.70895898547448,80.9529423992768,83.24431567398761,85.59126878556899,88.00206170977748,90.48537442113695,93.04302691430564,95.67158919935076,98.37148127503953,101.1437531382902,103.98994478458282,106.91362620343925,109.91059740718673,112.97056842602673,116.08373928872271,119.24045002362706
"The target value from 'unconditional_best' was used for 'unconditional_worst' in 2025, 2030.
",MLI,ABS,unconditional,worst,KYOTOGHG,IPCM0EL,MtCO2eq,AR4,9.7445,9.6743,9.7394,9.8785,10.1195,10.3745,10.8072,11.2973,12.5029,13.4513,14.114,18.553,22.3762,25.3413,31.851999999999997,34.3837,38.1765,41.0077,46.7507,46.048,54.3495,54.6978,55.3479,57.3156,58.8089,60.3494,67.6768,70.5462,70.10113333333334,69.65606666666666,69.211,70.61877929882486,71.87126174823729,72.96844734823729,73.91033609882486,74.696928,78.19819302375676,81.77505553563515,85.42751553563512,89.15557302375674,92.959228,95.74945634315944,98.57625874619193,101.4494710528753,104.37883361335852,107.37465973956401,110.43589900157376,113.56178745035645,116.76349784049472,120.0522984202001,123.44003039945758,126.92917661261887,130.51505787186736,134.1982471389764,137.98017681837976,141.8629477699135,145.851430168652,149.93989439686067,154.1143028910895,158.36128654329096,162.6676672326752
,MLI,ABS,unconditional,best,KYOTOGHG,IPCM0EL,MtCO2eq,AR4,9.7445,9.6743,9.7394,9.8785,10.1195,10.3745,10.8072,11.2973,12.5029,13.4513,14.114,18.553,22.3762,25.3413,31.851999999999997,34.3837,38.1765,41.0077,46.7507,46.048,54.3495,54.6978,55.3479,57.3156,58.8089,60.3494,67.6768,70.5462,70.10113333333334,69.65606666666666,69.211,70.61877929882486,71.87126174823729,72.96844734823729,73.91033609882486,74.696928,78.19819302375676,81.77505553563515,85.42751553563512,89.15557302375674,92.959228,95.74945634315944,98.57625874619193,101.4494710528753,104.37883361335852,107.37465973956401,110.43589900157376,113.56178745035645,116.76349784049472,120.0522984202001,123.44003039945758,126.92917661261887,130.51505787186736,134.1982471389764,137.98017681837976,141.8629477699135,145.851430168652,149.93989439686067,154.1143028910895,158.36128654329096,162.6676672326752
"The target value from 'conditional_best' was used for 'conditional_worst' in 2025, 2030.
",MLI,ABU,conditional,worst,KYOTOGHG,IPCM0EL,MtCO2eq,AR4,9.7445,9.6743,9.7394,9.8785,10.1195,10.3745,10.8072,11.2973,12.5029,13.4513,14.114,18.553,22.3762,25.3413,31.851999999999997,34.3837,38.1765,41.0077,46.7507,46.048,54.3495,54.6978,55.3479,57.3156,58.8089,60.3494,67.6768,70.5462,70.10113333333334,69.65606666666666,69.211,70.63257228541883,71.90005842812823,73.01345842812825,73.97277228541883,74.778,74.15296867322016,73.37245300983024,72.43645300983022,71.34496867322015,70.098,72.20203453865592,74.33364857107635,76.50025903683766,78.70921086639409,80.9682810449325,83.27667747210978,85.63382407494915,88.04814592073633,90.52814008587923,93.08273570151827,95.71380500482812,98.41781954882583,101.19521138824398,104.0470606599141,106.97495156452241,109.98255656729602,113.06555512090891,116.2133618844123,119.41589558071212,122.66321895095844
,MLI,ABU,conditional,best,KYOTOGHG,IPCM0EL,MtCO2eq,AR4,9.7445,9.6743,9.7394,9.8785,10.1195,10.3745,10.8072,11.2973,12.5029,13.4513,14.114,18.553,22.3762,25.3413,31.851999999999997,34.3837,38.1765,41.0077,46.7507,46.048,54.3495,54.6978,55.3479,57.3156,58.8089,60.3494,67.6768,70.5462,70.10113333333334,69.65606666666666,69.211,70.63257228541883,71.90005842812823,73.01345842812825,73.97277228541883,74.778,74.15296867322016,73.37245300983024,72.43645300983022,71.34496867322015,70.098,72.20203453865592,74.33364857107635,76.50025903683766,78.70921086639409,80.9682810449325,83.27667747210978,85.63382407494915,88.04814592073633,90.52814008587923,93.08273570151827,95.71380500482812,98.41781954882583,101.19521138824398,104.0470606599141,106.97495156452241,109.98255656729602,113.06555512090891,116.2133618844123,119.41589558071212,122.66321895095844
"The target value from 'unconditional_best' was used for 'unconditional_worst' in 2025, 2030.
",MLI,ABU,unconditional,worst,KYOTOGHG,IPCM0EL,MtCO2eq,AR4,9.7445,9.6743,9.7394,9.8785,10.1195,10.3745,10.8072,11.2973,12.5029,13.4513,14.114,18.553,22.3762,25.3413,31.851999999999997,34.3837,38.1765,41.0077,46.7507,46.048,54.3495,54.6978,55.3479,57.3156,58.8089,60.3494,67.6768,70.5462,70.10113333333334,69.65606666666666,69.211,70.61877929882486,71.87126174823729,72.96844734823729,73.91033609882486,74.69692800000001,78.19819302375677,81.77505553563516,85.42751553563512,89.15557302375674,92.959228,95.74945634315944,98.57625874619193,101.4494710528753,104.37883361335852,107.37465973956401,110.43589900157376,113.56178745035645,116.76349784049472,120.0522984202001,123.44003039945758,126.92917661261887,130.51505787186736,134.1982471389764,137.98017681837976,141.8629477699135,145.851430168652,149.93989439686067,154.1143028910895,158.36128654329096,162.6676672326752
,MLI,ABU,unconditional,best,KYOTOGHG,IPCM0EL,MtCO2eq,AR4,9.7445,9.6743,9.7394,9.8785,10.1195,10.3745,10.8072,11.2973,12.5029,13.4513,14.114,18.553,22.3762,25.3413,31.851999999999997,34.3837,38.1765,41.0077,46.7507,46.048,54.3495,54.6978,55.3479,57.3156,58.8089,60.3494,67.6768,70.5462,70.10113333333334,69.65606666666666,69.211,70.61877929882486,71.87126174823729,72.96844734823729,73.91033609882486,74.69692800000001,78.19819302375677,81.77505553563516,85.42751553563512,89.15557302375674,92.959228,95.74945634315944,98.57625874619193,101.4494710528753,104.37883361335852,107.37465973956401,110.43589900157376,113.56178745035645,116.76349784049472,120.0522984202001,123.44003039945758,126.92917661261887,130.51505787186736,134.1982471389764,137.98017681837976,141.8629477699135,145.851430168652,149.93989439686067,154.1143028910895,158.36128654329096,162.6676672326752
"The target value from 'conditional_best' was used for 'conditional_worst' in 2030.
",MLI,RBU,conditional,worst,KYOTOGHG,IPCM0EL,MtCO2eq,AR4,9.7445,9.6743,9.7394,9.8785,10.1195,10.3745,10.8072,11.2973,12.5029,13.4513,14.114,18.553,22.3762,25.3413,31.851999999999997,34.3837,38.1765,41.0077,46.7507,46.048,54.3495,54.6978,55.3479,57.3156,58.8089,60.3494,67.6768,70.5462,70.10113333333334,69.65606666666666,69.211,70.433524,71.48449,72.363898,73.071748,73.60804,73.36354800000001,72.98675600000001,72.477664,71.83627200000001,71.06258,73.195567,75.35651299999999,77.552937,79.792285,82.082441,84.422602,86.812184,89.259728,91.773848,94.36359599999999,97.03086999999998,99.772093,102.58770299999999,105.47879499999998,108.446975,111.49596599999998,114.621388,117.81251,121.05911200000003,124.35112000000001
,MLI,RBU,conditional,best,KYOTOGHG,IPCM0EL,MtCO2eq,AR4,9.7445,9.6743,9.7394,9.8785,10.1195,10.3745,10.8072,11.2973,12.5029,13.4513,14.114,18.553,22.3762,25.3413,31.851999999999997,34.3837,38.1765,41.0077,46.7507,46.048,54.3495,54.6978,55.3479,57.3156,58.8089,60.3494,67.6768,70.5462,70.10113333333334,69.65606666666666,69.211,70.433524,71.48449,72.363898,73.071748,73.60804,73.36354800000001,72.98675600000001,72.477664,71.83627200000001,71.06258,73.195567,75.35651299999999,77.552937,79.792285,82.082441,84.422602,86.812184,89.259728,91.773848,94.36359599999999,97.03086999999998,99.772093,102.58770299999999,105.47879499999998,108.446975,111.49596599999998,114.621388,117.81251,121.05911200000003,124.35112000000001
,MLI,RBU,unconditional,worst,KYOTOGHG,IPCM0EL,MtCO2eq,AR4,9.7445,9.6743,9.7394,9.8785,10.1195,10.3745,10.8072,11.2973,12.5029,13.4513,14.114,18.553,22.3762,25.3413,31.851999999999997,34.3837,38.1765,41.0077,46.7507,46.048,54.3495,54.6978,55.3479,57.3156,58.8089,60.3494,67.6768,70.5462,70.10113333333334,69.65606666666666,69.211,72.388,75.565,78.742,81.919,85.096,87.546,89.99600000000002,92.446,94.896,97.346,100.2679,103.2281,106.2369,109.3045,112.4417,115.6474,118.9208,122.2736,125.7176,129.2652,132.91899999999998,136.6741,140.53109999999998,144.49149999999997,148.5575,152.7342,157.0156,161.387,165.83440000000004,170.34400000000002
,MLI,RBU,unconditional,best,KYOTOGHG,IPCM0EL,MtCO2eq,AR4,9.7445,9.6743,9.7394,9.8785,10.1195,10.3745,10.8072,11.2973,12.5029,13.4513,14.114,18.553,22.3762,25.3413,31.851999999999997,34.3837,38.1765,41.0077,46.7507,46.048,54.3495,54.6978,55.3479,57.3156,58.8089,60.3494,67.6768,70.5462,70.10113333333334,69.65606666666666,69.211,72.388,75.565,78.742,81.919,85.096,87.546,89.99600000000002,92.446,94.896,97.346,100.2679,103.2281,106.2369,109.3045,112.4417,115.6474,118.9208,122.2736,125.7176,129.2652,132.91899999999998,136.6741,140.53109999999998,144.49149999999997,148.5575,152.7342,157.0156,161.387,165.83440000000004,170.34400000000002
"No targets calculated, so the baseline emissions are put in as target pathways for all un/conditional best/worst pathways.
",MLI,baseline_emissions,conditional,worst,KYOTOGHG,IPCM0EL,MtCO2eq,AR4,9.7445,9.6743,9.7394,9.8785,10.1195,10.3745,10.8072,11.2973,12.5029,13.4513,14.114,18.553,22.3762,25.3413,31.851999999999997,34.3837,38.1765,41.0077,46.7507,46.048,54.3495,54.6978,55.3479,57.3156,58.8089,60.3494,67.6768,70.5462,70.10113333333334,69.65606666666666,69.211,72.388,75.565,78.742,81.919,85.096,87.546,89.99600000000002,92.446,94.896,97.346,100.2679,103.2281,106.2369,109.3045,112.4417,115.6474,118.9208,122.2736,125.7176,129.2652,132.91899999999998,136.6741,140.53109999999998,144.49149999999997,148.5575,152.7342,157.0156,161.387,165.83440000000004,170.34400000000002
"No targets calculated, so the baseline emissions are put in as target pathways for all un/conditional best/worst pathways.
",MLI,baseline_emissions,conditional,best,KYOTOGHG,IPCM0EL,MtCO2eq,AR4,9.7445,9.6743,9.7394,9.8785,10.1195,10.3745,10.8072,11.2973,12.5029,13.4513,14.114,18.553,22.3762,25.3413,31.851999999999997,34.3837,38.1765,41.0077,46.7507,46.048,54.3495,54.6978,55.3479,57.3156,58.8089,60.3494,67.6768,70.5462,70.10113333333334,69.65606666666666,69.211,72.388,75.565,78.742,81.919,85.096,87.546,89.99600000000002,92.446,94.896,97.346,100.2679,103.2281,106.2369,109.3045,112.4417,115.6474,118.9208,122.2736,125.7176,129.2652,132.91899999999998,136.6741,140.53109999999998,144.49149999999997,148.5575,152.7342,157.0156,161.387,165.83440000000004,170.34400000000002
"No targets calculated, so the baseline emissions are put in as target pathways for all un/conditional best/worst pathways.
",MLI,baseline_emissions,unconditional,worst,KYOTOGHG,IPCM0EL,MtCO2eq,AR4,9.7445,9.6743,9.7394,9.8785,10.1195,10.3745,10.8072,11.2973,12.5029,13.4513,14.114,18.553,22.3762,25.3413,31.851999999999997,34.3837,38.1765,41.0077,46.7507,46.048,54.3495,54.6978,55.3479,57.3156,58.8089,60.3494,67.6768,70.5462,70.10113333333334,69.65606666666666,69.211,72.388,75.565,78.742,81.919,85.096,87.546,89.99600000000002,92.446,94.896,97.346,100.2679,103.2281,106.2369,109.3045,112.4417,115.6474,118.9208,122.2736,125.7176,129.2652,132.91899999999998,136.6741,140.53109999999998,144.49149999999997,148.5575,152.7342,157.0156,161.387,165.83440000000004,170.34400000000002
"No targets calculated, so the baseline emissions are put in as target pathways for all un/conditional best/worst pathways.
",MLI,baseline_emissions,unconditional,best,KYOTOGHG,IPCM0EL,MtCO2eq,AR4,9.7445,9.6743,9.7394,9.8785,10.1195,10.3745,10.8072,11.2973,12.5029,13.4513,14.114,18.553,22.3762,25.3413,31.851999999999997,34.3837,38.1765,41.0077,46.7507,46.048,54.3495,54.6978,55.3479,57.3156,58.8089,60.3494,67.6768,70.5462,70.10113333333334,69.65606666666666,69.211,72.388,75.565,78.742,81.919,85.096,87.546,89.99600000000002,92.446,94.896,97.346,100.2679,103.2281,106.2369,109.3045,112.4417,115.6474,118.9208,122.2736,125.7176,129.2652,132.91899999999998,136.6741,140.53109999999998,144.49149999999997,148.5575,152.7342,157.0156,161.387,165.83440000000004,170.34400000000002
,MLI,,emi_bau,emi_bau,KYOTOGHG,IPCM0EL,MtCO2eq,AR4,9.7445,9.6743,9.7394,9.8785,10.1195,10.3745,10.8072,11.2973,12.5029,13.4513,14.114,18.553,22.3762,25.3413,31.851999999999997,34.3837,38.1765,41.0077,46.7507,46.048,54.3495,54.6978,55.3479,57.3156,58.8089,60.3494,67.6768,70.5462,70.10113333333334,69.65606666666666,69.211,72.388,75.565,78.742,81.919,85.096,87.546,89.99600000000002,92.446,94.896,97.346,100.2679,103.2281,106.2369,109.3045,112.4417,115.6474,118.9208,122.2736,125.7176,129.2652,132.91899999999998,136.6741,140.53109999999998,144.49149999999997,148.5575,152.7342,157.0156,161.387,165.83440000000004,170.34400000000002
,MLI,,emi_cov,emi_cov,KYOTOGHG,IPCM0EL,MtCO2eq,AR4,9.7445,9.6743,9.7394,9.8785,10.1195,10.3745,10.8072,11.2973,12.5029,13.4513,14.114,18.553,22.3762,25.3413,31.851999999999997,34.3837,38.1765,41.0077,46.7507,46.048,54.3495,54.6978,55.3479,57.3156,58.8089,60.3494,67.6768,70.5462,70.10113333333334,69.65606666666666,69.211,72.388,75.565,78.742,81.918898502359,85.096,87.54589827154801,89.99600000000002,92.446,94.896,97.346,100.2679,103.2281,106.2369,109.3045,112.4417,115.6474,118.9208,122.2736,125.7176,129.2652,132.91899999999998,136.6739999545588,140.53109999999998,144.49149999999997,148.5575,152.7342,157.0156,161.387,165.83440000000004,170.34400000000002
,MLI,,emi_ncov,emi_ncov,KYOTOGHG,IPCM0EL,MtCO2eq,AR4,0.0,0.0,0.0,0.0,0.0,0.0,0.0,0.0,0.0,0.0,0.0,0.0,0.0,0.0,0.0,0.0,0.0,0.0,0.0,0.0,0.0,0.0,0.0,0.0,0.0,0.0,0.0,0.0,0.0,0.0,0.0,0.0,0.0,0.0,0.00010149764100341885,0.0,0.00010172845199991222,0.0,0.0,0.0,0.0,0.0,0.0,0.0,0.0,0.0,0.0,0.0,0.0,0.0,0.0,0.0,0.000100045441208036,0.0,0.0,0.0,0.0,0.0,0.0,0.0,0.0
,MLI,,pc_cov,pc_cov,KYOTOGHG,IPCM0EL,MtCO2eq/MtCO2eq,AR4,1.0,1.0,1.0,1.0,1.0,1.0,1.0,1.0,1.0,1.0,1.0,1.0,1.0,1.0,1.0,1.0,1.0,1.0,1.0,1.0,1.0,1.0,1.0,1.0,1.0,1.0,1.0,1.0,1.0,1.0,1.0,1.0,1.0,1.0,0.999998761,1.0,0.999998838,1.0,1.0,1.0,1.0,1.0,1.0,1.0,1.0,1.0,1.0,1.0,1.0,1.0,1.0,1.0,0.9999992679999999,1.0,1.0,1.0,1.0,1.0,1.0,1.0,1.0
,MLT,,pop,pop,POP,DEMOGR,Pers,,362015.0,365002.0,367891.0,370775.0,373750.0,376896.0,380253.0,383760.0,387290.0,390627.0,393645.0,396328.0,398718.0,400859.0,402817.0,404653.0,406328.0,407852.0,409491.0,411552.0,414253.0,417714.0,421809.0,426151.0,430197.0,433559.0,436097.0,437933.0,440451.4888,441759.9272,442770.8492,443635.9654,444537.6865,445440.7977,446310.14700000006,447110.5837,447920.1036,448774.064,449573.245,450218.2395,450609.389,450770.1093,450814.3472,450778.0703,450697.2986,450608.1352,450412.0232,450043.9951,449590.6558,449138.625,448774.549,448458.9976,448115.9634,447777.2243,447474.4615,447239.2136,447071.7749,446952.6597,446883.6035,446866.3396,446902.5847
,MLT,,gdp,gdp,GDPPPP,ECO,2011GKD,,4838462890.625,5180587402.3438,5311068847.6563,5471662597.6563,5753600097.6563,6080186035.1563,6267823242.1875,6963690429.6875,7571310546.875,8075570800.7813,8587324218.75,8504265625.0,8864260742.1875,9257806640.625,9309975585.9375,9817331054.6875,10003733398.4375,10714058593.75,11080588867.1875,11011996093.75,11816164062.5,11987651367.1875,12321325195.3125,12843487304.6875,13738624023.4375,15333625976.5625,16305898437.5,17848572265.625,16930124150.7889,17295446817.865,17650518592.1264,18004949025.6101,18368741868.4725,18740521303.7057,19118924551.6822,19502597661.2518,19887672985.286,20271581026.4825,20654918547.5594,21038280225.4702,21422257566.8614,21811534365.5517,22206405867.663,22600848487.1526,22988797194.4896,23364147384.982,23728510646.3514,24085802974.221,24433370116.1708,24768584627.9804,25088845928.011,25394171923.2772,25688128841.2708,25973505887.722,26253151051.2701,26529971122.7802,26801825496.6499,27064949681.8601,27319844486.7599,27566987855.4799,27806835559.0022
"The target value from 'unconditional_best' was used for 'conditional_worst' in 2030.
The target value from 'unconditional_best' was used for 'conditional_best' in 2030.
",MLT,RBY,conditional,worst,KYOTOGHG,IPCM0EL,MtCO2eq,AR4,2.1516,2.3284,2.5314,2.5564,2.7279,2.7288,2.6935,2.7532,2.7588,2.8097,2.8144,2.7277,2.7298,2.9443,2.8839,2.9669,3.0259,3.1257,3.1282,2.925,2.9669,3.0407,3.2537,2.9164,2.9316,2.2451,1.9529,2.2092,2.2292,2.3164,2.4022,2.3349142946564942,2.258854804631642,2.1736331804725384,2.078936415618157,1.974496025014199,1.859616123363213,1.7339268540433848,1.5972611035679323,1.4493531300175886,1.2899152775,1.332453445234619,1.3760656154007702,1.420444930160873,1.4652461744476493,1.5100857759641233,1.5550788063993874,1.6005321235910226,1.6462922986202384,1.6922059025682445,1.738119506516251,1.7838796815454667,1.8295631421152876,1.8753616743742008,1.9215054217003926,1.9682245274720482,2.015365562770377,2.062660026987496,2.1101079201234056,2.1577859566375004,2.2057324937594784
,MLT,RBY,conditional,best,KYOTOGHG,IPCM0EL,MtCO2eq,AR4,2.1516,2.3284,2.5314,2.5564,2.7279,2.7288,2.6935,2.7532,2.7588,2.8097,2.8144,2.7277,2.7298,2.9443,2.8839,2.9669,3.0259,3.1257,3.1282,2.925,2.9669,3.0407,3.2537,2.9164,2.9316,2.2451,1.9529,2.2092,2.2292,2.3164,2.4022,2.3349142946564942,2.258854804631642,2.1736331804725384,2.078936415618157,1.974496025014199,1.859616123363213,1.7339268540433848,1.5972611035679323,1.4493531300175886,1.2899152775,1.332453445234619,1.3760656154007702,1.420444930160873,1.4652461744476493,1.5100857759641233,1.5550788063993874,1.6005321235910226,1.6462922986202384,1.6922059025682445,1.738119506516251,1.7838796815454667,1.8295631421152876,1.8753616743742008,1.9215054217003926,1.9682245274720482,2.015365562770377,2.062660026987496,2.1101079201234056,2.1577859566375004,2.2057324937594784
"The target value from 'unconditional_best' was used for 'unconditional_worst' in 2030.
",MLT,RBY,unconditional,worst,KYOTOGHG,IPCM0EL,MtCO2eq,AR4,2.1516,2.3284,2.5314,2.5564,2.7279,2.7288,2.6935,2.7532,2.7588,2.8097,2.8144,2.7277,2.7298,2.9443,2.8839,2.9669,3.0259,3.1257,3.1282,2.925,2.9669,3.0407,3.2537,2.9164,2.9316,2.2451,1.9529,2.2092,2.2292,2.3164,2.4022,2.3349142946564942,2.258854804631642,2.1736331804725384,2.078936415618157,1.974496025014199,1.859616123363213,1.7339268540433848,1.5972611035679323,1.4493531300175886,1.2899152775,1.332453445234619,1.3760656154007702,1.420444930160873,1.4652461744476493,1.5100857759641233,1.5550788063993874,1.6005321235910226,1.6462922986202384,1.6922059025682445,1.738119506516251,1.7838796815454667,1.8295631421152876,1.8753616743742008,1.9215054217003926,1.9682245274720482,2.015365562770377,2.062660026987496,2.1101079201234056,2.1577859566375004,2.2057324937594784
,MLT,RBY,unconditional,best,KYOTOGHG,IPCM0EL,MtCO2eq,AR4,2.1516,2.3284,2.5314,2.5564,2.7279,2.7288,2.6935,2.7532,2.7588,2.8097,2.8144,2.7277,2.7298,2.9443,2.8839,2.9669,3.0259,3.1257,3.1282,2.925,2.9669,3.0407,3.2537,2.9164,2.9316,2.2451,1.9529,2.2092,2.2292,2.3164,2.4022,2.3349142946564942,2.258854804631642,2.1736331804725384,2.078936415618157,1.974496025014199,1.859616123363213,1.7339268540433848,1.5972611035679323,1.4493531300175886,1.2899152775,1.332453445234619,1.3760656154007702,1.420444930160873,1.4652461744476493,1.5100857759641233,1.5550788063993874,1.6005321235910226,1.6462922986202384,1.6922059025682445,1.738119506516251,1.7838796815454667,1.8295631421152876,1.8753616743742008,1.9215054217003926,1.9682245274720482,2.015365562770377,2.062660026987496,2.1101079201234056,2.1577859566375004,2.2057324937594784
"No targets calculated, so the baseline emissions are put in as target pathways for all un/conditional best/worst pathways.
",MLT,baseline_emissions,conditional,worst,KYOTOGHG,IPCM0EL,MtCO2eq,AR4,2.1516,2.3284,2.5314,2.5564,2.7279,2.7288,2.6935,2.7532,2.7588,2.8097,2.8144,2.7277,2.7298,2.9443,2.8839,2.9669,3.0259,3.1257,3.1282,2.925,2.9669,3.0407,3.2537,2.9164,2.9316,2.2451,1.9529,2.2092,2.2292,2.3164,2.4022,2.4883,2.5765,2.6668,2.7593,2.8542,2.9511,3.05,3.1513,3.2554,3.3629,3.4738,3.5875,3.7032,3.82,3.9369,4.0542,4.1727,4.292,4.4117,4.5314,4.6507,4.7698,4.8892,5.0095,5.1313,5.2542,5.3775,5.5012,5.6255,5.7505
"No targets calculated, so the baseline emissions are put in as target pathways for all un/conditional best/worst pathways.
",MLT,baseline_emissions,conditional,best,KYOTOGHG,IPCM0EL,MtCO2eq,AR4,2.1516,2.3284,2.5314,2.5564,2.7279,2.7288,2.6935,2.7532,2.7588,2.8097,2.8144,2.7277,2.7298,2.9443,2.8839,2.9669,3.0259,3.1257,3.1282,2.925,2.9669,3.0407,3.2537,2.9164,2.9316,2.2451,1.9529,2.2092,2.2292,2.3164,2.4022,2.4883,2.5765,2.6668,2.7593,2.8542,2.9511,3.05,3.1513,3.2554,3.3629,3.4738,3.5875,3.7032,3.82,3.9369,4.0542,4.1727,4.292,4.4117,4.5314,4.6507,4.7698,4.8892,5.0095,5.1313,5.2542,5.3775,5.5012,5.6255,5.7505
"No targets calculated, so the baseline emissions are put in as target pathways for all un/conditional best/worst pathways.
",MLT,baseline_emissions,unconditional,worst,KYOTOGHG,IPCM0EL,MtCO2eq,AR4,2.1516,2.3284,2.5314,2.5564,2.7279,2.7288,2.6935,2.7532,2.7588,2.8097,2.8144,2.7277,2.7298,2.9443,2.8839,2.9669,3.0259,3.1257,3.1282,2.925,2.9669,3.0407,3.2537,2.9164,2.9316,2.2451,1.9529,2.2092,2.2292,2.3164,2.4022,2.4883,2.5765,2.6668,2.7593,2.8542,2.9511,3.05,3.1513,3.2554,3.3629,3.4738,3.5875,3.7032,3.82,3.9369,4.0542,4.1727,4.292,4.4117,4.5314,4.6507,4.7698,4.8892,5.0095,5.1313,5.2542,5.3775,5.5012,5.6255,5.7505
"No targets calculated, so the baseline emissions are put in as target pathways for all un/conditional best/worst pathways.
",MLT,baseline_emissions,unconditional,best,KYOTOGHG,IPCM0EL,MtCO2eq,AR4,2.1516,2.3284,2.5314,2.5564,2.7279,2.7288,2.6935,2.7532,2.7588,2.8097,2.8144,2.7277,2.7298,2.9443,2.8839,2.9669,3.0259,3.1257,3.1282,2.925,2.9669,3.0407,3.2537,2.9164,2.9316,2.2451,1.9529,2.2092,2.2292,2.3164,2.4022,2.4883,2.5765,2.6668,2.7593,2.8542,2.9511,3.05,3.1513,3.2554,3.3629,3.4738,3.5875,3.7032,3.82,3.9369,4.0542,4.1727,4.292,4.4117,4.5314,4.6507,4.7698,4.8892,5.0095,5.1313,5.2542,5.3775,5.5012,5.6255,5.7505
,MLT,,emi_bau,emi_bau,KYOTOGHG,IPCM0EL,MtCO2eq,AR4,2.1516,2.3284,2.5314,2.5564,2.7279,2.7288,2.6935,2.7532,2.7588,2.8097,2.8144,2.7277,2.7298,2.9443,2.8839,2.9669,3.0259,3.1257,3.1282,2.925,2.9669,3.0407,3.2537,2.9164,2.9316,2.2451,1.9529,2.2092,2.2292,2.3164,2.4022,2.4883,2.5765,2.6668,2.7593,2.8542,2.9511,3.05,3.1513,3.2554,3.3629,3.4738,3.5875,3.7032,3.82,3.9369,4.0542,4.1727,4.292,4.4117,4.5314,4.6507,4.7698,4.8892,5.0095,5.1313,5.2542,5.3775,5.5012,5.6255,5.7505
,MLT,,emi_cov,emi_cov,KYOTOGHG,IPCM0EL,MtCO2eq,AR4,2.1516,2.3284,2.5314,2.5564,2.7279,2.7288,2.6935,2.7532,2.7588,2.8097,2.8144,2.7277,2.7298,2.9443,2.8839,2.9669,3.0259,3.1257,3.1282,2.925,2.9669,3.0407,3.2537,2.9164,2.9316,2.2451,1.9529,2.2092,2.2292,2.3164,2.4022,2.4883,2.5765,2.6668,2.7593,2.8542,2.9511,3.05,3.1513,3.2554,3.3629,3.4738,3.5875,3.7032,3.82,3.9369,4.0542,4.1727,4.292,4.4117,4.5314,4.6507,4.7698,4.8892,5.0095,5.1313,5.2542,5.3775,5.5012,5.6255,5.7505
,MLT,,emi_ncov,emi_ncov,KYOTOGHG,IPCM0EL,MtCO2eq,AR4,0.0,0.0,0.0,0.0,0.0,0.0,0.0,0.0,0.0,0.0,0.0,0.0,0.0,0.0,0.0,0.0,0.0,0.0,0.0,0.0,0.0,0.0,0.0,0.0,0.0,0.0,0.0,0.0,0.0,0.0,0.0,0.0,0.0,0.0,0.0,0.0,0.0,0.0,0.0,0.0,0.0,0.0,0.0,0.0,0.0,0.0,0.0,0.0,0.0,0.0,0.0,0.0,0.0,0.0,0.0,0.0,0.0,0.0,0.0,0.0,0.0
,MLT,,pc_cov,pc_cov,KYOTOGHG,IPCM0EL,MtCO2eq/MtCO2eq,AR4,1.0,1.0,1.0,1.0,1.0,1.0,1.0,1.0,1.0,1.0,1.0,1.0,1.0,1.0,1.0,1.0,1.0,1.0,1.0,1.0,1.0,1.0,1.0,1.0,1.0,1.0,1.0,1.0,1.0,1.0,1.0,1.0,1.0,1.0,1.0,1.0,1.0,1.0,1.0,1.0,1.0,1.0,1.0,1.0,1.0,1.0,1.0,1.0,1.0,1.0,1.0,1.0,1.0,1.0,1.0,1.0,1.0,1.0,1.0,1.0,1.0
,MMR,,pop,pop,POP,DEMOGR,Pers,,41335199.0,41890197.0,42401684.0,42890002.0,43383428.0,43901598.0,44452206.0,45027233.0,45611220.0,46181077.0,46719701.0,47225120.0,47702171.0,48148902.0,48564484.0,48949924.0,49301050.0,49621475.0,49929642.0,50250367.0,50600818.0,50990617.0,51413704.0,51852468.0,52280824.0,52680726.0,53045201.0,53382523.0,53699585.3521,53992340.6603,54285046.7875,54581730.6826,54882122.8771,55182970.9043,55480988.931,55772858.325,56059043.3334,56335015.1119,56589935.5757,56812969.3161,56993293.9657,57148638.3641,57298864.1637,57436431.2672,57553881.6552,57643839.9286,57722110.5238,57801419.9141,57869881.1513,57915650.9146,57926929.994,57918340.7946,57911621.7654,57905704.0358,57899542.2865,57892113.2602,57878016.8663,57854309.1727,57823647.6184,57788663.0896,57751959.9163
,MMR,,gdp,gdp,GDPPPP,ECO,2011GKD,,31328162109.375,30355224609.375,32834792968.75,35132402343.75,36713898437.5,39652078125.0,40668167968.75,41682953125.0,43343855468.75,46469007812.5,50526570312.5,54915457031.25,59807257812.5,67101835937.5,76227765625.0,91056109375.0,103945507812.5,116110500000.0,128058226562.5,141886421875.0,177311468750.0,196422937500.0,217480546875.0,242642015625.0,264176218750.0,268446250000.0,272990812500.0,299911312500.0,324165821250.3214,341185234247.9846,357545028098.7664,373751231482.2282,390386591234.3336,407257383446.6657,424166316926.7908,440913752828.819,457323540224.5703,473106284352.5112,487890262635.8513,501303025075.8122,512972217913.2548,523206717329.6197,532631846810.1502,541352357909.8976,549475654604.3663,557111719587.2458,564247030176.6808,570868209495.0292,577085492922.7592,583006753334.1981,588737607468.8945,594218116701.6764,599373450306.4661,604282876080.9918,609022490583.1682,613665583544.5259,618089214715.6937,622188801501.772,626061773231.6298,629803421756.2102,633507172311.5908
"No targets calculated, so the baseline emissions are put in as target pathways for all un/conditional best/worst pathways.
",MMR,baseline_emissions,conditional,worst,KYOTOGHG,IPCM0EL,MtCO2eq,AR4,63.6897,62.832,66.1429,68.1216,70.5654,73.1007,72.5896,72.0118,73.6574,78.7791,81.8524,81.1978,82.4535,86.3452,92.0443,94.0148,99.2881,102.0291,99.3915,101.3894,105.4253,105.5851,102.9193,107.035,118.2528,121.5147,125.9906,129.9725,130.2268,132.9252,135.583,138.2138,140.8707,143.5593,146.2779,149.0195,151.7756,154.5,157.1254,159.5847,161.8097,163.821,165.6989,167.4656,169.1443,170.7595,172.3007,173.75799999999995,175.1579,176.5267,177.8903,179.2235,180.4982,181.7352,182.9541,184.1732,185.3463,186.4341,187.4638,188.4619,189.4539
"No targets calculated, so the baseline emissions are put in as target pathways for all un/conditional best/worst pathways.
",MMR,baseline_emissions,conditional,best,KYOTOGHG,IPCM0EL,MtCO2eq,AR4,63.6897,62.832,66.1429,68.1216,70.5654,73.1007,72.5896,72.0118,73.6574,78.7791,81.8524,81.1978,82.4535,86.3452,92.0443,94.0148,99.2881,102.0291,99.3915,101.3894,105.4253,105.5851,102.9193,107.035,118.2528,121.5147,125.9906,129.9725,130.2268,132.9252,135.583,138.2138,140.8707,143.5593,146.2779,149.0195,151.7756,154.5,157.1254,159.5847,161.8097,163.821,165.6989,167.4656,169.1443,170.7595,172.3007,173.75799999999995,175.1579,176.5267,177.8903,179.2235,180.4982,181.7352,182.9541,184.1732,185.3463,186.4341,187.4638,188.4619,189.4539
"No targets calculated, so the baseline emissions are put in as target pathways for all un/conditional best/worst pathways.
",MMR,baseline_emissions,unconditional,worst,KYOTOGHG,IPCM0EL,MtCO2eq,AR4,63.6897,62.832,66.1429,68.1216,70.5654,73.1007,72.5896,72.0118,73.6574,78.7791,81.8524,81.1978,82.4535,86.3452,92.0443,94.0148,99.2881,102.0291,99.3915,101.3894,105.4253,105.5851,102.9193,107.035,118.2528,121.5147,125.9906,129.9725,130.2268,132.9252,135.583,138.2138,140.8707,143.5593,146.2779,149.0195,151.7756,154.5,157.1254,159.5847,161.8097,163.821,165.6989,167.4656,169.1443,170.7595,172.3007,173.75799999999995,175.1579,176.5267,177.8903,179.2235,180.4982,181.7352,182.9541,184.1732,185.3463,186.4341,187.4638,188.4619,189.4539
"No targets calculated, so the baseline emissions are put in as target pathways for all un/conditional best/worst pathways.
",MMR,baseline_emissions,unconditional,best,KYOTOGHG,IPCM0EL,MtCO2eq,AR4,63.6897,62.832,66.1429,68.1216,70.5654,73.1007,72.5896,72.0118,73.6574,78.7791,81.8524,81.1978,82.4535,86.3452,92.0443,94.0148,99.2881,102.0291,99.3915,101.3894,105.4253,105.5851,102.9193,107.035,118.2528,121.5147,125.9906,129.9725,130.2268,132.9252,135.583,138.2138,140.8707,143.5593,146.2779,149.0195,151.7756,154.5,157.1254,159.5847,161.8097,163.821,165.6989,167.4656,169.1443,170.7595,172.3007,173.75799999999995,175.1579,176.5267,177.8903,179.2235,180.4982,181.7352,182.9541,184.1732,185.3463,186.4341,187.4638,188.4619,189.4539
,MMR,,emi_bau,emi_bau,KYOTOGHG,IPCM0EL,MtCO2eq,AR4,63.6897,62.832,66.1429,68.1216,70.5654,73.1007,72.5896,72.0118,73.6574,78.7791,81.8524,81.1978,82.4535,86.3452,92.0443,94.0148,99.2881,102.0291,99.3915,101.3894,105.4253,105.5851,102.9193,107.035,118.2528,121.5147,125.9906,129.9725,130.2268,132.9252,135.583,138.2138,140.8707,143.5593,146.2779,149.0195,151.7756,154.5,157.1254,159.5847,161.8097,163.821,165.6989,167.4656,169.1443,170.7595,172.3007,173.75799999999995,175.1579,176.5267,177.8903,179.2235,180.4982,181.7352,182.9541,184.1732,185.3463,186.4341,187.4638,188.4619,189.4539
,MMR,,emi_cov,emi_cov,KYOTOGHG,IPCM0EL,MtCO2eq,AR4,10.3089226686621,9.901474214016,10.763475919312798,10.5568701574656,11.1662521014348,11.837631373265701,11.9502311626928,12.453984399211599,13.211338210512999,14.352954165410102,16.017828511330798,14.7834372542704,15.379750976899501,16.7975734490096,19.9768988053771,19.682892742792397,21.084357637725397,21.4855064243322,18.108499865800496,18.289867061619997,20.8388662007268,22.6279447871169,19.140649003440803,21.924362984545,30.855686548608,32.0740637697963,35.3195278565062,36.3577716356225,37.6150382555772,39.37879460850479,41.11601359601401,42.835584536507795,44.572215245846394,46.329566113949404,48.1065257532609,49.8985189715565,51.6999898335376,53.4807406245,55.1967819437596,56.80425519361229,58.25858298648309,59.57322979251,60.8006824583882,61.9554512935776,63.052700804511595,64.108444679438,65.1158198941536,66.06835550491799,66.983372656932,67.8780620418229,68.76935250312751,69.6407726999345,70.4739552851258,71.2824961773888,72.0792063444201,72.8760471326392,73.64282095865761,74.3538401619912,75.02688351254238,75.6792720495966,76.3276733707074
,MMR,,emi_ncov,emi_ncov,KYOTOGHG,IPCM0EL,MtCO2eq,AR4,53.3807773313379,52.930525785984,55.3794240806872,57.5647298425344,59.3991478985652,61.2630686267343,60.63936883730721,59.557815600788395,60.44606178948699,64.42614583458989,65.8345714886692,66.4143627457296,67.0737490231005,69.54762655099042,72.0674011946229,74.33190725720759,78.20374236227461,80.5435935756678,81.2830001341995,83.09953293838,84.5864337992732,82.9571552128831,83.77865099655921,85.110637015455,87.39711345139199,89.44063623020371,90.6710721434938,93.6147283643775,92.61176174442281,93.54640539149518,94.466986403986,95.37821546349218,96.2984847541536,97.22973388605061,98.17137424673908,99.1209810284435,100.0756101664624,101.0192593755,101.9286180562404,102.7804448063877,103.55111701351689,104.24777020749,104.89821754161181,105.51014870642238,106.0915991954884,106.65105532056201,107.1848801058464,107.68964449508195,108.17452734306801,108.64863795817709,109.12094749687249,109.5827273000655,110.0242447148742,110.4527038226112,110.87489365557991,111.29715286736081,111.70347904134239,112.08025983800879,112.43691648745761,112.78262795040341,113.12622662929262
,MMR,,pc_cov,pc_cov,KYOTOGHG,IPCM0EL,MtCO2eq/MtCO2eq,AR4,0.161861693,0.157586488,0.162730632,0.154970966,0.158239762,0.161935951,0.164627318,0.172943662,0.179361995,0.18219241100000003,0.19569161699999998,0.182066968,0.186526357,0.194539748,0.217035697,0.209359513,0.21235533399999998,0.210582142,0.182193647,0.18039229999999998,0.19766475600000002,0.214310019,0.185977256,0.20483358699999998,0.26092986,0.263952129,0.280334627,0.279734341,0.28884252899999996,0.29624777399999996,0.30325345800000003,0.309922631,0.31640515199999997,0.322720758,0.328870771,0.334845567,0.340634396,0.346153661,0.351291274,0.35595050899999997,0.360043823,0.36364831,0.366934738,0.36995927100000003,0.372774612,0.37543120399999996,0.377919648,0.38023202100000003,0.38241708,0.384520087,0.386582925,0.388569427,0.390441319,0.39223274399999997,0.393974261,0.395693006,0.397325552,0.398821032,0.40022064799999996,0.401562714,0.402882566
,MNE,,pop,pop,POP,DEMOGR,Pers,,615002.0,615744.0,617173.0,618853.0,620087.0,620418.0,619707.0,618219.0,616339.0,614651.0,613559.0,613171.0,613371.0,614079.0,615130.0,616391.0,617860.0,619555.0,621320.0,622939.0,624275.0,625270.0,625925.0,626345.0,626645.0,626956.0,627264.0,627563.0,630959.1617,633074.0651,634871.9153,636516.5328,638236.6791,640029.676,641892.9121,643823.8355,645825.8539,647877.8343,649940.3608,651973.8520000001,653938.519,655726.5236,657293.6507,658695.8284,659989.5654,661231.9559,662417.4265,663529.5044,664609.5986,665699.3893,666840.8406,668006.8377,669143.2006,670251.2848,671332.1014,672386.2874,673472.4053,674642.1881,675885.7208,677193.0426,678554.1163
,MNE,,gdp,gdp,GDPPPP,ECO,2011GKD,,5753086914.0625,5128069824.2188,3925774902.3438,2490667968.75,2514552246.0938,2882073242.1875,3675710937.5,3875494140.625,4093489746.0938,3764564941.4063,4126932128.9063,4567221191.4063,4493267578.125,4541557617.1875,4772457031.25,5205280761.7188,6029301757.8125,7356935546.875,7941183105.4688,7861673828.125,8449953125.0,8808748046.875,8278157226.5625,8656034179.6875,8830023437.5,9360451171.875,10103988281.25,10747043945.3125,10410608185.2946,10659851010.5745,10902288749.2062,11146072604.297,11399443339.0634,11658336258.9481,11918700994.4991,12176488169.7053,12431311979.3113,12683837303.9238,12931583537.2599,13172068870.3325,13402811141.4766,13624752684.9249,13840490993.3973,14050011993.3618,14253283394.3283,14450256404.8426,14641208951.4234,14826222854.1289,15004951594.6949,15177058768.8281,15342217474.6252,15499370825.5817,15649746642.3922,15796468247.7902,15942679522.4677,16091549489.1681,16239667894.7298,16383436710.9498,16525760332.9259,16669531958.9075,16817631313.4318
"The target value from 'unconditional_best' was used for 'conditional_worst' in 2030.
The target value from 'unconditional_best' was used for 'conditional_best' in 2030.
",MNE,ABS,conditional,worst,KYOTOGHG,IPCM0EL,MtCO2eq,AR4,6.3354,7.095,5.2427,3.5905,2.7287,2.412,3.4338,4.8781,5.2019,5.4508,6.0938,5.8478,6.5143,6.0283,5.8605,5.271,5.7001,5.8542,5.5804,4.2287,5.0343,5.3643,4.8696,4.4686,4.4385,4.6834,4.5574,4.6184,4.3162,4.4102,4.4971,4.453764760732193,4.408594520229367,4.360229633162123,4.307267298735209,4.24871954875873,4.184803188004199,4.116194981480505,4.042550945092697,3.96327273609896,3.878211597442935,3.940340734413294,4.00110202248164,4.060711437790398,4.119168980339565,4.176618634224092,4.233132391491453,4.288926228284069,4.344000144601943,4.398210156350125,4.451700247623562,4.503822489994988,4.554576883464401,4.604899324648967,4.655725710165855,4.7079919366322285,4.760834099478397,4.813172317992246,4.865870496743466,4.91979254030175,4.97580235323679
,MNE,ABS,conditional,best,KYOTOGHG,IPCM0EL,MtCO2eq,AR4,6.3354,7.095,5.2427,3.5905,2.7287,2.412,3.4338,4.8781,5.2019,5.4508,6.0938,5.8478,6.5143,6.0283,5.8605,5.271,5.7001,5.8542,5.5804,4.2287,5.0343,5.3643,4.8696,4.4686,4.4385,4.6834,4.5574,4.6184,4.3162,4.4102,4.4971,4.453764760732193,4.408594520229367,4.360229633162123,4.307267298735209,4.24871954875873,4.184803188004199,4.116194981480505,4.042550945092697,3.96327273609896,3.878211597442935,3.940340734413294,4.00110202248164,4.060711437790398,4.119168980339565,4.176618634224092,4.233132391491453,4.288926228284069,4.344000144601943,4.398210156350125,4.451700247623562,4.503822489994988,4.554576883464401,4.604899324648967,4.655725710165855,4.7079919366322285,4.760834099478397,4.813172317992246,4.865870496743466,4.91979254030175,4.97580235323679
"The target value from 'unconditional_best' was used for 'unconditional_worst' in 2030.
",MNE,ABS,unconditional,worst,KYOTOGHG,IPCM0EL,MtCO2eq,AR4,6.3354,7.095,5.2427,3.5905,2.7287,2.412,3.4338,4.8781,5.2019,5.4508,6.0938,5.8478,6.5143,6.0283,5.8605,5.271,5.7001,5.8542,5.5804,4.2287,5.0343,5.3643,4.8696,4.4686,4.4385,4.6834,4.5574,4.6184,4.3162,4.4102,4.4971,4.453764760732193,4.408594520229367,4.360229633162123,4.307267298735209,4.24871954875873,4.184803188004199,4.116194981480505,4.042550945092697,3.96327273609896,3.878211597442935,3.940340734413294,4.00110202248164,4.060711437790398,4.119168980339565,4.176618634224092,4.233132391491453,4.288926228284069,4.344000144601943,4.398210156350125,4.451700247623562,4.503822489994988,4.554576883464401,4.604899324648967,4.655725710165855,4.7079919366322285,4.760834099478397,4.813172317992246,4.865870496743466,4.91979254030175,4.97580235323679
,MNE,ABS,unconditional,best,KYOTOGHG,IPCM0EL,MtCO2eq,AR4,6.3354,7.095,5.2427,3.5905,2.7287,2.412,3.4338,4.8781,5.2019,5.4508,6.0938,5.8478,6.5143,6.0283,5.8605,5.271,5.7001,5.8542,5.5804,4.2287,5.0343,5.3643,4.8696,4.4686,4.4385,4.6834,4.5574,4.6184,4.3162,4.4102,4.4971,4.453764760732193,4.408594520229367,4.360229633162123,4.307267298735209,4.24871954875873,4.184803188004199,4.116194981480505,4.042550945092697,3.96327273609896,3.878211597442935,3.940340734413294,4.00110202248164,4.060711437790398,4.119168980339565,4.176618634224092,4.233132391491453,4.288926228284069,4.344000144601943,4.398210156350125,4.451700247623562,4.503822489994988,4.554576883464401,4.604899324648967,4.655725710165855,4.7079919366322285,4.760834099478397,4.813172317992246,4.865870496743466,4.91979254030175,4.97580235323679
"The target value from 'unconditional_best' was used for 'conditional_worst' in 2030.
The target value from 'unconditional_best' was used for 'conditional_best' in 2030.
",MNE,RBY,conditional,worst,KYOTOGHG,IPCM0EL,MtCO2eq,AR4,6.3354,7.095,5.2427,3.5905,2.7287,2.412,3.4338,4.8781,5.2019,5.4508,6.0938,5.8478,6.5143,6.0283,5.8605,5.271,5.7001,5.8542,5.5804,4.2287,5.0343,5.3643,4.8696,4.4686,4.4385,4.6834,4.5574,4.6184,4.3162,4.4102,4.4971,4.501105619788379,4.505096682977539,4.507772434898831,4.50773110792649,4.503943407091145,4.496619938147392,4.486482925561537,4.473167721848895,4.456001596064599,4.43478,4.50582538964173,4.575306628178948,4.643470686838685,4.710317565620939,4.776011912010395,4.8406360497493965,4.90443695006497,4.967414612957119,5.0294043909411545,5.090570931501763,5.150173320957862,5.208211559309449,5.265755855206979,5.32387641730091,5.383643454241692,5.444069081121217,5.503918441804343,5.564179421199182,5.625839904213848,5.68988777575645
,MNE,RBY,conditional,best,KYOTOGHG,IPCM0EL,MtCO2eq,AR4,6.3354,7.095,5.2427,3.5905,2.7287,2.412,3.4338,4.8781,5.2019,5.4508,6.0938,5.8478,6.5143,6.0283,5.8605,5.271,5.7001,5.8542,5.5804,4.2287,5.0343,5.3643,4.8696,4.4686,4.4385,4.6834,4.5574,4.6184,4.3162,4.4102,4.4971,4.501105619788379,4.505096682977539,4.507772434898831,4.50773110792649,4.503943407091145,4.496619938147392,4.486482925561537,4.473167721848895,4.456001596064599,4.43478,4.50582538964173,4.575306628178948,4.643470686838685,4.710317565620939,4.776011912010395,4.8406360497493965,4.90443695006497,4.967414612957119,5.0294043909411545,5.090570931501763,5.150173320957862,5.208211559309449,5.265755855206979,5.32387641730091,5.383643454241692,5.444069081121217,5.503918441804343,5.564179421199182,5.625839904213848,5.68988777575645
"The target value from 'unconditional_best' was used for 'unconditional_worst' in 2030.
",MNE,RBY,unconditional,worst,KYOTOGHG,IPCM0EL,MtCO2eq,AR4,6.3354,7.095,5.2427,3.5905,2.7287,2.412,3.4338,4.8781,5.2019,5.4508,6.0938,5.8478,6.5143,6.0283,5.8605,5.271,5.7001,5.8542,5.5804,4.2287,5.0343,5.3643,4.8696,4.4686,4.4385,4.6834,4.5574,4.6184,4.3162,4.4102,4.4971,4.501105619788379,4.505096682977539,4.507772434898831,4.50773110792649,4.503943407091145,4.496619938147392,4.486482925561537,4.473167721848895,4.456001596064599,4.43478,4.50582538964173,4.575306628178948,4.643470686838685,4.710317565620939,4.776011912010395,4.8406360497493965,4.90443695006497,4.967414612957119,5.0294043909411545,5.090570931501763,5.150173320957862,5.208211559309449,5.265755855206979,5.32387641730091,5.383643454241692,5.444069081121217,5.503918441804343,5.564179421199182,5.625839904213848,5.68988777575645
,MNE,RBY,unconditional,best,KYOTOGHG,IPCM0EL,MtCO2eq,AR4,6.3354,7.095,5.2427,3.5905,2.7287,2.412,3.4338,4.8781,5.2019,5.4508,6.0938,5.8478,6.5143,6.0283,5.8605,5.271,5.7001,5.8542,5.5804,4.2287,5.0343,5.3643,4.8696,4.4686,4.4385,4.6834,4.5574,4.6184,4.3162,4.4102,4.4971,4.501105619788379,4.505096682977539,4.507772434898831,4.50773110792649,4.503943407091145,4.496619938147392,4.486482925561537,4.473167721848895,4.456001596064599,4.43478,4.50582538964173,4.575306628178948,4.643470686838685,4.710317565620939,4.776011912010395,4.8406360497493965,4.90443695006497,4.967414612957119,5.0294043909411545,5.090570931501763,5.150173320957862,5.208211559309449,5.265755855206979,5.32387641730091,5.383643454241692,5.444069081121217,5.503918441804343,5.564179421199182,5.625839904213848,5.68988777575645
"No targets calculated, so the baseline emissions are put in as target pathways for all un/conditional best/worst pathways.
",MNE,baseline_emissions,conditional,worst,KYOTOGHG,IPCM0EL,MtCO2eq,AR4,6.3354,7.095,5.2427,3.5905,2.7287,2.412,3.4338,4.8781,5.2019,5.4508,6.0938,5.8478,6.5143,6.0283,5.8605,5.271,5.7001,5.8542,5.5804,4.2287,5.0343,5.3643,4.8696,4.4686,4.4385,4.6834,4.5574,4.6184,4.3162,4.4102,4.4971,4.5821,4.6702,4.7602,4.8507,4.9406,5.0301,5.12,5.2099,5.2989999999999995,5.3870000000000005,5.4733,5.5577,5.6405,5.7217,5.8015,5.88,5.9575,6.034,6.1093,6.1836,6.256,6.3265,6.3964,6.4670000000000005,6.5396,6.6129999999999995,6.6857,6.7589,6.8338,6.9116
"No targets calculated, so the baseline emissions are put in as target pathways for all un/conditional best/worst pathways.
",MNE,baseline_emissions,conditional,best,KYOTOGHG,IPCM0EL,MtCO2eq,AR4,6.3354,7.095,5.2427,3.5905,2.7287,2.412,3.4338,4.8781,5.2019,5.4508,6.0938,5.8478,6.5143,6.0283,5.8605,5.271,5.7001,5.8542,5.5804,4.2287,5.0343,5.3643,4.8696,4.4686,4.4385,4.6834,4.5574,4.6184,4.3162,4.4102,4.4971,4.5821,4.6702,4.7602,4.8507,4.9406,5.0301,5.12,5.2099,5.2989999999999995,5.3870000000000005,5.4733,5.5577,5.6405,5.7217,5.8015,5.88,5.9575,6.034,6.1093,6.1836,6.256,6.3265,6.3964,6.4670000000000005,6.5396,6.6129999999999995,6.6857,6.7589,6.8338,6.9116
"No targets calculated, so the baseline emissions are put in as target pathways for all un/conditional best/worst pathways.
",MNE,baseline_emissions,unconditional,worst,KYOTOGHG,IPCM0EL,MtCO2eq,AR4,6.3354,7.095,5.2427,3.5905,2.7287,2.412,3.4338,4.8781,5.2019,5.4508,6.0938,5.8478,6.5143,6.0283,5.8605,5.271,5.7001,5.8542,5.5804,4.2287,5.0343,5.3643,4.8696,4.4686,4.4385,4.6834,4.5574,4.6184,4.3162,4.4102,4.4971,4.5821,4.6702,4.7602,4.8507,4.9406,5.0301,5.12,5.2099,5.2989999999999995,5.3870000000000005,5.4733,5.5577,5.6405,5.7217,5.8015,5.88,5.9575,6.034,6.1093,6.1836,6.256,6.3265,6.3964,6.4670000000000005,6.5396,6.6129999999999995,6.6857,6.7589,6.8338,6.9116
"No targets calculated, so the baseline emissions are put in as target pathways for all un/conditional best/worst pathways.
",MNE,baseline_emissions,unconditional,best,KYOTOGHG,IPCM0EL,MtCO2eq,AR4,6.3354,7.095,5.2427,3.5905,2.7287,2.412,3.4338,4.8781,5.2019,5.4508,6.0938,5.8478,6.5143,6.0283,5.8605,5.271,5.7001,5.8542,5.5804,4.2287,5.0343,5.3643,4.8696,4.4686,4.4385,4.6834,4.5574,4.6184,4.3162,4.4102,4.4971,4.5821,4.6702,4.7602,4.8507,4.9406,5.0301,5.12,5.2099,5.2989999999999995,5.3870000000000005,5.4733,5.5577,5.6405,5.7217,5.8015,5.88,5.9575,6.034,6.1093,6.1836,6.256,6.3265,6.3964,6.4670000000000005,6.5396,6.6129999999999995,6.6857,6.7589,6.8338,6.9116
,MNE,,emi_bau,emi_bau,KYOTOGHG,IPCM0EL,MtCO2eq,AR4,6.3354,7.095,5.2427,3.5905,2.7287,2.412,3.4338,4.8781,5.2019,5.4508,6.0938,5.8478,6.5143,6.0283,5.8605,5.271,5.7001,5.8542,5.5804,4.2287,5.0343,5.3643,4.8696,4.4686,4.4385,4.6834,4.5574,4.6184,4.3162,4.4102,4.4971,4.5821,4.6702,4.7602,4.8507,4.9406,5.0301,5.12,5.2099,5.2989999999999995,5.3870000000000005,5.4733,5.5577,5.6405,5.7217,5.8015,5.88,5.9575,6.034,6.1093,6.1836,6.256,6.3265,6.3964,6.4670000000000005,6.5396,6.6129999999999995,6.6857,6.7589,6.8338,6.9116
,MNE,,emi_cov,emi_cov,KYOTOGHG,IPCM0EL,MtCO2eq,AR4,6.3354,7.095,5.2427,3.5905,2.7287,2.412,3.4338,4.8781,5.2019,5.4508,6.0938,5.8478,6.5143,6.0283,5.8605,5.271,5.7001,5.8542,5.5804,4.2287,5.0343,5.3643,4.8696,4.4686,4.4385,4.6834,4.5574,4.6184,4.3162,4.4102,4.4971,4.5821,4.6702,4.7602,4.8507,4.9406,5.0301,5.12,5.2099,5.2989999999999995,5.3870000000000005,5.4733,5.5577,5.6405,5.7217,5.8015,5.88,5.9575,6.034,6.1093,6.1836,6.256,6.3265,6.3964,6.4670000000000005,6.5396,6.6129999999999995,6.6857,6.7589,6.8338,6.9116
,MNE,,emi_ncov,emi_ncov,KYOTOGHG,IPCM0EL,MtCO2eq,AR4,0.0,0.0,0.0,0.0,0.0,0.0,0.0,0.0,0.0,0.0,0.0,0.0,0.0,0.0,0.0,0.0,0.0,0.0,0.0,0.0,0.0,0.0,0.0,0.0,0.0,0.0,0.0,0.0,0.0,0.0,0.0,0.0,0.0,0.0,0.0,0.0,0.0,0.0,0.0,0.0,0.0,0.0,0.0,0.0,0.0,0.0,0.0,0.0,0.0,0.0,0.0,0.0,0.0,0.0,0.0,0.0,0.0,0.0,0.0,0.0,0.0
,MNE,,pc_cov,pc_cov,KYOTOGHG,IPCM0EL,MtCO2eq/MtCO2eq,AR4,1.0,1.0,1.0,1.0,1.0,1.0,1.0,1.0,1.0,1.0,1.0,1.0,1.0,1.0,1.0,1.0,1.0,1.0,1.0,1.0,1.0,1.0,1.0,1.0,1.0,1.0,1.0,1.0,1.0,1.0,1.0,1.0,1.0,1.0,1.0,1.0,1.0,1.0,1.0,1.0,1.0,1.0,1.0,1.0,1.0,1.0,1.0,1.0,1.0,1.0,1.0,1.0,1.0,1.0,1.0,1.0,1.0,1.0,1.0,1.0,1.0
,MNG,,pop,pop,POP,DEMOGR,Pers,,2184145.0,2217917.0,2243495.0,2263186.0,2280479.0,2298020.0,2316568.0,2335734.0,2355664.0,2376225.0,2397418.0,2419588.0,2443271.0,2468762.0,2496391.0,2526424.0,2558856.0,2593820.0,2631898.0,2673796.0,2719896.0,2770361.0,2824698.0,2881791.0,2940108.0,2998439.0,3056364.0,3113786.0,3146124.4734,3189911.125,3232569.2402,3274263.3978,3315356.347,3355841.6918,3395714.5933,3434971.5923,3473027.9115,3509474.8321,3544574.8912,3578591.3169,3611787.4395,3644480.1871,3676920.9962,3709273.0444,3741697.1527,3774351.4737,3807484.5279,3841143.6328,3875182.0568,3909451.7316,3943803.0251,3978601.3242,4014016.9727,4049606.0201,4084923.7004,4119524.3853,4153533.9696,4187171.6769,4220132.225,4252111.6768,4282807.4449
,MNG,,gdp,gdp,GDPPPP,ECO,2011GKD,,6797014160.1563,4998169433.5938,4746212890.625,3901010742.1875,4188589843.75,5435359375.0,4986610839.8438,5257245117.1875,5028167968.75,5326595214.8438,6189021972.6563,6914934570.3125,7651731933.5938,8561996093.75,10267924804.6875,12489798828.125,15244732421.875,16985335937.5,17543876953.125,16626480468.75,19797669921.875,23943390625.0,27529917968.75,30113353515.625,33376851562.5,33612015625.0,35410453125.0,36353964843.75,41431242271.7399,44867095123.7077,48220801200.2587,51534237449.912994,54895497582.1438,58328261255.2628,61856088000.5094,65503344626.4134,69206625100.6756,72878894338.903,76510505974.8674,80091893865.2653,83613385326.1837,87093942106.6603,90564723695.2162,94033433046.0809,97506759600.2014,100990330057.237,104486343363.2673,107990960721.1958,111500588973.0402,115012545287.4697,118525067420.7078,122021752623.218,125496197271.2035,128963351212.8669,132439504789.859,135942315017.1447,139434554743.1219,142884386069.4949,146319478853.9785,149768610821.5658,153261712752.4718
"The target value from 'conditional_best' was used for 'conditional_worst' in 2030.
",MNG,ABS,conditional,worst,KYOTOGHG,IPCM0EL,MtCO2eq,AR4,23.6604,25.205,23.4309,22.214000000000002,21.72300000000001,22.5942,21.3958,22.3491,22.8433,22.9438,21.406,18.4468,18.0496,18.0967,18.8833,21.3893,24.5999,26.8359,27.693,28.7616,25.9991,28.8628,32.2758,35.1042,37.2615,39.5443,43.4721,45.723,46.14430769230769,46.565615384615384,46.98692307692308,46.73229310396635,46.46564927884614,46.186991601562504,45.89632007211538,45.59363469050481,45.27893545673076,44.952222370793265,44.613495432692304,44.26275464242788,43.9,45.26244335937499,46.612111132812494,47.952947460937494,49.28838203125,50.620815625,51.9509341796875,53.27539375000001,54.591193359375005,55.8959322265625,57.18798125,58.4572228515625,59.700484570312504,60.92634062500001,62.143965429687505,63.36261914062499,64.5567505859375,65.70518144531249,66.8239455078125,67.92890507812501,69.035665234375
,MNG,ABS,conditional,best,KYOTOGHG,IPCM0EL,MtCO2eq,AR4,23.6604,25.205,23.4309,22.214000000000002,21.72300000000001,22.5942,21.3958,22.3491,22.8433,22.9438,21.406,18.4468,18.0496,18.0967,18.8833,21.3893,24.5999,26.8359,27.693,28.7616,25.9991,28.8628,32.2758,35.1042,37.2615,39.5443,43.4721,45.723,46.14430769230769,46.565615384615384,46.98692307692308,46.73229310396635,46.46564927884614,46.186991601562504,45.89632007211538,45.59363469050481,45.27893545673076,44.952222370793265,44.613495432692304,44.26275464242788,43.9,45.26244335937499,46.612111132812494,47.952947460937494,49.28838203125,50.620815625,51.9509341796875,53.27539375000001,54.591193359375005,55.8959322265625,57.18798125,58.4572228515625,59.700484570312504,60.92634062500001,62.143965429687505,63.36261914062499,64.5567505859375,65.70518144531249,66.8239455078125,67.92890507812501,69.035665234375
,MNG,ABS,unconditional,worst,KYOTOGHG,IPCM0EL,MtCO2eq,AR4,23.6604,25.205,23.4309,22.214000000000002,21.72300000000001,22.5942,21.3958,22.3491,22.8433,22.9438,21.406,18.4468,18.0496,18.0967,18.8833,21.3893,24.5999,26.8359,27.693,28.7616,25.9991,28.8628,32.2758,35.1042,37.2615,39.5443,43.4721,45.723,46.14430769230769,46.565615384615384,46.98692307692308,47.40823076923078,47.829538461538455,48.25084615384616,48.67215384615385,49.09346153846154,49.514769230769225,49.936076923076925,50.35738461538462,50.77869230769231,51.2,52.788999999999994,54.3631,55.9269,57.48440000000001,59.03840000000001,60.58970000000001,62.13440000000002,63.66900000000001,65.1907,66.69760000000001,68.17790000000001,69.62790000000001,71.05760000000002,72.47770000000001,73.899,75.2917,76.6311,77.9359,79.22460000000002,80.51540000000001
,MNG,ABS,unconditional,best,KYOTOGHG,IPCM0EL,MtCO2eq,AR4,23.6604,25.205,23.4309,22.214000000000002,21.72300000000001,22.5942,21.3958,22.3491,22.8433,22.9438,21.406,18.4468,18.0496,18.0967,18.8833,21.3893,24.5999,26.8359,27.693,28.7616,25.9991,28.8628,32.2758,35.1042,37.2615,39.5443,43.4721,45.723,46.14430769230769,46.565615384615384,46.98692307692308,47.40823076923078,47.829538461538455,48.25084615384616,48.67215384615385,49.09346153846154,49.514769230769225,49.936076923076925,50.35738461538462,50.77869230769231,51.2,52.788999999999994,54.3631,55.9269,57.48440000000001,59.03840000000001,60.58970000000001,62.13440000000002,63.66900000000001,65.1907,66.69760000000001,68.17790000000001,69.62790000000001,71.05760000000002,72.47770000000001,73.899,75.2917,76.6311,77.9359,79.22460000000002,80.51540000000001
"The target value from 'conditional_best' was used for 'conditional_worst' in 2030.
",MNG,ABU,conditional,worst,KYOTOGHG,IPCM0EL,MtCO2eq,AR4,23.6604,25.205,23.4309,22.214000000000002,21.72300000000001,22.5942,21.3958,22.3491,22.8433,22.9438,21.406,18.4468,18.0496,18.0967,18.8833,21.3893,24.5999,26.8359,27.693,28.7616,25.9991,28.8628,32.2758,35.1042,37.2615,39.5443,43.4721,45.723,46.14430769230769,46.565615384615384,46.98692307692308,46.73229310396635,46.46564927884615,46.18699160156251,45.89632007211539,45.59363469050481,45.27893545673077,44.95222237079327,44.61349543269231,44.26275464242789,43.900000000000006,45.262443359375,46.61211113281251,47.95294746093751,49.288382031250016,50.62081562500001,51.950934179687515,53.27539375000003,54.59119335937502,55.895932226562515,57.187981250000014,58.45722285156251,59.70048457031252,60.92634062500003,62.14396542968752,63.36261914062501,64.55675058593751,65.7051814453125,66.82394550781251,67.92890507812503,69.03566523437502
,MNG,ABU,conditional,best,KYOTOGHG,IPCM0EL,MtCO2eq,AR4,23.6604,25.205,23.4309,22.214000000000002,21.72300000000001,22.5942,21.3958,22.3491,22.8433,22.9438,21.406,18.4468,18.0496,18.0967,18.8833,21.3893,24.5999,26.8359,27.693,28.7616,25.9991,28.8628,32.2758,35.1042,37.2615,39.5443,43.4721,45.723,46.14430769230769,46.565615384615384,46.98692307692308,46.73229310396635,46.46564927884615,46.18699160156251,45.89632007211539,45.59363469050481,45.27893545673077,44.95222237079327,44.61349543269231,44.26275464242789,43.900000000000006,45.262443359375,46.61211113281251,47.95294746093751,49.288382031250016,50.62081562500001,51.950934179687515,53.27539375000003,54.59119335937502,55.895932226562515,57.187981250000014,58.45722285156251,59.70048457031252,60.92634062500003,62.14396542968752,63.36261914062501,64.55675058593751,65.7051814453125,66.82394550781251,67.92890507812503,69.03566523437502
,MNG,ABU,unconditional,worst,KYOTOGHG,IPCM0EL,MtCO2eq,AR4,23.6604,25.205,23.4309,22.214000000000002,21.72300000000001,22.5942,21.3958,22.3491,22.8433,22.9438,21.406,18.4468,18.0496,18.0967,18.8833,21.3893,24.5999,26.8359,27.693,28.7616,25.9991,28.8628,32.2758,35.1042,37.2615,39.5443,43.4721,45.723,46.14430769230769,46.565615384615384,46.98692307692308,47.40823076923078,47.829538461538455,48.25084615384616,48.67215384615385,49.09346153846154,49.514769230769225,49.936076923076925,50.35738461538462,50.77869230769231,51.2,52.788999999999994,54.3631,55.9269,57.48440000000001,59.03840000000001,60.58970000000001,62.13440000000002,63.66900000000001,65.1907,66.69760000000001,68.17790000000001,69.62790000000001,71.05760000000002,72.47770000000001,73.899,75.2917,76.6311,77.9359,79.22460000000002,80.51540000000001
,MNG,ABU,unconditional,best,KYOTOGHG,IPCM0EL,MtCO2eq,AR4,23.6604,25.205,23.4309,22.214000000000002,21.72300000000001,22.5942,21.3958,22.3491,22.8433,22.9438,21.406,18.4468,18.0496,18.0967,18.8833,21.3893,24.5999,26.8359,27.693,28.7616,25.9991,28.8628,32.2758,35.1042,37.2615,39.5443,43.4721,45.723,46.14430769230769,46.565615384615384,46.98692307692308,47.40823076923078,47.829538461538455,48.25084615384616,48.67215384615385,49.09346153846154,49.514769230769225,49.936076923076925,50.35738461538462,50.77869230769231,51.2,52.788999999999994,54.3631,55.9269,57.48440000000001,59.03840000000001,60.58970000000001,62.13440000000002,63.66900000000001,65.1907,66.69760000000001,68.17790000000001,69.62790000000001,71.05760000000002,72.47770000000001,73.899,75.2917,76.6311,77.9359,79.22460000000002,80.51540000000001
"The target value from 'conditional_best' was used for 'conditional_worst' in 2030.
",MNG,RBU,conditional,worst,KYOTOGHG,IPCM0EL,MtCO2eq,AR4,23.6604,25.205,23.4309,22.214000000000002,21.72300000000001,22.5942,21.3958,22.3491,22.8433,22.9438,21.406,18.4468,18.0496,18.0967,18.8833,21.3893,24.5999,26.8359,27.693,28.7616,25.9991,28.8628,32.2758,35.1042,37.2615,39.5443,43.4721,45.723,46.14430769230769,46.565615384615384,46.98692307692308,46.747074345189,46.49547447730205,46.23212347326227,45.95702133306963,45.67016805672415,45.37156364422581,45.061208095574635,44.73910141077061,44.40524358981373,44.059634632704004,45.42703227784788,46.78160788088186,48.127319924604954,49.467610567972855,50.80488932225454,52.13984461924113,53.46912035395086,54.78970463729749,56.09918795801205,57.3959352905906,58.66979226611387,59.91757488754788,61.14788855228181,62.369941035522096,63.593026166449086,64.79149986084298,65.94410678715242,67.06693903849524,68.17591660004146,69.28670129503938
,MNG,RBU,conditional,best,KYOTOGHG,IPCM0EL,MtCO2eq,AR4,23.6604,25.205,23.4309,22.214000000000002,21.72300000000001,22.5942,21.3958,22.3491,22.8433,22.9438,21.406,18.4468,18.0496,18.0967,18.8833,21.3893,24.5999,26.8359,27.693,28.7616,25.9991,28.8628,32.2758,35.1042,37.2615,39.5443,43.4721,45.723,46.14430769230769,46.565615384615384,46.98692307692308,46.747074345189,46.49547447730205,46.23212347326227,45.95702133306963,45.67016805672415,45.37156364422581,45.061208095574635,44.73910141077061,44.40524358981373,44.059634632704004,45.42703227784788,46.78160788088186,48.127319924604954,49.467610567972855,50.80488932225454,52.13984461924113,53.46912035395086,54.78970463729749,56.09918795801205,57.3959352905906,58.66979226611387,59.91757488754788,61.14788855228181,62.369941035522096,63.593026166449086,64.79149986084298,65.94410678715242,67.06693903849524,68.17591660004146,69.28670129503938
,MNG,RBU,unconditional,worst,KYOTOGHG,IPCM0EL,MtCO2eq,AR4,23.6604,25.205,23.4309,22.214000000000002,21.72300000000001,22.5942,21.3958,22.3491,22.8433,22.9438,21.406,18.4468,18.0496,18.0967,18.8833,21.3893,24.5999,26.8359,27.693,28.7616,25.9991,28.8628,32.2758,35.1042,37.2615,39.5443,43.4721,45.723,46.14430769230769,46.565615384615384,46.98692307692308,47.40823076923078,47.829538461538455,48.25084615384616,48.67215384615385,49.09346153846154,49.514769230769225,49.936076923076925,50.35738461538462,50.77869230769231,51.2,52.788999999999994,54.3631,55.9269,57.48440000000001,59.03840000000001,60.58970000000001,62.13440000000002,63.66900000000001,65.1907,66.69760000000001,68.17790000000001,69.62790000000001,71.05760000000002,72.47770000000001,73.899,75.2917,76.6311,77.9359,79.22460000000002,80.51540000000001
,MNG,RBU,unconditional,best,KYOTOGHG,IPCM0EL,MtCO2eq,AR4,23.6604,25.205,23.4309,22.214000000000002,21.72300000000001,22.5942,21.3958,22.3491,22.8433,22.9438,21.406,18.4468,18.0496,18.0967,18.8833,21.3893,24.5999,26.8359,27.693,28.7616,25.9991,28.8628,32.2758,35.1042,37.2615,39.5443,43.4721,45.723,46.14430769230769,46.565615384615384,46.98692307692308,47.40823076923078,47.829538461538455,48.25084615384616,48.67215384615385,49.09346153846154,49.514769230769225,49.936076923076925,50.35738461538462,50.77869230769231,51.2,52.788999999999994,54.3631,55.9269,57.48440000000001,59.03840000000001,60.58970000000001,62.13440000000002,63.66900000000001,65.1907,66.69760000000001,68.17790000000001,69.62790000000001,71.05760000000002,72.47770000000001,73.899,75.2917,76.6311,77.9359,79.22460000000002,80.51540000000001
"No targets calculated, so the baseline emissions are put in as target pathways for all un/conditional best/worst pathways.
",MNG,baseline_emissions,conditional,worst,KYOTOGHG,IPCM0EL,MtCO2eq,AR4,23.6604,25.205,23.4309,22.214000000000002,21.72300000000001,22.5942,21.3958,22.3491,22.8433,22.9438,21.406,18.4468,18.0496,18.0967,18.8833,21.3893,24.5999,26.8359,27.693,28.7616,25.9991,28.8628,32.2758,35.1042,37.2615,39.5443,43.4721,45.723,46.14430769230769,46.565615384615384,46.98692307692308,47.40823076923078,47.829538461538455,48.25084615384616,48.67215384615385,49.09346153846154,49.514769230769225,49.936076923076925,50.35738461538462,50.77869230769231,51.2,52.788999999999994,54.3631,55.9269,57.48440000000001,59.03840000000001,60.58970000000001,62.13440000000002,63.66900000000001,65.1907,66.69760000000001,68.17790000000001,69.62790000000001,71.05760000000002,72.47770000000001,73.899,75.2917,76.6311,77.9359,79.22460000000002,80.51540000000001
"No targets calculated, so the baseline emissions are put in as target pathways for all un/conditional best/worst pathways.
",MNG,baseline_emissions,conditional,best,KYOTOGHG,IPCM0EL,MtCO2eq,AR4,23.6604,25.205,23.4309,22.214000000000002,21.72300000000001,22.5942,21.3958,22.3491,22.8433,22.9438,21.406,18.4468,18.0496,18.0967,18.8833,21.3893,24.5999,26.8359,27.693,28.7616,25.9991,28.8628,32.2758,35.1042,37.2615,39.5443,43.4721,45.723,46.14430769230769,46.565615384615384,46.98692307692308,47.40823076923078,47.829538461538455,48.25084615384616,48.67215384615385,49.09346153846154,49.514769230769225,49.936076923076925,50.35738461538462,50.77869230769231,51.2,52.788999999999994,54.3631,55.9269,57.48440000000001,59.03840000000001,60.58970000000001,62.13440000000002,63.66900000000001,65.1907,66.69760000000001,68.17790000000001,69.62790000000001,71.05760000000002,72.47770000000001,73.899,75.2917,76.6311,77.9359,79.22460000000002,80.51540000000001
"No targets calculated, so the baseline emissions are put in as target pathways for all un/conditional best/worst pathways.
",MNG,baseline_emissions,unconditional,worst,KYOTOGHG,IPCM0EL,MtCO2eq,AR4,23.6604,25.205,23.4309,22.214000000000002,21.72300000000001,22.5942,21.3958,22.3491,22.8433,22.9438,21.406,18.4468,18.0496,18.0967,18.8833,21.3893,24.5999,26.8359,27.693,28.7616,25.9991,28.8628,32.2758,35.1042,37.2615,39.5443,43.4721,45.723,46.14430769230769,46.565615384615384,46.98692307692308,47.40823076923078,47.829538461538455,48.25084615384616,48.67215384615385,49.09346153846154,49.514769230769225,49.936076923076925,50.35738461538462,50.77869230769231,51.2,52.788999999999994,54.3631,55.9269,57.48440000000001,59.03840000000001,60.58970000000001,62.13440000000002,63.66900000000001,65.1907,66.69760000000001,68.17790000000001,69.62790000000001,71.05760000000002,72.47770000000001,73.899,75.2917,76.6311,77.9359,79.22460000000002,80.51540000000001
"No targets calculated, so the baseline emissions are put in as target pathways for all un/conditional best/worst pathways.
",MNG,baseline_emissions,unconditional,best,KYOTOGHG,IPCM0EL,MtCO2eq,AR4,23.6604,25.205,23.4309,22.214000000000002,21.72300000000001,22.5942,21.3958,22.3491,22.8433,22.9438,21.406,18.4468,18.0496,18.0967,18.8833,21.3893,24.5999,26.8359,27.693,28.7616,25.9991,28.8628,32.2758,35.1042,37.2615,39.5443,43.4721,45.723,46.14430769230769,46.565615384615384,46.98692307692308,47.40823076923078,47.829538461538455,48.25084615384616,48.67215384615385,49.09346153846154,49.514769230769225,49.936076923076925,50.35738461538462,50.77869230769231,51.2,52.788999999999994,54.3631,55.9269,57.48440000000001,59.03840000000001,60.58970000000001,62.13440000000002,63.66900000000001,65.1907,66.69760000000001,68.17790000000001,69.62790000000001,71.05760000000002,72.47770000000001,73.899,75.2917,76.6311,77.9359,79.22460000000002,80.51540000000001
,MNG,,emi_bau,emi_bau,KYOTOGHG,IPCM0EL,MtCO2eq,AR4,23.6604,25.205,23.4309,22.214000000000002,21.72300000000001,22.5942,21.3958,22.3491,22.8433,22.9438,21.406,18.4468,18.0496,18.0967,18.8833,21.3893,24.5999,26.8359,27.693,28.7616,25.9991,28.8628,32.2758,35.1042,37.2615,39.5443,43.4721,45.723,46.14430769230769,46.565615384615384,46.98692307692308,47.40823076923078,47.829538461538455,48.25084615384616,48.67215384615385,49.09346153846154,49.514769230769225,49.936076923076925,50.35738461538462,50.77869230769231,51.2,52.788999999999994,54.3631,55.9269,57.48440000000001,59.03840000000001,60.58970000000001,62.13440000000002,63.66900000000001,65.1907,66.69760000000001,68.17790000000001,69.62790000000001,71.05760000000002,72.47770000000001,73.899,75.2917,76.6311,77.9359,79.22460000000002,80.51540000000001
,MNG,,emi_cov,emi_cov,KYOTOGHG,IPCM0EL,MtCO2eq,AR4,23.6604,25.205,23.4309,22.214000000000002,21.72300000000001,22.5942,21.3958,22.3491,22.8433,22.9438,21.406,18.4468,18.0496,18.0967,18.8833,21.3893,24.5999,26.8320959843391,27.681395996061003,28.737923997350403,25.9564639459145,28.7938358895244,32.17209998480279,34.9908201389022,37.145780201200495,39.441449941927395,43.3604299128504,45.602500325556,45.99408056105046,46.40976217911331,46.82603209946539,47.24272147697255,47.659816970512,48.07727912682763,48.494890981305694,48.91269337458116,49.33055156195169,49.74861269567723,50.16667696982584,50.58463381667723,51.002609766400006,52.58348983633899,54.1494563875122,55.705185187300806,57.25459656858961,58.80072751908321,60.34422282991011,61.881588733833624,63.40917451494901,64.9245107913227,66.42554469154881,67.90057227892471,69.34549188346021,70.77070771124643,72.18658715734551,73.604172623499,74.993937890674,76.3312872582624,77.63516336509291,78.92372596371902,80.21542031205782
,MNG,,emi_ncov,emi_ncov,KYOTOGHG,IPCM0EL,MtCO2eq,AR4,0.0,0.0,0.0,0.0,0.0,0.0,0.0,0.0,0.0,0.0,0.0,0.0,0.0,0.0,0.0,0.0,0.0,0.003804015660897645,0.011604003938998972,0.023676002649596985,0.04263605408549992,0.06896411047560234,0.1037000151972036,0.11337986109780097,0.11571979879950026,0.10285005807260325,0.11167008714959735,0.12049967444399724,0.15022713125723464,0.1558532055020787,0.16089097745769132,0.16550929225822938,0.16972149102645753,0.17356702701853605,0.17726286484815476,0.180768163880381,0.18421766881754165,0.1874642273996974,0.19070764555877184,0.1940584910150802,0.19739023359999808,0.20551016366100489,0.21364361248779817,0.2217148126991998,0.22980343141039747,0.23767248091680207,0.24547717008990189,0.252811266166398,0.25982548505100594,0.2661892086773047,0.27205530845120407,0.2773277210753022,0.28240811653980175,0.2868922887535936,0.29111284265450127,0.2948273765010049,0.29776210932600355,0.29981274173759376,0.3007366349071031,0.300874036281002,0.29997968794219587
,MNG,,pc_cov,pc_cov,KYOTOGHG,IPCM0EL,MtCO2eq/MtCO2eq,AR4,1.0,1.0,1.0,1.0,1.0,1.0,1.0,1.0,1.0,1.0,1.0,1.0,1.0,1.0,1.0,1.0,1.0,0.9998582490000001,0.999580977,0.9991768190000001,0.998360095,0.9976106229999999,0.9967870659999999,0.996770191,0.996894387,0.9973991179999999,0.9974312240000001,0.9973645720000001,0.9967444059999999,0.996653041,0.996575835,0.996508849,0.9964515340000001,0.996402819,0.996358023,0.9963178770000001,0.9962795409999999,0.9962459159999999,0.996212916,0.9961783479999999,0.996144722,0.9961069509999999,0.996070062,0.996035632,0.996002334,0.995974273,0.995948533,0.995931219,0.9959191209999999,0.9959167609999999,0.9959210629999999,0.995932293,0.995944038,0.9959625390000001,0.995983415,0.9960104009999999,0.99604522,0.9960875840000001,0.996141231,0.996202265,0.996274257
,MOZ,,pop,pop,POP,DEMOGR,Pers,,12987292.0,13328032.0,13806001.0,14370946.0,14948048.0,15483286.0,15960442.0,16397183.0,16813949.0,17244188.0,17711927.0,18221888.0,18764155.0,19331100.0,19910552.0,20493925.0,21080110.0,21673316.0,22276596.0,22894710.0,23531574.0,24187494.0,24862664.0,25560755.0,26286191.0,27042002.0,27829938.0,28649018.0,29049370.0244,29649282.2231,30255932.309,30871792.8828,31498021.2424,32134069.2997,32779397.3339,33433474.9782,34096862.1584,34766605.1058,35436894.1792,36101903.384,36755791.2486,37400281.553,38041014.5291,38678012.9493,39311305.4848,39940928.0006,40565888.3643,41185279.077,41799269.3518,42408028.7574,43011727.0469,43612772.34100001,44212776.2038,44810722.3422,45405606.9542,45996439.4475,46577901.3317,47147779.0039,47709726.3931,48267362.046,48824267.1887
,MOZ,,gdp,gdp,GDPPPP,ECO,2011GKD,,6759888671.875,6982355468.75,6014414062.5,6425449707.0313,7122440429.6875,6568106445.3125,8434741210.9375,9833065429.6875,10571330078.125,10443290039.0625,11404211914.0625,12505909179.6875,14467763671.875,15634324218.75,17219707031.25,19131931640.625,20404484375.0,21415828125.0,22709224609.375,22872484375.0,22735480468.75,23141419921.875,24777099609.375,28043640625.0,31246308593.75,33527707031.25,34600468750.0,34225343750.0,37178761212.4805,39697989798.1299,42287583902.6716,44988385402.4085,47819246738.6729,50748983201.7858,53745929280.4532,56777899323.3258,59824424819.991,62880476854.5825,65937198417.1911,68986317999.5158,72019999038.5955,75013338691.0536,77980184596.9031,80970949117.1289,84035907706.5034,87225278724.7292,90512936369.6494,93859521342.1062,97295608775.1293,100852035217.9155,104559988343.5328,108412846756.7108,112390437415.3653,116504498212.3225,120767562565.5958,125193086438.8431,129789798855.7184,134557858447.7853,139498813618.65,144614450308.5013,149906786538.4632
"The target value from 'conditional_best' was used for 'conditional_worst' in 2024, 2030.
",MOZ,ABU,conditional,worst,KYOTOGHG,IPCM0EL,MtCO2eq,AR4,22.8234,22.9966,23.2235,23.6015,23.8014,24.1029,21.9384,20.6079,22.7694,22.1304,21.2763,25.8987,27.1664,28.3444,28.8869,31.0209,30.2977,31.9438,33.8453,31.51,34.6985,33.7583,35.7857,37.0857,42.2286,41.6686,40.319,42.0719,43.674,45.5646,47.4741,48.39465444565518,49.259564448311565,50.04702452334099,50.7383,52.01900209014785,53.226398580120424,54.36377715050601,55.43310774935789,56.43667591325452,57.376200000000004,58.808090102329345,60.18362225685841,61.540541571484184,62.914861727135815,64.34060526372966,65.80115048237526,67.27199769147899,68.77392401465383,70.32640800528696,71.94840878867527,73.64113836369617,75.39282302696895,77.20285677905491,79.07046047781859,80.99528783786639,82.97344314852089,84.99748127382077,87.06186164746921,89.16061084642752,91.28810173305048
,MOZ,ABU,conditional,best,KYOTOGHG,IPCM0EL,MtCO2eq,AR4,22.8234,22.9966,23.2235,23.6015,23.8014,24.1029,21.9384,20.6079,22.7694,22.1304,21.2763,25.8987,27.1664,28.3444,28.8869,31.0209,30.2977,31.9438,33.8453,31.51,34.6985,33.7583,35.7857,37.0857,42.2286,41.6686,40.319,42.0719,43.674,45.5646,47.4741,48.39465444565518,49.259564448311565,50.04702452334099,50.7383,52.01900209014785,53.226398580120424,54.36377715050601,55.43310774935789,56.43667591325452,57.376200000000004,58.808090102329345,60.18362225685841,61.540541571484184,62.914861727135815,64.34060526372966,65.80115048237526,67.27199769147899,68.77392401465383,70.32640800528696,71.94840878867527,73.64113836369617,75.39282302696895,77.20285677905491,79.07046047781859,80.99528783786639,82.97344314852089,84.99748127382077,87.06186164746921,89.16061084642752,91.28810173305048
,MOZ,ABU,unconditional,worst,KYOTOGHG,IPCM0EL,MtCO2eq,AR4,22.8234,22.9966,23.2235,23.6015,23.8014,24.1029,21.9384,20.6079,22.7694,22.1304,21.2763,25.8987,27.1664,28.3444,28.8869,31.0209,30.2977,31.9438,33.8453,31.51,34.6985,33.7583,35.7857,37.0857,42.2286,41.6686,40.319,42.0719,43.674,45.5646,47.4741,49.4217,51.3957,53.3746,55.3383,57.2677,59.1522,60.9942,62.7947,64.5551,66.2762,67.9302,69.5191,71.0865,72.67399999999998,74.3209,76.008,77.707,79.4419,81.2352,83.1088,85.0641,87.0875,89.1783,91.3356,93.559,95.844,98.182,100.5666,102.9909,105.4484
,MOZ,ABU,unconditional,best,KYOTOGHG,IPCM0EL,MtCO2eq,AR4,22.8234,22.9966,23.2235,23.6015,23.8014,24.1029,21.9384,20.6079,22.7694,22.1304,21.2763,25.8987,27.1664,28.3444,28.8869,31.0209,30.2977,31.9438,33.8453,31.51,34.6985,33.7583,35.7857,37.0857,42.2286,41.6686,40.319,42.0719,43.674,45.5646,47.4741,49.4217,51.3957,53.3746,55.3383,57.2677,59.1522,60.9942,62.7947,64.5551,66.2762,67.9302,69.5191,71.0865,72.67399999999998,74.3209,76.008,77.707,79.4419,81.2352,83.1088,85.0641,87.0875,89.1783,91.3356,93.559,95.844,98.182,100.5666,102.9909,105.4484
"No targets calculated, so the baseline emissions are put in as target pathways for all un/conditional best/worst pathways.
",MOZ,baseline_emissions,conditional,worst,KYOTOGHG,IPCM0EL,MtCO2eq,AR4,22.8234,22.9966,23.2235,23.6015,23.8014,24.1029,21.9384,20.6079,22.7694,22.1304,21.2763,25.8987,27.1664,28.3444,28.8869,31.0209,30.2977,31.9438,33.8453,31.51,34.6985,33.7583,35.7857,37.0857,42.2286,41.6686,40.319,42.0719,43.674,45.5646,47.4741,49.4217,51.3957,53.3746,55.3383,57.2677,59.1522,60.9942,62.7947,64.5551,66.2762,67.9302,69.5191,71.0865,72.67399999999998,74.3209,76.008,77.707,79.4419,81.2352,83.1088,85.0641,87.0875,89.1783,91.3356,93.559,95.844,98.182,100.5666,102.9909,105.4484
"No targets calculated, so the baseline emissions are put in as target pathways for all un/conditional best/worst pathways.
",MOZ,baseline_emissions,conditional,best,KYOTOGHG,IPCM0EL,MtCO2eq,AR4,22.8234,22.9966,23.2235,23.6015,23.8014,24.1029,21.9384,20.6079,22.7694,22.1304,21.2763,25.8987,27.1664,28.3444,28.8869,31.0209,30.2977,31.9438,33.8453,31.51,34.6985,33.7583,35.7857,37.0857,42.2286,41.6686,40.319,42.0719,43.674,45.5646,47.4741,49.4217,51.3957,53.3746,55.3383,57.2677,59.1522,60.9942,62.7947,64.5551,66.2762,67.9302,69.5191,71.0865,72.67399999999998,74.3209,76.008,77.707,79.4419,81.2352,83.1088,85.0641,87.0875,89.1783,91.3356,93.559,95.844,98.182,100.5666,102.9909,105.4484
"No targets calculated, so the baseline emissions are put in as target pathways for all un/conditional best/worst pathways.
",MOZ,baseline_emissions,unconditional,worst,KYOTOGHG,IPCM0EL,MtCO2eq,AR4,22.8234,22.9966,23.2235,23.6015,23.8014,24.1029,21.9384,20.6079,22.7694,22.1304,21.2763,25.8987,27.1664,28.3444,28.8869,31.0209,30.2977,31.9438,33.8453,31.51,34.6985,33.7583,35.7857,37.0857,42.2286,41.6686,40.319,42.0719,43.674,45.5646,47.4741,49.4217,51.3957,53.3746,55.3383,57.2677,59.1522,60.9942,62.7947,64.5551,66.2762,67.9302,69.5191,71.0865,72.67399999999998,74.3209,76.008,77.707,79.4419,81.2352,83.1088,85.0641,87.0875,89.1783,91.3356,93.559,95.844,98.182,100.5666,102.9909,105.4484
"No targets calculated, so the baseline emissions are put in as target pathways for all un/conditional best/worst pathways.
",MOZ,baseline_emissions,unconditional,best,KYOTOGHG,IPCM0EL,MtCO2eq,AR4,22.8234,22.9966,23.2235,23.6015,23.8014,24.1029,21.9384,20.6079,22.7694,22.1304,21.2763,25.8987,27.1664,28.3444,28.8869,31.0209,30.2977,31.9438,33.8453,31.51,34.6985,33.7583,35.7857,37.0857,42.2286,41.6686,40.319,42.0719,43.674,45.5646,47.4741,49.4217,51.3957,53.3746,55.3383,57.2677,59.1522,60.9942,62.7947,64.5551,66.2762,67.9302,69.5191,71.0865,72.67399999999998,74.3209,76.008,77.707,79.4419,81.2352,83.1088,85.0641,87.0875,89.1783,91.3356,93.559,95.844,98.182,100.5666,102.9909,105.4484
,MOZ,,emi_bau,emi_bau,KYOTOGHG,IPCM0EL,MtCO2eq,AR4,22.8234,22.9966,23.2235,23.6015,23.8014,24.1029,21.9384,20.6079,22.7694,22.1304,21.2763,25.8987,27.1664,28.3444,28.8869,31.0209,30.2977,31.9438,33.8453,31.51,34.6985,33.7583,35.7857,37.0857,42.2286,41.6686,40.319,42.0719,43.674,45.5646,47.4741,49.4217,51.3957,53.3746,55.3383,57.2677,59.1522,60.9942,62.7947,64.5551,66.2762,67.9302,69.5191,71.0865,72.67399999999998,74.3209,76.008,77.707,79.4419,81.2352,83.1088,85.0641,87.0875,89.1783,91.3356,93.559,95.844,98.182,100.5666,102.9909,105.4484
,MOZ,,emi_cov,emi_cov,KYOTOGHG,IPCM0EL,MtCO2eq,AR4,5.326834120836,5.3876971220644,5.498640031879,5.7120030971705,5.7856744683738,5.9949389201967005,5.980336869276001,6.152763825328201,6.3004257256019995,6.482807120244001,6.805513040351699,7.186535292467101,7.277577393289599,7.757072038128,8.4026990622134,8.8292297932566,9.2264984400655,9.6973200145514,9.9394659495944,10.355556842550001,10.784956888335001,11.599816866824199,12.645898347306598,13.063250616386403,17.694673156602,18.3691983745916,18.578082700392,19.4139712661583,17.153741858028003,17.8963087023012,18.6462988584102,19.411253468537403,20.1865771491654,20.9638253921212,21.7351035641826,22.492909799949402,23.233080760508404,23.956559088632403,24.663737552143402,25.3551660259922,26.031158724436406,26.680796702024402,27.3048654944002,27.920489778603002,28.544008696027994,29.1908580220798,29.853496614576002,30.520809144154,31.202222038541805,31.906572573734405,32.6424623650336,33.4104412873902,34.20516769842501,35.0263666606626,35.8736846830632,36.746964658498,37.644439131768,38.562730299604006,39.4993244479452,40.4515114788198,41.416738401384805
,MOZ,,emi_ncov,emi_ncov,KYOTOGHG,IPCM0EL,MtCO2eq,AR4,17.496565879164,17.608902877935602,17.724859968121,17.889496902829503,18.015725531626202,18.107961079803303,15.958063130724,14.4551361746718,16.468974274398,15.647592879755999,14.4707869596483,18.7121647075329,19.8888226067104,20.587327961872,20.4842009377866,22.1916702067434,21.071201559934497,22.246479985448598,23.9058340504056,21.15444315745,23.913543111665003,22.158483133175796,23.1398016526934,24.0224493836136,24.533926843398,23.299401625408397,21.740917299608,22.6579287338417,26.520258141971997,27.668291297698797,28.8278011415898,30.0104465314626,31.209122850834596,32.4107746078788,33.603196435817395,34.774790200050596,35.9191192394916,37.037640911367596,38.1309624478566,39.19993397400779,40.2450412755636,41.2494032979756,42.21423450559979,43.166010221396995,44.129991303971984,45.13004197792019,46.15450338542399,47.18619085584599,48.2396779614582,49.3286274262656,50.4663376349664,51.6536587126098,52.882332301575,54.15193333933739,55.461915316936796,56.812035341501996,58.19956086823199,59.619269700395996,61.067275552054795,62.53938852118019,64.0316615986152
,MOZ,,pc_cov,pc_cov,KYOTOGHG,IPCM0EL,MtCO2eq/MtCO2eq,AR4,0.23339354,0.23428233399999998,0.236770514,0.242018647,0.243081267,0.248722723,0.272596765,0.298563358,0.27670583,0.292936735,0.31986355899999996,0.27748633300000003,0.267888914,0.27367212,0.290882686,0.284621974,0.304528015,0.303574403,0.293673448,0.328643505,0.31081911,0.343613774,0.35337853799999996,0.35224495200000006,0.41902107,0.440840306,0.46077736799999996,0.461447457,0.39276782200000004,0.39276782200000004,0.39276782200000004,0.39276782200000004,0.39276782200000004,0.39276782200000004,0.39276782200000004,0.39276782200000004,0.39276782200000004,0.39276782200000004,0.39276782200000004,0.39276782200000004,0.39276782200000004,0.39276782200000004,0.39276782200000004,0.39276782200000004,0.39276782200000004,0.39276782200000004,0.39276782200000004,0.39276782200000004,0.39276782200000004,0.39276782200000004,0.39276782200000004,0.39276782200000004,0.39276782200000004,0.39276782200000004,0.39276782200000004,0.39276782200000004,0.39276782200000004,0.39276782200000004,0.39276782200000004,0.39276782200000004,0.39276782200000004
,MRT,,pop,pop,POP,DEMOGR,Pers,,2034346.0,2087912.0,2142645.0,2198532.0,2255516.0,2313630.0,2372901.0,2433563.0,2496216.0,2561585.0,2630219.0,2702400.0,2778099.0,2857148.0,2939247.0,3024194.0,3111906.0,3202517.0,3296238.0,3393409.0,3494195.0,3598648.0,3706555.0,3817494.0,3930896.0,4046301.0,4163533.0,4282570.0,4356353.7491,4450470.4273,4545353.1936,4641475.8836,4739120.1501,4838041.7732,4937997.1212,5038743.3149,5139986.9619,5241370.4853,5342553.7375,5443194.1748,5542946.5331,5642134.9478,5741237.5206,5840138.2142,5938721.7968,6036873.9428,6134514.835,6231580.6151,6327981.6778,6423628.4679999985,6518431.4772,6612629.8998,6706544.8167,6800210.7021,6893663.7516,6986942.0503,7079406.0488,7170583.6388,7260762.4466,7350225.547999999,7439251.3123
,MRT,,gdp,gdp,GDPPPP,ECO,2011GKD,,3722009033.2031,3844404785.1563,3899507080.0781,4286895019.5313,4486419433.5938,4390944824.2188,4855847167.9688,4662971191.4063,4749863769.5313,5098275390.625,5131077148.4375,5234473632.8125,5702758300.7813,6218149902.3438,6349755371.0938,6905224121.0938,9425393554.6875,9389521484.375,9149319335.9375,9128143554.6875,11016564453.125,11733317382.8125,11217328125.0,12309096679.6875,11835523437.5,12588116210.9375,12390922851.5625,13026418945.3125,13888851244.1974,14555712386.1002,15256967156.2487,16002313158.4405,16787161379.4492,17605022852.7406,18449379559.7763,19313671855.2434,20186196171.1195,21062870491.3068,21948582818.5566,22848243153.0996,23766763020.3798,24704574342.222,25662226992.5857,26644813574.0567,27657431300.9864,28705193624.4046,29781436127.3283,30881106979.75,32011820772.5387,33181282847.166,34397318372.5315,35656981952.0244,36954964729.8789,38295829891.3692,39684392704.2284,41125761245.549,42624363074.6453,44179635563.6,45789500299.2753,47451945715.1846,49165019904.5926
"The target value from 'conditional_best' was used for 'conditional_worst' in 2030.
",MRT,ABS,conditional,worst,KYOTOGHG,IPCM0EL,MtCO2eq,AR4,4.3001,4.3761,4.5181,4.7025,5.0122,5.0025,5.1858,5.3101,5.4431,5.6929,5.8618,6.0627,6.2928,6.3451,6.7713,6.9054,7.5269,7.9505,8.0272,8.3367,8.6783,8.9333,9.1222,9.4451,9.6729,10.2643,10.7815,10.9101,11.221330769230768,11.532561538461538,11.843792307692306,11.813683443441906,11.76609449774288,11.701025470595223,11.618476361998939,11.518447171954021,11.400937900460479,11.265948547518303,11.113479113127497,10.943529597288064,10.7561,11.01852809890279,11.283473321253537,11.553165119249003,11.829473356021959,12.114555565956366,12.405966543417069,12.70205217870969,13.005904937784583,13.3203296153409,13.648202923890587,13.989309109995252,14.341922146147727,14.706401621411999,15.08303520703927,15.472182492093529,15.873843476574777,16.286292132975845,16.707514762538363,17.135425748691173,17.5681552283015
,MRT,ABS,conditional,best,KYOTOGHG,IPCM0EL,MtCO2eq,AR4,4.3001,4.3761,4.5181,4.7025,5.0122,5.0025,5.1858,5.3101,5.4431,5.6929,5.8618,6.0627,6.2928,6.3451,6.7713,6.9054,7.5269,7.9505,8.0272,8.3367,8.6783,8.9333,9.1222,9.4451,9.6729,10.2643,10.7815,10.9101,11.221330769230768,11.532561538461538,11.843792307692306,11.813683443441906,11.76609449774288,11.701025470595223,11.618476361998939,11.518447171954021,11.400937900460479,11.265948547518303,11.113479113127497,10.943529597288064,10.7561,11.01852809890279,11.283473321253537,11.553165119249003,11.829473356021959,12.114555565956366,12.405966543417069,12.70205217870969,13.005904937784583,13.3203296153409,13.648202923890587,13.989309109995252,14.341922146147727,14.706401621411999,15.08303520703927,15.472182492093529,15.873843476574777,16.286292132975845,16.707514762538363,17.135425748691173,17.5681552283015
"The target value from 'unconditional_best' was used for 'unconditional_worst' in 2030.
",MRT,ABS,unconditional,worst,KYOTOGHG,IPCM0EL,MtCO2eq,AR4,4.3001,4.3761,4.5181,4.7025,5.0122,5.0025,5.1858,5.3101,5.4431,5.6929,5.8618,6.0627,6.2928,6.3451,6.7713,6.9054,7.5269,7.9505,8.0272,8.3367,8.6783,8.9333,9.1222,9.4451,9.6729,10.2643,10.7815,10.9101,11.221330769230768,11.532561538461538,11.843792307692306,12.114062320905335,12.38223472434453,12.648309518009885,12.91228670190141,13.174166276019097,13.43394824036295,13.691632594932965,13.947219339729141,14.200708474751488,14.452099999999998,14.804703371868332,15.16068879855042,15.523051814309877,15.894304802722631,16.27734666791476,16.668891985210045,17.06671826144516,17.474980592534145,17.897447553840905,18.33798435086687,18.796301093199425,19.270078657537724,19.759800194569436,20.26585222484471,20.78871789905122,21.328397217188968,21.8825710559571,22.4485337715046,23.023483089842937,23.604906627396176
,MRT,ABS,unconditional,best,KYOTOGHG,IPCM0EL,MtCO2eq,AR4,4.3001,4.3761,4.5181,4.7025,5.0122,5.0025,5.1858,5.3101,5.4431,5.6929,5.8618,6.0627,6.2928,6.3451,6.7713,6.9054,7.5269,7.9505,8.0272,8.3367,8.6783,8.9333,9.1222,9.4451,9.6729,10.2643,10.7815,10.9101,11.221330769230768,11.532561538461538,11.843792307692306,12.114062320905335,12.38223472434453,12.648309518009885,12.91228670190141,13.174166276019097,13.43394824036295,13.691632594932965,13.947219339729141,14.200708474751488,14.452099999999998,14.804703371868332,15.16068879855042,15.523051814309877,15.894304802722631,16.27734666791476,16.668891985210045,17.06671826144516,17.474980592534145,17.897447553840905,18.33798435086687,18.796301093199425,19.270078657537724,19.759800194569436,20.26585222484471,20.78871789905122,21.328397217188968,21.8825710559571,22.4485337715046,23.023483089842937,23.604906627396176
"The target value from 'conditional_best' was used for 'conditional_worst' in 2030.
",MRT,ABU,conditional,worst,KYOTOGHG,IPCM0EL,MtCO2eq,AR4,4.3001,4.3761,4.5181,4.7025,5.0122,5.0025,5.1858,5.3101,5.4431,5.6929,5.8618,6.0627,6.2928,6.3451,6.7713,6.9054,7.5269,7.9505,8.0272,8.3367,8.6783,8.9333,9.1222,9.4451,9.6729,10.2643,10.7815,10.9101,11.221330769230768,11.532561538461538,11.843792307692306,11.813683443441906,11.76609449774288,11.701025470595223,11.618476361998939,11.518447171954021,11.400937900460479,11.265948547518303,11.113479113127497,10.943529597288064,10.7561,11.01852809890279,11.283473321253537,11.553165119249003,11.829473356021959,12.114555565956366,12.405966543417069,12.70205217870969,13.005904937784583,13.3203296153409,13.648202923890587,13.989309109995252,14.341922146147727,14.706401621411999,15.08303520703927,15.472182492093529,15.873843476574777,16.286292132975845,16.707514762538363,17.135425748691173,17.5681552283015
,MRT,ABU,conditional,best,KYOTOGHG,IPCM0EL,MtCO2eq,AR4,4.3001,4.3761,4.5181,4.7025,5.0122,5.0025,5.1858,5.3101,5.4431,5.6929,5.8618,6.0627,6.2928,6.3451,6.7713,6.9054,7.5269,7.9505,8.0272,8.3367,8.6783,8.9333,9.1222,9.4451,9.6729,10.2643,10.7815,10.9101,11.221330769230768,11.532561538461538,11.843792307692306,11.813683443441906,11.76609449774288,11.701025470595223,11.618476361998939,11.518447171954021,11.400937900460479,11.265948547518303,11.113479113127497,10.943529597288064,10.7561,11.01852809890279,11.283473321253537,11.553165119249003,11.829473356021959,12.114555565956366,12.405966543417069,12.70205217870969,13.005904937784583,13.3203296153409,13.648202923890587,13.989309109995252,14.341922146147727,14.706401621411999,15.08303520703927,15.472182492093529,15.873843476574777,16.286292132975845,16.707514762538363,17.135425748691173,17.5681552283015
"The target value from 'unconditional_best' was used for 'unconditional_worst' in 2030.
",MRT,ABU,unconditional,worst,KYOTOGHG,IPCM0EL,MtCO2eq,AR4,4.3001,4.3761,4.5181,4.7025,5.0122,5.0025,5.1858,5.3101,5.4431,5.6929,5.8618,6.0627,6.2928,6.3451,6.7713,6.9054,7.5269,7.9505,8.0272,8.3367,8.6783,8.9333,9.1222,9.4451,9.6729,10.2643,10.7815,10.9101,11.221330769230768,11.532561538461538,11.843792307692306,12.114062320905335,12.38223472434453,12.648309518009885,12.91228670190141,13.174166276019097,13.43394824036295,13.691632594932965,13.947219339729141,14.200708474751488,14.452099999999998,14.804703371868332,15.16068879855042,15.523051814309877,15.894304802722631,16.27734666791476,16.668891985210045,17.06671826144516,17.474980592534145,17.897447553840905,18.33798435086687,18.796301093199425,19.270078657537724,19.759800194569436,20.26585222484471,20.78871789905122,21.328397217188968,21.8825710559571,22.4485337715046,23.023483089842937,23.604906627396176
,MRT,ABU,unconditional,best,KYOTOGHG,IPCM0EL,MtCO2eq,AR4,4.3001,4.3761,4.5181,4.7025,5.0122,5.0025,5.1858,5.3101,5.4431,5.6929,5.8618,6.0627,6.2928,6.3451,6.7713,6.9054,7.5269,7.9505,8.0272,8.3367,8.6783,8.9333,9.1222,9.4451,9.6729,10.2643,10.7815,10.9101,11.221330769230768,11.532561538461538,11.843792307692306,12.114062320905335,12.38223472434453,12.648309518009885,12.91228670190141,13.174166276019097,13.43394824036295,13.691632594932965,13.947219339729141,14.200708474751488,14.452099999999998,14.804703371868332,15.16068879855042,15.523051814309877,15.894304802722631,16.27734666791476,16.668891985210045,17.06671826144516,17.474980592534145,17.897447553840905,18.33798435086687,18.796301093199425,19.270078657537724,19.759800194569436,20.26585222484471,20.78871789905122,21.328397217188968,21.8825710559571,22.4485337715046,23.023483089842937,23.604906627396176
"The target value from 'conditional_best' was used for 'conditional_worst' in 2030.
",MRT,RBU,conditional,worst,KYOTOGHG,IPCM0EL,MtCO2eq,AR4,4.3001,4.3761,4.5181,4.7025,5.0122,5.0025,5.1858,5.3101,5.4431,5.6929,5.8618,6.0627,6.2928,6.3451,6.7713,6.9054,7.5269,7.9505,8.0272,8.3367,8.6783,8.9333,9.1222,9.4451,9.6729,10.2643,10.7815,10.9101,11.221330769230768,11.532561538461538,11.843792307692306,11.814382117795873,11.767527625725812,11.703228831482113,11.621485735064786,11.52229833647382,11.405666635709224,11.271590632770993,11.120070327659127,10.951105720373633,10.7646968109145,11.027334655426285,11.292491635196473,11.562398984311079,11.838928060390627,12.12423812222804,12.415882009858008,12.712204291539294,13.016299904875082,13.330975886296162,13.659111247526424,14.000490062686575,14.353384924742285,14.718155710159035,15.095090320109218,15.484548631058319,15.886530643006335,16.299308948918938,16.720868240589404,17.149121234517906,17.58219657308393
,MRT,RBU,conditional,best,KYOTOGHG,IPCM0EL,MtCO2eq,AR4,4.3001,4.3761,4.5181,4.7025,5.0122,5.0025,5.1858,5.3101,5.4431,5.6929,5.8618,6.0627,6.2928,6.3451,6.7713,6.9054,7.5269,7.9505,8.0272,8.3367,8.6783,8.9333,9.1222,9.4451,9.6729,10.2643,10.7815,10.9101,11.221330769230768,11.532561538461538,11.843792307692306,11.814382117795873,11.767527625725812,11.703228831482113,11.621485735064786,11.52229833647382,11.405666635709224,11.271590632770993,11.120070327659127,10.951105720373633,10.7646968109145,11.027334655426285,11.292491635196473,11.562398984311079,11.838928060390627,12.12423812222804,12.415882009858008,12.712204291539294,13.016299904875082,13.330975886296162,13.659111247526424,14.000490062686575,14.353384924742285,14.718155710159035,15.095090320109218,15.484548631058319,15.886530643006335,16.299308948918938,16.720868240589404,17.149121234517906,17.58219657308393
"The target value from 'unconditional_best' was used for 'unconditional_worst' in 2030.
",MRT,RBU,unconditional,worst,KYOTOGHG,IPCM0EL,MtCO2eq,AR4,4.3001,4.3761,4.5181,4.7025,5.0122,5.0025,5.1858,5.3101,5.4431,5.6929,5.8618,6.0627,6.2928,6.3451,6.7713,6.9054,7.5269,7.9505,8.0272,8.3367,8.6783,8.9333,9.1222,9.4451,9.6729,10.2643,10.7815,10.9101,11.221330769230768,11.532561538461538,11.843792307692306,12.113779552723818,12.381654707357626,12.647417771593727,12.911068745432129,13.172607628872822,13.432034421915812,13.689349124561096,13.944551736808673,14.197642258658552,14.448620690110722,14.801139173526947,15.157038897534996,15.519314675230486,15.890478285338773,16.27342793408142,16.664878987740654,17.062609488213276,17.470773531083527,17.893138784439444,18.333569523243106,18.79177592687236,19.26543943034996,19.755043068046156,20.260973267457167,20.783713062953247,21.323262454534394,21.877302877223368,22.443129338546697,23.017940239156875,23.599223800328545
,MRT,RBU,unconditional,best,KYOTOGHG,IPCM0EL,MtCO2eq,AR4,4.3001,4.3761,4.5181,4.7025,5.0122,5.0025,5.1858,5.3101,5.4431,5.6929,5.8618,6.0627,6.2928,6.3451,6.7713,6.9054,7.5269,7.9505,8.0272,8.3367,8.6783,8.9333,9.1222,9.4451,9.6729,10.2643,10.7815,10.9101,11.221330769230768,11.532561538461538,11.843792307692306,12.113779552723818,12.381654707357626,12.647417771593727,12.911068745432129,13.172607628872822,13.432034421915812,13.689349124561096,13.944551736808673,14.197642258658552,14.448620690110722,14.801139173526947,15.157038897534996,15.519314675230486,15.890478285338773,16.27342793408142,16.664878987740654,17.062609488213276,17.470773531083527,17.893138784439444,18.333569523243106,18.79177592687236,19.26543943034996,19.755043068046156,20.260973267457167,20.783713062953247,21.323262454534394,21.877302877223368,22.443129338546697,23.017940239156875,23.599223800328545
"No targets calculated, so the baseline emissions are put in as target pathways for all un/conditional best/worst pathways.
",MRT,baseline_emissions,conditional,worst,KYOTOGHG,IPCM0EL,MtCO2eq,AR4,4.3001,4.3761,4.5181,4.7025,5.0122,5.0025,5.1858,5.3101,5.4431,5.6929,5.8618,6.0627,6.2928,6.3451,6.7713,6.9054,7.5269,7.9505,8.0272,8.3367,8.6783,8.9333,9.1222,9.4451,9.6729,10.2643,10.7815,10.9101,11.221330769230768,11.532561538461538,11.843792307692306,12.155023076923074,12.466253846153846,12.777484615384614,13.088715384615385,13.399946153846154,13.711176923076925,14.022407692307693,14.33363846153846,14.644869230769231,14.9561,15.321,15.6894,16.0644,16.4486,16.845,17.2502,17.6619,18.0844,18.5216,18.9775,19.4518,19.9421,20.4489,20.9726,21.5137,22.0722,22.6457,23.2314,23.8264,24.4281
"No targets calculated, so the baseline emissions are put in as target pathways for all un/conditional best/worst pathways.
",MRT,baseline_emissions,conditional,best,KYOTOGHG,IPCM0EL,MtCO2eq,AR4,4.3001,4.3761,4.5181,4.7025,5.0122,5.0025,5.1858,5.3101,5.4431,5.6929,5.8618,6.0627,6.2928,6.3451,6.7713,6.9054,7.5269,7.9505,8.0272,8.3367,8.6783,8.9333,9.1222,9.4451,9.6729,10.2643,10.7815,10.9101,11.221330769230768,11.532561538461538,11.843792307692306,12.155023076923074,12.466253846153846,12.777484615384614,13.088715384615385,13.399946153846154,13.711176923076925,14.022407692307693,14.33363846153846,14.644869230769231,14.9561,15.321,15.6894,16.0644,16.4486,16.845,17.2502,17.6619,18.0844,18.5216,18.9775,19.4518,19.9421,20.4489,20.9726,21.5137,22.0722,22.6457,23.2314,23.8264,24.4281
"No targets calculated, so the baseline emissions are put in as target pathways for all un/conditional best/worst pathways.
",MRT,baseline_emissions,unconditional,worst,KYOTOGHG,IPCM0EL,MtCO2eq,AR4,4.3001,4.3761,4.5181,4.7025,5.0122,5.0025,5.1858,5.3101,5.4431,5.6929,5.8618,6.0627,6.2928,6.3451,6.7713,6.9054,7.5269,7.9505,8.0272,8.3367,8.6783,8.9333,9.1222,9.4451,9.6729,10.2643,10.7815,10.9101,11.221330769230768,11.532561538461538,11.843792307692306,12.155023076923074,12.466253846153846,12.777484615384614,13.088715384615385,13.399946153846154,13.711176923076925,14.022407692307693,14.33363846153846,14.644869230769231,14.9561,15.321,15.6894,16.0644,16.4486,16.845,17.2502,17.6619,18.0844,18.5216,18.9775,19.4518,19.9421,20.4489,20.9726,21.5137,22.0722,22.6457,23.2314,23.8264,24.4281
"No targets calculated, so the baseline emissions are put in as target pathways for all un/conditional best/worst pathways.
",MRT,baseline_emissions,unconditional,best,KYOTOGHG,IPCM0EL,MtCO2eq,AR4,4.3001,4.3761,4.5181,4.7025,5.0122,5.0025,5.1858,5.3101,5.4431,5.6929,5.8618,6.0627,6.2928,6.3451,6.7713,6.9054,7.5269,7.9505,8.0272,8.3367,8.6783,8.9333,9.1222,9.4451,9.6729,10.2643,10.7815,10.9101,11.221330769230768,11.532561538461538,11.843792307692306,12.155023076923074,12.466253846153846,12.777484615384614,13.088715384615385,13.399946153846154,13.711176923076925,14.022407692307693,14.33363846153846,14.644869230769231,14.9561,15.321,15.6894,16.0644,16.4486,16.845,17.2502,17.6619,18.0844,18.5216,18.9775,19.4518,19.9421,20.4489,20.9726,21.5137,22.0722,22.6457,23.2314,23.8264,24.4281
,MRT,,emi_bau,emi_bau,KYOTOGHG,IPCM0EL,MtCO2eq,AR4,4.3001,4.3761,4.5181,4.7025,5.0122,5.0025,5.1858,5.3101,5.4431,5.6929,5.8618,6.0627,6.2928,6.3451,6.7713,6.9054,7.5269,7.9505,8.0272,8.3367,8.6783,8.9333,9.1222,9.4451,9.6729,10.2643,10.7815,10.9101,11.221330769230768,11.532561538461538,11.843792307692306,12.155023076923074,12.466253846153846,12.777484615384614,13.088715384615385,13.399946153846154,13.711176923076925,14.022407692307693,14.33363846153846,14.644869230769231,14.9561,15.321,15.6894,16.0644,16.4486,16.845,17.2502,17.6619,18.0844,18.5216,18.9775,19.4518,19.9421,20.4489,20.9726,21.5137,22.0722,22.6457,23.2314,23.8264,24.4281
,MRT,,emi_cov,emi_cov,KYOTOGHG,IPCM0EL,MtCO2eq,AR4,4.3001,4.3761,4.5181,4.7025,5.0122,5.0025,5.1857756111826,5.3100081140296,5.4429060133591,5.6925778046316005,5.8613320056116,6.061952165955001,6.291549595468799,6.343174503263801,6.7685770503597,6.901807223961,7.522415345022701,7.945151388580499,8.021065686004802,8.329908165540301,8.6710292161204,8.9257023802161,9.114349598879599,9.4362143143828,9.6633759949497,10.2541379940138,10.770699891131,10.8986610656328,11.208324192064136,11.51781607447383,11.82715614985936,12.136353386902728,12.445420217793645,12.754357023238683,13.063183384579201,13.3717753532473,13.680050316539702,13.988378155387224,14.296335583117822,14.603987551096248,14.911629995899098,15.27235000302,15.636470004819,16.006680000352798,16.385780000338,16.776679998465,17.1761499974592,17.581709993344198,17.9976199992316,18.427920006835198,18.87649999907,19.3429400048354,19.8249200010369,20.3228499948606,20.837049996542998,21.368219993318903,21.9161900043426,22.4786200027543,23.0525099960844,23.6354400053304,24.2244800121558
,MRT,,emi_ncov,emi_ncov,KYOTOGHG,IPCM0EL,MtCO2eq,AR4,0.0,0.0,0.0,0.0,0.0,0.0,2.438881739997301e-05,9.188597040056706e-05,0.00019398664090017272,0.000322195368399797,0.0004679943883999926,0.0007478340449997972,0.0012504045312006608,0.0019254967361998516,0.0027229496402998124,0.003592776039000064,0.004484654977299989,0.0053486114195007055,0.006134313995199311,0.006791834459699822,0.007270783879599943,0.007597619783900115,0.007850401120400493,0.008885685617199799,0.009524005050300254,0.010162005986200862,0.010800108868999191,0.011438934367200245,0.013006577166631072,0.014745463987708584,0.016636157832946027,0.018669690020345815,0.020833628360200477,0.023127592145930662,0.025532000036184332,0.028170800598854188,0.031126606537222205,0.03402953692046974,0.03730287842063838,0.04088167967298356,0.04447000410090171,0.04864999697999923,0.052929995180999945,0.057719999647199885,0.06281999966199972,0.06832000153499947,0.07405000254080062,0.08019000665580012,0.08678000076839813,0.09367999316480029,0.10100000093,0.10885999516460058,0.11717999896309807,0.12605000513939849,0.1355500034570007,0.14548000668109928,0.1560099956574003,0.16707999724569927,0.17889000391560048,0.1909599946696024,0.20361998784420013
,MRT,,pc_cov,pc_cov,KYOTOGHG,IPCM0EL,MtCO2eq/MtCO2eq,AR4,1.0,1.0,1.0,1.0,1.0,1.0,0.999995297,0.9999826959999999,0.999964361,0.999943404,0.999920162,0.99987665,0.9998012959999999,0.999696538,0.999597869,0.999479715,0.999404183,0.9993272609999999,0.9992358090000001,0.999185309,0.999162188,0.999149517,0.999139418,0.999059228,0.999015393,0.9990099659999999,0.9989982740000001,0.998951528,0.998840906,0.9987214059999999,0.998595369,0.998464035,0.998328798,0.998189973,0.998049312,0.997897693,0.9977298370000001,0.997573203,0.997397529,0.9972084640000001,0.9970266309999999,0.99682462,0.996626385,0.996406962,0.99618083,0.995944197,0.995707296,0.995459718,0.9952013890000001,0.994942122,0.994677908,0.994403603,0.9941239890000001,0.9938358540000001,0.993536805,0.993237797,0.992931833,0.992621999,0.992299646,0.9919853609999999,0.991664518
,MSR,,pop,pop,POP,DEMOGR,Pers,,,,,,,,,,,,,,,,,,,,,,,,,,,,,,,,,,,,,,,,,,,,,,,,,,,,,,,,,,,,,,
,MSR,,gdp,gdp,GDPPPP,ECO,2011GKD,,,,,,,,,,,,,,,,,,,,,,,,,,,,,,,,,,,,,,,,,,,,,,,,,,,,,,,,,,,,,,
"No targets calculated, so the baseline emissions are put in as target pathways for all un/conditional best/worst pathways.
",MSR,baseline_emissions,conditional,worst,KYOTOGHG,IPCM0EL,MtCO2eq,AR4,,,,,,,,,,,,,,,,,,,,,,,,,,,,,,,,,,,,,,,,,,,,,,,,,,,,,,,,,,,,,
"No targets calculated, so the baseline emissions are put in as target pathways for all un/conditional best/worst pathways.
",MSR,baseline_emissions,conditional,best,KYOTOGHG,IPCM0EL,MtCO2eq,AR4,,,,,,,,,,,,,,,,,,,,,,,,,,,,,,,,,,,,,,,,,,,,,,,,,,,,,,,,,,,,,
"No targets calculated, so the baseline emissions are put in as target pathways for all un/conditional best/worst pathways.
",MSR,baseline_emissions,unconditional,worst,KYOTOGHG,IPCM0EL,MtCO2eq,AR4,,,,,,,,,,,,,,,,,,,,,,,,,,,,,,,,,,,,,,,,,,,,,,,,,,,,,,,,,,,,,
"No targets calculated, so the baseline emissions are put in as target pathways for all un/conditional best/worst pathways.
",MSR,baseline_emissions,unconditional,best,KYOTOGHG,IPCM0EL,MtCO2eq,AR4,,,,,,,,,,,,,,,,,,,,,,,,,,,,,,,,,,,,,,,,,,,,,,,,,,,,,,,,,,,,,
,MSR,,emi_bau,emi_bau,KYOTOGHG,IPCM0EL,MtCO2eq,AR4,,,,,,,,,,,,,,,,,,,,,,,,,,,,,,,,,,,,,,,,,,,,,,,,,,,,,,,,,,,,,
,MSR,,emi_cov,emi_cov,KYOTOGHG,IPCM0EL,MtCO2eq,AR4,,,,,,,,,,,,,,,,,,,,,,,,,,,,,,,,,,,,,,,,,,,,,,,,,,,,,,,,,,,,,
,MSR,,emi_ncov,emi_ncov,KYOTOGHG,IPCM0EL,MtCO2eq,AR4,,,,,,,,,,,,,,,,,,,,,,,,,,,,,,,,,,,,,,,,,,,,,,,,,,,,,,,,,,,,,
,MSR,,pc_cov,pc_cov,KYOTOGHG,IPCM0EL,MtCO2eq/MtCO2eq,AR4,0.0,0.0,0.0,0.0,0.0,0.0,0.0,0.0,0.0,0.0,0.0,0.0,0.0,0.0,0.0,0.0,0.0,0.0,0.0,0.0,0.0,0.0,0.0,0.0,0.0,0.0,0.0,0.0,0.0,0.0,0.0,0.0,0.0,0.0,0.0,0.0,0.0,0.0,0.0,0.0,0.0,0.0,0.0,0.0,0.0,0.0,0.0,0.0,0.0,0.0,0.0,0.0,0.0,0.0,0.0,0.0,0.0,0.0,0.0,0.0,0.0
,MUS,,pop,pop,POP,DEMOGR,Pers,,1055868.0,1068439.0,1082956.0,1098592.0,1114137.0,1128673.0,1141948.0,1154140.0,1165283.0,1175574.0,1185145.0,1193917.0,1201812.0,1208994.0,1215677.0,1222003.0,1228089.0,1233889.0,1239262.0,1243991.0,1247955.0,1251080.0,1253488.0,1255452.0,1257355.0,1259456.0,1261865.0,1264499.0,1273066.5459,1280224.4663,1287371.9913,1294660.8464,1302163.1951,1309764.2864,1317352.2813,1324818.0677,1332044.4236,1338976.8847,1345597.3477,1351881.1457,1357797.3527,1363460.126,1368980.4293,1374319.3971,1379439.8741,1384306.3206,1388895.1154,1393226.0819,1397329.9561,1401237.3989,1404978.9918,1408610.3692,1412176.9466,1415695.2682,1419183.6348,1422662.0276,1425982.2157,1429045.8136,1431945.9446,1434772.0369,1437610.0114
,MUS,,gdp,gdp,GDPPPP,ECO,2011GKD,,10068773437.5,10768901367.1875,11648766601.5625,12222998046.875,12923747070.3125,14246317382.8125,15794625976.5625,15641154296.875,16332625976.5625,16002896484.375,16533275390.625,16352758789.0625,16695435546.875,16560841796.875,16808115234.375,16025440429.6875,16868072265.625,18316722656.25,18631652343.75,18431890625.0,18717291015.625,20664056640.625,20874501953.125,22284388671.875,23332537109.375,25051468750.0,26431800781.25,28208546875.0,28044493892.6523,29126143728.1808,30206010327.4081,31304248947.5548,32431184785.414,33566000499.7378,34687948091.772995,35776327370.9089,36814299363.5885,37801467532.6946,38741615136.9297,39638146851.6391,40494033049.1089,41311093047.8466,42095545723.3371,42856508548.5175,43602952742.1718,44343723632.1144,45067011603.1917,45762412434.6218,46440444247.8057,47111158609.8082,47784177412.0489,48444078975.9343,49080499910.0629,49709936216.6992,50348341594.89,51011196280.8269,51701129095.4488,52406260200.0938,53119949292.0504,53835465723.6911,54545975015.1985
"The target value from 'conditional_best' was used for 'conditional_worst' in 2030.
",MUS,ABS,conditional,worst,KYOTOGHG,IPCM0EL,MtCO2eq,AR4,2.3239,2.3899,2.5993,2.668,2.502,2.8259,2.9701,3.0673,3.3109,3.6777,4.1375,4.5486,4.4315,4.6091,4.6167,4.7404,5.9761,6.1579999999999995,6.3742,6.4208,6.7337,6.8489,6.9866,7.2266,7.6356,7.9775,8.2596,8.5371,8.815892307692309,9.094684615384617,9.373476923076923,9.485596270545775,9.588087386953172,9.680950272299116,9.764184926583606,9.83779134980664,9.90176954196822,9.956119503068347,10.00084123310702,10.035934732084238,10.0614,10.315967137007252,10.565818535694904,10.81302250234348,11.059481878731068,11.30726497113819,11.553227954018453,11.794061537323005,12.032164956337263,12.269689249592975,12.508702723370666,12.747716197148355,12.985240490404065,13.223840302925652,13.46599760224974,13.714111623661749,13.967603241403127,14.221756717154276,14.473262760866348,14.718894814741725,14.955178124229118
,MUS,ABS,conditional,best,KYOTOGHG,IPCM0EL,MtCO2eq,AR4,2.3239,2.3899,2.5993,2.668,2.502,2.8259,2.9701,3.0673,3.3109,3.6777,4.1375,4.5486,4.4315,4.6091,4.6167,4.7404,5.9761,6.1579999999999995,6.3742,6.4208,6.7337,6.8489,6.9866,7.2266,7.6356,7.9775,8.2596,8.5371,8.815892307692309,9.094684615384617,9.373476923076923,9.485596270545775,9.588087386953172,9.680950272299116,9.764184926583606,9.83779134980664,9.90176954196822,9.956119503068347,10.00084123310702,10.035934732084238,10.0614,10.315967137007252,10.565818535694904,10.81302250234348,11.059481878731068,11.30726497113819,11.553227954018453,11.794061537323005,12.032164956337263,12.269689249592975,12.508702723370666,12.747716197148355,12.985240490404065,13.223840302925652,13.46599760224974,13.714111623661749,13.967603241403127,14.221756717154276,14.473262760866348,14.718894814741725,14.955178124229118
,MUS,ABS,unconditional,worst,KYOTOGHG,IPCM0EL,MtCO2eq,AR4,2.3239,2.3899,2.5993,2.668,2.502,2.8259,2.9701,3.0673,3.3109,3.6777,4.1375,4.5486,4.4315,4.6091,4.6167,4.7404,5.9761,6.1579999999999995,6.3742,6.4208,6.7337,6.8489,6.9866,7.2266,7.6356,7.9775,8.2596,8.5371,8.815892307692309,9.094684615384617,9.373476923076923,9.652269230769232,9.931061538461538,10.209853846153846,10.488646153846156,10.767438461538461,11.04623076923077,11.325023076923078,11.603815384615386,11.882607692307694,12.1614,12.4691,12.7711,13.0699,13.3678,13.6673,13.9646,14.2557,14.5435,14.8306,15.1195,15.4084,15.6955,15.9839,16.2766,16.5765,16.8829,17.1901,17.4941,17.791,18.0766
,MUS,ABS,unconditional,best,KYOTOGHG,IPCM0EL,MtCO2eq,AR4,2.3239,2.3899,2.5993,2.668,2.502,2.8259,2.9701,3.0673,3.3109,3.6777,4.1375,4.5486,4.4315,4.6091,4.6167,4.7404,5.9761,6.1579999999999995,6.3742,6.4208,6.7337,6.8489,6.9866,7.2266,7.6356,7.9775,8.2596,8.5371,8.815892307692309,9.094684615384617,9.373476923076923,9.652269230769232,9.931061538461538,10.209853846153846,10.488646153846156,10.767438461538461,11.04623076923077,11.325023076923078,11.603815384615386,11.882607692307694,12.1614,12.4691,12.7711,13.0699,13.3678,13.6673,13.9646,14.2557,14.5435,14.8306,15.1195,15.4084,15.6955,15.9839,16.2766,16.5765,16.8829,17.1901,17.4941,17.791,18.0766
"The target value from 'conditional_best' was used for 'conditional_worst' in 2030.
",MUS,ABU,conditional,worst,KYOTOGHG,IPCM0EL,MtCO2eq,AR4,2.3239,2.3899,2.5993,2.668,2.502,2.8259,2.9701,3.0673,3.3109,3.6777,4.1375,4.5486,4.4315,4.6091,4.6167,4.7404,5.9761,6.1579999999999995,6.3742,6.4208,6.7337,6.8489,6.9866,7.2266,7.6356,7.9775,8.2596,8.5371,8.815892307692309,9.094684615384617,9.373476923076923,9.485596270545775,9.588087386953172,9.680950272299116,9.764184926583606,9.83779134980664,9.90176954196822,9.956119503068347,10.00084123310702,10.035934732084238,10.0614,10.315967137007252,10.565818535694904,10.81302250234348,11.059481878731068,11.30726497113819,11.553227954018453,11.794061537323005,12.032164956337263,12.269689249592975,12.508702723370666,12.747716197148355,12.985240490404065,13.223840302925652,13.46599760224974,13.714111623661749,13.967603241403127,14.221756717154276,14.473262760866348,14.718894814741725,14.955178124229118
,MUS,ABU,conditional,best,KYOTOGHG,IPCM0EL,MtCO2eq,AR4,2.3239,2.3899,2.5993,2.668,2.502,2.8259,2.9701,3.0673,3.3109,3.6777,4.1375,4.5486,4.4315,4.6091,4.6167,4.7404,5.9761,6.1579999999999995,6.3742,6.4208,6.7337,6.8489,6.9866,7.2266,7.6356,7.9775,8.2596,8.5371,8.815892307692309,9.094684615384617,9.373476923076923,9.485596270545775,9.588087386953172,9.680950272299116,9.764184926583606,9.83779134980664,9.90176954196822,9.956119503068347,10.00084123310702,10.035934732084238,10.0614,10.315967137007252,10.565818535694904,10.81302250234348,11.059481878731068,11.30726497113819,11.553227954018453,11.794061537323005,12.032164956337263,12.269689249592975,12.508702723370666,12.747716197148355,12.985240490404065,13.223840302925652,13.46599760224974,13.714111623661749,13.967603241403127,14.221756717154276,14.473262760866348,14.718894814741725,14.955178124229118
,MUS,ABU,unconditional,worst,KYOTOGHG,IPCM0EL,MtCO2eq,AR4,2.3239,2.3899,2.5993,2.668,2.502,2.8259,2.9701,3.0673,3.3109,3.6777,4.1375,4.5486,4.4315,4.6091,4.6167,4.7404,5.9761,6.1579999999999995,6.3742,6.4208,6.7337,6.8489,6.9866,7.2266,7.6356,7.9775,8.2596,8.5371,8.815892307692309,9.094684615384617,9.373476923076923,9.652269230769232,9.931061538461538,10.209853846153846,10.488646153846156,10.767438461538461,11.04623076923077,11.325023076923078,11.603815384615386,11.882607692307694,12.1614,12.4691,12.7711,13.0699,13.3678,13.6673,13.9646,14.2557,14.5435,14.8306,15.1195,15.4084,15.6955,15.9839,16.2766,16.5765,16.8829,17.1901,17.4941,17.791,18.0766
,MUS,ABU,unconditional,best,KYOTOGHG,IPCM0EL,MtCO2eq,AR4,2.3239,2.3899,2.5993,2.668,2.502,2.8259,2.9701,3.0673,3.3109,3.6777,4.1375,4.5486,4.4315,4.6091,4.6167,4.7404,5.9761,6.1579999999999995,6.3742,6.4208,6.7337,6.8489,6.9866,7.2266,7.6356,7.9775,8.2596,8.5371,8.815892307692309,9.094684615384617,9.373476923076923,9.652269230769232,9.931061538461538,10.209853846153846,10.488646153846156,10.767438461538461,11.04623076923077,11.325023076923078,11.603815384615386,11.882607692307694,12.1614,12.4691,12.7711,13.0699,13.3678,13.6673,13.9646,14.2557,14.5435,14.8306,15.1195,15.4084,15.6955,15.9839,16.2766,16.5765,16.8829,17.1901,17.4941,17.791,18.0766
"The target value from 'conditional_best' was used for 'conditional_worst' in 2030.
",MUS,RBU,conditional,worst,KYOTOGHG,IPCM0EL,MtCO2eq,AR4,2.3239,2.3899,2.5993,2.668,2.502,2.8259,2.9701,3.0673,3.3109,3.6777,4.1375,4.5486,4.4315,4.6091,4.6167,4.7404,5.9761,6.1579999999999995,6.3742,6.4208,6.7337,6.8489,6.9866,7.2266,7.6356,7.9775,8.2596,8.5371,8.815892307692309,9.094684615384617,9.373476923076923,9.493158460745414,9.603648613943975,9.704947382672605,9.797054766931307,9.87997076672007,9.953695382038912,10.01822861288782,10.073570459266797,10.119720921175844,10.15667999861496,10.41365784948524,10.66587530467804,10.915420257034361,11.16421356796792,11.41434313031972,11.66263534697144,11.905749589377479,12.1461078132334,12.38588142709384,12.6271583237998,12.868435220505761,13.108208834366199,13.34906815250396,13.593518646328238,13.8439822715346,14.099874418127559,14.35643469042964,14.61032245989524,14.8582806136924,15.09680149184824
,MUS,RBU,conditional,best,KYOTOGHG,IPCM0EL,MtCO2eq,AR4,2.3239,2.3899,2.5993,2.668,2.502,2.8259,2.9701,3.0673,3.3109,3.6777,4.1375,4.5486,4.4315,4.6091,4.6167,4.7404,5.9761,6.1579999999999995,6.3742,6.4208,6.7337,6.8489,6.9866,7.2266,7.6356,7.9775,8.2596,8.5371,8.815892307692309,9.094684615384617,9.373476923076923,9.493158460745414,9.603648613943975,9.704947382672605,9.797054766931307,9.87997076672007,9.953695382038912,10.01822861288782,10.073570459266797,10.119720921175844,10.15667999861496,10.41365784948524,10.66587530467804,10.915420257034361,11.16421356796792,11.41434313031972,11.66263534697144,11.905749589377479,12.1461078132334,12.38588142709384,12.6271583237998,12.868435220505761,13.108208834366199,13.34906815250396,13.593518646328238,13.8439822715346,14.099874418127559,14.35643469042964,14.61032245989524,14.8582806136924,15.09680149184824
,MUS,RBU,unconditional,worst,KYOTOGHG,IPCM0EL,MtCO2eq,AR4,2.3239,2.3899,2.5993,2.668,2.502,2.8259,2.9701,3.0673,3.3109,3.6777,4.1375,4.5486,4.4315,4.6091,4.6167,4.7404,5.9761,6.1579999999999995,6.3742,6.4208,6.7337,6.8489,6.9866,7.2266,7.6356,7.9775,8.2596,8.5371,8.815892307692309,9.094684615384617,9.373476923076923,9.652269230769232,9.931061538461538,10.209853846153846,10.488646153846156,10.767438461538461,11.04623076923077,11.325023076923078,11.603815384615386,11.882607692307694,12.1614,12.4691,12.7711,13.0699,13.3678,13.6673,13.9646,14.2557,14.5435,14.8306,15.1195,15.4084,15.6955,15.9839,16.2766,16.5765,16.8829,17.1901,17.4941,17.791,18.0766
,MUS,RBU,unconditional,best,KYOTOGHG,IPCM0EL,MtCO2eq,AR4,2.3239,2.3899,2.5993,2.668,2.502,2.8259,2.9701,3.0673,3.3109,3.6777,4.1375,4.5486,4.4315,4.6091,4.6167,4.7404,5.9761,6.1579999999999995,6.3742,6.4208,6.7337,6.8489,6.9866,7.2266,7.6356,7.9775,8.2596,8.5371,8.815892307692309,9.094684615384617,9.373476923076923,9.652269230769232,9.931061538461538,10.209853846153846,10.488646153846156,10.767438461538461,11.04623076923077,11.325023076923078,11.603815384615386,11.882607692307694,12.1614,12.4691,12.7711,13.0699,13.3678,13.6673,13.9646,14.2557,14.5435,14.8306,15.1195,15.4084,15.6955,15.9839,16.2766,16.5765,16.8829,17.1901,17.4941,17.791,18.0766
"No targets calculated, so the baseline emissions are put in as target pathways for all un/conditional best/worst pathways.
",MUS,baseline_emissions,conditional,worst,KYOTOGHG,IPCM0EL,MtCO2eq,AR4,2.3239,2.3899,2.5993,2.668,2.502,2.8259,2.9701,3.0673,3.3109,3.6777,4.1375,4.5486,4.4315,4.6091,4.6167,4.7404,5.9761,6.1579999999999995,6.3742,6.4208,6.7337,6.8489,6.9866,7.2266,7.6356,7.9775,8.2596,8.5371,8.815892307692309,9.094684615384617,9.373476923076923,9.652269230769232,9.931061538461538,10.209853846153846,10.488646153846156,10.767438461538461,11.04623076923077,11.325023076923078,11.603815384615386,11.882607692307694,12.1614,12.4691,12.7711,13.0699,13.3678,13.6673,13.9646,14.2557,14.5435,14.8306,15.1195,15.4084,15.6955,15.9839,16.2766,16.5765,16.8829,17.1901,17.4941,17.791,18.0766
"No targets calculated, so the baseline emissions are put in as target pathways for all un/conditional best/worst pathways.
",MUS,baseline_emissions,conditional,best,KYOTOGHG,IPCM0EL,MtCO2eq,AR4,2.3239,2.3899,2.5993,2.668,2.502,2.8259,2.9701,3.0673,3.3109,3.6777,4.1375,4.5486,4.4315,4.6091,4.6167,4.7404,5.9761,6.1579999999999995,6.3742,6.4208,6.7337,6.8489,6.9866,7.2266,7.6356,7.9775,8.2596,8.5371,8.815892307692309,9.094684615384617,9.373476923076923,9.652269230769232,9.931061538461538,10.209853846153846,10.488646153846156,10.767438461538461,11.04623076923077,11.325023076923078,11.603815384615386,11.882607692307694,12.1614,12.4691,12.7711,13.0699,13.3678,13.6673,13.9646,14.2557,14.5435,14.8306,15.1195,15.4084,15.6955,15.9839,16.2766,16.5765,16.8829,17.1901,17.4941,17.791,18.0766
"No targets calculated, so the baseline emissions are put in as target pathways for all un/conditional best/worst pathways.
",MUS,baseline_emissions,unconditional,worst,KYOTOGHG,IPCM0EL,MtCO2eq,AR4,2.3239,2.3899,2.5993,2.668,2.502,2.8259,2.9701,3.0673,3.3109,3.6777,4.1375,4.5486,4.4315,4.6091,4.6167,4.7404,5.9761,6.1579999999999995,6.3742,6.4208,6.7337,6.8489,6.9866,7.2266,7.6356,7.9775,8.2596,8.5371,8.815892307692309,9.094684615384617,9.373476923076923,9.652269230769232,9.931061538461538,10.209853846153846,10.488646153846156,10.767438461538461,11.04623076923077,11.325023076923078,11.603815384615386,11.882607692307694,12.1614,12.4691,12.7711,13.0699,13.3678,13.6673,13.9646,14.2557,14.5435,14.8306,15.1195,15.4084,15.6955,15.9839,16.2766,16.5765,16.8829,17.1901,17.4941,17.791,18.0766
"No targets calculated, so the baseline emissions are put in as target pathways for all un/conditional best/worst pathways.
",MUS,baseline_emissions,unconditional,best,KYOTOGHG,IPCM0EL,MtCO2eq,AR4,2.3239,2.3899,2.5993,2.668,2.502,2.8259,2.9701,3.0673,3.3109,3.6777,4.1375,4.5486,4.4315,4.6091,4.6167,4.7404,5.9761,6.1579999999999995,6.3742,6.4208,6.7337,6.8489,6.9866,7.2266,7.6356,7.9775,8.2596,8.5371,8.815892307692309,9.094684615384617,9.373476923076923,9.652269230769232,9.931061538461538,10.209853846153846,10.488646153846156,10.767438461538461,11.04623076923077,11.325023076923078,11.603815384615386,11.882607692307694,12.1614,12.4691,12.7711,13.0699,13.3678,13.6673,13.9646,14.2557,14.5435,14.8306,15.1195,15.4084,15.6955,15.9839,16.2766,16.5765,16.8829,17.1901,17.4941,17.791,18.0766
,MUS,,emi_bau,emi_bau,KYOTOGHG,IPCM0EL,MtCO2eq,AR4,2.3239,2.3899,2.5993,2.668,2.502,2.8259,2.9701,3.0673,3.3109,3.6777,4.1375,4.5486,4.4315,4.6091,4.6167,4.7404,5.9761,6.1579999999999995,6.3742,6.4208,6.7337,6.8489,6.9866,7.2266,7.6356,7.9775,8.2596,8.5371,8.815892307692309,9.094684615384617,9.373476923076923,9.652269230769232,9.931061538461538,10.209853846153846,10.488646153846156,10.767438461538461,11.04623076923077,11.325023076923078,11.603815384615386,11.882607692307694,12.1614,12.4691,12.7711,13.0699,13.3678,13.6673,13.9646,14.2557,14.5435,14.8306,15.1195,15.4084,15.6955,15.9839,16.2766,16.5765,16.8829,17.1901,17.4941,17.791,18.0766
,MUS,,emi_cov,emi_cov,KYOTOGHG,IPCM0EL,MtCO2eq,AR4,1.6301992503823002,1.6945315819603,1.8937195107357998,1.9699510539520002,1.80398681082,2.1115134238506,2.0590029440743,1.9629713526851,2.0101064630778005,2.1547036486521,2.328354913625,2.5160306528448,2.5419445876289997,2.7040363034126,2.6962864719318,2.8574154819812,3.4795445915047996,3.58610692782,3.7136984583874004,3.7048802162751997,3.9559335969962994,4.006930658437,4.100671735986201,4.253799794555801,4.4209204750116005,4.645048921215,4.802111889526801,4.959192187006201,5.095039221418431,5.2272590924121705,5.358750786392493,5.490956578957269,5.624634865551692,5.7591088919555995,5.89361727346957,6.027782079389977,6.161234132062153,6.293656003190355,6.424947882213047,6.554545052485985,6.6824000046168015,6.8239000039749,6.9601999992164,7.093700000979901,7.2264000000732,7.360599995168999,7.494000006048401,7.6244999985672,7.753899995114501,7.8839999942256,8.016599995547,8.1499000039604,8.282800003588001,8.4171999971744,8.555100007052397,8.698500008238002,8.8469000018496,8.997499997063102,9.1481000032552,9.29699999369,9.442000007884
,MUS,,emi_ncov,emi_ncov,KYOTOGHG,IPCM0EL,MtCO2eq,AR4,0.6937007496176998,0.6953684180397,0.7055804892642,0.6980489460479999,0.6980131891799999,0.7143865761493997,0.9110970559257001,1.1043286473148999,1.3007935369222,1.5229963513479001,1.809145086375,2.0325693471552,1.889555412371,1.9050636965874002,1.9204135280682,1.8829845180188,2.4965554084952,2.5718930721799995,2.6605015416125997,2.7159197837248,2.7777664030037004,2.8419693415630003,2.8859282640137995,2.9728002054442,3.2146795249883997,3.332451078785,3.4574881104732,3.5779078129938,3.7208530862738773,3.867425522972447,4.0147261366844305,4.161312651811962,4.306426672909846,4.450744954198247,4.595028880376586,4.7396563821484845,4.884996637168617,5.0313670737327225,5.178867502402339,5.328062639821709,5.478999995383199,5.6451999960251,5.810900000783601,5.9761999990201,6.141399999926801,6.306700004831,6.4705999939516,6.631200001432799,6.789600004885499,6.946600005774401,7.102900004453001,7.258499996039601,7.412699996411999,7.566700002825599,7.7214999929476,7.877999991761999,8.0359999981504,8.1926000029369,8.3459999967448,8.494000006310001,8.634599992116
,MUS,,pc_cov,pc_cov,KYOTOGHG,IPCM0EL,MtCO2eq/MtCO2eq,AR4,0.7014928570000001,0.709038697,0.728549806,0.738362464,0.72101791,0.7472003340000001,0.693243643,0.639967187,0.6071178420000001,0.585883473,0.56274439,0.553143968,0.573608166,0.586673386,0.584028954,0.602779403,0.582243368,0.58234929,0.5826140470000001,0.577012244,0.587482899,0.58504733,0.5869338070000001,0.588630863,0.578987961,0.582268746,0.581397633,0.580898922,0.577938006,0.574759798,0.5716929620000001,0.568877271,0.56636794,0.564073588,0.561904481,0.559815791,0.5577680079999999,0.5557300820000001,0.553692701,0.551608302,0.5494762120000001,0.547264839,0.544996124,0.542750901,0.540582594,0.53855553,0.536642654,0.534838696,0.5331522670000001,0.531603576,0.530215946,0.528925781,0.5277181360000001,0.526604896,0.5256073139999999,0.5247488920000001,0.524015424,0.523411731,0.522924872,0.52256759,0.52233274
,MWI,,pop,pop,POP,DEMOGR,Pers,,9404500.0,9600355.0,9685973.0,9710331.0,9745690.0,9844415.0,10022789.0,10264906.0,10552338.0,10854322.0,11148758.0,11432000.0,11713664.0,12000181.0,12301838.0,12625952.0,12973699.0,13341806.0,13727890.0,14128155.0,14539612.0,14962115.0,15396015.0,15839286.0,16289552.0,16745303.0,17205261.0,17670196.0,18170444.8069,18744551.4758,19334650.3161,19943561.1707,20573841.5103,21225160.5054,21897167.2672,22589489.7549,23302599.1691,24035801.8768,24787006.8391,25554187.5247,26335385.97,27133358.1508,27951501.2664,28788858.7517,29644455.0306,30517294.4611,31408490.5771,32318887.7343,33247070.8418,34191624.7892,35151134.7082,36130341.8732,37132377.8414,38153393.5054,39189511.6625,40236826.1395,41294592.0912,42363083.2595,43439948.6332,44522902.4464,45609723.43399999
,MWI,,gdp,gdp,GDPPPP,ECO,2011GKD,,8905662109.375,9635996093.75,8654451171.875,9301319335.9375,10157067382.8125,10311409179.6875,10290695312.5,11271522460.9375,9642000976.5625,9617829101.5625,9516243164.0625,8843911132.8125,10477745117.1875,10791999023.4375,12195388671.875,12917912109.375,13351206054.6875,15781852539.0625,16491507812.5,14729385742.1875,14551125976.5625,16448636718.75,15611503906.25,15322548828.125,17144949218.75,18951076171.875,18406847656.25,18503912109.375,19408595714.3663,20621232210.309,21905015115.811,23287237041.38,24785349198.4513,26385968633.631,28075631049.8009,29840700352.7516,31681428645.6376,33601383139.0765,35592066542.0921,37645446889.5489,39753975074.2552,41913783165.1605,44140541242.1563,46456411545.7307,48883632220.6991,51444559550.4818,54139449798.9491,56961707585.7811,59924000677.2142,63039683102.4885,66322892586.0091,69782848811.864,73425090363.5317,77259817298.4868,81298598335.6582,85554537400.3904,90055018409.8594,94818517471.3414,99846352641.8245,105140283765.662,110702518985.9408
,MWI,ABS,conditional,worst,KYOTOGHG,IPCM0EL,MtCO2eq,AR4,5.3678,5.5710000000000015,5.6007,5.7259,5.3611,5.5467,5.6534,5.754,5.974,6.0238,6.1865,6.1157,6.5152,6.8249,7.1475,7.3025,7.6211,7.9811,8.6489,8.6164,9.6102,9.9061,10.0487,10.497,11.1851,11.3896,11.8403,12.3563,13.214721739130434,14.073143478260867,14.931565217391306,15.360816547307829,15.743404227650073,16.07932825841805,16.368588639611755,16.611185371231194,16.807118453276356,16.956387885747244,17.05899366864387,17.114935801966205,17.124214285714285,17.749317776973363,18.374421268232435,18.99952475949151,19.624628250750586,20.24973174200966,20.874835233268737,21.49993872452781,22.125042215786884,22.750145707045963,23.375249198305035,24.24297340218978,25.156501443288647,26.116270242147408,27.12300799967565,28.177588556964913,29.284890860109545,30.447536432384116,31.663486311241744,32.93041025377168,34.24619647733609
,MWI,ABS,conditional,best,KYOTOGHG,IPCM0EL,MtCO2eq,AR4,5.3678,5.5710000000000015,5.6007,5.7259,5.3611,5.5467,5.6534,5.754,5.974,6.0238,6.1865,6.1157,6.5152,6.8249,7.1475,7.3025,7.6211,7.9811,8.6489,8.6164,9.6102,9.9061,10.0487,10.497,11.1851,11.3896,11.8403,12.3563,13.214721739130434,14.073143478260867,14.931565217391306,15.226523870604115,15.460217246843476,15.63264534610939,15.743808168401856,15.793705713720882,15.782337982066458,15.709704973438582,15.575806687837265,15.380643125262495,15.124214285714285,15.676309639977486,16.228404994240684,16.780500348503885,17.332595702767083,17.884691057030285,18.436786411293483,18.988881765556684,19.540977119819885,20.093072474083087,20.645167828346285,21.411547329413494,22.21838106899793,23.066054938087042,23.955212088326565,24.886624301691395,25.86460069420801,26.891456611801082,27.96539122986254,29.084346463125993,30.246457171818797
,MWI,ABS,unconditional,worst,KYOTOGHG,IPCM0EL,MtCO2eq,AR4,5.3678,5.5710000000000015,5.6007,5.7259,5.3611,5.5467,5.6534,5.754,5.974,6.0238,6.1865,6.1157,6.5152,6.8249,7.1475,7.3025,7.6211,7.9811,8.6489,8.6164,9.6102,9.9061,10.0487,10.497,11.1851,11.3896,11.8403,12.3563,13.214721739130434,14.073143478260867,14.931565217391306,15.78998695652174,16.648408695652172,17.506830434782607,18.36525217391304,19.22367391304348,20.082095652173916,20.940517391304347,21.798939130434785,22.657360869565213,23.515782608695652,24.37420434782609,25.23262608695652,26.09104782608696,26.94946956521739,27.80789130434783,28.66631304347826,29.524734782608697,30.38315652173913,31.24157826086957,32.1,33.2916,34.5461,35.86410000000001,37.2466,38.6948,40.2154,41.812,43.48180000000001,45.2216,47.02850000000001
,MWI,ABS,unconditional,best,KYOTOGHG,IPCM0EL,MtCO2eq,AR4,5.3678,5.5710000000000015,5.6007,5.7259,5.3611,5.5467,5.6534,5.754,5.974,6.0238,6.1865,6.1157,6.5152,6.8249,7.1475,7.3025,7.6211,7.9811,8.6489,8.6164,9.6102,9.9061,10.0487,10.497,11.1851,11.3896,11.8403,12.3563,13.214721739130434,14.073143478260867,14.931565217391306,15.78998695652174,16.648408695652172,17.506830434782607,18.36525217391304,19.22367391304348,20.082095652173916,20.940517391304347,21.798939130434785,22.657360869565213,23.515782608695652,24.37420434782609,25.23262608695652,26.09104782608696,26.94946956521739,27.80789130434783,28.66631304347826,29.524734782608697,30.38315652173913,31.24157826086957,32.1,33.2916,34.5461,35.86410000000001,37.2466,38.6948,40.2154,41.812,43.48180000000001,45.2216,47.02850000000001
,MWI,ABU,conditional,worst,KYOTOGHG,IPCM0EL,MtCO2eq,AR4,5.3678,5.5710000000000015,5.6007,5.7259,5.3611,5.5467,5.6534,5.754,5.974,6.0238,6.1865,6.1157,6.5152,6.8249,7.1475,7.3025,7.6211,7.9811,8.6489,8.6164,9.6102,9.9061,10.0487,10.497,11.1851,11.3896,11.8403,12.3563,13.214721739130434,14.073143478260867,14.931565217391306,14.849938219595753,14.666099830005974,14.380050048621971,13.99178887544374,13.501316310471292,12.908632353704617,12.213737005143711,11.416630264788584,10.51731213263923,9.515782608695652,9.863147388854962,10.21051216901427,10.55787694917358,10.905241729332888,11.252606509492198,11.599971289651506,11.947336069810815,12.294700849970125,12.642065630129435,12.989430410288742,13.471617490566004,13.979257379964983,14.512592871577462,15.072028620556408,15.658050213085383,16.27336883868928,16.91944125591878,17.59513443034558,18.299153465480167,19.030324861378947
,MWI,ABU,conditional,best,KYOTOGHG,IPCM0EL,MtCO2eq,AR4,5.3678,5.5710000000000015,5.6007,5.7259,5.3611,5.5467,5.6534,5.754,5.974,6.0238,6.1865,6.1157,6.5152,6.8249,7.1475,7.3025,7.6211,7.9811,8.6489,8.6164,9.6102,9.9061,10.0487,10.497,11.1851,11.3896,11.8403,12.3563,13.214721739130434,14.073143478260867,14.931565217391306,14.715645542892041,14.382912849199375,13.933367136313308,13.367008404233843,12.68383665296098,11.883851882494715,10.967054092835047,9.933443283981985,8.783019455935516,7.515782608695652,7.790139251859086,8.06449589502252,8.338852538185954,8.613209181349387,8.887565824512823,9.161922467676256,9.436279110839688,9.710635754003123,9.984992397166558,10.25934904032999,10.640191417789717,11.041137005674265,11.4623775675171,11.90423270920732,12.367085957811867,12.853078672787749,13.363361435335749,13.897039348966375,14.453089674834477,15.030585555861652
,MWI,ABU,unconditional,worst,KYOTOGHG,IPCM0EL,MtCO2eq,AR4,5.3678,5.5710000000000015,5.6007,5.7259,5.3611,5.5467,5.6534,5.754,5.974,6.0238,6.1865,6.1157,6.5152,6.8249,7.1475,7.3025,7.6211,7.9811,8.6489,8.6164,9.6102,9.9061,10.0487,10.497,11.1851,11.3896,11.8403,12.3563,13.214721739130434,14.073143478260867,14.931565217391306,15.78998695652174,16.648408695652172,17.506830434782607,18.36525217391304,19.22367391304348,20.082095652173916,20.940517391304347,21.798939130434785,22.657360869565213,23.515782608695652,24.37420434782609,25.23262608695652,26.09104782608696,26.94946956521739,27.80789130434783,28.66631304347826,29.524734782608697,30.38315652173913,31.24157826086957,32.1,33.2916,34.5461,35.86410000000001,37.2466,38.6948,40.2154,41.812,43.48180000000001,45.2216,47.02850000000001
,MWI,ABU,unconditional,best,KYOTOGHG,IPCM0EL,MtCO2eq,AR4,5.3678,5.5710000000000015,5.6007,5.7259,5.3611,5.5467,5.6534,5.754,5.974,6.0238,6.1865,6.1157,6.5152,6.8249,7.1475,7.3025,7.6211,7.9811,8.6489,8.6164,9.6102,9.9061,10.0487,10.497,11.1851,11.3896,11.8403,12.3563,13.214721739130434,14.073143478260867,14.931565217391306,15.78998695652174,16.648408695652172,17.506830434782607,18.36525217391304,19.22367391304348,20.082095652173916,20.940517391304347,21.798939130434785,22.657360869565213,23.515782608695652,24.37420434782609,25.23262608695652,26.09104782608696,26.94946956521739,27.80789130434783,28.66631304347826,29.524734782608697,30.38315652173913,31.24157826086957,32.1,33.2916,34.5461,35.86410000000001,37.2466,38.6948,40.2154,41.812,43.48180000000001,45.2216,47.02850000000001
,MWI,AEI,conditional,worst,KYOTOGHG,IPCM0EL,MtCO2eq,AR4,5.3678,5.5710000000000015,5.6007,5.7259,5.3611,5.5467,5.6534,5.754,5.974,6.0238,6.1865,6.1157,6.5152,6.8249,7.1475,7.3025,7.6211,7.9811,8.6489,8.6164,9.6102,9.9061,10.0487,10.497,11.1851,11.3896,11.8403,12.3563,13.214721739130434,14.073143478260867,14.931565217391306,15.271398357800926,15.554845419104472,15.781906401301947,15.952581304393352,16.066870128378692,16.124772873257953,16.12628953903114,16.071420125698264,15.960164633259307,15.792523061714284,16.369014405314363,16.94550574891444,17.521997092514518,18.098488436114593,18.674979779714672,19.251471123314744,19.827962466914823,20.404453810514898,20.980945154114977,21.557436497715052,22.3576807759293,23.200166884539378,24.085297766283567,25.01374499239232,25.986314448342192,27.007505661377255,28.079736287927155,29.20112592854662,30.369525555298164,31.582987611613472
,MWI,AEI,conditional,best,KYOTOGHG,IPCM0EL,MtCO2eq,AR4,5.3678,5.5710000000000015,5.6007,5.7259,5.3611,5.5467,5.6534,5.754,5.974,6.0238,6.1865,6.1157,6.5152,6.8249,7.1475,7.3025,7.6211,7.9811,8.6489,8.6164,9.6102,9.9061,10.0487,10.497,11.1851,11.3896,11.8403,12.3563,13.214721739130434,14.073143478260867,14.931565217391306,15.09456588410409,15.181953497043432,15.193728056209334,15.129889561601791,14.990438013220816,14.775373411066393,14.484695755138526,14.118405045437221,13.676501281962471,13.158984464714283,13.639340934977511,14.119697405240736,14.600053875503965,15.08041034576719,15.560766816030418,16.04112328629364,16.521479756556868,17.001836226820096,17.482192697083324,17.96254916734655,18.629345852325056,19.33134018037603,20.068867900082036,20.842488592414014,21.652873754537108,22.503772578956646,23.39719955716803,24.331587862452622,25.305146835703386,26.316253692104585
,MWI,AEI,unconditional,worst,KYOTOGHG,IPCM0EL,MtCO2eq,AR4,5.3678,5.5710000000000015,5.6007,5.7259,5.3611,5.5467,5.6534,5.754,5.974,6.0238,6.1865,6.1157,6.5152,6.8249,7.1475,7.3025,7.6211,7.9811,8.6489,8.6164,9.6102,9.9061,10.0487,10.497,11.1851,11.3896,11.8403,12.3563,13.214721739130434,14.073143478260867,14.931565217391306,15.78998695652174,16.648408695652172,17.506830434782607,18.36525217391304,19.22367391304348,20.082095652173916,20.940517391304347,21.798939130434785,22.657360869565213,23.515782608695652,24.37420434782609,25.23262608695652,26.09104782608696,26.94946956521739,27.80789130434783,28.66631304347826,29.524734782608697,30.38315652173913,31.24157826086957,32.1,33.2916,34.5461,35.86410000000001,37.2466,38.6948,40.2154,41.812,43.48180000000001,45.2216,47.02850000000001
,MWI,AEI,unconditional,best,KYOTOGHG,IPCM0EL,MtCO2eq,AR4,5.3678,5.5710000000000015,5.6007,5.7259,5.3611,5.5467,5.6534,5.754,5.974,6.0238,6.1865,6.1157,6.5152,6.8249,7.1475,7.3025,7.6211,7.9811,8.6489,8.6164,9.6102,9.9061,10.0487,10.497,11.1851,11.3896,11.8403,12.3563,13.214721739130434,14.073143478260867,14.931565217391306,15.78998695652174,16.648408695652172,17.506830434782607,18.36525217391304,19.22367391304348,20.082095652173916,20.940517391304347,21.798939130434785,22.657360869565213,23.515782608695652,24.37420434782609,25.23262608695652,26.09104782608696,26.94946956521739,27.80789130434783,28.66631304347826,29.524734782608697,30.38315652173913,31.24157826086957,32.1,33.2916,34.5461,35.86410000000001,37.2466,38.6948,40.2154,41.812,43.48180000000001,45.2216,47.02850000000001
,MWI,RBU,conditional,worst,KYOTOGHG,IPCM0EL,MtCO2eq,AR4,5.3678,5.5710000000000015,5.6007,5.7259,5.3611,5.5467,5.6534,5.754,5.974,6.0238,6.1865,6.1157,6.5152,6.8249,7.1475,7.3025,7.6211,7.9811,8.6489,8.6164,9.6102,9.9061,10.0487,10.497,11.1851,11.3896,11.8403,12.3563,13.214721739130434,14.073143478260867,14.931565217391306,15.045686327027976,15.078879714233306,15.031145379007302,14.902483321349958,14.692893541261284,14.402376038741266,14.03093081378991,13.578557866407223,13.045257196593187,12.431028804347825,12.884811931321575,13.338595058295322,13.79237818526907,14.246161312242817,14.699944439216567,15.153727566190314,15.60751069316406,16.06129382013781,16.51507694711156,16.968860074085306,17.598769534031725,18.26192950172456,18.95865715211847,19.689481110137873,20.45503572569209,21.258862785774774,22.102865340113855,22.98556323892095,23.905264882437884,24.86043725838383
,MWI,RBU,conditional,best,KYOTOGHG,IPCM0EL,MtCO2eq,AR4,5.3678,5.5710000000000015,5.6007,5.7259,5.3611,5.5467,5.6534,5.754,5.974,6.0238,6.1865,6.1157,6.5152,6.8249,7.1475,7.3025,7.6211,7.9811,8.6489,8.6164,9.6102,9.9061,10.0487,10.497,11.1851,11.3896,11.8403,12.3563,13.214721739130434,14.073143478260867,14.931565217391306,14.939357665671725,14.854661288316326,14.677476085325116,14.40780205669809,14.045639202435257,13.590987522536604,13.043847017002136,12.404217685831858,11.67209952902576,10.847492546583851,11.243470157535217,11.63944776848658,12.035425379437944,12.431402990389307,12.827380601340673,13.223358212292036,13.6193358232434,14.015313434194763,14.411291045146129,14.807268656097492,15.35693661032197,15.935619430542355,16.543593888135394,17.181321268728997,17.849355115076673,18.550786040885455,19.287274674415833,20.057529415909656,20.86007415135758,21.693571152438658
,MWI,RBU,unconditional,worst,KYOTOGHG,IPCM0EL,MtCO2eq,AR4,5.3678,5.5710000000000015,5.6007,5.7259,5.3611,5.5467,5.6534,5.754,5.974,6.0238,6.1865,6.1157,6.5152,6.8249,7.1475,7.3025,7.6211,7.9811,8.6489,8.6164,9.6102,9.9061,10.0487,10.497,11.1851,11.3896,11.8403,12.3563,13.214721739130434,14.073143478260867,14.931565217391306,15.78998695652174,16.648408695652172,17.506830434782607,18.36525217391304,19.22367391304348,20.082095652173916,20.940517391304347,21.798939130434785,22.657360869565213,23.515782608695652,24.37420434782609,25.23262608695652,26.09104782608696,26.94946956521739,27.80789130434783,28.66631304347826,29.524734782608697,30.38315652173913,31.24157826086957,32.1,33.2916,34.5461,35.86410000000001,37.2466,38.6948,40.2154,41.812,43.48180000000001,45.2216,47.02850000000001
,MWI,RBU,unconditional,best,KYOTOGHG,IPCM0EL,MtCO2eq,AR4,5.3678,5.5710000000000015,5.6007,5.7259,5.3611,5.5467,5.6534,5.754,5.974,6.0238,6.1865,6.1157,6.5152,6.8249,7.1475,7.3025,7.6211,7.9811,8.6489,8.6164,9.6102,9.9061,10.0487,10.497,11.1851,11.3896,11.8403,12.3563,13.214721739130434,14.073143478260867,14.931565217391306,15.78998695652174,16.648408695652172,17.506830434782607,18.36525217391304,19.22367391304348,20.082095652173916,20.940517391304347,21.798939130434785,22.657360869565213,23.515782608695652,24.37420434782609,25.23262608695652,26.09104782608696,26.94946956521739,27.80789130434783,28.66631304347826,29.524734782608697,30.38315652173913,31.24157826086957,32.1,33.2916,34.5461,35.86410000000001,37.2466,38.6948,40.2154,41.812,43.48180000000001,45.2216,47.02850000000001
"No targets calculated, so the baseline emissions are put in as target pathways for all un/conditional best/worst pathways.
",MWI,baseline_emissions,conditional,worst,KYOTOGHG,IPCM0EL,MtCO2eq,AR4,5.3678,5.5710000000000015,5.6007,5.7259,5.3611,5.5467,5.6534,5.754,5.974,6.0238,6.1865,6.1157,6.5152,6.8249,7.1475,7.3025,7.6211,7.9811,8.6489,8.6164,9.6102,9.9061,10.0487,10.497,11.1851,11.3896,11.8403,12.3563,13.214721739130434,14.073143478260867,14.931565217391306,15.78998695652174,16.648408695652172,17.506830434782607,18.36525217391304,19.22367391304348,20.082095652173916,20.940517391304347,21.798939130434785,22.657360869565213,23.515782608695652,24.37420434782609,25.23262608695652,26.09104782608696,26.94946956521739,27.80789130434783,28.66631304347826,29.524734782608697,30.38315652173913,31.24157826086957,32.1,33.2916,34.5461,35.86410000000001,37.2466,38.6948,40.2154,41.812,43.48180000000001,45.2216,47.02850000000001
"No targets calculated, so the baseline emissions are put in as target pathways for all un/conditional best/worst pathways.
",MWI,baseline_emissions,conditional,best,KYOTOGHG,IPCM0EL,MtCO2eq,AR4,5.3678,5.5710000000000015,5.6007,5.7259,5.3611,5.5467,5.6534,5.754,5.974,6.0238,6.1865,6.1157,6.5152,6.8249,7.1475,7.3025,7.6211,7.9811,8.6489,8.6164,9.6102,9.9061,10.0487,10.497,11.1851,11.3896,11.8403,12.3563,13.214721739130434,14.073143478260867,14.931565217391306,15.78998695652174,16.648408695652172,17.506830434782607,18.36525217391304,19.22367391304348,20.082095652173916,20.940517391304347,21.798939130434785,22.657360869565213,23.515782608695652,24.37420434782609,25.23262608695652,26.09104782608696,26.94946956521739,27.80789130434783,28.66631304347826,29.524734782608697,30.38315652173913,31.24157826086957,32.1,33.2916,34.5461,35.86410000000001,37.2466,38.6948,40.2154,41.812,43.48180000000001,45.2216,47.02850000000001
"No targets calculated, so the baseline emissions are put in as target pathways for all un/conditional best/worst pathways.
",MWI,baseline_emissions,unconditional,worst,KYOTOGHG,IPCM0EL,MtCO2eq,AR4,5.3678,5.5710000000000015,5.6007,5.7259,5.3611,5.5467,5.6534,5.754,5.974,6.0238,6.1865,6.1157,6.5152,6.8249,7.1475,7.3025,7.6211,7.9811,8.6489,8.6164,9.6102,9.9061,10.0487,10.497,11.1851,11.3896,11.8403,12.3563,13.214721739130434,14.073143478260867,14.931565217391306,15.78998695652174,16.648408695652172,17.506830434782607,18.36525217391304,19.22367391304348,20.082095652173916,20.940517391304347,21.798939130434785,22.657360869565213,23.515782608695652,24.37420434782609,25.23262608695652,26.09104782608696,26.94946956521739,27.80789130434783,28.66631304347826,29.524734782608697,30.38315652173913,31.24157826086957,32.1,33.2916,34.5461,35.86410000000001,37.2466,38.6948,40.2154,41.812,43.48180000000001,45.2216,47.02850000000001
"No targets calculated, so the baseline emissions are put in as target pathways for all un/conditional best/worst pathways.
",MWI,baseline_emissions,unconditional,best,KYOTOGHG,IPCM0EL,MtCO2eq,AR4,5.3678,5.5710000000000015,5.6007,5.7259,5.3611,5.5467,5.6534,5.754,5.974,6.0238,6.1865,6.1157,6.5152,6.8249,7.1475,7.3025,7.6211,7.9811,8.6489,8.6164,9.6102,9.9061,10.0487,10.497,11.1851,11.3896,11.8403,12.3563,13.214721739130434,14.073143478260867,14.931565217391306,15.78998695652174,16.648408695652172,17.506830434782607,18.36525217391304,19.22367391304348,20.082095652173916,20.940517391304347,21.798939130434785,22.657360869565213,23.515782608695652,24.37420434782609,25.23262608695652,26.09104782608696,26.94946956521739,27.80789130434783,28.66631304347826,29.524734782608697,30.38315652173913,31.24157826086957,32.1,33.2916,34.5461,35.86410000000001,37.2466,38.6948,40.2154,41.812,43.48180000000001,45.2216,47.02850000000001
,MWI,,emi_bau,emi_bau,KYOTOGHG,IPCM0EL,MtCO2eq,AR4,5.3678,5.5710000000000015,5.6007,5.7259,5.3611,5.5467,5.6534,5.754,5.974,6.0238,6.1865,6.1157,6.5152,6.8249,7.1475,7.3025,7.6211,7.9811,8.6489,8.6164,9.6102,9.9061,10.0487,10.497,11.1851,11.3896,11.8403,12.3563,13.214721739130434,14.073143478260867,14.931565217391306,15.78998695652174,16.648408695652172,17.506830434782607,18.36525217391304,19.22367391304348,20.082095652173916,20.940517391304347,21.798939130434785,22.657360869565213,23.515782608695652,24.37420434782609,25.23262608695652,26.09104782608696,26.94946956521739,27.80789130434783,28.66631304347826,29.524734782608697,30.38315652173913,31.24157826086957,32.1,33.2916,34.5461,35.86410000000001,37.2466,38.6948,40.2154,41.812,43.48180000000001,45.2216,47.02850000000001
,MWI,,emi_cov,emi_cov,KYOTOGHG,IPCM0EL,MtCO2eq,AR4,5.3678,5.5710000000000015,5.6007,5.7259,5.3611,5.5467,5.6534,5.754,5.974,6.0238,6.1865,6.1157,6.5152,6.8249,7.1475,7.3025,7.6211,7.9811,8.6489,8.6164,9.6102,9.9061,10.0487,10.497,11.1851,11.3896,11.8403,12.3563,13.214721739130434,14.073143478260867,14.931452289963568,15.789872258056487,16.648408695652172,17.506830434782607,18.365134471011856,19.22367391304348,20.082095652173916,20.940517391304347,21.798939130434785,22.657360869565213,23.515782608695652,24.37420434782609,25.23262608695652,26.09104782608696,26.94946956521739,27.80789130434783,28.66631304347826,29.524734782608697,30.38304401291053,31.24157826086957,32.1,33.2916,34.5461,35.86410000000001,37.2466,38.6948,40.2154,41.812,43.48180000000001,45.2216,47.02850000000001
,MWI,,emi_ncov,emi_ncov,KYOTOGHG,IPCM0EL,MtCO2eq,AR4,0.0,0.0,0.0,0.0,0.0,0.0,0.0,0.0,0.0,0.0,0.0,0.0,0.0,0.0,0.0,0.0,0.0,0.0,0.0,0.0,0.0,0.0,0.0,0.0,0.0,0.0,0.0,0.0,0.0,0.0,0.00011292742773812565,0.00011469846525315815,0.0,0.0,0.00011770290118335284,0.0,0.0,0.0,0.0,0.0,0.0,0.0,0.0,0.0,0.0,0.0,0.0,0.0,0.00011250882859896817,0.0,0.0,0.0,0.0,0.0,0.0,0.0,0.0,0.0,0.0,0.0,0.0
,MWI,,pc_cov,pc_cov,KYOTOGHG,IPCM0EL,MtCO2eq/MtCO2eq,AR4,1.0,1.0,1.0,1.0,1.0,1.0,1.0,1.0,1.0,1.0,1.0,1.0,1.0,1.0,1.0,1.0,1.0,1.0,1.0,1.0,1.0,1.0,1.0,1.0,1.0,1.0,1.0,1.0,1.0,1.0,0.9999924370000001,0.9999927359999999,1.0,1.0,0.999993591,1.0,1.0,1.0,1.0,1.0,1.0,1.0,1.0,1.0,1.0,1.0,1.0,1.0,0.999996297,1.0,1.0,1.0,1.0,1.0,1.0,1.0,1.0,1.0,1.0,1.0,1.0
,MYS,,pop,pop,POP,DEMOGR,Pers,,18029824.0,18519937.0,19002656.0,19484898.0,19977500.0,20487607.0,21017613.0,21562793.0,22114654.0,22661298.0,23194257.0,23709119.0,24208391.0,24698819.0,25190652.0,25690611.0,26201961.0,26720370.0,27236006.0,27735040.0,28208035.0,28650959.0,29068189.0,29468923.0,29866603.0,30270962.0,30684654.0,31104646.0,31641378.8684,32125906.8035,32613493.7471,33104928.4869,33600470.869,34100779.6439,34606549.2,35118512.7596,35634639.3139,36149551.3835,36658998.2944,37158737.3658,37644537.0502,38123181.6542,38601940.1857,39077271.2469,39545567.23800001,40003154.7853,40451833.9528,40895880.9532,41335268.77,41769941.9269,42199817.4403,42624867.6322,43045963.7089,43464339.4976,43881214.0507,44297791.9051,44712545.7662,45123722.741,45532188.1653,45938820.5924,46344511.6913
,MYS,,gdp,gdp,GDPPPP,ECO,2011GKD,,147567203125.0,161883968750.0,177045437500.0,196487312500.0,214489765625.0,236854890625.0,259932187500.0,276691125000.0,262714031250.0,281475468750.0,304540968750.0,301507406250.0,322510968750.0,348805187500.0,381231343750.0,414550406250.0,445300937500.0,480561468750.0,540326000000.0,526631562500.0,566480937500.0,622815937500.0,649425750000.0,671325000000.0,714334250000.0,737876687500.0,757807687500.0,810317250000.0,835494894902.3402,868261426394.933,901306092822.3292,935389224714.1279,971012935065.463,1008308441006.08,1047400205207.249,1088421297696.353,1130159071199.239,1171300090688.138,1211841168731.421,1251775702071.843,1291091119056.1208,1330285164434.8708,1369759526939.836,1409349379870.098,1448884665429.2842,1488188456549.884,1527295345151.739,1566331565631.689,1605256480842.279,1644035981088.1292,1682642966674.0032,1720692569433.741,1758102934845.864,1795313291569.2231,1832771282664.193,1870934284431.209,1909089646080.3816,1946650099970.921,1984276522667.575,2022638484714.1008,2062416083224.479
"The target value from 'conditional_best' was used for 'conditional_worst' in 2030.
",MYS,REI,conditional,worst,KYOTOGHG,IPCM0EL,MtCO2eq,AR4,97.44,110.6156,118.1385,132.2487,139.4417,146.6984,167.6684,189.68,183.4806,199.4634,214.5082,223.9698,232.4956,247.5333,264.0498,293.0196,292.1785,306.5336,317.8937,309.1011,338.1322,322.9235,326.284,347.0796,357.2161,371.3211,369.6279,373.4748,369.7534,372.296,375.7802,411.5022844281811,448.45889484821834,486.9997452306629,527.4892363865121,570.3139215779229,615.0861479114548,661.2776457730157,709.1024405406622,758.7941204141638,810.6101632333928,819.6267632333927,828.8884632333927,838.3223632333927,847.8578632333928,857.4261632333928,867.0285632333928,876.6961632333928,886.4065632333927,896.1414632333928,905.8858632333928,915.5174632333927,925.0100632333928,934.4951632333928,944.1039632333927,953.9676632333927,963.8085632333928,973.3962632333928,982.9330632333928,992.6197632333927,1002.6563632333928
,MYS,REI,conditional,best,KYOTOGHG,IPCM0EL,MtCO2eq,AR4,97.44,110.6156,118.1385,132.2487,139.4417,146.6984,167.6684,189.68,183.4806,199.4634,214.5082,223.9698,232.4956,247.5333,264.0498,293.0196,292.1785,306.5336,317.8937,309.1011,338.1322,322.9235,326.284,347.0796,357.2161,371.3211,369.6279,373.4748,369.7534,372.296,375.7802,411.5022844281811,448.45889484821834,486.9997452306629,527.4892363865121,570.3139215779229,615.0861479114548,661.2776457730157,709.1024405406622,758.7941204141638,810.6101632333928,819.6267632333927,828.8884632333927,838.3223632333927,847.8578632333928,857.4261632333928,867.0285632333928,876.6961632333928,886.4065632333927,896.1414632333928,905.8858632333928,915.5174632333927,925.0100632333928,934.4951632333928,944.1039632333927,953.9676632333927,963.8085632333928,973.3962632333928,982.9330632333928,992.6197632333927,1002.6563632333928
"The target value from 'unconditional_best' was used for 'unconditional_worst' in 2030.
",MYS,REI,unconditional,worst,KYOTOGHG,IPCM0EL,MtCO2eq,AR4,97.44,110.6156,118.1385,132.2487,139.4417,146.6984,167.6684,189.68,183.4806,199.4634,214.5082,223.9698,232.4956,247.5333,264.0498,293.0196,292.1785,306.5336,317.8937,309.1011,338.1322,322.9235,326.284,347.0796,357.2161,371.3211,369.6279,373.4748,369.7534,372.296,375.7802,420.01501596462253,465.6935884467935,513.2092087885333,562.9835207062366,615.4717344486645,670.2932875182589,726.8895817766138,785.5018795790799,846.3990732482409,909.8819110809886,918.8985110809886,928.1602110809886,937.5941110809886,947.1296110809886,956.6979110809887,966.3003110809886,975.9679110809886,985.6783110809886,995.4132110809886,1005.1576110809887,1014.7892110809886,1024.2818110809885,1033.7669110809886,1043.3757110809886,1053.2394110809887,1063.0803110809886,1072.6680110809887,1082.2048110809887,1091.8915110809885,1101.9281110809886
,MYS,REI,unconditional,best,KYOTOGHG,IPCM0EL,MtCO2eq,AR4,97.44,110.6156,118.1385,132.2487,139.4417,146.6984,167.6684,189.68,183.4806,199.4634,214.5082,223.9698,232.4956,247.5333,264.0498,293.0196,292.1785,306.5336,317.8937,309.1011,338.1322,322.9235,326.284,347.0796,357.2161,371.3211,369.6279,373.4748,369.7534,372.296,375.7802,420.01501596462253,465.6935884467935,513.2092087885333,562.9835207062366,615.4717344486645,670.2932875182589,726.8895817766138,785.5018795790799,846.3990732482409,909.8819110809886,918.8985110809886,928.1602110809886,937.5941110809886,947.1296110809886,956.6979110809887,966.3003110809886,975.9679110809886,985.6783110809886,995.4132110809886,1005.1576110809887,1014.7892110809886,1024.2818110809885,1033.7669110809886,1043.3757110809886,1053.2394110809887,1063.0803110809886,1072.6680110809887,1082.2048110809887,1091.8915110809885,1101.9281110809886
"No targets calculated, so the baseline emissions are put in as target pathways for all un/conditional best/worst pathways.
",MYS,baseline_emissions,conditional,worst,KYOTOGHG,IPCM0EL,MtCO2eq,AR4,97.44,110.6156,118.1385,132.2487,139.4417,146.6984,167.6684,189.68,183.4806,199.4634,214.5082,223.9698,232.4956,247.5333,264.0498,293.0196,292.1785,306.5336,317.8937,309.1011,338.1322,322.9235,326.284,347.0796,357.2161,371.3211,369.6279,373.4748,369.7534,372.296,375.7802,379.99,384.6598,389.978,396.0971,403.1495,410.7213,418.3965,426.2883,434.4996,443.1277,452.1443,461.406,470.8399,480.3754,489.9437,499.5461,509.2137,518.9241,528.659,538.4034,548.035,557.5276,567.0127,576.6215,586.4852,596.3261,605.9138,615.4506,625.1373,635.1739
"No targets calculated, so the baseline emissions are put in as target pathways for all un/conditional best/worst pathways.
",MYS,baseline_emissions,conditional,best,KYOTOGHG,IPCM0EL,MtCO2eq,AR4,97.44,110.6156,118.1385,132.2487,139.4417,146.6984,167.6684,189.68,183.4806,199.4634,214.5082,223.9698,232.4956,247.5333,264.0498,293.0196,292.1785,306.5336,317.8937,309.1011,338.1322,322.9235,326.284,347.0796,357.2161,371.3211,369.6279,373.4748,369.7534,372.296,375.7802,379.99,384.6598,389.978,396.0971,403.1495,410.7213,418.3965,426.2883,434.4996,443.1277,452.1443,461.406,470.8399,480.3754,489.9437,499.5461,509.2137,518.9241,528.659,538.4034,548.035,557.5276,567.0127,576.6215,586.4852,596.3261,605.9138,615.4506,625.1373,635.1739
"No targets calculated, so the baseline emissions are put in as target pathways for all un/conditional best/worst pathways.
",MYS,baseline_emissions,unconditional,worst,KYOTOGHG,IPCM0EL,MtCO2eq,AR4,97.44,110.6156,118.1385,132.2487,139.4417,146.6984,167.6684,189.68,183.4806,199.4634,214.5082,223.9698,232.4956,247.5333,264.0498,293.0196,292.1785,306.5336,317.8937,309.1011,338.1322,322.9235,326.284,347.0796,357.2161,371.3211,369.6279,373.4748,369.7534,372.296,375.7802,379.99,384.6598,389.978,396.0971,403.1495,410.7213,418.3965,426.2883,434.4996,443.1277,452.1443,461.406,470.8399,480.3754,489.9437,499.5461,509.2137,518.9241,528.659,538.4034,548.035,557.5276,567.0127,576.6215,586.4852,596.3261,605.9138,615.4506,625.1373,635.1739
"No targets calculated, so the baseline emissions are put in as target pathways for all un/conditional best/worst pathways.
",MYS,baseline_emissions,unconditional,best,KYOTOGHG,IPCM0EL,MtCO2eq,AR4,97.44,110.6156,118.1385,132.2487,139.4417,146.6984,167.6684,189.68,183.4806,199.4634,214.5082,223.9698,232.4956,247.5333,264.0498,293.0196,292.1785,306.5336,317.8937,309.1011,338.1322,322.9235,326.284,347.0796,357.2161,371.3211,369.6279,373.4748,369.7534,372.296,375.7802,379.99,384.6598,389.978,396.0971,403.1495,410.7213,418.3965,426.2883,434.4996,443.1277,452.1443,461.406,470.8399,480.3754,489.9437,499.5461,509.2137,518.9241,528.659,538.4034,548.035,557.5276,567.0127,576.6215,586.4852,596.3261,605.9138,615.4506,625.1373,635.1739
,MYS,,emi_bau,emi_bau,KYOTOGHG,IPCM0EL,MtCO2eq,AR4,97.44,110.6156,118.1385,132.2487,139.4417,146.6984,167.6684,189.68,183.4806,199.4634,214.5082,223.9698,232.4956,247.5333,264.0498,293.0196,292.1785,306.5336,317.8937,309.1011,338.1322,322.9235,326.284,347.0796,357.2161,371.3211,369.6279,373.4748,369.7534,372.296,375.7802,379.99,384.6598,389.978,396.0971,403.1495,410.7213,418.3965,426.2883,434.4996,443.1277,452.1443,461.406,470.8399,480.3754,489.9437,499.5461,509.2137,518.9241,528.659,538.4034,548.035,557.5276,567.0127,576.6215,586.4852,596.3261,605.9138,615.4506,625.1373,635.1739
,MYS,,emi_cov,emi_cov,KYOTOGHG,IPCM0EL,MtCO2eq,AR4,97.31399166383999,110.46823612783041,117.97467049001699,132.085035621315,139.28080031399548,146.54428159492798,167.52727954378238,189.55731156176,183.37653659246223,199.06021306070284,214.22257182079818,223.29802632569877,231.64513016521758,246.8155101151257,263.199904228989,292.04858989140246,291.12351940291,305.35890684261756,316.58184743242265,307.9480150379094,336.91887211156717,321.4149657760615,324.68567890152804,345.38153978212927,355.4183003114073,369.4236001646148,367.630589768397,371.37777036988325,367.6400001218666,370.10200010464,373.508400132989,377.6442001332,382.24300017095084,387.490799871512,393.537999817291,400.51479989469647,408.0092000578407,415.607499892341,423.4210000628283,431.5505000089392,440.09159992838516,449.01619979564185,458.18360001737403,467.5222000956744,476.9630999425138,486.43829980961004,495.9511999155487,505.5330998119041,515.1632998132976,524.824900073841,534.5039999154151,544.07700025619,553.5151000665973,562.9498997770455,572.512899979293,582.3354002190229,592.1434001570984,601.7099997453763,611.2365001915932,620.9239002286292,630.9712001159993
,MYS,,emi_ncov,emi_ncov,KYOTOGHG,IPCM0EL,MtCO2eq,AR4,0.12600833616000812,0.1473638721695874,0.16382950998299856,0.16366437868500422,0.16089968600450294,0.1541184050720034,0.1411204562176126,0.12268843823999877,0.10406340753778645,0.4031869392971836,0.2856281792018211,0.6717736743012098,0.8504698347824111,0.7177898848742851,0.849895771011013,0.9710101085975926,1.0549805970899842,1.174693157382422,1.3118525675773944,1.1530849620905823,1.2133278884328296,1.508534223938491,1.598321098471981,1.6980602178707735,1.7977996885927296,1.8974998353851962,1.997310231603009,2.097029630116789,2.113399878133386,2.1939998953599824,2.2717998670110133,2.3457998668000144,2.4167998290492028,2.4872001284879968,2.5591001827089976,2.634700105303499,2.712099942159288,2.789000107658972,2.8672999371717185,2.949099991060763,3.036100071614848,3.1281002043581165,3.2223999826259884,3.3176999043256177,3.412300057486204,3.505400190389925,3.5949000844512997,3.6806001880959185,3.7608001867022907,3.8340999261589825,3.899400084585,3.9579997438099555,4.012499933402803,4.062800222954432,4.108600020706969,4.149799780977158,4.182699842901526,4.203800254623765,4.2140998084068055,4.213399771370711,4.20269988400066
,MYS,,pc_cov,pc_cov,KYOTOGHG,IPCM0EL,MtCO2eq/MtCO2eq,AR4,0.9987068109999999,0.9986677840000001,0.998613242,0.99876245,0.998846115,0.99894942,0.9991583359999999,0.999353182,0.9994328370000001,0.9979786420000001,0.9986684509999999,0.997000606,0.996341996,0.9971002290000001,0.996781305,0.996686194,0.99638926,0.9961678159999999,0.995873298,0.9962695540000001,0.9964116759999999,0.995328509,0.9951014420000001,0.9951075770000001,0.9949671929999999,0.994889868,0.99459643,0.994385084,0.994284299,0.99410684,0.993954445,0.99382668,0.993717046,0.993622204,0.99353921,0.993464707,0.993396739,0.9933340740000001,0.993273801,0.9932126520000001,0.9931484759999999,0.993081633,0.993016129,0.992953656,0.992896597,0.9928453000000002,0.992803667,0.992771993,0.992752697,0.992747499,0.992757475,0.9927778340000001,0.992803047,0.9928347279999999,0.992874702,0.9929242890000001,0.992985885,0.9930620490000001,0.993152822,0.993260041,0.9933833870000001
,NAM,,pop,pop,POP,DEMOGR,Pers,,1432905.0,1476388.0,1516958.0,1555101.0,1591822.0,1627865.0,1663378.0,1698032.0,1731639.0,1763859.0,1794571.0,1823672.0,1851523.0,1879117.0,1907745.0,1938320.0,1971317.0,2006514.0,2043394.0,2081044.0,2118874.0,2156698.0,2194783.0,2233508.0,2273423.0,2314904.0,2358044.0,2402633.0,2429034.9654,2462709.8181,2496533.7911,2530760.0261,2565335.759,2600112.3878,2634944.1078,2669687.8886,2704172.6601,2738221.3964,2771678.8646,2804382.7895,2836163.9245,2867204.6791,2897777.9551,2927846.5159,2957375.0817,2986330.3165,3014612.7306,3042203.2861,3069190.7522,3095663.8498,3121711.2291,3147431.0041,3172897.4401,3198165.1535,3223291.1943,3248335.0193,3273029.4711,3297134.7039,3320748.879,3343964.836,3366870.28
,NAM,,gdp,gdp,GDPPPP,ECO,2011GKD,,6540486328.125,6889523925.7813,7229926269.5313,7361377929.6875,7707603027.3438,7831893554.6875,8454839843.75,8668000000.0,8987854492.1875,9357740234.375,9918277343.75,10356101562.5,10948707031.25,10903692382.8125,12157931640.625,12838179687.5,14544396484.375,15206157226.5625,16844736328.125,17102181640.625,18332087890.625,19889103515.625,22003585937.5,23462691406.25,25545349609.375,26922683593.75,27341701171.875,27607457031.25,29804843638.3384,30921685774.5278,32104031351.9437,33374269020.7757,34723467737.199,36131254143.6231,37577407169.0875,39041776130.968,40510708287.6659,41979429615.9951,43441055500.4153,44888578003.3987,46314848740.2455,47716943606.1914,49105311264.9197,50492668294.8215,51891634001.2341,53314754536.8512,54748690909.3287,56178431143.1198,57613828019.8092,59064538538.2968,60540051854.6872,62026609880.5616,63512405457.2642,65009616118.0398,66530245242.4174,68086164668.8766,69677371427.8024,71294744715.7394,72936398506.0236,74600414522.3186,76284832337.5268
"The target value from 'conditional_best' was used for 'conditional_worst' in 2030.
",NAM,ABS,conditional,worst,KYOTOGHG,IPCM0EL,MtCO2eq,AR4,10.9532,11.2703,11.1797,11.1149,11.2251,11.1441,10.7756,10.7843,10.8192,10.8631,11.0205,11.2973,10.3989,10.8606,10.7465,11.149000000000001,12.3386,12.9169,11.4882,13.868,12.9359,14.199000000000002,15.1624,10.9824,12.4885,12.5989,12.2359,14.8002,14.570333333333336,14.340466666666664,14.1106,13.158567903377929,12.147174675109286,11.076420315194067,9.94630482363227,8.756828200423897,7.507990445568948,6.199791559067426,4.832231540919326,3.40531039112465,1.919028109683401,1.9541625327857988,1.9883949450258305,2.022209352232083,2.0560897602331427,2.090531174990064,2.1251265916015356,2.1594470049013106,2.193888419658232,2.2288028401112725,2.2645422704994034,2.300809707245992,2.337264146244535,2.374180590806729,2.4117680434494626,2.4502685070870305,2.4894619790700747,2.5288424533050726,2.5682229275400705,2.6074053993906467,2.6462028666048476
,NAM,ABS,conditional,best,KYOTOGHG,IPCM0EL,MtCO2eq,AR4,10.9532,11.2703,11.1797,11.1149,11.2251,11.1441,10.7756,10.7843,10.8192,10.8631,11.0205,11.2973,10.3989,10.8606,10.7465,11.149000000000001,12.3386,12.9169,11.4882,13.868,12.9359,14.199000000000002,15.1624,10.9824,12.4885,12.5989,12.2359,14.8002,14.570333333333336,14.340466666666664,14.1106,13.158567903377929,12.147174675109286,11.076420315194067,9.94630482363227,8.756828200423897,7.507990445568948,6.199791559067426,4.832231540919326,3.40531039112465,1.919028109683401,1.9541625327857988,1.9883949450258305,2.022209352232083,2.0560897602331427,2.090531174990064,2.1251265916015356,2.1594470049013106,2.193888419658232,2.2288028401112725,2.2645422704994034,2.300809707245992,2.337264146244535,2.374180590806729,2.4117680434494626,2.4502685070870305,2.4894619790700747,2.5288424533050726,2.5682229275400705,2.6074053993906467,2.6462028666048476
"The target value from 'unconditional_best' was used for 'unconditional_worst' in 2030.
",NAM,ABS,unconditional,worst,KYOTOGHG,IPCM0EL,MtCO2eq,AR4,10.9532,11.2703,11.1797,11.1149,11.2251,11.1441,10.7756,10.7843,10.8192,10.8631,11.0205,11.2973,10.3989,10.8606,10.7465,11.149000000000001,12.3386,12.9169,11.4882,13.868,12.9359,14.199000000000002,15.1624,10.9824,12.4885,12.5989,12.2359,14.8002,14.570333333333336,14.340466666666664,14.1106,14.29962996622069,14.481989248907139,14.657677848059347,14.82669576367731,14.989042995761029,15.144719544310503,15.29372540932574,15.436060590806731,15.571725088753476,15.700718903165983,15.988174672142009,16.26825054974169,16.544906477679167,16.82210239766857,17.103888250099352,17.386934083984634,17.66772995098689,17.949515803417672,18.235171598887273,18.527577295005965,18.824302927540074,19.122558537554642,19.42459409193271,19.732119565505368,20.047114929129688,20.367780209299248,20.689975466949267,21.012170724599287,21.332746006093522,21.65017133395152
,NAM,ABS,unconditional,best,KYOTOGHG,IPCM0EL,MtCO2eq,AR4,10.9532,11.2703,11.1797,11.1149,11.2251,11.1441,10.7756,10.7843,10.8192,10.8631,11.0205,11.2973,10.3989,10.8606,10.7465,11.149000000000001,12.3386,12.9169,11.4882,13.868,12.9359,14.199000000000002,15.1624,10.9824,12.4885,12.5989,12.2359,14.8002,14.570333333333336,14.340466666666664,14.1106,14.29962996622069,14.481989248907139,14.657677848059347,14.82669576367731,14.989042995761029,15.144719544310503,15.29372540932574,15.436060590806731,15.571725088753476,15.700718903165983,15.988174672142009,16.26825054974169,16.544906477679167,16.82210239766857,17.103888250099352,17.386934083984634,17.66772995098689,17.949515803417672,18.235171598887273,18.527577295005965,18.824302927540074,19.122558537554642,19.42459409193271,19.732119565505368,20.047114929129688,20.367780209299248,20.689975466949267,21.012170724599287,21.332746006093522,21.65017133395152
"The target value from 'conditional_best' was used for 'conditional_worst' in 2030.
",NAM,ABU,conditional,worst,KYOTOGHG,IPCM0EL,MtCO2eq,AR4,10.9532,11.2703,11.1797,11.1149,11.2251,11.1441,10.7756,10.7843,10.8192,10.8631,11.0205,11.2973,10.3989,10.8606,10.7465,11.149000000000001,12.3386,12.9169,11.4882,13.868,12.9359,14.199000000000002,15.1624,10.9824,12.4885,12.5989,12.2359,14.8002,14.570333333333336,14.340466666666664,14.1106,13.165060632489954,12.160459945953104,11.096797940389457,9.974074615799003,8.792289972181745,7.551444009537686,6.251536727866825,4.892568127169161,3.474538207444693,1.997446968693426,2.034017119265246,2.0696483993464927,2.1048445931028406,2.1401094846999613,2.175958307943658,2.2119674261491595,2.247690303351438,2.283539126595135,2.3198802843643764,2.3570801651432873,2.394829628648387,2.432773736035679,2.4711987283083867,2.510322148628959,2.5503958890802325,2.5911909568596294,2.6321806685212183,2.673170380182807,2.713953998322075,2.75433687905683
,NAM,ABU,conditional,best,KYOTOGHG,IPCM0EL,MtCO2eq,AR4,10.9532,11.2703,11.1797,11.1149,11.2251,11.1441,10.7756,10.7843,10.8192,10.8631,11.0205,11.2973,10.3989,10.8606,10.7465,11.149000000000001,12.3386,12.9169,11.4882,13.868,12.9359,14.199000000000002,15.1624,10.9824,12.4885,12.5989,12.2359,14.8002,14.570333333333336,14.340466666666664,14.1106,13.165060632489954,12.160459945953104,11.096797940389457,9.974074615799003,8.792289972181745,7.551444009537686,6.251536727866825,4.892568127169161,3.474538207444693,1.997446968693426,2.034017119265246,2.0696483993464927,2.1048445931028406,2.1401094846999613,2.175958307943658,2.2119674261491595,2.247690303351438,2.283539126595135,2.3198802843643764,2.3570801651432873,2.394829628648387,2.432773736035679,2.4711987283083867,2.510322148628959,2.5503958890802325,2.5911909568596294,2.6321806685212183,2.673170380182807,2.713953998322075,2.75433687905683
"The target value from 'unconditional_best' was used for 'unconditional_worst' in 2030.
",NAM,ABU,unconditional,worst,KYOTOGHG,IPCM0EL,MtCO2eq,AR4,10.9532,11.2703,11.1797,11.1149,11.2251,11.1441,10.7756,10.7843,10.8192,10.8631,11.0205,11.2973,10.3989,10.8606,10.7465,11.149000000000001,12.3386,12.9169,11.4882,13.868,12.9359,14.199000000000002,15.1624,10.9824,12.4885,12.5989,12.2359,14.8002,14.570333333333336,14.340466666666664,14.1106,14.29962996622069,14.481989248907139,14.657677848059347,14.826695763677309,14.989042995761029,15.144719544310503,15.293725409325738,15.43606059080673,15.571725088753475,15.700718903165981,15.988174672142007,16.268250549741687,16.544906477679163,16.822102397668566,17.103888250099352,17.38693408398463,17.667729950986885,17.94951580341767,18.23517159888727,18.527577295005962,18.82430292754007,19.122558537554642,19.424594091932708,19.732119565505364,20.047114929129684,20.367780209299244,20.689975466949264,21.012170724599287,21.332746006093522,21.650171333951516
,NAM,ABU,unconditional,best,KYOTOGHG,IPCM0EL,MtCO2eq,AR4,10.9532,11.2703,11.1797,11.1149,11.2251,11.1441,10.7756,10.7843,10.8192,10.8631,11.0205,11.2973,10.3989,10.8606,10.7465,11.149000000000001,12.3386,12.9169,11.4882,13.868,12.9359,14.199000000000002,15.1624,10.9824,12.4885,12.5989,12.2359,14.8002,14.570333333333336,14.340466666666664,14.1106,14.29962996622069,14.481989248907139,14.657677848059347,14.826695763677309,14.989042995761029,15.144719544310503,15.293725409325738,15.43606059080673,15.571725088753475,15.700718903165981,15.988174672142007,16.268250549741687,16.544906477679163,16.822102397668566,17.103888250099352,17.38693408398463,17.667729950986885,17.94951580341767,18.23517159888727,18.527577295005962,18.82430292754007,19.122558537554642,19.424594091932708,19.732119565505364,20.047114929129684,20.367780209299244,20.689975466949264,21.012170724599287,21.332746006093522,21.650171333951516
"The target value from 'conditional_best' was used for 'conditional_worst' in 2030.
",NAM,RBU,conditional,worst,KYOTOGHG,IPCM0EL,MtCO2eq,AR4,10.9532,11.2703,11.1797,11.1149,11.2251,11.1441,10.7756,10.7843,10.8192,10.8631,11.0205,11.2973,10.3989,10.8606,10.7465,11.149000000000001,12.3386,12.9169,11.4882,13.868,12.9359,14.199000000000002,15.1624,10.9824,12.4885,12.5989,12.2359,14.8002,14.570333333333336,14.340466666666664,14.1106,13.164343625999999,12.158992823999998,11.094547594000002,9.971007936000001,8.788373850000001,7.546645336000002,6.245822394000002,4.885905024000002,3.4668932260000016,1.9887870000000039,2.025198600000004,2.060675400000004,2.0957190000000043,2.1308310000000046,2.166524400000004,2.202377400000004,2.2379454000000045,2.2736388000000045,2.3098224000000047,2.346861000000005,2.3844468000000045,2.4222264000000044,2.460484800000005,2.4994386000000053,2.539338600000005,2.579956800000005,2.6207688000000053,2.661580800000005,2.702187600000005,2.7423954000000057
,NAM,RBU,conditional,best,KYOTOGHG,IPCM0EL,MtCO2eq,AR4,10.9532,11.2703,11.1797,11.1149,11.2251,11.1441,10.7756,10.7843,10.8192,10.8631,11.0205,11.2973,10.3989,10.8606,10.7465,11.149000000000001,12.3386,12.9169,11.4882,13.868,12.9359,14.199000000000002,15.1624,10.9824,12.4885,12.5989,12.2359,14.8002,14.570333333333336,14.340466666666664,14.1106,13.164343625999999,12.158992823999998,11.094547594000002,9.971007936000001,8.788373850000001,7.546645336000002,6.245822394000002,4.885905024000002,3.4668932260000016,1.9887870000000039,2.025198600000004,2.060675400000004,2.0957190000000043,2.1308310000000046,2.166524400000004,2.202377400000004,2.2379454000000045,2.2736388000000045,2.3098224000000047,2.346861000000005,2.3844468000000045,2.4222264000000044,2.460484800000005,2.4994386000000053,2.539338600000005,2.579956800000005,2.6207688000000053,2.661580800000005,2.702187600000005,2.7423954000000057
"The target value from 'unconditional_best' was used for 'unconditional_worst' in 2030.
",NAM,RBU,unconditional,worst,KYOTOGHG,IPCM0EL,MtCO2eq,AR4,10.9532,11.2703,11.1797,11.1149,11.2251,11.1441,10.7756,10.7843,10.8192,10.8631,11.0205,11.2973,10.3989,10.8606,10.7465,11.149000000000001,12.3386,12.9169,11.4882,13.868,12.9359,14.199000000000002,15.1624,10.9824,12.4885,12.5989,12.2359,14.8002,14.570333333333336,14.340466666666664,14.1106,14.2996491,14.482028399999999,14.6577379,14.8267776,14.9891475,15.144847599999999,15.2938779,15.4362384,15.571929099999998,15.700949999999999,15.988410000000002,16.26849,16.545150000000003,16.82235,17.10414,17.38719,17.66799,17.94978,18.23544,18.52785,18.82458,19.12284,19.42488,19.73241,20.04741,20.36808,20.69028,21.01248,21.33306,21.65049
,NAM,RBU,unconditional,best,KYOTOGHG,IPCM0EL,MtCO2eq,AR4,10.9532,11.2703,11.1797,11.1149,11.2251,11.1441,10.7756,10.7843,10.8192,10.8631,11.0205,11.2973,10.3989,10.8606,10.7465,11.149000000000001,12.3386,12.9169,11.4882,13.868,12.9359,14.199000000000002,15.1624,10.9824,12.4885,12.5989,12.2359,14.8002,14.570333333333336,14.340466666666664,14.1106,14.2996491,14.482028399999999,14.6577379,14.8267776,14.9891475,15.144847599999999,15.2938779,15.4362384,15.571929099999998,15.700949999999999,15.988410000000002,16.26849,16.545150000000003,16.82235,17.10414,17.38719,17.66799,17.94978,18.23544,18.52785,18.82458,19.12284,19.42488,19.73241,20.04741,20.36808,20.69028,21.01248,21.33306,21.65049
"No targets calculated, so the baseline emissions are put in as target pathways for all un/conditional best/worst pathways.
",NAM,baseline_emissions,conditional,worst,KYOTOGHG,IPCM0EL,MtCO2eq,AR4,10.9532,11.2703,11.1797,11.1149,11.2251,11.1441,10.7756,10.7843,10.8192,10.8631,11.0205,11.2973,10.3989,10.8606,10.7465,11.149000000000001,12.3386,12.9169,11.4882,13.868,12.9359,14.199000000000002,15.1624,10.9824,12.4885,12.5989,12.2359,14.8002,14.570333333333336,14.340466666666664,14.1106,14.44409,14.777579999999999,15.111070000000002,15.444560000000001,15.77805,16.111539999999998,16.44503,16.77852,17.112009999999998,17.4455,17.7649,18.0761,18.3835,18.6915,19.0046,19.3191,19.6311,19.9442,20.2616,20.5865,20.9162,21.2476,21.5832,21.9249,22.2749,22.6312,22.9892,23.3472,23.7034,24.0561
"No targets calculated, so the baseline emissions are put in as target pathways for all un/conditional best/worst pathways.
",NAM,baseline_emissions,conditional,best,KYOTOGHG,IPCM0EL,MtCO2eq,AR4,10.9532,11.2703,11.1797,11.1149,11.2251,11.1441,10.7756,10.7843,10.8192,10.8631,11.0205,11.2973,10.3989,10.8606,10.7465,11.149000000000001,12.3386,12.9169,11.4882,13.868,12.9359,14.199000000000002,15.1624,10.9824,12.4885,12.5989,12.2359,14.8002,14.570333333333336,14.340466666666664,14.1106,14.44409,14.777579999999999,15.111070000000002,15.444560000000001,15.77805,16.111539999999998,16.44503,16.77852,17.112009999999998,17.4455,17.7649,18.0761,18.3835,18.6915,19.0046,19.3191,19.6311,19.9442,20.2616,20.5865,20.9162,21.2476,21.5832,21.9249,22.2749,22.6312,22.9892,23.3472,23.7034,24.0561
"No targets calculated, so the baseline emissions are put in as target pathways for all un/conditional best/worst pathways.
",NAM,baseline_emissions,unconditional,worst,KYOTOGHG,IPCM0EL,MtCO2eq,AR4,10.9532,11.2703,11.1797,11.1149,11.2251,11.1441,10.7756,10.7843,10.8192,10.8631,11.0205,11.2973,10.3989,10.8606,10.7465,11.149000000000001,12.3386,12.9169,11.4882,13.868,12.9359,14.199000000000002,15.1624,10.9824,12.4885,12.5989,12.2359,14.8002,14.570333333333336,14.340466666666664,14.1106,14.44409,14.777579999999999,15.111070000000002,15.444560000000001,15.77805,16.111539999999998,16.44503,16.77852,17.112009999999998,17.4455,17.7649,18.0761,18.3835,18.6915,19.0046,19.3191,19.6311,19.9442,20.2616,20.5865,20.9162,21.2476,21.5832,21.9249,22.2749,22.6312,22.9892,23.3472,23.7034,24.0561
"No targets calculated, so the baseline emissions are put in as target pathways for all un/conditional best/worst pathways.
",NAM,baseline_emissions,unconditional,best,KYOTOGHG,IPCM0EL,MtCO2eq,AR4,10.9532,11.2703,11.1797,11.1149,11.2251,11.1441,10.7756,10.7843,10.8192,10.8631,11.0205,11.2973,10.3989,10.8606,10.7465,11.149000000000001,12.3386,12.9169,11.4882,13.868,12.9359,14.199000000000002,15.1624,10.9824,12.4885,12.5989,12.2359,14.8002,14.570333333333336,14.340466666666664,14.1106,14.44409,14.777579999999999,15.111070000000002,15.444560000000001,15.77805,16.111539999999998,16.44503,16.77852,17.112009999999998,17.4455,17.7649,18.0761,18.3835,18.6915,19.0046,19.3191,19.6311,19.9442,20.2616,20.5865,20.9162,21.2476,21.5832,21.9249,22.2749,22.6312,22.9892,23.3472,23.7034,24.0561
,NAM,,emi_bau,emi_bau,KYOTOGHG,IPCM0EL,MtCO2eq,AR4,10.9532,11.2703,11.1797,11.1149,11.2251,11.1441,10.7756,10.7843,10.8192,10.8631,11.0205,11.2973,10.3989,10.8606,10.7465,11.149000000000001,12.3386,12.9169,11.4882,13.868,12.9359,14.199000000000002,15.1624,10.9824,12.4885,12.5989,12.2359,14.8002,14.570333333333336,14.340466666666664,14.1106,14.44409,14.777579999999999,15.111070000000002,15.444560000000001,15.77805,16.111539999999998,16.44503,16.77852,17.112009999999998,17.4455,17.7649,18.0761,18.3835,18.6915,19.0046,19.3191,19.6311,19.9442,20.2616,20.5865,20.9162,21.2476,21.5832,21.9249,22.2749,22.6312,22.9892,23.3472,23.7034,24.0561
,NAM,,emi_cov,emi_cov,KYOTOGHG,IPCM0EL,MtCO2eq,AR4,10.9532,11.2703,11.1797,11.1149,11.2251,11.1441,10.7756,10.7843,10.8192,10.8631,11.0205,11.2973,10.3989,10.8606,10.7465,11.149000000000001,12.3386,12.9169,11.4882,13.868,12.9359,14.199000000000002,15.1624,10.9824,12.4885,12.5989,12.2359,14.8002,14.570333333333336,14.340466666666664,14.1106,14.44409,14.777579999999999,15.111070000000002,15.444560000000001,15.777949888272751,16.111539999999998,16.44503,16.77852,17.112009999999998,17.4455,17.7649,18.0760000030148,18.3835,18.6915,19.0046,19.3191,19.6311,19.9442,20.2616,20.586399990783,20.9162,21.2476,21.5832,21.9249,22.2749,22.6312,22.989099996980002,23.3471000039424,23.7034,24.0561
,NAM,,emi_ncov,emi_ncov,KYOTOGHG,IPCM0EL,MtCO2eq,AR4,0.0,0.0,0.0,0.0,0.0,0.0,0.0,0.0,0.0,0.0,0.0,0.0,0.0,0.0,0.0,0.0,0.0,0.0,0.0,0.0,0.0,0.0,0.0,0.0,0.0,0.0,0.0,0.0,0.0,0.0,0.0,0.0,0.0,0.0,0.0,0.00010011172724941914,0.0,0.0,0.0,0.0,0.0,0.0,9.999698519954411e-05,0.0,0.0,0.0,0.0,0.0,0.0,0.0,0.00010000921699878469,0.0,0.0,0.0,0.0,0.0,0.0,0.00010000301999968527,9.999605759985571e-05,0.0,0.0
,NAM,,pc_cov,pc_cov,KYOTOGHG,IPCM0EL,MtCO2eq/MtCO2eq,AR4,1.0,1.0,1.0,1.0,1.0,1.0,1.0,1.0,1.0,1.0,1.0,1.0,1.0,1.0,1.0,1.0,1.0,1.0,1.0,1.0,1.0,1.0,1.0,1.0,1.0,1.0,1.0,1.0,1.0,1.0,1.0,1.0,1.0,1.0,1.0,0.999993655,1.0,1.0,1.0,1.0,1.0,1.0,0.999994468,1.0,1.0,1.0,1.0,1.0,1.0,1.0,0.9999951420000001,1.0,1.0,1.0,1.0,1.0,1.0,0.99999565,0.999995717,1.0,1.0
,NER,,pop,pop,POP,DEMOGR,Pers,,8026591.0,8288735.0,8566770.0,8860287.0,9168312.0,9490288.0,9826598.0,10178201.0,10545716.0,10929918.0,11331557.0,11751365.0,12189983.0,12647984.0,13125916.0,13624467.0,14143971.0,14685399.0,15250908.0,15843133.0,16464025.0,17114766.0,17795210.0,18504281.0,19240179.0,20001663.0,20788798.0,21602382.0,22210243.8873,23054704.7753,23929979.8355,24843045.4524,25799264.8275,26795796.5984,27829755.8619,28898208.9099,30003181.5322,31146711.075,32325939.524,33538147.4973,34780762.466,36058333.5117,37376675.9589,38735201.4308,40133280.9511,41570242.6347,43049589.7973,44573657.9086,46139989.0806,47746124.7735,49389606.3675,51079094.1625,52820977.5333,54609347.7212,56438233.5079,58301598.1707,60201858.7097,62140980.7502,64112313.433,66109362.1337,68125791.8981
,NER,,gdp,gdp,GDPPPP,ECO,2011GKD,,6434540527.3438,6463453125.0,6430255371.0938,6361434570.3125,6471621093.75,6917404785.1563,6965250976.5625,7018921875.0,7752308593.75,7823580078.125,7585166992.1875,8246831054.6875,8689124023.4375,9028537109.375,8879677734.375,9449297851.5625,9939147460.9375,10315043945.3125,11351920898.4375,11385711914.0625,12374649414.0625,13115637695.3125,14682559570.3125,15411842773.4375,16480279296.875,17051306640.625,17905882812.5,18713300781.25,19811431054.66,20884008281.7818,22051827775.428,23333750616.7224,24711838816.6291,26179669209.6928,27730748185.1355,29358466779.5031,31059601689.7117,32833224112.3439,34676303730.9422,36586154385.8077,38560460822.6,40598844061.3365,42715010877.4053,44928115779.9132,47257399097.3513,49722227504.054,52326589601.855,55068163110.5152,57957423310.9417,61005522769.8841,64224399692.9111,67625764863.4657,71219065715.3261,75014432133.8864,79023375720.8692,83258972453.9485,87752449554.5895,92525865630.2262,97580166479.4188,102916763607.5974,108537542740.6126
"The target value from 'conditional_best' was used for 'conditional_worst' in 2030.
",NER,ABS,conditional,worst,KYOTOGHG,IPCM0EL,MtCO2eq,AR4,5.7875,6.65,7.53,8.5692,9.4523,10.4123,11.6184,12.6053,13.8288,14.9067,15.2551,14.8565,15.7955,16.2624,16.9895,17.1578,17.4331,18.0227,18.7167,19.8378,20.9456,20.9961,22.995,24.1694,25.5462,25.3342,26.6553,27.8743,28.39353333333333,28.91276666666667,29.432,28.14273422595247,26.661751957248832,24.989053193889095,23.124637935873253,21.068506183201315,18.820657935873257,16.3810931938891,13.749811957248845,10.926814225952487,7.912100000000017,8.179508786852072,8.453145295361375,8.736037156364377,9.030962891831232,9.340662699291132,9.665826418681496,10.006109130033613,10.362622242135545,10.736515488216327,11.128996088166437,11.542267697341517,11.977480048970602,12.434460683069334,12.913171275196746,13.413688474234771,13.93873331549212,14.489762127725562,15.064954499989131,15.662604994659771,16.280989011893926
,NER,ABS,conditional,best,KYOTOGHG,IPCM0EL,MtCO2eq,AR4,5.7875,6.65,7.53,8.5692,9.4523,10.4123,11.6184,12.6053,13.8288,14.9067,15.2551,14.8565,15.7955,16.2624,16.9895,17.1578,17.4331,18.0227,18.7167,19.8378,20.9456,20.9961,22.995,24.1694,25.5462,25.3342,26.6553,27.8743,28.39353333333333,28.91276666666667,29.432,28.14273422595247,26.661751957248832,24.989053193889095,23.124637935873253,21.068506183201315,18.820657935873257,16.3810931938891,13.749811957248845,10.926814225952487,7.912100000000017,8.179508786852072,8.453145295361375,8.736037156364377,9.030962891831232,9.340662699291132,9.665826418681496,10.006109130033613,10.362622242135545,10.736515488216327,11.128996088166437,11.542267697341517,11.977480048970602,12.434460683069334,12.913171275196746,13.413688474234771,13.93873331549212,14.489762127725562,15.064954499989131,15.662604994659771,16.280989011893926
"The target value from 'unconditional_best' was used for 'unconditional_worst' in 2030.
",NER,ABS,unconditional,worst,KYOTOGHG,IPCM0EL,MtCO2eq,AR4,5.7875,6.65,7.53,8.5692,9.4523,10.4123,11.6184,12.6053,13.8288,14.9067,15.2551,14.8565,15.7955,16.2624,16.9895,17.1578,17.4331,18.0227,18.7167,19.8378,20.9456,20.9961,22.995,24.1694,25.5462,25.3342,26.6553,27.8743,28.39353333333333,28.91276666666667,29.432,30.367469781497256,31.283548500439572,32.18023615682694,33.05753275065937,33.91543828193685,34.75395275065936,35.57307615682694,36.372808500439575,37.15314978149728,37.91410000000001,39.19549981617871,40.50674233678292,41.86233570734875,43.275594365235264,44.759649100389694,46.31780556622534,47.94841093603553,49.656790984763916,51.44845513476598,53.329188279514966,55.309550145192205,57.39505015415319,59.584861893044604,61.878801714454575,64.2772369132068,66.79320645554263,69.43368894311229,72.18996112385295,75.05385068793733,78.01709350183218
,NER,ABS,unconditional,best,KYOTOGHG,IPCM0EL,MtCO2eq,AR4,5.7875,6.65,7.53,8.5692,9.4523,10.4123,11.6184,12.6053,13.8288,14.9067,15.2551,14.8565,15.7955,16.2624,16.9895,17.1578,17.4331,18.0227,18.7167,19.8378,20.9456,20.9961,22.995,24.1694,25.5462,25.3342,26.6553,27.8743,28.39353333333333,28.91276666666667,29.432,30.367469781497256,31.283548500439572,32.18023615682694,33.05753275065937,33.91543828193685,34.75395275065936,35.57307615682694,36.372808500439575,37.15314978149728,37.91410000000001,39.19549981617871,40.50674233678292,41.86233570734875,43.275594365235264,44.759649100389694,46.31780556622534,47.94841093603553,49.656790984763916,51.44845513476598,53.329188279514966,55.309550145192205,57.39505015415319,59.584861893044604,61.878801714454575,64.2772369132068,66.79320645554263,69.43368894311229,72.18996112385295,75.05385068793733,78.01709350183218
"The target value from 'conditional_best' was used for 'conditional_worst' in 2030.
",NER,ABU,conditional,worst,KYOTOGHG,IPCM0EL,MtCO2eq,AR4,5.7875,6.65,7.53,8.5692,9.4523,10.4123,11.6184,12.6053,13.8288,14.9067,15.2551,14.8565,15.7955,16.2624,16.9895,17.1578,17.4331,18.0227,18.7167,19.8378,20.9456,20.9961,22.995,24.1694,25.5462,25.3342,26.6553,27.8743,28.39353333333333,28.91276666666667,29.432,28.142734225952466,26.66175195724883,24.98905319388909,23.12463793587325,21.068506183201308,18.82065793587325,16.381093193889093,13.749811957248832,10.92681422595247,7.912100000000002,8.179508786852056,8.45314529536136,8.736037156364361,9.030962891831216,9.340662699291114,9.665826418681478,10.006109130033593,10.362622242135526,10.736515488216305,11.128996088166415,11.542267697341495,11.977480048970579,12.434460683069311,12.91317127519672,13.413688474234746,13.938733315492096,14.489762127725534,15.064954499989103,15.662604994659741,16.280989011893894
,NER,ABU,conditional,best,KYOTOGHG,IPCM0EL,MtCO2eq,AR4,5.7875,6.65,7.53,8.5692,9.4523,10.4123,11.6184,12.6053,13.8288,14.9067,15.2551,14.8565,15.7955,16.2624,16.9895,17.1578,17.4331,18.0227,18.7167,19.8378,20.9456,20.9961,22.995,24.1694,25.5462,25.3342,26.6553,27.8743,28.39353333333333,28.91276666666667,29.432,28.142734225952466,26.66175195724883,24.98905319388909,23.12463793587325,21.068506183201308,18.82065793587325,16.381093193889093,13.749811957248832,10.92681422595247,7.912100000000002,8.179508786852056,8.45314529536136,8.736037156364361,9.030962891831216,9.340662699291114,9.665826418681478,10.006109130033593,10.362622242135526,10.736515488216305,11.128996088166415,11.542267697341495,11.977480048970579,12.434460683069311,12.91317127519672,13.413688474234746,13.938733315492096,14.489762127725534,15.064954499989103,15.662604994659741,16.280989011893894
"The target value from 'unconditional_best' was used for 'unconditional_worst' in 2030.
",NER,ABU,unconditional,worst,KYOTOGHG,IPCM0EL,MtCO2eq,AR4,5.7875,6.65,7.53,8.5692,9.4523,10.4123,11.6184,12.6053,13.8288,14.9067,15.2551,14.8565,15.7955,16.2624,16.9895,17.1578,17.4331,18.0227,18.7167,19.8378,20.9456,20.9961,22.995,24.1694,25.5462,25.3342,26.6553,27.8743,28.39353333333333,28.91276666666667,29.432,30.367469781497256,31.28354850043957,32.180236156826936,33.05753275065936,33.915438281936844,34.75395275065935,35.573076156826936,36.37280850043956,37.15314978149726,37.9141,39.19549981617869,40.5067423367829,41.86233570734873,43.27559436523524,44.75964910038967,46.31780556622531,47.94841093603551,49.656790984763894,51.44845513476595,53.32918827951494,55.309550145192176,57.39505015415316,59.58486189304457,61.878801714454546,64.27723691320678,66.7932064555426,69.43368894311226,72.18996112385291,75.0538506879373,78.01709350183215
,NER,ABU,unconditional,best,KYOTOGHG,IPCM0EL,MtCO2eq,AR4,5.7875,6.65,7.53,8.5692,9.4523,10.4123,11.6184,12.6053,13.8288,14.9067,15.2551,14.8565,15.7955,16.2624,16.9895,17.1578,17.4331,18.0227,18.7167,19.8378,20.9456,20.9961,22.995,24.1694,25.5462,25.3342,26.6553,27.8743,28.39353333333333,28.91276666666667,29.432,30.367469781497256,31.28354850043957,32.180236156826936,33.05753275065936,33.915438281936844,34.75395275065935,35.573076156826936,36.37280850043956,37.15314978149726,37.9141,39.19549981617869,40.5067423367829,41.86233570734873,43.27559436523524,44.75964910038967,46.31780556622531,47.94841093603551,49.656790984763894,51.44845513476595,53.32918827951494,55.309550145192176,57.39505015415316,59.58486189304457,61.878801714454546,64.27723691320678,66.7932064555426,69.43368894311226,72.18996112385291,75.0538506879373,78.01709350183215
"The target value from 'conditional_best' was used for 'conditional_worst' in 2030.
",NER,RBU,conditional,worst,KYOTOGHG,IPCM0EL,MtCO2eq,AR4,5.7875,6.65,7.53,8.5692,9.4523,10.4123,11.6184,12.6053,13.8288,14.9067,15.2551,14.8565,15.7955,16.2624,16.9895,17.1578,17.4331,18.0227,18.7167,19.8378,20.9456,20.9961,22.995,24.1694,25.5462,25.3342,26.6553,27.8743,28.39353333333333,28.91276666666667,29.432,28.166731503067997,26.71160531269241,25.06662142887324,23.23177985161049,21.20708058090416,18.992523616754234,16.588108959160735,13.993836608123647,11.209706563642982,8.235718825718727,8.514065102944757,8.79889382661281,9.093356462993167,9.400345180498421,9.722712255563064,10.061175743792983,10.415376617385231,10.78647174370485,11.175657882094981,11.584191629865927,12.014366775758708,12.467380079116472,12.943052026037744,13.44134272454442,13.96233195859271,14.508852058628054,15.08241891981843,15.681137673203864,16.303233125758695,16.9469101384682
,NER,RBU,conditional,best,KYOTOGHG,IPCM0EL,MtCO2eq,AR4,5.7875,6.65,7.53,8.5692,9.4523,10.4123,11.6184,12.6053,13.8288,14.9067,15.2551,14.8565,15.7955,16.2624,16.9895,17.1578,17.4331,18.0227,18.7167,19.8378,20.9456,20.9961,22.995,24.1694,25.5462,25.3342,26.6553,27.8743,28.39353333333333,28.91276666666667,29.432,28.166731503067997,26.71160531269241,25.06662142887324,23.23177985161049,21.20708058090416,18.992523616754234,16.588108959160735,13.993836608123647,11.209706563642982,8.235718825718727,8.514065102944757,8.79889382661281,9.093356462993167,9.400345180498421,9.722712255563064,10.061175743792983,10.415376617385231,10.78647174370485,11.175657882094981,11.584191629865927,12.014366775758708,12.467380079116472,12.943052026037744,13.44134272454442,13.96233195859271,14.508852058628054,15.08241891981843,15.681137673203864,16.303233125758695,16.9469101384682
"The target value from 'unconditional_best' was used for 'unconditional_worst' in 2030.
",NER,RBU,unconditional,worst,KYOTOGHG,IPCM0EL,MtCO2eq,AR4,5.7875,6.65,7.53,8.5692,9.4523,10.4123,11.6184,12.6053,13.8288,14.9067,15.2551,14.8565,15.7955,16.2624,16.9895,17.1578,17.4331,18.0227,18.7167,19.8378,20.9456,20.9961,22.995,24.1694,25.5462,25.3342,26.6553,27.8743,28.39353333333333,28.91276666666667,29.432,30.369868533547336,31.28853180908738,32.187989826620125,33.06824258614557,33.92929008766372,34.77113233117455,35.593769316678106,36.397201044174345,37.18142751366331,37.946448725144954,39.228941845673596,40.541303132749846,41.898053110418374,43.31251757606197,44.79783852296157,46.35732442495015,47.98932104511122,49.69915870239788,51.492351519865096,53.374689326720535,55.356740858819514,57.444020239216975,59.63570034945468,61.931597385430784,64.33207895534896,66.85019515043925,69.49293052657121,72.25155438890789,75.11788745491778,78.08365854001845
,NER,RBU,unconditional,best,KYOTOGHG,IPCM0EL,MtCO2eq,AR4,5.7875,6.65,7.53,8.5692,9.4523,10.4123,11.6184,12.6053,13.8288,14.9067,15.2551,14.8565,15.7955,16.2624,16.9895,17.1578,17.4331,18.0227,18.7167,19.8378,20.9456,20.9961,22.995,24.1694,25.5462,25.3342,26.6553,27.8743,28.39353333333333,28.91276666666667,29.432,30.369868533547336,31.28853180908738,32.187989826620125,33.06824258614557,33.92929008766372,34.77113233117455,35.593769316678106,36.397201044174345,37.18142751366331,37.946448725144954,39.228941845673596,40.541303132749846,41.898053110418374,43.31251757606197,44.79783852296157,46.35732442495015,47.98932104511122,49.69915870239788,51.492351519865096,53.374689326720535,55.356740858819514,57.444020239216975,59.63570034945468,61.931597385430784,64.33207895534896,66.85019515043925,69.49293052657121,72.25155438890789,75.11788745491778,78.08365854001845
"No targets calculated, so the baseline emissions are put in as target pathways for all un/conditional best/worst pathways.
",NER,baseline_emissions,conditional,worst,KYOTOGHG,IPCM0EL,MtCO2eq,AR4,5.7875,6.65,7.53,8.5692,9.4523,10.4123,11.6184,12.6053,13.8288,14.9067,15.2551,14.8565,15.7955,16.2624,16.9895,17.1578,17.4331,18.0227,18.7167,19.8378,20.9456,20.9961,22.995,24.1694,25.5462,25.3342,26.6553,27.8743,28.39353333333333,28.91276666666667,29.432,30.61781,31.80362,32.98943,34.17524,35.36105000000001,36.546859999999995,37.73267,38.918479999999995,40.104290000000006,41.2901,42.6856,44.1136,45.5899,47.129,48.7452,50.4421,52.2179,54.0784,56.0296,58.0778,60.2345,62.5057,64.8905,67.3887,70.0007,72.7407,75.6163,78.618,81.7369,84.964
"No targets calculated, so the baseline emissions are put in as target pathways for all un/conditional best/worst pathways.
",NER,baseline_emissions,conditional,best,KYOTOGHG,IPCM0EL,MtCO2eq,AR4,5.7875,6.65,7.53,8.5692,9.4523,10.4123,11.6184,12.6053,13.8288,14.9067,15.2551,14.8565,15.7955,16.2624,16.9895,17.1578,17.4331,18.0227,18.7167,19.8378,20.9456,20.9961,22.995,24.1694,25.5462,25.3342,26.6553,27.8743,28.39353333333333,28.91276666666667,29.432,30.61781,31.80362,32.98943,34.17524,35.36105000000001,36.546859999999995,37.73267,38.918479999999995,40.104290000000006,41.2901,42.6856,44.1136,45.5899,47.129,48.7452,50.4421,52.2179,54.0784,56.0296,58.0778,60.2345,62.5057,64.8905,67.3887,70.0007,72.7407,75.6163,78.618,81.7369,84.964
"No targets calculated, so the baseline emissions are put in as target pathways for all un/conditional best/worst pathways.
",NER,baseline_emissions,unconditional,worst,KYOTOGHG,IPCM0EL,MtCO2eq,AR4,5.7875,6.65,7.53,8.5692,9.4523,10.4123,11.6184,12.6053,13.8288,14.9067,15.2551,14.8565,15.7955,16.2624,16.9895,17.1578,17.4331,18.0227,18.7167,19.8378,20.9456,20.9961,22.995,24.1694,25.5462,25.3342,26.6553,27.8743,28.39353333333333,28.91276666666667,29.432,30.61781,31.80362,32.98943,34.17524,35.36105000000001,36.546859999999995,37.73267,38.918479999999995,40.104290000000006,41.2901,42.6856,44.1136,45.5899,47.129,48.7452,50.4421,52.2179,54.0784,56.0296,58.0778,60.2345,62.5057,64.8905,67.3887,70.0007,72.7407,75.6163,78.618,81.7369,84.964
"No targets calculated, so the baseline emissions are put in as target pathways for all un/conditional best/worst pathways.
",NER,baseline_emissions,unconditional,best,KYOTOGHG,IPCM0EL,MtCO2eq,AR4,5.7875,6.65,7.53,8.5692,9.4523,10.4123,11.6184,12.6053,13.8288,14.9067,15.2551,14.8565,15.7955,16.2624,16.9895,17.1578,17.4331,18.0227,18.7167,19.8378,20.9456,20.9961,22.995,24.1694,25.5462,25.3342,26.6553,27.8743,28.39353333333333,28.91276666666667,29.432,30.61781,31.80362,32.98943,34.17524,35.36105000000001,36.546859999999995,37.73267,38.918479999999995,40.104290000000006,41.2901,42.6856,44.1136,45.5899,47.129,48.7452,50.4421,52.2179,54.0784,56.0296,58.0778,60.2345,62.5057,64.8905,67.3887,70.0007,72.7407,75.6163,78.618,81.7369,84.964
,NER,,emi_bau,emi_bau,KYOTOGHG,IPCM0EL,MtCO2eq,AR4,5.7875,6.65,7.53,8.5692,9.4523,10.4123,11.6184,12.6053,13.8288,14.9067,15.2551,14.8565,15.7955,16.2624,16.9895,17.1578,17.4331,18.0227,18.7167,19.8378,20.9456,20.9961,22.995,24.1694,25.5462,25.3342,26.6553,27.8743,28.39353333333333,28.91276666666667,29.432,30.61781,31.80362,32.98943,34.17524,35.36105000000001,36.546859999999995,37.73267,38.918479999999995,40.104290000000006,41.2901,42.6856,44.1136,45.5899,47.129,48.7452,50.4421,52.2179,54.0784,56.0296,58.0778,60.2345,62.5057,64.8905,67.3887,70.0007,72.7407,75.6163,78.618,81.7369,84.964
,NER,,emi_cov,emi_cov,KYOTOGHG,IPCM0EL,MtCO2eq,AR4,5.6742158164625,6.503106653750001,7.34505256764,8.3538624566076,9.202526101211298,10.134009937285,11.304694486199999,12.2484913655333,13.433512021622398,14.4690776131257,14.7722186800587,14.398442282377,15.2886458297265,15.7354195625088,16.458432219174,16.612166929767202,16.8702488143819,17.453936641631802,18.1234141877598,19.2300190850952,20.324150038441598,20.3275009264635,22.321285108605,23.5011944955336,24.865633393356,24.6185698294194,25.9229516565978,27.125232876876602,27.638066052456196,28.15305929121217,28.668999887424,29.835327683950172,31.00238373666758,32.17006545703488,33.33827702622032,34.50693509641822,35.675969413738216,36.84533181670719,38.014980987413836,39.18487765585057,40.354993567286904,41.730239500152,43.137513768446404,44.592387015723105,46.109148799728,47.7018915683688,49.374163062166005,51.124189400608806,52.957686430827195,54.880567094892,56.89903984561721,59.024437925883,61.26267414638,63.61286153637751,66.0748031081544,68.64889303206549,71.3491251642846,74.1829891770687,77.141123054742,80.21475588754039,83.39501832644399
,NER,,emi_ncov,emi_ncov,KYOTOGHG,IPCM0EL,MtCO2eq,AR4,0.1132841835374999,0.14689334624999995,0.18494743236000047,0.21533754339240066,0.24977389878870063,0.27829006271499973,0.31370551380000017,0.3568086344667008,0.3952879783776001,0.4376223868743007,0.4828813199413,0.45805771762300096,0.5068541702735007,0.5269804374911989,0.5310677808259986,0.5456330702327987,0.5628511856180999,0.568763358368199,0.593285812240199,0.6077809149047996,0.6214499615584014,0.6685990735364994,0.6737148913949991,0.6682055044663998,0.680566606644,0.7156301705806004,0.7323483434022025,0.749067123123399,0.7554672808771351,0.7597073754545006,0.7630001125759991,0.7824823160498278,0.8012362633324193,0.8193645429651204,0.8369629737796821,0.8541149035817984,0.8708905862617805,0.8873381832928099,0.9034990125861613,0.9194123441494366,0.9351064327130997,0.9553604998479991,0.976086231553595,0.9975129842768986,1.019851200272,1.0433084316311978,1.0679369378339996,1.093710599391196,1.1207135691728034,1.1490329051080024,1.1787601543827952,1.2100620741169987,1.2430258536199985,1.2776384636224978,1.3138968918455964,1.3518069679345028,1.3915748357154032,1.4333108229312959,1.4768769452579993,1.5221441124596087,1.5689816735560052
,NER,,pc_cov,pc_cov,KYOTOGHG,IPCM0EL,MtCO2eq/MtCO2eq,AR4,0.980426059,0.977910775,0.9754385879999999,0.9748707529999999,0.9735753309999999,0.97327295,0.97299925,0.9716937609999999,0.971415598,0.970642571,0.968346237,0.9691678579999999,0.967911483,0.9675951620000001,0.9687414120000001,0.9681991240000001,0.967713649,0.9684418340000001,0.968301794,0.969362484,0.9703302859999999,0.968156035,0.970701679,0.972353244,0.97335938,0.971752407,0.9725252259999999,0.973126962,0.9733929809999999,0.973724155,0.974075832,0.9744435570000001,0.974806759,0.975162816,0.9755096679999999,0.975845884,0.976170577,0.976483557,0.976784833,0.9770744640000001,0.977352769,0.97761867,0.9778733490000001,0.978119869,0.978360432,0.978596694,0.97882846,0.9790548720000001,0.9792761329999999,0.979492395,0.9797037740000001,0.979910814,0.9801134,0.980310855,0.980502712,0.980688665,0.980869378,0.981044949,0.981214519,0.9813775159999999,0.9815335709999999
,NGA,,pop,pop,POP,DEMOGR,Pers,,95212450.0,97667632.0,100161710.0,102700753.0,105293700.0,107948335.0,110668794.0,113457663.0,116319759.0,119260063.0,122283850.0,125394046.0,128596076.0,131900631.0,135320422.0,138865016.0,142538308.0,146339977.0,150269623.0,154324933.0,158503197.0,162805077.0,167228794.0,171765816.0,176404934.0,181137448.0,185960241.0,190873244.0,195097009.3123,200240779.8994,205528595.6005,210984755.1723,216624472.9767,222447079.6916,228451824.9552,234637866.1841,241008509.9369,247552118.5323,254245585.313,261066166.0226,267991527.5127,275049063.0354,282271885.0442,289646490.2856,297159261.1089,304796453.8005,312566958.0157,320478120.5744,328513782.3695,336657783.9194,344893968.1855,353253060.0754,361763397.4014,370405117.9243,379158185.5088,388002388.4085,396936795.6483,405951473.5974,415012881.0284,424087896.5991,433143819.813
,NGA,,gdp,gdp,GDPPPP,ECO,2011GKD,,80037726562.5,67743000000.0,58301785156.25,50284417968.75,46399792968.75,44728933593.75,45912050781.25,49381906250.0,47083781250.0,60093488281.25,92191914062.5,113711562500.0,141282984375.0,200864078125.0,301400250000.0,478641281250.0,502421718750.0,648842312500.0,671714562500.0,741836187500.0,824966125000.0,851056812500.0,942161375000.0,929390437500.0,953683312500.0,892098750000.0,814933000000.0,825848125000.0,986123672043.4803,1045539921784.856,1108017684869.01,1174380781037.83,1244664818254.446,1318535607231.364,1395651022914.2842,1475660418889.153,1558302494213.981,1643322957642.05,1730388037746.8618,1819180752434.901,1909400314496.896,2001113372951.584,2094854542121.911,2191038440270.6392,2290082277843.246,2392406584782.811,2497593414130.355,2605248977136.003,2715846191656.586,2829875525251.8667,2947846367408.1733,3069127066445.25,3193345665349.101,3321438545088.404,3454372483904.9883,3593148432119.075,3737819941946.061,3888102601649.747,4044526899372.825,4207633973348.851,4377976477959.937
"The target value from 'conditional_best' was used for 'conditional_worst' in 2030.
",NGA,ABS,conditional,worst,KYOTOGHG,IPCM0EL,MtCO2eq,AR4,302.558,313.0581,323.5403,328.5995,310.7778,319.3617,344.6423,313.3165,279.5373,262.0245,299.2178,313.361,298.3786,326.3381,325.7809,328.3315,313.3898,304.1769,302.6741,275.86,302.2185,313.0458,320.018,307.9276,305.0855,321.0983,333.8373,335.4237,356.48607692307684,377.5484538461538,398.61083076923074,391.77465283094807,382.13815375074535,369.70133352862257,354.4641921645796,336.4267296586165,315.5889460107334,291.9508412209303,265.51241528920684,236.27366821556342,204.23460000000003,211.82648614011748,219.52427189614642,227.36831913499333,235.3993920013079,243.65855634804723,252.11376404833214,260.7359170120673,269.5711095640005,278.6656371677512,288.06626461097255,297.74007216500837,307.6651021697061,317.90437813817533,328.5204207363469,339.57565006071553,351.0371128594798,362.84416576284406,375.01625219506576,387.57070362225,400.522638982914
,NGA,ABS,conditional,best,KYOTOGHG,IPCM0EL,MtCO2eq,AR4,302.558,313.0581,323.5403,328.5995,310.7778,319.3617,344.6423,313.3165,279.5373,262.0245,299.2178,313.361,298.3786,326.3381,325.7809,328.3315,313.3898,304.1769,302.6741,275.86,302.2185,313.0458,320.018,307.9276,305.0855,321.0983,333.8373,335.4237,356.48607692307684,377.5484538461538,398.61083076923074,391.77465283094807,382.13815375074535,369.70133352862257,354.4641921645796,336.4267296586165,315.5889460107334,291.9508412209303,265.51241528920684,236.27366821556342,204.23460000000003,211.82648614011748,219.52427189614642,227.36831913499333,235.3993920013079,243.65855634804723,252.11376404833214,260.7359170120673,269.5711095640005,278.6656371677512,288.06626461097255,297.74007216500837,307.6651021697061,317.90437813817533,328.5204207363469,339.57565006071553,351.0371128594798,362.84416576284406,375.01625219506576,387.57070362225,400.522638982914
"The target value from 'unconditional_best' was used for 'unconditional_worst' in 2030.
",NGA,ABS,unconditional,worst,KYOTOGHG,IPCM0EL,MtCO2eq,AR4,302.558,313.0581,323.5403,328.5995,310.7778,319.3617,344.6423,313.3165,279.5373,262.0245,299.2178,313.361,298.3786,326.3381,325.7809,328.3315,313.3898,304.1769,302.6741,275.86,302.2185,313.0458,320.018,307.9276,305.0855,321.0983,333.8373,335.4237,356.48607692307684,377.5484538461538,398.61083076923074,407.2738499761478,414.6922820088783,420.86612686742205,425.7953845517789,429.4800550619492,431.9201383979328,433.11563455972976,433.06654354733973,431.77286536076315,429.23459999999994,445.19027161783,461.3685097316206,477.85414183777476,494.73284088947014,512.0909139324655,529.8610062437032,547.9819631164744,566.5506598062225,585.6643942967783,605.42145093821,625.7526431844481,646.611823186536,668.1314458391889,690.4429092161541,713.6774000269846,737.7656612708798,762.5802403390417,788.1620009755846,814.5473682765555,841.7681173257395
,NGA,ABS,unconditional,best,KYOTOGHG,IPCM0EL,MtCO2eq,AR4,302.558,313.0581,323.5403,328.5995,310.7778,319.3617,344.6423,313.3165,279.5373,262.0245,299.2178,313.361,298.3786,326.3381,325.7809,328.3315,313.3898,304.1769,302.6741,275.86,302.2185,313.0458,320.018,307.9276,305.0855,321.0983,333.8373,335.4237,356.48607692307684,377.5484538461538,398.61083076923074,407.2738499761478,414.6922820088783,420.86612686742205,425.7953845517789,429.4800550619492,431.9201383979328,433.11563455972976,433.06654354733973,431.77286536076315,429.23459999999994,445.19027161783,461.3685097316206,477.85414183777476,494.73284088947014,512.0909139324655,529.8610062437032,547.9819631164744,566.5506598062225,585.6643942967783,605.42145093821,625.7526431844481,646.611823186536,668.1314458391889,690.4429092161541,713.6774000269846,737.7656612708798,762.5802403390417,788.1620009755846,814.5473682765555,841.7681173257395
"The target value from 'conditional_best' was used for 'conditional_worst' in 2030.
",NGA,ABU,conditional,worst,KYOTOGHG,IPCM0EL,MtCO2eq,AR4,302.558,313.0581,323.5403,328.5995,310.7778,319.3617,344.6423,313.3165,279.5373,262.0245,299.2178,313.361,298.3786,326.3381,325.7809,328.3315,313.3898,304.1769,302.6741,275.86,302.2185,313.0458,320.018,307.9276,305.0855,321.0983,333.8373,335.4237,356.48607692307684,377.5484538461538,398.61083076923074,391.77465283094807,382.13815375074535,369.70133352862257,354.4641921645796,336.4267296586165,315.5889460107334,291.9508412209303,265.51241528920684,236.27366821556342,204.23460000000003,211.82648614011748,219.52427189614642,227.36831913499333,235.3993920013079,243.65855634804723,252.11376404833214,260.7359170120673,269.5711095640005,278.6656371677512,288.06626461097255,297.74007216500837,307.6651021697061,317.90437813817533,328.5204207363469,339.57565006071553,351.0371128594798,362.84416576284406,375.01625219506576,387.57070362225,400.522638982914
,NGA,ABU,conditional,best,KYOTOGHG,IPCM0EL,MtCO2eq,AR4,302.558,313.0581,323.5403,328.5995,310.7778,319.3617,344.6423,313.3165,279.5373,262.0245,299.2178,313.361,298.3786,326.3381,325.7809,328.3315,313.3898,304.1769,302.6741,275.86,302.2185,313.0458,320.018,307.9276,305.0855,321.0983,333.8373,335.4237,356.48607692307684,377.5484538461538,398.61083076923074,391.77465283094807,382.13815375074535,369.70133352862257,354.4641921645796,336.4267296586165,315.5889460107334,291.9508412209303,265.51241528920684,236.27366821556342,204.23460000000003,211.82648614011748,219.52427189614642,227.36831913499333,235.3993920013079,243.65855634804723,252.11376404833214,260.7359170120673,269.5711095640005,278.6656371677512,288.06626461097255,297.74007216500837,307.6651021697061,317.90437813817533,328.5204207363469,339.57565006071553,351.0371128594798,362.84416576284406,375.01625219506576,387.57070362225,400.522638982914
"The target value from 'unconditional_best' was used for 'unconditional_worst' in 2030.
",NGA,ABU,unconditional,worst,KYOTOGHG,IPCM0EL,MtCO2eq,AR4,302.558,313.0581,323.5403,328.5995,310.7778,319.3617,344.6423,313.3165,279.5373,262.0245,299.2178,313.361,298.3786,326.3381,325.7809,328.3315,313.3898,304.1769,302.6741,275.86,302.2185,313.0458,320.018,307.9276,305.0855,321.0983,333.8373,335.4237,356.48607692307684,377.5484538461538,398.61083076923074,407.2738499761478,414.6922820088783,420.86612686742205,425.7953845517789,429.4800550619492,431.9201383979328,433.11563455972976,433.06654354733973,431.77286536076315,429.23459999999994,445.19027161783,461.3685097316206,477.85414183777476,494.73284088947014,512.0909139324655,529.8610062437032,547.9819631164744,566.5506598062225,585.6643942967783,605.42145093821,625.7526431844481,646.611823186536,668.1314458391889,690.4429092161541,713.6774000269846,737.7656612708798,762.5802403390417,788.1620009755846,814.5473682765555,841.7681173257395
,NGA,ABU,unconditional,best,KYOTOGHG,IPCM0EL,MtCO2eq,AR4,302.558,313.0581,323.5403,328.5995,310.7778,319.3617,344.6423,313.3165,279.5373,262.0245,299.2178,313.361,298.3786,326.3381,325.7809,328.3315,313.3898,304.1769,302.6741,275.86,302.2185,313.0458,320.018,307.9276,305.0855,321.0983,333.8373,335.4237,356.48607692307684,377.5484538461538,398.61083076923074,407.2738499761478,414.6922820088783,420.86612686742205,425.7953845517789,429.4800550619492,431.9201383979328,433.11563455972976,433.06654354733973,431.77286536076315,429.23459999999994,445.19027161783,461.3685097316206,477.85414183777476,494.73284088947014,512.0909139324655,529.8610062437032,547.9819631164744,566.5506598062225,585.6643942967783,605.42145093821,625.7526431844481,646.611823186536,668.1314458391889,690.4429092161541,713.6774000269846,737.7656612708798,762.5802403390417,788.1620009755846,814.5473682765555,841.7681173257395
"The target value from 'conditional_best' was used for 'conditional_worst' in 2030.
",NGA,RBU,conditional,worst,KYOTOGHG,IPCM0EL,MtCO2eq,AR4,302.558,313.0581,323.5403,328.5995,310.7778,319.3617,344.6423,313.3165,279.5373,262.0245,299.2178,313.361,298.3786,326.3381,325.7809,328.3315,313.3898,304.1769,302.6741,275.86,302.2185,313.0458,320.018,307.9276,305.0855,321.0983,333.8373,335.4237,356.48607692307684,377.5484538461538,398.61083076923074,394.07827189480946,386.9766179473279,377.30586892678605,365.06602483318386,350.25708566652133,332.8790514267985,312.93192211401555,290.415697728172,265.33037826926824,237.6759637373042,246.5109449546704,255.46916578604507,264.5975969485116,273.9436773058351,283.5551968317923,293.3948598407256,303.4288037226448,313.71067028485004,324.29433540798277,335.234221143813,346.4920174888724,358.04217143677437,369.95802596768226,382.312338878407,395.17775092908903,408.5159131040366,422.2562522909542,436.4213955794668,451.03151228911923,466.10419693270603
,NGA,RBU,conditional,best,KYOTOGHG,IPCM0EL,MtCO2eq,AR4,302.558,313.0581,323.5403,328.5995,310.7778,319.3617,344.6423,313.3165,279.5373,262.0245,299.2178,313.361,298.3786,326.3381,325.7809,328.3315,313.3898,304.1769,302.6741,275.86,302.2185,313.0458,320.018,307.9276,305.0855,321.0983,333.8373,335.4237,356.48607692307684,377.5484538461538,398.61083076923074,394.07827189480946,386.9766179473279,377.30586892678605,365.06602483318386,350.25708566652133,332.8790514267985,312.93192211401555,290.415697728172,265.33037826926824,237.6759637373042,246.5109449546704,255.46916578604507,264.5975969485116,273.9436773058351,283.5551968317923,293.3948598407256,303.4288037226448,313.71067028485004,324.29433540798277,335.234221143813,346.4920174888724,358.04217143677437,369.95802596768226,382.312338878407,395.17775092908903,408.5159131040366,422.2562522909542,436.4213955794668,451.03151228911923,466.10419693270603
"The target value from 'unconditional_best' was used for 'unconditional_worst' in 2030.
",NGA,RBU,unconditional,worst,KYOTOGHG,IPCM0EL,MtCO2eq,AR4,302.558,313.0581,323.5403,328.5995,310.7778,319.3617,344.6423,313.3165,279.5373,262.0245,299.2178,313.361,298.3786,326.3381,325.7809,328.3315,313.3898,304.1769,302.6741,275.86,302.2185,313.0458,320.018,307.9276,305.0855,321.0983,333.8373,335.4237,356.48607692307684,377.5484538461538,398.61083076923074,408.2976806711973,416.84271054069274,424.2459203777169,430.50731018226975,435.6268799543514,439.6046296939617,442.440559401101,444.1346690757687,444.68695871796524,444.09742832769075,460.6055866465202,477.3440181271311,494.4004875326718,511.86363435814894,529.8227541474632,548.2081599292113,566.9565794322865,586.1682423488222,605.9438157368812,626.384987175028,647.4201744394989,669.0016317496775,691.2664004300809,714.3504283904031,738.3894448573728,763.3117947129051,788.9856121293128,815.4531758130963,842.7521721284974,870.915476414536
,NGA,RBU,unconditional,best,KYOTOGHG,IPCM0EL,MtCO2eq,AR4,302.558,313.0581,323.5403,328.5995,310.7778,319.3617,344.6423,313.3165,279.5373,262.0245,299.2178,313.361,298.3786,326.3381,325.7809,328.3315,313.3898,304.1769,302.6741,275.86,302.2185,313.0458,320.018,307.9276,305.0855,321.0983,333.8373,335.4237,356.48607692307684,377.5484538461538,398.61083076923074,408.2976806711973,416.84271054069274,424.2459203777169,430.50731018226975,435.6268799543514,439.6046296939617,442.440559401101,444.1346690757687,444.68695871796524,444.09742832769075,460.6055866465202,477.3440181271311,494.4004875326718,511.86363435814894,529.8227541474632,548.2081599292113,566.9565794322865,586.1682423488222,605.9438157368812,626.384987175028,647.4201744394989,669.0016317496775,691.2664004300809,714.3504283904031,738.3894448573728,763.3117947129051,788.9856121293128,815.4531758130963,842.7521721284974,870.915476414536
"No targets calculated, so the baseline emissions are put in as target pathways for all un/conditional best/worst pathways.
",NGA,baseline_emissions,conditional,worst,KYOTOGHG,IPCM0EL,MtCO2eq,AR4,302.558,313.0581,323.5403,328.5995,310.7778,319.3617,344.6423,313.3165,279.5373,262.0245,299.2178,313.361,298.3786,326.3381,325.7809,328.3315,313.3898,304.1769,302.6741,275.86,302.2185,313.0458,320.018,307.9276,305.0855,321.0983,333.8373,335.4237,356.48607692307684,377.5484538461538,398.61083076923074,419.67320769230764,440.7355846153846,461.7979615384616,482.86033846153845,503.9227153846154,524.9850923076923,546.0474692307694,567.1098461538461,588.1722230769229,609.2346,631.8813,654.8439,678.2428,702.1996,726.8368,752.0588,777.7788,804.1343,831.2634,859.3056,888.1627,917.7692,948.3131,979.9809,1012.9588,1047.1485,1082.3691,1118.6786,1156.1287,1194.7645
"No targets calculated, so the baseline emissions are put in as target pathways for all un/conditional best/worst pathways.
",NGA,baseline_emissions,conditional,best,KYOTOGHG,IPCM0EL,MtCO2eq,AR4,302.558,313.0581,323.5403,328.5995,310.7778,319.3617,344.6423,313.3165,279.5373,262.0245,299.2178,313.361,298.3786,326.3381,325.7809,328.3315,313.3898,304.1769,302.6741,275.86,302.2185,313.0458,320.018,307.9276,305.0855,321.0983,333.8373,335.4237,356.48607692307684,377.5484538461538,398.61083076923074,419.67320769230764,440.7355846153846,461.7979615384616,482.86033846153845,503.9227153846154,524.9850923076923,546.0474692307694,567.1098461538461,588.1722230769229,609.2346,631.8813,654.8439,678.2428,702.1996,726.8368,752.0588,777.7788,804.1343,831.2634,859.3056,888.1627,917.7692,948.3131,979.9809,1012.9588,1047.1485,1082.3691,1118.6786,1156.1287,1194.7645
"No targets calculated, so the baseline emissions are put in as target pathways for all un/conditional best/worst pathways.
",NGA,baseline_emissions,unconditional,worst,KYOTOGHG,IPCM0EL,MtCO2eq,AR4,302.558,313.0581,323.5403,328.5995,310.7778,319.3617,344.6423,313.3165,279.5373,262.0245,299.2178,313.361,298.3786,326.3381,325.7809,328.3315,313.3898,304.1769,302.6741,275.86,302.2185,313.0458,320.018,307.9276,305.0855,321.0983,333.8373,335.4237,356.48607692307684,377.5484538461538,398.61083076923074,419.67320769230764,440.7355846153846,461.7979615384616,482.86033846153845,503.9227153846154,524.9850923076923,546.0474692307694,567.1098461538461,588.1722230769229,609.2346,631.8813,654.8439,678.2428,702.1996,726.8368,752.0588,777.7788,804.1343,831.2634,859.3056,888.1627,917.7692,948.3131,979.9809,1012.9588,1047.1485,1082.3691,1118.6786,1156.1287,1194.7645
"No targets calculated, so the baseline emissions are put in as target pathways for all un/conditional best/worst pathways.
",NGA,baseline_emissions,unconditional,best,KYOTOGHG,IPCM0EL,MtCO2eq,AR4,302.558,313.0581,323.5403,328.5995,310.7778,319.3617,344.6423,313.3165,279.5373,262.0245,299.2178,313.361,298.3786,326.3381,325.7809,328.3315,313.3898,304.1769,302.6741,275.86,302.2185,313.0458,320.018,307.9276,305.0855,321.0983,333.8373,335.4237,356.48607692307684,377.5484538461538,398.61083076923074,419.67320769230764,440.7355846153846,461.7979615384616,482.86033846153845,503.9227153846154,524.9850923076923,546.0474692307694,567.1098461538461,588.1722230769229,609.2346,631.8813,654.8439,678.2428,702.1996,726.8368,752.0588,777.7788,804.1343,831.2634,859.3056,888.1627,917.7692,948.3131,979.9809,1012.9588,1047.1485,1082.3691,1118.6786,1156.1287,1194.7645
,NGA,,emi_bau,emi_bau,KYOTOGHG,IPCM0EL,MtCO2eq,AR4,302.558,313.0581,323.5403,328.5995,310.7778,319.3617,344.6423,313.3165,279.5373,262.0245,299.2178,313.361,298.3786,326.3381,325.7809,328.3315,313.3898,304.1769,302.6741,275.86,302.2185,313.0458,320.018,307.9276,305.0855,321.0983,333.8373,335.4237,356.48607692307684,377.5484538461538,398.61083076923074,419.67320769230764,440.7355846153846,461.7979615384616,482.86033846153845,503.9227153846154,524.9850923076923,546.0474692307694,567.1098461538461,588.1722230769229,609.2346,631.8813,654.8439,678.2428,702.1996,726.8368,752.0588,777.7788,804.1343,831.2634,859.3056,888.1627,917.7692,948.3131,979.9809,1012.9588,1047.1485,1082.3691,1118.6786,1156.1287,1194.7645
,NGA,,emi_cov,emi_cov,KYOTOGHG,IPCM0EL,MtCO2eq,AR4,286.24284728009997,296.2833757171818,306.2176326801836,310.84093971658746,292.57277895313564,300.6366564619845,325.2832433115919,293.2476454317795,258.87064449723124,240.61703625019348,277.1318471779312,290.408061009927,274.61544662660157,301.74680958462255,300.4111443979733,301.9861361152475,286.1948175133617,276.02873468627996,273.4496156597405,245.59885509822,270.7029453825795,280.55770277013835,286.452119385414,273.9283015259788,270.1670217756705,285.2607072217021,297.08062781374775,297.7479681462504,316.1583000044593,334.4880472734674,352.7893980675382,371.0634777528363,389.3174840843805,407.5542618487758,425.7764178331952,443.9863255014878,462.1860306506405,480.3775677929753,498.56282649557346,516.7433643200652,534.9204583615465,554.4855988929158,574.3236549283537,594.5386429457436,615.2356175092416,636.5204088405007,658.3104259601328,680.5306798550197,703.2999606690644,726.7375769644584,750.9640466171232,775.894532097496,801.4724458639008,827.8602069204748,855.2189377525747,883.709501417372,913.246974113592,943.6750725254171,975.0439023467715,1007.3981291486134,1040.7767170729494
,NGA,,emi_ncov,emi_ncov,KYOTOGHG,IPCM0EL,MtCO2eq,AR4,16.3151527199,16.774724282818198,17.322667319816386,17.7585602834125,18.20502104686438,18.7250435380155,19.359056688408092,20.068854568220505,20.66665550276879,21.407463749806517,22.085952822068784,22.952938990072983,23.76315337339843,24.59129041537743,25.369755602026636,26.345363884752516,27.194982486638228,28.14816531372001,29.224484340259504,30.26114490178,31.515554617420495,32.48809722986162,33.565880614586,33.999298474021224,34.91847822432953,35.83759277829788,36.756672186252274,37.67573185374958,40.327776918617545,43.06040657268641,45.82143270169258,48.60972993947132,51.41810053100409,54.24369968968579,57.08392062834326,59.936389883127646,62.79906165705181,65.66990143779405,68.5470196582726,71.42885875685774,74.31414163845353,77.39570110708414,80.52024507164633,83.7041570542564,86.96398249075843,90.31639115949928,93.74837403986726,97.24812014498038,100.8343393309357,104.52582303554169,108.34155338287678,112.26816790250388,116.29675413609917,120.45289307952525,124.7619622474254,129.24929858262797,133.90152588640794,138.69402747458273,143.6346976532285,148.7305708513866,153.9877829270506
,NGA,,pc_cov,pc_cov,KYOTOGHG,IPCM0EL,MtCO2eq/MtCO2eq,AR4,0.94607595,0.946416578,0.946459012,0.945956825,0.9414211020000001,0.941367285,0.943828553,0.935947023,0.926068344,0.9182997629999999,0.9261877040000001,0.9267524070000001,0.9203590559999999,0.9246447459999999,0.9221263259999999,0.919759865,0.9132231409999999,0.9074612,0.903445705,0.890302527,0.895719307,0.8962193479999999,0.895112523,0.8895867129999999,0.8855452709999999,0.8883905870000001,0.8898964490000001,0.8876771920000001,0.886874188,0.8859473370000001,0.8850471959999999,0.884172425,0.883335718,0.8825380270000001,0.881779645,0.881060353,0.880379343,0.8797359109999999,0.879129202,0.878557919,0.8780204840000001,0.877515443,0.8770390240000001,0.876586737,0.876154896,0.8757404809999999,0.8753443559999999,0.874966867,0.874605101,0.8742566759999999,0.873919647,0.873595043,0.873283224,0.872981937,0.872689394,0.87240419,0.8721274720000001,0.871860692,0.8716032490000001,0.8713546590000001,0.8711145309999999
,NIC,,pop,pop,POP,DEMOGR,Pers,,4173434.0,4267568.0,4364512.0,4462497.0,4559006.0,4652185.0,4741578.0,4827661.0,4910647.0,4991040.0,5069302.0,5145366.0,5219328.0,5292118.0,5364935.0,5438690.0,5513763.0,5590055.0,5667432.0,5745526.0,5824065.0,5903039.0,5982526.0,6062457.0,6142731.0,6223240.0,6303974.0,6384846.0,6475610.9517,6570161.2812,6665577.828,6762925.5231,6862920.9653,6964707.0155,7067426.2097,7170220.2487,7272686.6389,7374767.2655,7476120.5376,7576406.2598,7675285.5861,7773067.2846,7870268.4906,7966863.1391,8062824.1477,8158123.4241,8252862.4022,8347124.7141,8440854.0837,8533993.2572,8626484.0139,8718428.1101,8809916.2987,8900872.8013,8991221.4095,9080885.5129,9169753.6687,9257704.5879,9344647.6847,9430493.756,9515154.9152
,NIC,,gdp,gdp,GDPPPP,ECO,2011GKD,,12089116210.9375,12489671875.0,12453597656.25,12515861328.125,13066595703.125,13950815429.6875,14438190429.6875,14844830078.125,15579817382.8125,16115988281.25,16726318359.375,17225402343.75,17412156250.0,17598302734.375,18179445312.5,19092960937.5,19411392578.125,20296228515.625,21301474609.375,21604255859.375,22454306640.625,23595332031.25,24897681640.625,25731763671.875,27602728515.625,29358740234.375,31229904296.875,32912929687.5,33148137796.9471,34525465692.9402,36001752013.7082,37632818323.4645,39430678212.4413,41360847836.5857,43389476579.8429,45483200032.8505,47647096451.7593,49895959284.3402,52211247985.4042,54574409840.830986,56966893417.5411,59387793198.6497,61850357694.7828,64356970488.2405,66909596477.8502,69509767749.3234,72167452140.4637,74891027756.9789,77679751345.4445,80533481118.49701,83452685839.9402,86430697695.0996,89460899637.4794,92544479551.2376,95682876420.8601,98877784604.8245,102133314351.0895,105453838470.5111,108841654510.5515,112299080427.7341,115828453616.2574
"No targets calculated, so the baseline emissions are put in as target pathways for all un/conditional best/worst pathways.
",NIC,baseline_emissions,conditional,worst,KYOTOGHG,IPCM0EL,MtCO2eq,AR4,10.1605,8.7529,9.7458,10.3582,10.5827,10.0621,9.9877,10.7336,10.8827,12.1537,12.5231,12.7598,13.1455,13.9304,13.692,13.9408,14.2372,14.4204,14.2464,14.4872,14.7358,15.9021,16.1228,16.3579,17.2393,18.5197,18.7249,18.4173,17.668,18.1662,18.7286,19.3759,20.1023,20.8901,21.7226,22.5841,23.4773,24.4095,25.3725,26.3579,27.3579,28.3732,29.4096,30.4668,31.5442,32.6409,33.7595,34.9024,36.0675,37.2534,38.4586,39.6817,40.9222,42.1806,43.4572,44.7525,46.0676,47.403,48.7591,50.1359,51.5336
"No targets calculated, so the baseline emissions are put in as target pathways for all un/conditional best/worst pathways.
",NIC,baseline_emissions,conditional,best,KYOTOGHG,IPCM0EL,MtCO2eq,AR4,10.1605,8.7529,9.7458,10.3582,10.5827,10.0621,9.9877,10.7336,10.8827,12.1537,12.5231,12.7598,13.1455,13.9304,13.692,13.9408,14.2372,14.4204,14.2464,14.4872,14.7358,15.9021,16.1228,16.3579,17.2393,18.5197,18.7249,18.4173,17.668,18.1662,18.7286,19.3759,20.1023,20.8901,21.7226,22.5841,23.4773,24.4095,25.3725,26.3579,27.3579,28.3732,29.4096,30.4668,31.5442,32.6409,33.7595,34.9024,36.0675,37.2534,38.4586,39.6817,40.9222,42.1806,43.4572,44.7525,46.0676,47.403,48.7591,50.1359,51.5336
"No targets calculated, so the baseline emissions are put in as target pathways for all un/conditional best/worst pathways.
",NIC,baseline_emissions,unconditional,worst,KYOTOGHG,IPCM0EL,MtCO2eq,AR4,10.1605,8.7529,9.7458,10.3582,10.5827,10.0621,9.9877,10.7336,10.8827,12.1537,12.5231,12.7598,13.1455,13.9304,13.692,13.9408,14.2372,14.4204,14.2464,14.4872,14.7358,15.9021,16.1228,16.3579,17.2393,18.5197,18.7249,18.4173,17.668,18.1662,18.7286,19.3759,20.1023,20.8901,21.7226,22.5841,23.4773,24.4095,25.3725,26.3579,27.3579,28.3732,29.4096,30.4668,31.5442,32.6409,33.7595,34.9024,36.0675,37.2534,38.4586,39.6817,40.9222,42.1806,43.4572,44.7525,46.0676,47.403,48.7591,50.1359,51.5336
"No targets calculated, so the baseline emissions are put in as target pathways for all un/conditional best/worst pathways.
",NIC,baseline_emissions,unconditional,best,KYOTOGHG,IPCM0EL,MtCO2eq,AR4,10.1605,8.7529,9.7458,10.3582,10.5827,10.0621,9.9877,10.7336,10.8827,12.1537,12.5231,12.7598,13.1455,13.9304,13.692,13.9408,14.2372,14.4204,14.2464,14.4872,14.7358,15.9021,16.1228,16.3579,17.2393,18.5197,18.7249,18.4173,17.668,18.1662,18.7286,19.3759,20.1023,20.8901,21.7226,22.5841,23.4773,24.4095,25.3725,26.3579,27.3579,28.3732,29.4096,30.4668,31.5442,32.6409,33.7595,34.9024,36.0675,37.2534,38.4586,39.6817,40.9222,42.1806,43.4572,44.7525,46.0676,47.403,48.7591,50.1359,51.5336
,NIC,,emi_bau,emi_bau,KYOTOGHG,IPCM0EL,MtCO2eq,AR4,10.1605,8.7529,9.7458,10.3582,10.5827,10.0621,9.9877,10.7336,10.8827,12.1537,12.5231,12.7598,13.1455,13.9304,13.692,13.9408,14.2372,14.4204,14.2464,14.4872,14.7358,15.9021,16.1228,16.3579,17.2393,18.5197,18.7249,18.4173,17.668,18.1662,18.7286,19.3759,20.1023,20.8901,21.7226,22.5841,23.4773,24.4095,25.3725,26.3579,27.3579,28.3732,29.4096,30.4668,31.5442,32.6409,33.7595,34.9024,36.0675,37.2534,38.4586,39.6817,40.9222,42.1806,43.4572,44.7525,46.0676,47.403,48.7591,50.1359,51.5336
,NIC,,emi_cov,emi_cov,KYOTOGHG,IPCM0EL,MtCO2eq,AR4,1.9506989307190004,1.8846929228777,2.2549990311791994,2.1743837315904,2.3869806445152,2.6179958064018996,2.6950077182082,2.9553854847688,3.2340041669867996,3.4503999411960007,3.4979942819542997,3.7069875845556,3.7620211898725002,3.9673922683120004,4.165388318280001,4.0554117457552,4.2020324997992,4.3413758891352,4.1579949489792005,4.2314001232776,4.235011258814599,4.532014234772101,4.3119774659232,4.2276822918577,4.5137013750608,5.3290683617601005,5.559392513111801,5.5177121526021,5.021509983951999,5.2035682010910005,5.4090871431366,5.6456312389956,5.9110810335678,6.1989683203217,6.503190450053,6.8180100895137,7.1444139049745,7.4850695810820005,7.83698056611,8.1970772436173,8.562509192217,8.933532268518,9.3122659491312,9.698600640455998,10.0923170230244,10.493086280245501,10.901858478994502,11.3195106628448,11.745275444752501,12.178641206316598,12.619059830166398,13.066019667967101,13.5193380226146,13.979197584937198,14.445708064303199,14.9190520912875,15.399631654459998,15.887629488131997,16.3831917850432,16.886318503756197,17.3970827507816
,NIC,,emi_ncov,emi_ncov,KYOTOGHG,IPCM0EL,MtCO2eq,AR4,8.209801069281,6.8682070771223,7.4908009688208,8.1838162684096,8.195719355484801,7.4441041935981,7.2926922817918,7.7782145152312,7.6486958330132,8.703300058804,9.0251057180457,9.0528124154444,9.3834788101275,9.963007731688,9.52661168172,9.8853882542448,10.0351675002008,10.0790241108648,10.0884050510208,10.255799876722401,10.5007887411854,11.3700857652279,11.8108225340768,12.1302177081423,12.7255986249392,13.1906316382399,13.165507486888202,12.8995878473979,12.646490016047998,12.962631798909,13.3195128568634,13.730268761004401,14.191218966432197,14.691131679678302,15.219409549947,15.766089910486299,16.3328860950255,16.924430418918,17.53551943389,18.1608227563827,18.795390807783,19.439667731482,20.097334050868803,20.768199359544,21.451882976975597,22.1478137197545,22.8576415210055,23.5828893371552,24.3222245552475,25.0747587936834,25.839540169833597,26.615680332032902,27.4028619773854,28.2014024150628,29.011491935696803,29.833447908712497,30.66796834554,31.515370511868,32.3759082149568,33.2495814962438,34.1365172492184
,NIC,,pc_cov,pc_cov,KYOTOGHG,IPCM0EL,MtCO2eq/MtCO2eq,AR4,0.19198847800000002,0.215322113,0.23138162399999998,0.20991907199999998,0.22555497600000002,0.260183839,0.269832666,0.27533963300000003,0.297169284,0.28389708,0.279323353,0.290520822,0.286183195,0.28480103,0.30422059,0.290902369,0.29514458600000004,0.301057938,0.29186285300000003,0.29207853300000003,0.28739608699999997,0.284994701,0.267445944,0.25844896300000003,0.26182625600000003,0.287751333,0.296898382,0.299593977,0.28421496399999996,0.286442305,0.288814281,0.29137388399999997,0.29404998600000004,0.29674191699999997,0.299374405,0.301894257,0.304311565,0.306645756,0.30887695600000004,0.310991287,0.31298123,0.314858115,0.316640347,0.31833342,0.319942082,0.321470495,0.32292713100000003,0.324318977,0.325647063,0.32691354899999997,0.32812062399999997,0.329270663,0.330366843,0.331412962,0.332412306,0.333368015,0.33428335,0.33516084399999996,0.336002752,0.33681091799999996,0.337587181
,NIU,,pop,pop,POP,DEMOGR,Pers,,2329.0,2288.0,2258.0,2236.0,2205.0,2165.0,2124.0,2067.0,2010.0,1956.0,1899.0,1854.0,1791.0,1755.0,1715.0,1683.0,1661.0,1643.0,1635.0,1628.0,1618.0,1620.0,1610.0,1612.0,1609.0,1619.0,1614.0,1609.0,1612.166666666667,1612.166666666667,1612.166666666667,1612.166666666667,1612.166666666667,1612.166666666667,1612.166666666667,1612.166666666667,1612.166666666667,1612.166666666667,1612.166666666667,1612.166666666667,1612.166666666667,1612.166666666667,1612.166666666667,1612.166666666667,1612.166666666667,1612.166666666667,1612.166666666667,1612.166666666667,1612.166666666667,1612.166666666667,1612.166666666667,1612.166666666667,1612.166666666667,1612.166666666667,1612.166666666667,1612.166666666667,1612.166666666667,1612.166666666667,1612.166666666667,1612.166666666667,1612.166666666667
,NIU,,gdp,gdp,GDPPPP,ECO,2011GKD,,,,,,,,,,,,,,,,,,,,,,,,,,,,,,,,,,,,,,,,,,,,,,,,,,,,,,,,,,,,,,
"The target value from 'conditional_best' was used for 'conditional_worst' in 2030.
",NIU,ABU,conditional,worst,KYOTOGHG,IPCM0EL,MtCO2eq,AR4,0.0058255,0.0058371000000000004,0.0058415,0.0058376999999999995,0.005871,0.005935899999999999,0.0060054999999999996,0.0060745,0.0061431,0.006210800000000001,0.0062789,0.006461,0.006603699999999999,0.0067439,0.0068869,0.0070977,0.0082697,0.0097322,0.0064375,0.0066728,0.006655599999999999,0.011729,0.011772,0.011771,0.016831,0.017536000000000003,0.019705,0.020276,0.01631516666666667,0.01631516666666667,0.01631516666666667,0.01600516666666667,0.01569516666666667,0.015385166666666669,0.015075166666666667,0.01476516666666667,0.01445516666666667,0.014145166666666669,0.01383516666666667,0.013525166666666668,0.013215166666666668,0.013215166666666668,0.013215166666666668,0.013215166666666668,0.013215166666666668,0.013215166666666668,0.013215166666666668,0.013215166666666668,0.013215166666666668,0.013215166666666668,0.013215166666666668,0.013215166666666668,0.013215166666666668,0.013215166666666668,0.013215166666666668,0.013215166666666668,0.013215166666666668,0.013215166666666668,0.013215166666666668,0.013215166666666668,0.013215166666666668
,NIU,ABU,conditional,best,KYOTOGHG,IPCM0EL,MtCO2eq,AR4,0.0058255,0.0058371000000000004,0.0058415,0.0058376999999999995,0.005871,0.005935899999999999,0.0060054999999999996,0.0060745,0.0061431,0.006210800000000001,0.0062789,0.006461,0.006603699999999999,0.0067439,0.0068869,0.0070977,0.0082697,0.0097322,0.0064375,0.0066728,0.006655599999999999,0.011729,0.011772,0.011771,0.016831,0.017536000000000003,0.019705,0.020276,0.01631516666666667,0.01631516666666667,0.01631516666666667,0.01600516666666667,0.01569516666666667,0.015385166666666669,0.015075166666666667,0.01476516666666667,0.01445516666666667,0.014145166666666669,0.01383516666666667,0.013525166666666668,0.013215166666666668,0.013215166666666668,0.013215166666666668,0.013215166666666668,0.013215166666666668,0.013215166666666668,0.013215166666666668,0.013215166666666668,0.013215166666666668,0.013215166666666668,0.013215166666666668,0.013215166666666668,0.013215166666666668,0.013215166666666668,0.013215166666666668,0.013215166666666668,0.013215166666666668,0.013215166666666668,0.013215166666666668,0.013215166666666668,0.013215166666666668
"The target value from 'unconditional_best' was used for 'unconditional_worst' in 2030.
",NIU,ABU,unconditional,worst,KYOTOGHG,IPCM0EL,MtCO2eq,AR4,0.0058255,0.0058371000000000004,0.0058415,0.0058376999999999995,0.005871,0.005935899999999999,0.0060054999999999996,0.0060745,0.0061431,0.006210800000000001,0.0062789,0.006461,0.006603699999999999,0.0067439,0.0068869,0.0070977,0.0082697,0.0097322,0.0064375,0.0066728,0.006655599999999999,0.011729,0.011772,0.011771,0.016831,0.017536000000000003,0.019705,0.020276,0.01631516666666667,0.01631516666666667,0.01631516666666667,0.016195166666666667,0.016075166666666668,0.01595516666666667,0.01583516666666667,0.01571516666666667,0.015595166666666669,0.01547516666666667,0.01535516666666667,0.01523516666666667,0.015115166666666669,0.015115166666666669,0.015115166666666669,0.015115166666666669,0.015115166666666669,0.015115166666666669,0.015115166666666669,0.015115166666666669,0.015115166666666669,0.015115166666666669,0.015115166666666669,0.015115166666666669,0.015115166666666669,0.015115166666666669,0.015115166666666669,0.015115166666666669,0.015115166666666669,0.015115166666666669,0.015115166666666669,0.015115166666666669,0.015115166666666669
,NIU,ABU,unconditional,best,KYOTOGHG,IPCM0EL,MtCO2eq,AR4,0.0058255,0.0058371000000000004,0.0058415,0.0058376999999999995,0.005871,0.005935899999999999,0.0060054999999999996,0.0060745,0.0061431,0.006210800000000001,0.0062789,0.006461,0.006603699999999999,0.0067439,0.0068869,0.0070977,0.0082697,0.0097322,0.0064375,0.0066728,0.006655599999999999,0.011729,0.011772,0.011771,0.016831,0.017536000000000003,0.019705,0.020276,0.01631516666666667,0.01631516666666667,0.01631516666666667,0.016195166666666667,0.016075166666666668,0.01595516666666667,0.01583516666666667,0.01571516666666667,0.015595166666666669,0.01547516666666667,0.01535516666666667,0.01523516666666667,0.015115166666666669,0.015115166666666669,0.015115166666666669,0.015115166666666669,0.015115166666666669,0.015115166666666669,0.015115166666666669,0.015115166666666669,0.015115166666666669,0.015115166666666669,0.015115166666666669,0.015115166666666669,0.015115166666666669,0.015115166666666669,0.015115166666666669,0.015115166666666669,0.015115166666666669,0.015115166666666669,0.015115166666666669,0.015115166666666669,0.015115166666666669
"No targets calculated, so the baseline emissions are put in as target pathways for all un/conditional best/worst pathways.
",NIU,baseline_emissions,conditional,worst,KYOTOGHG,IPCM0EL,MtCO2eq,AR4,0.0058255,0.0058371000000000004,0.0058415,0.0058376999999999995,0.005871,0.005935899999999999,0.0060054999999999996,0.0060745,0.0061431,0.006210800000000001,0.0062789,0.006461,0.006603699999999999,0.0067439,0.0068869,0.0070977,0.0082697,0.0097322,0.0064375,0.0066728,0.006655599999999999,0.011729,0.011772,0.011771,0.016831,0.017536000000000003,0.019705,0.020276,0.01631516666666667,0.01631516666666667,0.01631516666666667,0.01631516666666667,0.01631516666666667,0.01631516666666667,0.01631516666666667,0.01631516666666667,0.01631516666666667,0.01631516666666667,0.01631516666666667,0.01631516666666667,0.01631516666666667,0.01631516666666667,0.01631516666666667,0.01631516666666667,0.01631516666666667,0.01631516666666667,0.01631516666666667,0.01631516666666667,0.01631516666666667,0.01631516666666667,0.01631516666666667,0.01631516666666667,0.01631516666666667,0.01631516666666667,0.01631516666666667,0.01631516666666667,0.01631516666666667,0.01631516666666667,0.01631516666666667,0.01631516666666667,0.01631516666666667
"No targets calculated, so the baseline emissions are put in as target pathways for all un/conditional best/worst pathways.
",NIU,baseline_emissions,conditional,best,KYOTOGHG,IPCM0EL,MtCO2eq,AR4,0.0058255,0.0058371000000000004,0.0058415,0.0058376999999999995,0.005871,0.005935899999999999,0.0060054999999999996,0.0060745,0.0061431,0.006210800000000001,0.0062789,0.006461,0.006603699999999999,0.0067439,0.0068869,0.0070977,0.0082697,0.0097322,0.0064375,0.0066728,0.006655599999999999,0.011729,0.011772,0.011771,0.016831,0.017536000000000003,0.019705,0.020276,0.01631516666666667,0.01631516666666667,0.01631516666666667,0.01631516666666667,0.01631516666666667,0.01631516666666667,0.01631516666666667,0.01631516666666667,0.01631516666666667,0.01631516666666667,0.01631516666666667,0.01631516666666667,0.01631516666666667,0.01631516666666667,0.01631516666666667,0.01631516666666667,0.01631516666666667,0.01631516666666667,0.01631516666666667,0.01631516666666667,0.01631516666666667,0.01631516666666667,0.01631516666666667,0.01631516666666667,0.01631516666666667,0.01631516666666667,0.01631516666666667,0.01631516666666667,0.01631516666666667,0.01631516666666667,0.01631516666666667,0.01631516666666667,0.01631516666666667
"No targets calculated, so the baseline emissions are put in as target pathways for all un/conditional best/worst pathways.
",NIU,baseline_emissions,unconditional,worst,KYOTOGHG,IPCM0EL,MtCO2eq,AR4,0.0058255,0.0058371000000000004,0.0058415,0.0058376999999999995,0.005871,0.005935899999999999,0.0060054999999999996,0.0060745,0.0061431,0.006210800000000001,0.0062789,0.006461,0.006603699999999999,0.0067439,0.0068869,0.0070977,0.0082697,0.0097322,0.0064375,0.0066728,0.006655599999999999,0.011729,0.011772,0.011771,0.016831,0.017536000000000003,0.019705,0.020276,0.01631516666666667,0.01631516666666667,0.01631516666666667,0.01631516666666667,0.01631516666666667,0.01631516666666667,0.01631516666666667,0.01631516666666667,0.01631516666666667,0.01631516666666667,0.01631516666666667,0.01631516666666667,0.01631516666666667,0.01631516666666667,0.01631516666666667,0.01631516666666667,0.01631516666666667,0.01631516666666667,0.01631516666666667,0.01631516666666667,0.01631516666666667,0.01631516666666667,0.01631516666666667,0.01631516666666667,0.01631516666666667,0.01631516666666667,0.01631516666666667,0.01631516666666667,0.01631516666666667,0.01631516666666667,0.01631516666666667,0.01631516666666667,0.01631516666666667
"No targets calculated, so the baseline emissions are put in as target pathways for all un/conditional best/worst pathways.
",NIU,baseline_emissions,unconditional,best,KYOTOGHG,IPCM0EL,MtCO2eq,AR4,0.0058255,0.0058371000000000004,0.0058415,0.0058376999999999995,0.005871,0.005935899999999999,0.0060054999999999996,0.0060745,0.0061431,0.006210800000000001,0.0062789,0.006461,0.006603699999999999,0.0067439,0.0068869,0.0070977,0.0082697,0.0097322,0.0064375,0.0066728,0.006655599999999999,0.011729,0.011772,0.011771,0.016831,0.017536000000000003,0.019705,0.020276,0.01631516666666667,0.01631516666666667,0.01631516666666667,0.01631516666666667,0.01631516666666667,0.01631516666666667,0.01631516666666667,0.01631516666666667,0.01631516666666667,0.01631516666666667,0.01631516666666667,0.01631516666666667,0.01631516666666667,0.01631516666666667,0.01631516666666667,0.01631516666666667,0.01631516666666667,0.01631516666666667,0.01631516666666667,0.01631516666666667,0.01631516666666667,0.01631516666666667,0.01631516666666667,0.01631516666666667,0.01631516666666667,0.01631516666666667,0.01631516666666667,0.01631516666666667,0.01631516666666667,0.01631516666666667,0.01631516666666667,0.01631516666666667,0.01631516666666667
,NIU,,emi_bau,emi_bau,KYOTOGHG,IPCM0EL,MtCO2eq,AR4,0.0058255,0.0058371000000000004,0.0058415,0.0058376999999999995,0.005871,0.005935899999999999,0.0060054999999999996,0.0060745,0.0061431,0.006210800000000001,0.0062789,0.006461,0.006603699999999999,0.0067439,0.0068869,0.0070977,0.0082697,0.0097322,0.0064375,0.0066728,0.006655599999999999,0.011729,0.011772,0.011771,0.016831,0.017536000000000003,0.019705,0.020276,0.01631516666666667,0.01631516666666667,0.01631516666666667,0.01631516666666667,0.01631516666666667,0.01631516666666667,0.01631516666666667,0.01631516666666667,0.01631516666666667,0.01631516666666667,0.01631516666666667,0.01631516666666667,0.01631516666666667,0.01631516666666667,0.01631516666666667,0.01631516666666667,0.01631516666666667,0.01631516666666667,0.01631516666666667,0.01631516666666667,0.01631516666666667,0.01631516666666667,0.01631516666666667,0.01631516666666667,0.01631516666666667,0.01631516666666667,0.01631516666666667,0.01631516666666667,0.01631516666666667,0.01631516666666667,0.01631516666666667,0.01631516666666667,0.01631516666666667
,NIU,,emi_cov,emi_cov,KYOTOGHG,IPCM0EL,MtCO2eq,AR4,0.004438090076891,0.0044365221946593,0.004434811375848,0.0044328996723825,0.00443056758687,0.004499886692102399,0.004571461314425499,0.004643036336087,0.004714667526749401,0.004786274596228401,0.0048579247027912,0.005002352616079,0.0051468315857443,0.0052888203350423,0.0054332719758998,0.0055777021281363005,0.0067483370765899,0.0081600465630794,0.0048745744271875,0.0050847672594208,0.005084695304444,0.010146036707248,0.010146382388640001,0.010146562202249,0.015200867257985999,0.015897626565888,0.018058479796910002,0.018621327080212,0.014683631759643668,0.014683631759643668,0.014683631759643668,0.014683631759643668,0.014683631759643668,0.014683631759643668,0.014683631759643668,0.014683631759643668,0.014683631759643668,0.014683631759643668,0.014683631759643668,0.014683631759643668,0.014683631759643668,0.014683631759643668,0.014683631759643668,0.014683631759643668,0.014683631759643668,0.014683631759643668,0.014683631759643668,0.014683631759643668,0.014683631759643668,0.014683631759643668,0.014683631759643668,0.014683631759643668,0.014683631759643668,0.014683631759643668,0.014683631759643668,0.014683631759643668,0.014683631759643668,0.014683631759643668,0.014683631759643668,0.014683631759643668,0.014683631759643668
,NIU,,emi_ncov,emi_ncov,KYOTOGHG,IPCM0EL,MtCO2eq,AR4,0.0013874099231089999,0.0014005778053407004,0.0014066886241520002,0.0014048003276174996,0.0014404324131300002,0.0014360133078976003,0.0014340386855745,0.0014314636639130005,0.0014284324732505994,0.0014245254037716,0.0014209752972088,0.0014586473839209996,0.0014568684142556995,0.0014550796649576998,0.0014536280241001995,0.0015199978718636994,0.0015213629234100993,0.0015721534369205997,0.0015629255728124996,0.0015880327405792005,0.0015709046955559999,0.0015829632927519995,0.0016256176113599993,0.0016244377977509999,0.0016301327420140002,0.0016383734341120016,0.0016465202030899987,0.0016546729197879997,0.0016315349070230001,0.0016315349070230001,0.0016315349070230001,0.0016315349070230001,0.0016315349070230001,0.0016315349070230001,0.0016315349070230001,0.0016315349070230001,0.0016315349070230001,0.0016315349070230001,0.0016315349070230001,0.0016315349070230001,0.0016315349070230001,0.0016315349070230001,0.0016315349070230001,0.0016315349070230001,0.0016315349070230001,0.0016315349070230001,0.0016315349070230001,0.0016315349070230001,0.0016315349070230001,0.0016315349070230001,0.0016315349070230001,0.0016315349070230001,0.0016315349070230001,0.0016315349070230001,0.0016315349070230001,0.0016315349070230001,0.0016315349070230001,0.0016315349070230001,0.0016315349070230001,0.0016315349070230001,0.0016315349070230001
,NIU,,pc_cov,pc_cov,KYOTOGHG,IPCM0EL,MtCO2eq/MtCO2eq,AR4,0.761838482,0.7600558829999999,0.759190512,0.759357225,0.75465297,0.7580799359999999,0.761212441,0.7643487259999999,0.7674736740000001,0.770637373,0.773690408,0.774238139,0.779386039,0.784237657,0.7889285420000001,0.7858464190000001,0.8160316670000001,0.838458577,0.757215445,0.762014036,0.76397249,0.865038512,0.86190812,0.861996619,0.903147006,0.9065708579999999,0.9164415020000001,0.918392537,0.899998882,0.899998882,0.899998882,0.899998882,0.899998882,0.899998882,0.899998882,0.899998882,0.899998882,0.899998882,0.899998882,0.899998882,0.899998882,0.899998882,0.899998882,0.899998882,0.899998882,0.899998882,0.899998882,0.899998882,0.899998882,0.899998882,0.899998882,0.899998882,0.899998882,0.899998882,0.899998882,0.899998882,0.899998882,0.899998882,0.899998882,0.899998882,0.899998882
,NLD,,pop,pop,POP,DEMOGR,Pers,,14965448.0,15064519.0,15165862.0,15268006.0,15369120.0,15467851.0,15563255.0,15655475.0,15745647.0,15835523.0,15926188.0,16018114.0,16110355.0,16200951.0,16287182.0,16367158.0,16440097.0,16506655.0,16568104.0,16626373.0,16682917.0,16738193.0,16791840.0,16843502.0,16892523.0,16938499.0,16981295.0,17021347.0,17069256.9421,17088581.1689,17094310.8327,17093745.5383,17095589.1862,17098771.3821,17102226.8943,17104893.627,17103977.3645,17098395.0841,17089653.5828,17079262.4292,17068735.3895,17052698.2455,17026608.8238,16993233.9688,16955337.7448,16915678.1985,16872941.196,16824963.4921,16773222.6204,16719192.8325,16664344.5613,16607360.3882,16546157.8175,16481059.1716,16412390.158,16340480.0763,16265860.632,16189342.5667,16111677.2142,16033616.8722,15955914.9658
,NLD,,gdp,gdp,GDPPPP,ECO,2011GKD,,384749343750.0,397416281250.0,405898000000.0,411301000000.0,424741000000.0,440927500000.0,458241656250.0,496776093750.0,536198562500.0,574315812500.0,613759812500.0,625174812500.0,630821062500.0,613547437500.0,628255812500.0,669100625000.0,706323750000.0,751750187500.0,786769125000.0,746543125000.0,756888687500.0,775554250000.0,777696875000.0,786979875000.0,770926812500.0,807922875000.0,806946000000.0,844666687500.0,831035009504.6519,843156064618.5889,853842104059.43,863578873000.2556,873151841961.0613,882565598869.6141,891825263216.5482,900936626520.4388,909783428616.2479,918238892447.4214,926293605689.6729,933938142199.2644,941163039471.5222,947983684432.2177,954473276476.9894,960709425285.1372,966770251742.5134,972734292594.7416,978580054599.6748,984243903310.1172,989741101035.5931,995086576719.3604,1000294974858.8772,1005420424236.648,1010495289986.786,1015501203608.718,1020419673962.634,1025232228965.9408,1029943607008.7472,1034499254156.545,1038791824676.1,1042713933275.136,1046158206624.218
"The target value from 'unconditional_best' was used for 'conditional_worst' in 2030.
The target value from 'unconditional_best' was used for 'conditional_best' in 2030.
",NLD,RBY,conditional,worst,KYOTOGHG,IPCM0EL,MtCO2eq,AR4,222.19400000000002,229.8878,230.59099999999998,231.2848,232.1859,232.3614,243.50799999999998,235.1521,235.5974,222.3209,220.5787,221.2765,219.1521,219.8704,221.2945,215.5717,210.4591,209.0034,208.4679,202.6217,214.6019,200.5922,196.53900000000002,196.2416,188.5718,196.8529,196.679,194.55700000000002,191.7723,194.50900000000001,197.0696,191.42670807518255,185.55065225095626,179.46197189822823,173.178374163764,166.71511246918726,160.06510736219735,153.21994490749915,146.1890875193806,138.98007974222278,131.5983875,133.0752882231943,134.53291105442523,135.984821917667,137.4449437348932,138.92743742674352,140.43212449421839,141.9525194736634,143.49379883606872,145.06125805175765,146.66031159038656,148.2885794652933,149.93921921482425,151.61104084564823,153.30267586543462,155.01257728285293,156.74217308990052,158.48319283292642,160.2196311016277,161.9348279893693,163.61194509051657
,NLD,RBY,conditional,best,KYOTOGHG,IPCM0EL,MtCO2eq,AR4,222.19400000000002,229.8878,230.59099999999998,231.2848,232.1859,232.3614,243.50799999999998,235.1521,235.5974,222.3209,220.5787,221.2765,219.1521,219.8704,221.2945,215.5717,210.4591,209.0034,208.4679,202.6217,214.6019,200.5922,196.53900000000002,196.2416,188.5718,196.8529,196.679,194.55700000000002,191.7723,194.50900000000001,197.0696,191.42670807518255,185.55065225095626,179.46197189822823,173.178374163764,166.71511246918726,160.06510736219735,153.21994490749915,146.1890875193806,138.98007974222278,131.5983875,133.0752882231943,134.53291105442523,135.984821917667,137.4449437348932,138.92743742674352,140.43212449421839,141.9525194736634,143.49379883606872,145.06125805175765,146.66031159038656,148.2885794652933,149.93921921482425,151.61104084564823,153.30267586543462,155.01257728285293,156.74217308990052,158.48319283292642,160.2196311016277,161.9348279893693,163.61194509051657
"The target value from 'unconditional_best' was used for 'unconditional_worst' in 2030.
",NLD,RBY,unconditional,worst,KYOTOGHG,IPCM0EL,MtCO2eq,AR4,222.19400000000002,229.8878,230.59099999999998,231.2848,232.1859,232.3614,243.50799999999998,235.1521,235.5974,222.3209,220.5787,221.2765,219.1521,219.8704,221.2945,215.5717,210.4591,209.0034,208.4679,202.6217,214.6019,200.5922,196.53900000000002,196.2416,188.5718,196.8529,196.679,194.55700000000002,191.7723,194.50900000000001,197.0696,191.42670807518255,185.55065225095626,179.46197189822823,173.178374163764,166.71511246918726,160.06510736219735,153.21994490749915,146.1890875193806,138.98007974222278,131.5983875,133.0752882231943,134.53291105442523,135.984821917667,137.4449437348932,138.92743742674352,140.43212449421839,141.9525194736634,143.49379883606872,145.06125805175765,146.66031159038656,148.2885794652933,149.93921921482425,151.61104084564823,153.30267586543462,155.01257728285293,156.74217308990052,158.48319283292642,160.2196311016277,161.9348279893693,163.61194509051657
,NLD,RBY,unconditional,best,KYOTOGHG,IPCM0EL,MtCO2eq,AR4,222.19400000000002,229.8878,230.59099999999998,231.2848,232.1859,232.3614,243.50799999999998,235.1521,235.5974,222.3209,220.5787,221.2765,219.1521,219.8704,221.2945,215.5717,210.4591,209.0034,208.4679,202.6217,214.6019,200.5922,196.53900000000002,196.2416,188.5718,196.8529,196.679,194.55700000000002,191.7723,194.50900000000001,197.0696,191.42670807518255,185.55065225095626,179.46197189822823,173.178374163764,166.71511246918726,160.06510736219735,153.21994490749915,146.1890875193806,138.98007974222278,131.5983875,133.0752882231943,134.53291105442523,135.984821917667,137.4449437348932,138.92743742674352,140.43212449421839,141.9525194736634,143.49379883606872,145.06125805175765,146.66031159038656,148.2885794652933,149.93921921482425,151.61104084564823,153.30267586543462,155.01257728285293,156.74217308990052,158.48319283292642,160.2196311016277,161.9348279893693,163.61194509051657
"No targets calculated, so the baseline emissions are put in as target pathways for all un/conditional best/worst pathways.
",NLD,baseline_emissions,conditional,worst,KYOTOGHG,IPCM0EL,MtCO2eq,AR4,222.19400000000002,229.8878,230.59099999999998,231.2848,232.1859,232.3614,243.50799999999998,235.1521,235.5974,222.3209,220.5787,221.2765,219.1521,219.8704,221.2945,215.5717,210.4591,209.0034,208.4679,202.6217,214.6019,200.5922,196.53900000000002,196.2416,188.5718,196.8529,196.679,194.55700000000002,191.7723,194.50900000000001,197.0696,199.5068,201.9051,204.2825,206.6571,209.0476,211.4472,213.8457,216.2569,218.6951,221.175,223.6572,226.107,228.5472,231.0012,233.4928,236.0217,238.577,241.1674,243.8018,246.4893,249.2259,252.0001,254.8099,257.653,260.5268,263.4337,266.3598,269.2782,272.1609,274.9796
"No targets calculated, so the baseline emissions are put in as target pathways for all un/conditional best/worst pathways.
",NLD,baseline_emissions,conditional,best,KYOTOGHG,IPCM0EL,MtCO2eq,AR4,222.19400000000002,229.8878,230.59099999999998,231.2848,232.1859,232.3614,243.50799999999998,235.1521,235.5974,222.3209,220.5787,221.2765,219.1521,219.8704,221.2945,215.5717,210.4591,209.0034,208.4679,202.6217,214.6019,200.5922,196.53900000000002,196.2416,188.5718,196.8529,196.679,194.55700000000002,191.7723,194.50900000000001,197.0696,199.5068,201.9051,204.2825,206.6571,209.0476,211.4472,213.8457,216.2569,218.6951,221.175,223.6572,226.107,228.5472,231.0012,233.4928,236.0217,238.577,241.1674,243.8018,246.4893,249.2259,252.0001,254.8099,257.653,260.5268,263.4337,266.3598,269.2782,272.1609,274.9796
"No targets calculated, so the baseline emissions are put in as target pathways for all un/conditional best/worst pathways.
",NLD,baseline_emissions,unconditional,worst,KYOTOGHG,IPCM0EL,MtCO2eq,AR4,222.19400000000002,229.8878,230.59099999999998,231.2848,232.1859,232.3614,243.50799999999998,235.1521,235.5974,222.3209,220.5787,221.2765,219.1521,219.8704,221.2945,215.5717,210.4591,209.0034,208.4679,202.6217,214.6019,200.5922,196.53900000000002,196.2416,188.5718,196.8529,196.679,194.55700000000002,191.7723,194.50900000000001,197.0696,199.5068,201.9051,204.2825,206.6571,209.0476,211.4472,213.8457,216.2569,218.6951,221.175,223.6572,226.107,228.5472,231.0012,233.4928,236.0217,238.577,241.1674,243.8018,246.4893,249.2259,252.0001,254.8099,257.653,260.5268,263.4337,266.3598,269.2782,272.1609,274.9796
"No targets calculated, so the baseline emissions are put in as target pathways for all un/conditional best/worst pathways.
",NLD,baseline_emissions,unconditional,best,KYOTOGHG,IPCM0EL,MtCO2eq,AR4,222.19400000000002,229.8878,230.59099999999998,231.2848,232.1859,232.3614,243.50799999999998,235.1521,235.5974,222.3209,220.5787,221.2765,219.1521,219.8704,221.2945,215.5717,210.4591,209.0034,208.4679,202.6217,214.6019,200.5922,196.53900000000002,196.2416,188.5718,196.8529,196.679,194.55700000000002,191.7723,194.50900000000001,197.0696,199.5068,201.9051,204.2825,206.6571,209.0476,211.4472,213.8457,216.2569,218.6951,221.175,223.6572,226.107,228.5472,231.0012,233.4928,236.0217,238.577,241.1674,243.8018,246.4893,249.2259,252.0001,254.8099,257.653,260.5268,263.4337,266.3598,269.2782,272.1609,274.9796
,NLD,,emi_bau,emi_bau,KYOTOGHG,IPCM0EL,MtCO2eq,AR4,222.19400000000002,229.8878,230.59099999999998,231.2848,232.1859,232.3614,243.50799999999998,235.1521,235.5974,222.3209,220.5787,221.2765,219.1521,219.8704,221.2945,215.5717,210.4591,209.0034,208.4679,202.6217,214.6019,200.5922,196.53900000000002,196.2416,188.5718,196.8529,196.679,194.55700000000002,191.7723,194.50900000000001,197.0696,199.5068,201.9051,204.2825,206.6571,209.0476,211.4472,213.8457,216.2569,218.6951,221.175,223.6572,226.107,228.5472,231.0012,233.4928,236.0217,238.577,241.1674,243.8018,246.4893,249.2259,252.0001,254.8099,257.653,260.5268,263.4337,266.3598,269.2782,272.1609,274.9796
,NLD,,emi_cov,emi_cov,KYOTOGHG,IPCM0EL,MtCO2eq,AR4,222.19400000000002,229.8878,230.59099999999998,231.2848,232.1859,232.3614,243.50799999999998,235.1521,235.5974,222.3209,220.5787,221.2765,219.1521,219.8704,221.2945,215.5717,210.4591,209.0034,208.4679,202.6217,214.6019,200.5922,196.53900000000002,196.2416,188.5718,196.8529,196.679,194.55700000000002,191.7723,194.50900000000001,197.0696,199.5068,201.9051,204.2825,206.6571,209.0476,211.4472,213.8457,216.2569,218.6951,221.175,223.6572,226.107,228.5472,231.0012,233.4928,236.0217,238.577,241.1674,243.8018,246.4893,249.2259,252.0001,254.8099,257.653,260.5268,263.4337,266.3598,269.2782,272.1609,274.9796
,NLD,,emi_ncov,emi_ncov,KYOTOGHG,IPCM0EL,MtCO2eq,AR4,0.0,0.0,0.0,0.0,0.0,0.0,0.0,0.0,0.0,0.0,0.0,0.0,0.0,0.0,0.0,0.0,0.0,0.0,0.0,0.0,0.0,0.0,0.0,0.0,0.0,0.0,0.0,0.0,0.0,0.0,0.0,0.0,0.0,0.0,0.0,0.0,0.0,0.0,0.0,0.0,0.0,0.0,0.0,0.0,0.0,0.0,0.0,0.0,0.0,0.0,0.0,0.0,0.0,0.0,0.0,0.0,0.0,0.0,0.0,0.0,0.0
,NLD,,pc_cov,pc_cov,KYOTOGHG,IPCM0EL,MtCO2eq/MtCO2eq,AR4,1.0,1.0,1.0,1.0,1.0,1.0,1.0,1.0,1.0,1.0,1.0,1.0,1.0,1.0,1.0,1.0,1.0,1.0,1.0,1.0,1.0,1.0,1.0,1.0,1.0,1.0,1.0,1.0,1.0,1.0,1.0,1.0,1.0,1.0,1.0,1.0,1.0,1.0,1.0,1.0,1.0,1.0,1.0,1.0,1.0,1.0,1.0,1.0,1.0,1.0,1.0,1.0,1.0,1.0,1.0,1.0,1.0,1.0,1.0,1.0,1.0
,NOR,,pop,pop,POP,DEMOGR,Pers,,4247285.0,4269471.0,4292683.0,4316788.0,4341615.0,4366995.0,4393209.0,4420262.0,4447486.0,4474004.0,4499367.0,4523145.0,4546019.0,4570106.0,4598214.0,4632364.0,4672994.0,4719402.0,4771019.0,4826848.0,4885878.0,4948330.0,5013709.0,5079455.0,5142265.0,5199836.0,5250949.0,5296326.0,5345978.1522,5377920.8621,5405976.7755,5431765.8543,5457227.2655,5482291.8079,5506889.171,5530947.9183,5554634.9694,5577965.2586,5600636.9606,5622345.9714,5642785.749,5661323.7038,5677688.2677,5692117.3,5704854.845,5716150.9625,5726456.0586,5735993.6384,5744679.6785,5752432.5628,5759172.8144,5765561.2318,5771752.7783,5776908.6905,5780187.7602,5780746.902000002,5779859.3603,5779333.1718,5779126.6873,5779198.0738,5779505.1112
,NOR,,gdp,gdp,GDPPPP,ECO,2011GKD,,111596593750.0,114183703125.0,115665523437.5,119684468750.0,123807539062.5,129516742187.5,140409921875.0,152870437500.0,154110593750.0,164904125000.0,189898906250.0,189107140625.0,185812562500.0,187522359375.0,205985406250.0,233959984375.0,258819906250.0,269662593750.0,292789375000.0,268242781250.0,282621843750.0,299622218750.0,316197156250.0,321188781250.0,315932812500.0,297006062500.0,286726750000.0,300893875000.0,315689748771.8223,321262735552.93896,326010889366.0106,330063744668.7502,333786211513.1613,337360506471.16,340968304619.5221,344791440206.8172,348802962768.7423,352818370397.64795,356783572431.5466,360644416076.21,364346705206.1861,368042308136.9044,371785305809.8978,375374768656.1705,378609701498.67,381289184029.8538,383601787152.824,385764066156.6879,387617437959.4459,389003576821.7982,389764455818.5505,390042358001.7808,390158875549.2824,390224244263.0831,390347533799.3668,390636904117.133,391038158048.7925,391439036925.1854,391860372319.6289,392323190207.6127,392848649694.6899
"The target value from 'unconditional_best' was used for 'conditional_worst' in 2030.
The target value from 'unconditional_best' was used for 'conditional_best' in 2030.
",NOR,ABS,conditional,worst,KYOTOGHG,IPCM0EL,MtCO2eq,AR4,52.2056,49.8422,48.2301,50.037,51.9385,52.2251,55.222,55.1926,55.4668,56.3594,55.7763,57.0945,56.0499,56.7107,57.2595,56.3183,56.2767,57.9662,56.4632,54.0041,56.3494,55.5737,55.085,54.9713,55.0715,55.3951,54.5829,53.6864,57.9957,59.2481,60.3865,57.30418635366999,54.0290805633771,50.60478720660262,47.064730583030446,43.43245317202739,39.69805409548086,35.834956010399075,31.83514246323809,27.691962964863652,23.4,23.793346341573454,24.195105273694686,24.592806368022288,24.973616300151978,25.324371840167828,25.657576406962413,25.9878118241519,26.304818030323105,26.597939077448842,26.85618911199023,27.086694092999515,27.308984426768024,27.530878873922518,27.760328157294435,28.00541496191988,28.262675279926235,28.524191379033233,28.791645777350436,29.066819964640892,29.35146244011651
,NOR,ABS,conditional,best,KYOTOGHG,IPCM0EL,MtCO2eq,AR4,52.2056,49.8422,48.2301,50.037,51.9385,52.2251,55.222,55.1926,55.4668,56.3594,55.7763,57.0945,56.0499,56.7107,57.2595,56.3183,56.2767,57.9662,56.4632,54.0041,56.3494,55.5737,55.085,54.9713,55.0715,55.3951,54.5829,53.6864,57.9957,59.2481,60.3865,57.30418635366999,54.0290805633771,50.60478720660262,47.064730583030446,43.43245317202739,39.69805409548086,35.834956010399075,31.83514246323809,27.691962964863652,23.4,23.793346341573454,24.195105273694686,24.592806368022288,24.973616300151978,25.324371840167828,25.657576406962413,25.9878118241519,26.304818030323105,26.597939077448842,26.85618911199023,27.086694092999515,27.308984426768024,27.530878873922518,27.760328157294435,28.00541496191988,28.262675279926235,28.524191379033233,28.791645777350436,29.066819964640892,29.35146244011651
,NOR,ABS,unconditional,worst,KYOTOGHG,IPCM0EL,MtCO2eq,AR4,52.2056,49.8422,48.2301,50.037,51.9385,52.2251,55.222,55.1926,55.4668,56.3594,55.7763,57.0945,56.0499,56.7107,57.2595,56.3183,56.2767,57.9662,56.4632,54.0041,56.3494,55.5737,55.085,54.9713,55.0715,55.3951,54.5829,53.6864,57.9957,59.2481,60.3865,57.52932817074443,54.486480625974565,51.30129911844735,48.00751842558939,44.62958130225265,41.15823788386761,37.566811122665634,33.847460514708985,29.993647738737387,26.0,26.437051490637167,26.883450304105207,27.32534040891365,27.74846255572442,28.13819093351981,28.508418229958234,28.87534647127989,29.227575589247895,29.553265641609823,29.84021012443359,30.09632676999946,30.343316029742248,30.589865415469465,30.84480906366048,31.117127735466532,31.402972533251372,31.69354597670359,31.99071753038937,32.29646662737877,32.6127360445739
,NOR,ABS,unconditional,best,KYOTOGHG,IPCM0EL,MtCO2eq,AR4,52.2056,49.8422,48.2301,50.037,51.9385,52.2251,55.222,55.1926,55.4668,56.3594,55.7763,57.0945,56.0499,56.7107,57.2595,56.3183,56.2767,57.9662,56.4632,54.0041,56.3494,55.5737,55.085,54.9713,55.0715,55.3951,54.5829,53.6864,57.9957,59.2481,60.3865,57.30418635366999,54.0290805633771,50.60478720660262,47.064730583030446,43.43245317202739,39.69805409548086,35.834956010399075,31.83514246323809,27.691962964863652,23.4,23.793346341573454,24.195105273694686,24.592806368022288,24.973616300151978,25.324371840167828,25.657576406962413,25.9878118241519,26.304818030323105,26.597939077448842,26.85618911199023,27.086694092999515,27.308984426768024,27.530878873922518,27.760328157294435,28.00541496191988,28.262675279926235,28.524191379033233,28.791645777350436,29.066819964640892,29.35146244011651
"The target value from 'unconditional_best' was used for 'conditional_worst' in 2030.
The target value from 'unconditional_best' was used for 'conditional_best' in 2030.
",NOR,RBY,conditional,worst,KYOTOGHG,IPCM0EL,MtCO2eq,AR4,52.2056,49.8422,48.2301,50.037,51.9385,52.2251,55.222,55.1926,55.4668,56.3594,55.7763,57.0945,56.0499,56.7107,57.2595,56.3183,56.2767,57.9662,56.4632,54.0041,56.3494,55.5737,55.085,54.9713,55.0715,55.3951,54.5829,53.6864,57.9957,59.2481,60.3865,57.312197938637574,54.04535696868153,50.62957231509642,47.0982793257972,43.47505251610756,39.750014173981455,35.89658340847096,31.906750027131196,27.773867532278572,23.492519999999995,23.887421572493206,24.290768997622983,24.69004254089277,25.07235813690796,25.42450051036664,25.75902251675609,26.0905636339797,26.408823233919918,26.703103236570442,26.962374352017633,27.193790714259524,27.41695994980924,27.639731733470178,27.870088224008654,28.11614406415393,28.374421549879166,28.63697164340879,28.90548351527011,29.181745698962622,29.46751360699512
,NOR,RBY,conditional,best,KYOTOGHG,IPCM0EL,MtCO2eq,AR4,52.2056,49.8422,48.2301,50.037,51.9385,52.2251,55.222,55.1926,55.4668,56.3594,55.7763,57.0945,56.0499,56.7107,57.2595,56.3183,56.2767,57.9662,56.4632,54.0041,56.3494,55.5737,55.085,54.9713,55.0715,55.3951,54.5829,53.6864,57.9957,59.2481,60.3865,57.312197938637574,54.04535696868153,50.62957231509642,47.0982793257972,43.47505251610756,39.750014173981455,35.89658340847096,31.906750027131196,27.773867532278572,23.492519999999995,23.887421572493206,24.290768997622983,24.69004254089277,25.07235813690796,25.42450051036664,25.75902251675609,26.0905636339797,26.408823233919918,26.703103236570442,26.962374352017633,27.193790714259524,27.41695994980924,27.639731733470178,27.870088224008654,28.11614406415393,28.374421549879166,28.63697164340879,28.90548351527011,29.181745698962622,29.46751360699512
,NOR,RBY,unconditional,worst,KYOTOGHG,IPCM0EL,MtCO2eq,AR4,52.2056,49.8422,48.2301,50.037,51.9385,52.2251,55.222,55.1926,55.4668,56.3594,55.7763,57.0945,56.0499,56.7107,57.2595,56.3183,56.2767,57.9662,56.4632,54.0041,56.3494,55.5737,55.085,54.9713,55.0715,55.3951,54.5829,53.6864,57.9957,59.2481,60.3865,57.53822993181952,54.50456552075726,51.328838127884914,48.04479480644134,44.67691390678618,41.21597130442384,37.635286009412184,33.927024474590226,30.08465281364286,26.102800000000002,26.541579524992457,26.98974333069221,27.433380600991974,27.858175707675517,28.249445011518496,28.621136129728995,28.989515148866335,29.343136926577692,29.6701147073005,29.958193724464042,30.21532301584392,30.463288833121386,30.71081303718909,30.966764693342956,31.240160071282148,31.527135055421304,31.81885738156533,32.11720390585568,32.424161887736254,32.74168178555014
,NOR,RBY,unconditional,best,KYOTOGHG,IPCM0EL,MtCO2eq,AR4,52.2056,49.8422,48.2301,50.037,51.9385,52.2251,55.222,55.1926,55.4668,56.3594,55.7763,57.0945,56.0499,56.7107,57.2595,56.3183,56.2767,57.9662,56.4632,54.0041,56.3494,55.5737,55.085,54.9713,55.0715,55.3951,54.5829,53.6864,57.9957,59.2481,60.3865,57.312197938637574,54.04535696868153,50.62957231509642,47.0982793257972,43.47505251610756,39.750014173981455,35.89658340847096,31.906750027131196,27.773867532278572,23.492519999999995,23.887421572493206,24.290768997622983,24.69004254089277,25.07235813690796,25.42450051036664,25.75902251675609,26.0905636339797,26.408823233919918,26.703103236570442,26.962374352017633,27.193790714259524,27.41695994980924,27.639731733470178,27.870088224008654,28.11614406415393,28.374421549879166,28.63697164340879,28.90548351527011,29.181745698962622,29.46751360699512
"No targets calculated, so the baseline emissions are put in as target pathways for all un/conditional best/worst pathways.
",NOR,baseline_emissions,conditional,worst,KYOTOGHG,IPCM0EL,MtCO2eq,AR4,52.2056,49.8422,48.2301,50.037,51.9385,52.2251,55.222,55.1926,55.4668,56.3594,55.7763,57.0945,56.0499,56.7107,57.2595,56.3183,56.2767,57.9662,56.4632,54.0041,56.3494,55.5737,55.085,54.9713,55.0715,55.3951,54.5829,53.6864,57.9957,59.2481,60.3865,61.4199,62.3906,63.3374,64.2994,65.3166,66.391,67.4942,68.6214,69.768,70.9294,72.1217,73.3395,74.545,75.6993,76.7625,77.7725,78.7735,79.7344,80.6229,81.4057,82.1044,82.7782,83.4508,84.1463,84.8892,85.669,86.4617,87.2724,88.1065,88.9693
"No targets calculated, so the baseline emissions are put in as target pathways for all un/conditional best/worst pathways.
",NOR,baseline_emissions,conditional,best,KYOTOGHG,IPCM0EL,MtCO2eq,AR4,52.2056,49.8422,48.2301,50.037,51.9385,52.2251,55.222,55.1926,55.4668,56.3594,55.7763,57.0945,56.0499,56.7107,57.2595,56.3183,56.2767,57.9662,56.4632,54.0041,56.3494,55.5737,55.085,54.9713,55.0715,55.3951,54.5829,53.6864,57.9957,59.2481,60.3865,61.4199,62.3906,63.3374,64.2994,65.3166,66.391,67.4942,68.6214,69.768,70.9294,72.1217,73.3395,74.545,75.6993,76.7625,77.7725,78.7735,79.7344,80.6229,81.4057,82.1044,82.7782,83.4508,84.1463,84.8892,85.669,86.4617,87.2724,88.1065,88.9693
"No targets calculated, so the baseline emissions are put in as target pathways for all un/conditional best/worst pathways.
",NOR,baseline_emissions,unconditional,worst,KYOTOGHG,IPCM0EL,MtCO2eq,AR4,52.2056,49.8422,48.2301,50.037,51.9385,52.2251,55.222,55.1926,55.4668,56.3594,55.7763,57.0945,56.0499,56.7107,57.2595,56.3183,56.2767,57.9662,56.4632,54.0041,56.3494,55.5737,55.085,54.9713,55.0715,55.3951,54.5829,53.6864,57.9957,59.2481,60.3865,61.4199,62.3906,63.3374,64.2994,65.3166,66.391,67.4942,68.6214,69.768,70.9294,72.1217,73.3395,74.545,75.6993,76.7625,77.7725,78.7735,79.7344,80.6229,81.4057,82.1044,82.7782,83.4508,84.1463,84.8892,85.669,86.4617,87.2724,88.1065,88.9693
"No targets calculated, so the baseline emissions are put in as target pathways for all un/conditional best/worst pathways.
",NOR,baseline_emissions,unconditional,best,KYOTOGHG,IPCM0EL,MtCO2eq,AR4,52.2056,49.8422,48.2301,50.037,51.9385,52.2251,55.222,55.1926,55.4668,56.3594,55.7763,57.0945,56.0499,56.7107,57.2595,56.3183,56.2767,57.9662,56.4632,54.0041,56.3494,55.5737,55.085,54.9713,55.0715,55.3951,54.5829,53.6864,57.9957,59.2481,60.3865,61.4199,62.3906,63.3374,64.2994,65.3166,66.391,67.4942,68.6214,69.768,70.9294,72.1217,73.3395,74.545,75.6993,76.7625,77.7725,78.7735,79.7344,80.6229,81.4057,82.1044,82.7782,83.4508,84.1463,84.8892,85.669,86.4617,87.2724,88.1065,88.9693
,NOR,,emi_bau,emi_bau,KYOTOGHG,IPCM0EL,MtCO2eq,AR4,52.2056,49.8422,48.2301,50.037,51.9385,52.2251,55.222,55.1926,55.4668,56.3594,55.7763,57.0945,56.0499,56.7107,57.2595,56.3183,56.2767,57.9662,56.4632,54.0041,56.3494,55.5737,55.085,54.9713,55.0715,55.3951,54.5829,53.6864,57.9957,59.2481,60.3865,61.4199,62.3906,63.3374,64.2994,65.3166,66.391,67.4942,68.6214,69.768,70.9294,72.1217,73.3395,74.545,75.6993,76.7625,77.7725,78.7735,79.7344,80.6229,81.4057,82.1044,82.7782,83.4508,84.1463,84.8892,85.669,86.4617,87.2724,88.1065,88.9693
,NOR,,emi_cov,emi_cov,KYOTOGHG,IPCM0EL,MtCO2eq,AR4,52.2056,49.8422,48.2301,50.037,51.9385,52.2251,55.222,55.1926,55.4668,56.3594,55.7763,57.0945,56.0499,56.7107,57.2595,56.3183,56.2767,57.9662,56.4632,54.0041,56.3494,55.5737,55.085,54.9713,55.0715,55.3951,54.5829,53.6864,57.9957,59.2481,60.3865,61.4199,62.3906,63.3374,64.2994,65.3166,66.391,67.4942,68.6214,69.768,70.9294,72.1217,73.3395,74.545,75.6993,76.7625,77.7725,78.7735,79.7344,80.6229,81.4057,82.1044,82.7782,83.4508,84.1463,84.8892,85.669,86.4617,87.2724,88.1065,88.9693
,NOR,,emi_ncov,emi_ncov,KYOTOGHG,IPCM0EL,MtCO2eq,AR4,0.0,0.0,0.0,0.0,0.0,0.0,0.0,0.0,0.0,0.0,0.0,0.0,0.0,0.0,0.0,0.0,0.0,0.0,0.0,0.0,0.0,0.0,0.0,0.0,0.0,0.0,0.0,0.0,0.0,0.0,0.0,0.0,0.0,0.0,0.0,0.0,0.0,0.0,0.0,0.0,0.0,0.0,0.0,0.0,0.0,0.0,0.0,0.0,0.0,0.0,0.0,0.0,0.0,0.0,0.0,0.0,0.0,0.0,0.0,0.0,0.0
,NOR,,pc_cov,pc_cov,KYOTOGHG,IPCM0EL,MtCO2eq/MtCO2eq,AR4,1.0,1.0,1.0,1.0,1.0,1.0,1.0,1.0,1.0,1.0,1.0,1.0,1.0,1.0,1.0,1.0,1.0,1.0,1.0,1.0,1.0,1.0,1.0,1.0,1.0,1.0,1.0,1.0,1.0,1.0,1.0,1.0,1.0,1.0,1.0,1.0,1.0,1.0,1.0,1.0,1.0,1.0,1.0,1.0,1.0,1.0,1.0,1.0,1.0,1.0,1.0,1.0,1.0,1.0,1.0,1.0,1.0,1.0,1.0,1.0,1.0
,NPL,,pop,pop,POP,DEMOGR,Pers,,18905478.0,19405504.0,19938320.0,20489975.0,21040904.0,21576071.0,22090352.0,22584775.0,23057883.0,23509964.0,23941110.0,24347106.0,24725627.0,25080872.0,25419344.0,25744500.0,26066693.0,26382581.0,26666576.0,26883535.0,27013212.0,27041220.0,26989163.0,26916793.0,26905978.0,27015031.0,27263433.0,27632681.0,27948584.1335,28535675.1766,29125717.2899,29721035.2096,30325747.4182,30938305.8407,31557226.3957,32181089.511,32806550.6978,33430080.412,34050038.846999995,34664797.6131,35272739.5159,35877795.7487,36485053.8269,37094555.758,37706230.1333,38319889.7737,38937591.8623,39561043.0055,40189403.6051,40821780.8435,41457227.1607,42098203.808,42746133.4415,43398447.7201,44052548.9775,44705809.7362,45359105.8094,46013190.3326,46665255.2392,47312527.6117,47952270.0641
,NPL,,gdp,gdp,GDPPPP,ECO,2011GKD,,18559765625.0,20028025390.625,20542548828.125,22270193359.375,25189898437.5,26172761718.75,28208464843.75,28024634765.625,28119468750.0,28722330078.125,29678873046.875,31443320312.5,30848320312.5,31053128906.25,32037775390.625,33025238281.25,34407609375.0,36455453125.0,40152445312.5,43373730468.75,48814632812.5,52679703125.0,55714250000.0,57103390625.0,60927007812.5,63174414062.5,64078187500.0,69648968750.0,72672173146.7221,75691667794.8621,78844870859.9174,82226884886.5551,85889761300.7893,89823107519.2257,94017598581.0848,98466009827.7738,103096554696.2632,107812180973.4182,112569464351.421,117324331555.8522,122032075337.516,126708011534.4694,131419404547.642,136198173748.6082,141074993677.0529,146079038815.3095,151206976149.2885,156448991996.6681,161824080194.5456,167352497032.5604,173055943161.6911,178915844294.0874,184917882119.9923,191093257982.7828,197475938344.6225,204103024128.2824,210942698902.515,217952277725.5722,225157245809.4924,232586015415.0652,240270238825.2905
"No targets calculated, so the baseline emissions are put in as target pathways for all un/conditional best/worst pathways.
",NPL,baseline_emissions,conditional,worst,KYOTOGHG,IPCM0EL,MtCO2eq,AR4,23.1717,23.5644,23.6734,24.4812,25.1787,26.5319,27.4249,28.0509,27.9041,29.054000000000002,29.2073,29.6002,29.1728,29.6966,29.9382,30.6586,30.5584,30.7875,32.4089,34.0178,35.0786,36.1782,36.961,38.0657,39.876999999999995,39.7336,40.9428,41.9243,42.05,42.3394,42.7903,43.3815,44.0777,44.8886,45.8222,46.8859,48.0551,49.2963,50.6051,51.9776,53.4106,54.8867,56.3979,57.955,59.5684,61.2477,62.99,64.7899,66.6535,68.5873,70.5987,72.6778,74.8173,77.0289,79.3257,81.7214,84.1999,86.7412,89.3548,92.051,94.8412
"No targets calculated, so the baseline emissions are put in as target pathways for all un/conditional best/worst pathways.
",NPL,baseline_emissions,conditional,best,KYOTOGHG,IPCM0EL,MtCO2eq,AR4,23.1717,23.5644,23.6734,24.4812,25.1787,26.5319,27.4249,28.0509,27.9041,29.054000000000002,29.2073,29.6002,29.1728,29.6966,29.9382,30.6586,30.5584,30.7875,32.4089,34.0178,35.0786,36.1782,36.961,38.0657,39.876999999999995,39.7336,40.9428,41.9243,42.05,42.3394,42.7903,43.3815,44.0777,44.8886,45.8222,46.8859,48.0551,49.2963,50.6051,51.9776,53.4106,54.8867,56.3979,57.955,59.5684,61.2477,62.99,64.7899,66.6535,68.5873,70.5987,72.6778,74.8173,77.0289,79.3257,81.7214,84.1999,86.7412,89.3548,92.051,94.8412
"No targets calculated, so the baseline emissions are put in as target pathways for all un/conditional best/worst pathways.
",NPL,baseline_emissions,unconditional,worst,KYOTOGHG,IPCM0EL,MtCO2eq,AR4,23.1717,23.5644,23.6734,24.4812,25.1787,26.5319,27.4249,28.0509,27.9041,29.054000000000002,29.2073,29.6002,29.1728,29.6966,29.9382,30.6586,30.5584,30.7875,32.4089,34.0178,35.0786,36.1782,36.961,38.0657,39.876999999999995,39.7336,40.9428,41.9243,42.05,42.3394,42.7903,43.3815,44.0777,44.8886,45.8222,46.8859,48.0551,49.2963,50.6051,51.9776,53.4106,54.8867,56.3979,57.955,59.5684,61.2477,62.99,64.7899,66.6535,68.5873,70.5987,72.6778,74.8173,77.0289,79.3257,81.7214,84.1999,86.7412,89.3548,92.051,94.8412
"No targets calculated, so the baseline emissions are put in as target pathways for all un/conditional best/worst pathways.
",NPL,baseline_emissions,unconditional,best,KYOTOGHG,IPCM0EL,MtCO2eq,AR4,23.1717,23.5644,23.6734,24.4812,25.1787,26.5319,27.4249,28.0509,27.9041,29.054000000000002,29.2073,29.6002,29.1728,29.6966,29.9382,30.6586,30.5584,30.7875,32.4089,34.0178,35.0786,36.1782,36.961,38.0657,39.876999999999995,39.7336,40.9428,41.9243,42.05,42.3394,42.7903,43.3815,44.0777,44.8886,45.8222,46.8859,48.0551,49.2963,50.6051,51.9776,53.4106,54.8867,56.3979,57.955,59.5684,61.2477,62.99,64.7899,66.6535,68.5873,70.5987,72.6778,74.8173,77.0289,79.3257,81.7214,84.1999,86.7412,89.3548,92.051,94.8412
,NPL,,emi_bau,emi_bau,KYOTOGHG,IPCM0EL,MtCO2eq,AR4,23.1717,23.5644,23.6734,24.4812,25.1787,26.5319,27.4249,28.0509,27.9041,29.054000000000002,29.2073,29.6002,29.1728,29.6966,29.9382,30.6586,30.5584,30.7875,32.4089,34.0178,35.0786,36.1782,36.961,38.0657,39.876999999999995,39.7336,40.9428,41.9243,42.05,42.3394,42.7903,43.3815,44.0777,44.8886,45.8222,46.8859,48.0551,49.2963,50.6051,51.9776,53.4106,54.8867,56.3979,57.955,59.5684,61.2477,62.99,64.7899,66.6535,68.5873,70.5987,72.6778,74.8173,77.0289,79.3257,81.7214,84.1999,86.7412,89.3548,92.051,94.8412
,NPL,,emi_cov,emi_cov,KYOTOGHG,IPCM0EL,MtCO2eq,AR4,23.1717,23.5644,23.6734,24.4812,25.1787,26.5319,27.4249,28.0509,27.9041,29.054000000000002,29.2073,29.6002,29.1728,29.6966,29.9382,30.6586,30.5584,30.7875,32.4089,34.0178,35.0786,36.1782,36.961,38.0657,39.876999999999995,39.7336,40.9428,41.9243,42.05,42.339299994337196,42.7903,43.3815,44.0777,44.8886,45.8221000159596,46.8859,48.0551,49.2963,50.6051,51.9776,53.4106,54.8867,56.3979,57.955,59.56829998465639,61.2477,62.99,64.7899,66.65340001975,68.5873,70.5987,72.6778,74.8171999692699,77.0289,79.3257,81.7214,84.1999,86.7412,89.3548,92.051,94.8412
,NPL,,emi_ncov,emi_ncov,KYOTOGHG,IPCM0EL,MtCO2eq,AR4,0.0,0.0,0.0,0.0,0.0,0.0,0.0,0.0,0.0,0.0,0.0,0.0,0.0,0.0,0.0,0.0,0.0,0.0,0.0,0.0,0.0,0.0,0.0,0.0,0.0,0.0,0.0,0.0,0.0,0.00010000566280141853,0.0,0.0,0.0,0.0,9.998404040078932e-05,0.0,0.0,0.0,0.0,0.0,0.0,0.0,0.0,0.0,0.00010001534360191706,0.0,0.0,0.0,9.998024999917498e-05,0.0,0.0,0.0,0.00010003073010341637,0.0,0.0,0.0,0.0,0.0,0.0,0.0,0.0
,NPL,,pc_cov,pc_cov,KYOTOGHG,IPCM0EL,MtCO2eq/MtCO2eq,AR4,1.0,1.0,1.0,1.0,1.0,1.0,1.0,1.0,1.0,1.0,1.0,1.0,1.0,1.0,1.0,1.0,1.0,1.0,1.0,1.0,1.0,1.0,1.0,1.0,1.0,1.0,1.0,1.0,1.0,0.999997638,1.0,1.0,1.0,1.0,0.999997818,1.0,1.0,1.0,1.0,1.0,1.0,1.0,1.0,1.0,0.999998321,1.0,1.0,1.0,0.9999985,1.0,1.0,1.0,0.999998663,1.0,1.0,1.0,1.0,1.0,1.0,1.0,1.0
,NRU,,pop,pop,POP,DEMOGR,Pers,,9505.0,9764.0,10030.0,10287.0,10498.0,10628.0,10672.0,10647.0,10565.0,10449.0,10337.0,10215.0,10102.0,9994.0,9902.0,9849.0,9828.0,9842.0,9891.0,9939.0,10005.0,10070.0,10140.0,10209.0,10289.0,10383.0,10475.0,10573.0,10344.833333333334,10344.833333333334,10344.833333333334,10344.833333333334,10344.833333333334,10344.833333333334,10344.833333333334,10344.833333333334,10344.833333333334,10344.833333333334,10344.833333333334,10344.833333333334,10344.833333333334,10344.833333333334,10344.833333333334,10344.833333333334,10344.833333333334,10344.833333333334,10344.833333333334,10344.833333333334,10344.833333333334,10344.833333333334,10344.833333333334,10344.833333333334,10344.833333333334,10344.833333333334,10344.833333333334,10344.833333333334,10344.833333333334,10344.833333333334,10344.833333333334,10344.833333333334,10344.833333333334
,NRU,,gdp,gdp,GDPPPP,ECO,2011GKD,,21487464.7371,23011005.5816,24662200.5061,26479286.1112,28481004.5124,30723033.8389,32934677.493,34105713.7142,31502502.7154,32567988.9234,34429785.5775,35605293.335,37470230.8244,39671380.6145,42183356.5059,44673218.4716,47429076.712,39848315.158,53563822.5745,58202288.0453,66089179.2784,73811384.0187,81256407.311,109058272.8613,148890823.4201,153071962.4596,168991452.6775,176012515.3892,139546905.68645,139546905.68645,139546905.68645,139546905.68645,139546905.68645,139546905.68645,139546905.68645,139546905.68645,139546905.68645,139546905.68645,139546905.68645,139546905.68645,139546905.68645,139546905.68645,139546905.68645,139546905.68645,139546905.68645,139546905.68645,139546905.68645,139546905.68645,139546905.68645,139546905.68645,139546905.68645,139546905.68645,139546905.68645,139546905.68645,139546905.68645,139546905.68645,139546905.68645,139546905.68645,139546905.68645,139546905.68645,139546905.68645
"No targets calculated, so the baseline emissions are put in as target pathways for all un/conditional best/worst pathways.
",NRU,baseline_emissions,conditional,worst,KYOTOGHG,IPCM0EL,MtCO2eq,AR4,0.041554,0.041895,0.041232,0.039625,0.0388,0.036095,0.033372000000000006,0.031353,0.028451999999999998,0.024944,0.021481,0.028955,0.036427999999999995,0.043836,0.042069999999999996,0.037786,0.027469999999999998,0.024901,0.031376,0.037873000000000004,0.044377999999999994,0.041264,0.041293,0.044957,0.048083999999999995,0.049949,0.055751999999999996,0.05726000000000001,0.049549166666666665,0.049549166666666665,0.049549166666666665,0.049549166666666665,0.049549166666666665,0.049549166666666665,0.049549166666666665,0.049549166666666665,0.049549166666666665,0.049549166666666665,0.049549166666666665,0.049549166666666665,0.049549166666666665,0.049549166666666665,0.049549166666666665,0.049549166666666665,0.049549166666666665,0.049549166666666665,0.049549166666666665,0.049549166666666665,0.049549166666666665,0.049549166666666665,0.049549166666666665,0.049549166666666665,0.049549166666666665,0.049549166666666665,0.049549166666666665,0.049549166666666665,0.049549166666666665,0.049549166666666665,0.049549166666666665,0.049549166666666665,0.049549166666666665
"No targets calculated, so the baseline emissions are put in as target pathways for all un/conditional best/worst pathways.
",NRU,baseline_emissions,conditional,best,KYOTOGHG,IPCM0EL,MtCO2eq,AR4,0.041554,0.041895,0.041232,0.039625,0.0388,0.036095,0.033372000000000006,0.031353,0.028451999999999998,0.024944,0.021481,0.028955,0.036427999999999995,0.043836,0.042069999999999996,0.037786,0.027469999999999998,0.024901,0.031376,0.037873000000000004,0.044377999999999994,0.041264,0.041293,0.044957,0.048083999999999995,0.049949,0.055751999999999996,0.05726000000000001,0.049549166666666665,0.049549166666666665,0.049549166666666665,0.049549166666666665,0.049549166666666665,0.049549166666666665,0.049549166666666665,0.049549166666666665,0.049549166666666665,0.049549166666666665,0.049549166666666665,0.049549166666666665,0.049549166666666665,0.049549166666666665,0.049549166666666665,0.049549166666666665,0.049549166666666665,0.049549166666666665,0.049549166666666665,0.049549166666666665,0.049549166666666665,0.049549166666666665,0.049549166666666665,0.049549166666666665,0.049549166666666665,0.049549166666666665,0.049549166666666665,0.049549166666666665,0.049549166666666665,0.049549166666666665,0.049549166666666665,0.049549166666666665,0.049549166666666665
"No targets calculated, so the baseline emissions are put in as target pathways for all un/conditional best/worst pathways.
",NRU,baseline_emissions,unconditional,worst,KYOTOGHG,IPCM0EL,MtCO2eq,AR4,0.041554,0.041895,0.041232,0.039625,0.0388,0.036095,0.033372000000000006,0.031353,0.028451999999999998,0.024944,0.021481,0.028955,0.036427999999999995,0.043836,0.042069999999999996,0.037786,0.027469999999999998,0.024901,0.031376,0.037873000000000004,0.044377999999999994,0.041264,0.041293,0.044957,0.048083999999999995,0.049949,0.055751999999999996,0.05726000000000001,0.049549166666666665,0.049549166666666665,0.049549166666666665,0.049549166666666665,0.049549166666666665,0.049549166666666665,0.049549166666666665,0.049549166666666665,0.049549166666666665,0.049549166666666665,0.049549166666666665,0.049549166666666665,0.049549166666666665,0.049549166666666665,0.049549166666666665,0.049549166666666665,0.049549166666666665,0.049549166666666665,0.049549166666666665,0.049549166666666665,0.049549166666666665,0.049549166666666665,0.049549166666666665,0.049549166666666665,0.049549166666666665,0.049549166666666665,0.049549166666666665,0.049549166666666665,0.049549166666666665,0.049549166666666665,0.049549166666666665,0.049549166666666665,0.049549166666666665
"No targets calculated, so the baseline emissions are put in as target pathways for all un/conditional best/worst pathways.
",NRU,baseline_emissions,unconditional,best,KYOTOGHG,IPCM0EL,MtCO2eq,AR4,0.041554,0.041895,0.041232,0.039625,0.0388,0.036095,0.033372000000000006,0.031353,0.028451999999999998,0.024944,0.021481,0.028955,0.036427999999999995,0.043836,0.042069999999999996,0.037786,0.027469999999999998,0.024901,0.031376,0.037873000000000004,0.044377999999999994,0.041264,0.041293,0.044957,0.048083999999999995,0.049949,0.055751999999999996,0.05726000000000001,0.049549166666666665,0.049549166666666665,0.049549166666666665,0.049549166666666665,0.049549166666666665,0.049549166666666665,0.049549166666666665,0.049549166666666665,0.049549166666666665,0.049549166666666665,0.049549166666666665,0.049549166666666665,0.049549166666666665,0.049549166666666665,0.049549166666666665,0.049549166666666665,0.049549166666666665,0.049549166666666665,0.049549166666666665,0.049549166666666665,0.049549166666666665,0.049549166666666665,0.049549166666666665,0.049549166666666665,0.049549166666666665,0.049549166666666665,0.049549166666666665,0.049549166666666665,0.049549166666666665,0.049549166666666665,0.049549166666666665,0.049549166666666665,0.049549166666666665
,NRU,,emi_bau,emi_bau,KYOTOGHG,IPCM0EL,MtCO2eq,AR4,0.041554,0.041895,0.041232,0.039625,0.0388,0.036095,0.033372000000000006,0.031353,0.028451999999999998,0.024944,0.021481,0.028955,0.036427999999999995,0.043836,0.042069999999999996,0.037786,0.027469999999999998,0.024901,0.031376,0.037873000000000004,0.044377999999999994,0.041264,0.041293,0.044957,0.048083999999999995,0.049949,0.055751999999999996,0.05726000000000001,0.049549166666666665,0.049549166666666665,0.049549166666666665,0.049549166666666665,0.049549166666666665,0.049549166666666665,0.049549166666666665,0.049549166666666665,0.049549166666666665,0.049549166666666665,0.049549166666666665,0.049549166666666665,0.049549166666666665,0.049549166666666665,0.049549166666666665,0.049549166666666665,0.049549166666666665,0.049549166666666665,0.049549166666666665,0.049549166666666665,0.049549166666666665,0.049549166666666665,0.049549166666666665,0.049549166666666665,0.049549166666666665,0.049549166666666665,0.049549166666666665,0.049549166666666665,0.049549166666666665,0.049549166666666665,0.049549166666666665,0.049549166666666665,0.049549166666666665
,NRU,,emi_cov,emi_cov,KYOTOGHG,IPCM0EL,MtCO2eq,AR4,0.03209418993046,0.03209378808888,0.031149827911391995,0.029261790775249995,0.0283182129024,0.025970149032485002,0.023592565399824003,0.021944869767050998,0.019414081817831996,0.016274997585648,0.013288981931647001,0.02055078831764,0.027812688168552,0.03507479435382,0.03353966349244,0.029543476073719998,0.01954497276849,0.017240827683712,0.024021918387055998,0.030803567457707005,0.037584414150745996,0.034452082926016,0.034452604616388,0.037584693041863,0.040716303423143994,0.042586084092425,0.048387703155456,0.04990037889942001,0.042332205132725835,0.042332205132725835,0.042332205132725835,0.042332205132725835,0.042332205132725835,0.042332205132725835,0.042332205132725835,0.042332205132725835,0.042332205132725835,0.042332205132725835,0.042332205132725835,0.042332205132725835,0.042332205132725835,0.042332205132725835,0.042332205132725835,0.042332205132725835,0.042332205132725835,0.042332205132725835,0.042332205132725835,0.042332205132725835,0.042332205132725835,0.042332205132725835,0.042332205132725835,0.042332205132725835,0.042332205132725835,0.042332205132725835,0.042332205132725835,0.042332205132725835,0.042332205132725835,0.042332205132725835,0.042332205132725835,0.042332205132725835,0.042332205132725835
,NRU,,emi_ncov,emi_ncov,KYOTOGHG,IPCM0EL,MtCO2eq,AR4,0.00945981006954,0.00980121191112,0.010082172088608003,0.010363209224750005,0.0104817870976,0.010124850967515,0.009779434600176001,0.009408130232949,0.009037918182168002,0.008669002414352,0.008192018068353,0.008404211682360002,0.008615311831447996,0.008761205646180001,0.008530336507559995,0.008242523926280002,0.007925027231509996,0.007660172316288,0.007354081612944002,0.007069432542293,0.006793585849253997,0.006811917073983998,0.006840395383612003,0.007372306958136998,0.007367696576856001,0.007362915907575,0.007364296844544,0.007359621100580002,0.007216961533940832,0.007216961533940832,0.007216961533940832,0.007216961533940832,0.007216961533940832,0.007216961533940832,0.007216961533940832,0.007216961533940832,0.007216961533940832,0.007216961533940832,0.007216961533940832,0.007216961533940832,0.007216961533940832,0.007216961533940832,0.007216961533940832,0.007216961533940832,0.007216961533940832,0.007216961533940832,0.007216961533940832,0.007216961533940832,0.007216961533940832,0.007216961533940832,0.007216961533940832,0.007216961533940832,0.007216961533940832,0.007216961533940832,0.007216961533940832,0.007216961533940832,0.007216961533940832,0.007216961533940832,0.007216961533940832,0.007216961533940832,0.007216961533940832
,NRU,,pc_cov,pc_cov,KYOTOGHG,IPCM0EL,MtCO2eq/MtCO2eq,AR4,0.77234899,0.766052944,0.7554770059999999,0.7384679059999999,0.729850848,0.719494363,0.706956892,0.699928867,0.6823450659999999,0.652461417,0.618638887,0.709749208,0.7634975340000001,0.800136745,0.7972346920000001,0.78186302,0.7115024670000001,0.692374912,0.7656144309999999,0.813338459,0.846915457,0.834918644,0.8343449159999999,0.836014259,0.846774466,0.852591325,0.867909728,0.871470117,0.854347469,0.854347469,0.854347469,0.854347469,0.854347469,0.854347469,0.854347469,0.854347469,0.854347469,0.854347469,0.854347469,0.854347469,0.854347469,0.854347469,0.854347469,0.854347469,0.854347469,0.854347469,0.854347469,0.854347469,0.854347469,0.854347469,0.854347469,0.854347469,0.854347469,0.854347469,0.854347469,0.854347469,0.854347469,0.854347469,0.854347469,0.854347469,0.854347469
,NZL,,pop,pop,POP,DEMOGR,Pers,,3398172.0,3446170.0,3503181.0,3564464.0,3623279.0,3674936.0,3717349.0,3752362.0,3783974.0,3818131.0,3858999.0,3907933.0,3963206.0,4022069.0,4080438.0,4135355.0,4185888.0,4233046.0,4278155.0,4323337.0,4370062.0,4418678.0,4468457.0,4518515.0,4567527.0,4614532.0,4659265.0,4702034.0,4741670.1871,4773416.07,4801022.5031,4826236.9399,4851085.6592,4875180.7339,4898133.2344,4919552.6578,4939728.3084,4959108.9263,4977540.244,4994866.0605,5010928.2613,5025278.5688,5037682.1289,5048303.2689,5057311.1784,5064879.7442,5071785.0672,5078346.1177,5084056.028,5088409.952,5090904.6083,5092263.2276,5093424.5793,5094208.2081,5094431.9701,5093911.9982,5091646.1609,5087262.3363,5081519.5304,5075175.9356,5068989.38
,NZL,,gdp,gdp,GDPPPP,ECO,2011GKD,,69473289062.5,68446671875.0,70279234375.0,76218070312.5,81173679687.5,85523109375.0,89285546875.0,92981156250.0,94365890625.0,100805382812.5,102480390625.0,106297531250.0,109677640625.0,114071750000.0,116583523437.5,119335757812.5,122384921875.0,131069632812.5,130703851562.5,131306500000.0,136289781250.0,141569781250.0,145237125000.0,154897312500.0,163116156250.0,167948796875.0,174518062500.0,181861906250.0,181902201146.7255,185258897918.4669,188422552886.8105,191511449456.2372,194606876935.2379,197679462143.1011,200699907074.1357,203638925703.7526,206442385724.1316,209104159094.8616,211666980304.1747,214173607289.6051,216666790968.8609,219137029759.6155,221563546701.1172,223972102471.1935,226388374339.2479,228837916711.7743,231307149008.2912,233776523126.3466,236262517677.2084,238781623262.1741,241350357427.5922,243984822541.1004,246685528539.3842,249446082928.6736,252260770248.9524,255124650917.8475,258034486075.3115,260968517600.8505,263894451034.4694,266779689339.2549,269591330956.8241
"The target value from 'unconditional_best' was used for 'conditional_worst' in 2030.
The target value from 'unconditional_best' was used for 'conditional_best' in 2030.
",NZL,RBY,conditional,worst,KYOTOGHG,IPCM0EL,MtCO2eq,AR4,65.9299,66.8061,67.9528,67.7269,69.0856,69.803,71.9152,74.7496,72.6404,74.4839,76.5773,79.4968,79.7783,81.9557,81.638,83.6751,83.835,81.7435,81.6802,78.8711,79.3597,79.0717,81.4372,80.9355,81.7049,81.5967,79.5312,81.2495,81.5478,82.345,83.1288,80.6825435989506,78.17624092523496,75.60245695516218,72.95544662818882,70.23105825900113,67.42087553211788,64.53297586462088,61.58648595498552,58.59677896918062,55.57592,56.0385494750371,56.499828923750975,56.96706076125362,57.44767013232281,57.94889808723766,58.46700137119285,58.997193527224226,59.545058755123314,60.11624261951452,60.71632932018939,61.34685297796975,62.004499891880435,62.68773594109957,63.39502700480532,64.12520715117307,64.87729454287683,65.64552088562647,66.42166329181684,67.19749887384285,67.9646820144336
,NZL,RBY,conditional,best,KYOTOGHG,IPCM0EL,MtCO2eq,AR4,65.9299,66.8061,67.9528,67.7269,69.0856,69.803,71.9152,74.7496,72.6404,74.4839,76.5773,79.4968,79.7783,81.9557,81.638,83.6751,83.835,81.7435,81.6802,78.8711,79.3597,79.0717,81.4372,80.9355,81.7049,81.5967,79.5312,81.2495,81.5478,82.345,83.1288,80.6825435989506,78.17624092523496,75.60245695516218,72.95544662818882,70.23105825900113,67.42087553211788,64.53297586462088,61.58648595498552,58.59677896918062,55.57592,56.0385494750371,56.499828923750975,56.96706076125362,57.44767013232281,57.94889808723766,58.46700137119285,58.997193527224226,59.545058755123314,60.11624261951452,60.71632932018939,61.34685297796975,62.004499891880435,62.68773594109957,63.39502700480532,64.12520715117307,64.87729454287683,65.64552088562647,66.42166329181684,67.19749887384285,67.9646820144336
"The target value from 'unconditional_best' was used for 'unconditional_worst' in 2030.
",NZL,RBY,unconditional,worst,KYOTOGHG,IPCM0EL,MtCO2eq,AR4,65.9299,66.8061,67.9528,67.7269,69.0856,69.803,71.9152,74.7496,72.6404,74.4839,76.5773,79.4968,79.7783,81.9557,81.638,83.6751,83.835,81.7435,81.6802,78.8711,79.3597,79.0717,81.4372,80.9355,81.7049,81.5967,79.5312,81.2495,81.5478,82.345,83.1288,80.6825435989506,78.17624092523496,75.60245695516218,72.95544662818882,70.23105825900113,67.42087553211788,64.53297586462088,61.58648595498552,58.59677896918062,55.57592,56.0385494750371,56.499828923750975,56.96706076125362,57.44767013232281,57.94889808723766,58.46700137119285,58.997193527224226,59.545058755123314,60.11624261951452,60.71632932018939,61.34685297796975,62.004499891880435,62.68773594109957,63.39502700480532,64.12520715117307,64.87729454287683,65.64552088562647,66.42166329181684,67.19749887384285,67.9646820144336
,NZL,RBY,unconditional,best,KYOTOGHG,IPCM0EL,MtCO2eq,AR4,65.9299,66.8061,67.9528,67.7269,69.0856,69.803,71.9152,74.7496,72.6404,74.4839,76.5773,79.4968,79.7783,81.9557,81.638,83.6751,83.835,81.7435,81.6802,78.8711,79.3597,79.0717,81.4372,80.9355,81.7049,81.5967,79.5312,81.2495,81.5478,82.345,83.1288,80.6825435989506,78.17624092523496,75.60245695516218,72.95544662818882,70.23105825900113,67.42087553211788,64.53297586462088,61.58648595498552,58.59677896918062,55.57592,56.0385494750371,56.499828923750975,56.96706076125362,57.44767013232281,57.94889808723766,58.46700137119285,58.997193527224226,59.545058755123314,60.11624261951452,60.71632932018939,61.34685297796975,62.004499891880435,62.68773594109957,63.39502700480532,64.12520715117307,64.87729454287683,65.64552088562647,66.42166329181684,67.19749887384285,67.9646820144336
"No targets calculated, so the baseline emissions are put in as target pathways for all un/conditional best/worst pathways.
",NZL,baseline_emissions,conditional,worst,KYOTOGHG,IPCM0EL,MtCO2eq,AR4,65.9299,66.8061,67.9528,67.7269,69.0856,69.803,71.9152,74.7496,72.6404,74.4839,76.5773,79.4968,79.7783,81.9557,81.638,83.6751,83.835,81.7435,81.6802,78.8711,79.3597,79.0717,81.4372,80.9355,81.7049,81.5967,79.5312,81.2495,81.5478,82.345,83.1288,83.925,84.7228,85.514,86.2909,87.0463,87.766,88.4554,89.1371,89.8333,90.5664,91.3203,92.072,92.8334,93.6166,94.4334,95.2777,96.1417,97.0345,97.9653,98.9432,99.9707,101.0424,102.1558,103.3084,104.4983,105.7239,106.9758,108.2406,109.5049,110.7551
"No targets calculated, so the baseline emissions are put in as target pathways for all un/conditional best/worst pathways.
",NZL,baseline_emissions,conditional,best,KYOTOGHG,IPCM0EL,MtCO2eq,AR4,65.9299,66.8061,67.9528,67.7269,69.0856,69.803,71.9152,74.7496,72.6404,74.4839,76.5773,79.4968,79.7783,81.9557,81.638,83.6751,83.835,81.7435,81.6802,78.8711,79.3597,79.0717,81.4372,80.9355,81.7049,81.5967,79.5312,81.2495,81.5478,82.345,83.1288,83.925,84.7228,85.514,86.2909,87.0463,87.766,88.4554,89.1371,89.8333,90.5664,91.3203,92.072,92.8334,93.6166,94.4334,95.2777,96.1417,97.0345,97.9653,98.9432,99.9707,101.0424,102.1558,103.3084,104.4983,105.7239,106.9758,108.2406,109.5049,110.7551
"No targets calculated, so the baseline emissions are put in as target pathways for all un/conditional best/worst pathways.
",NZL,baseline_emissions,unconditional,worst,KYOTOGHG,IPCM0EL,MtCO2eq,AR4,65.9299,66.8061,67.9528,67.7269,69.0856,69.803,71.9152,74.7496,72.6404,74.4839,76.5773,79.4968,79.7783,81.9557,81.638,83.6751,83.835,81.7435,81.6802,78.8711,79.3597,79.0717,81.4372,80.9355,81.7049,81.5967,79.5312,81.2495,81.5478,82.345,83.1288,83.925,84.7228,85.514,86.2909,87.0463,87.766,88.4554,89.1371,89.8333,90.5664,91.3203,92.072,92.8334,93.6166,94.4334,95.2777,96.1417,97.0345,97.9653,98.9432,99.9707,101.0424,102.1558,103.3084,104.4983,105.7239,106.9758,108.2406,109.5049,110.7551
"No targets calculated, so the baseline emissions are put in as target pathways for all un/conditional best/worst pathways.
",NZL,baseline_emissions,unconditional,best,KYOTOGHG,IPCM0EL,MtCO2eq,AR4,65.9299,66.8061,67.9528,67.7269,69.0856,69.803,71.9152,74.7496,72.6404,74.4839,76.5773,79.4968,79.7783,81.9557,81.638,83.6751,83.835,81.7435,81.6802,78.8711,79.3597,79.0717,81.4372,80.9355,81.7049,81.5967,79.5312,81.2495,81.5478,82.345,83.1288,83.925,84.7228,85.514,86.2909,87.0463,87.766,88.4554,89.1371,89.8333,90.5664,91.3203,92.072,92.8334,93.6166,94.4334,95.2777,96.1417,97.0345,97.9653,98.9432,99.9707,101.0424,102.1558,103.3084,104.4983,105.7239,106.9758,108.2406,109.5049,110.7551
,NZL,,emi_bau,emi_bau,KYOTOGHG,IPCM0EL,MtCO2eq,AR4,65.9299,66.8061,67.9528,67.7269,69.0856,69.803,71.9152,74.7496,72.6404,74.4839,76.5773,79.4968,79.7783,81.9557,81.638,83.6751,83.835,81.7435,81.6802,78.8711,79.3597,79.0717,81.4372,80.9355,81.7049,81.5967,79.5312,81.2495,81.5478,82.345,83.1288,83.925,84.7228,85.514,86.2909,87.0463,87.766,88.4554,89.1371,89.8333,90.5664,91.3203,92.072,92.8334,93.6166,94.4334,95.2777,96.1417,97.0345,97.9653,98.9432,99.9707,101.0424,102.1558,103.3084,104.4983,105.7239,106.9758,108.2406,109.5049,110.7551
,NZL,,emi_cov,emi_cov,KYOTOGHG,IPCM0EL,MtCO2eq,AR4,65.9299,66.8061,67.9528,67.7269,69.0856,69.803,71.9152,74.7496,72.6404,74.4839,76.5773,79.4968,79.7783,81.9557,81.638,83.6751,83.835,81.7435,81.6802,78.8711,79.3597,79.0717,81.4372,80.9355,81.7049,81.5967,79.5312,81.2495,81.5478,82.345,83.1288,83.925,84.7228,85.514,86.2909,87.0463,87.766,88.4554,89.1371,89.8333,90.5664,91.3203,92.072,92.8334,93.6166,94.4334,95.2777,96.1417,97.0345,97.9653,98.9432,99.9707,101.0424,102.1558,103.3084,104.4983,105.7239,106.9758,108.2406,109.5049,110.7551
,NZL,,emi_ncov,emi_ncov,KYOTOGHG,IPCM0EL,MtCO2eq,AR4,0.0,0.0,0.0,0.0,0.0,0.0,0.0,0.0,0.0,0.0,0.0,0.0,0.0,0.0,0.0,0.0,0.0,0.0,0.0,0.0,0.0,0.0,0.0,0.0,0.0,0.0,0.0,0.0,0.0,0.0,0.0,0.0,0.0,0.0,0.0,0.0,0.0,0.0,0.0,0.0,0.0,0.0,0.0,0.0,0.0,0.0,0.0,0.0,0.0,0.0,0.0,0.0,0.0,0.0,0.0,0.0,0.0,0.0,0.0,0.0,0.0
,NZL,,pc_cov,pc_cov,KYOTOGHG,IPCM0EL,MtCO2eq/MtCO2eq,AR4,1.0,1.0,1.0,1.0,1.0,1.0,1.0,1.0,1.0,1.0,1.0,1.0,1.0,1.0,1.0,1.0,1.0,1.0,1.0,1.0,1.0,1.0,1.0,1.0,1.0,1.0,1.0,1.0,1.0,1.0,1.0,1.0,1.0,1.0,1.0,1.0,1.0,1.0,1.0,1.0,1.0,1.0,1.0,1.0,1.0,1.0,1.0,1.0,1.0,1.0,1.0,1.0,1.0,1.0,1.0,1.0,1.0,1.0,1.0,1.0,1.0
,OMN,,pop,pop,POP,DEMOGR,Pers,,1812161.0,1893768.0,1983275.0,2072104.0,2148419.0,2204277.0,2236654.0,2249762.0,2251864.0,2254904.0,2267973.0,2294962.0,2334858.0,2386166.0,2445517.0,2511251.0,2580758.0,2657158.0,2750963.0,2876186.0,3041434.0,3251108.0,3498029.0,3764806.0,4027260.0,4267348.0,4479219.0,4665928.0,4725147.6092,4806264.8108,4887888.4572,4970763.6858,5055047.0722,5140090.0813,5225247.3426,5309876.4896,5393330.3471,5475491.2389,5556506.6287,5636514.1932,5715641.3356,5794073.0129,5871990.4183,5949509.6259,6026749.4568,6103831.5197,6180595.7925,6256817.6352,6332523.7554,6407740.7778,6482495.2299,6557166.4134,6631987.1299,6706766.5219,6781316.9614,6855453.9869,6928740.0483,7000868.1995,7071846.7204,7141676.535,7210351.3459
,OMN,,gdp,gdp,GDPPPP,ECO,2011GKD,,19199673828.125,18790908203.125,20386476562.5,20811210937.5,20831138671.875,22281406250.0,24340316406.25,26184111328.125,25659494140.625,30145884765.625,36561515625.0,38790871093.75,43590894531.25,49042652343.75,63753351562.5,68560796875.0,101153929687.5,110045843750.0,131466140625.0,111061710937.5,122467257812.5,143984515625.0,163731562500.0,166394703125.0,161889890625.0,135193484375.0,130316273437.5,128993687500.0,153532375855.6811,158219303760.8729,163103582313.519,168240836170.5128,173539730579.5104,178953288855.2769,184435484089.6959,189941260506.5677,195361824278.567,200638148322.8727,205799070007.9019,210871189599.4864,215878822335.2041,220906381913.9243,225964370704.2132,230964527832.1758,235818404355.8511,240437241384.7238,244887581782.8786,249218831440.1167,253314825288.7996,257057571933.2761,260327006791.314,263196813649.1547,265814014391.2202,268164081574.5859,270228922736.7924,271986725695.5978,273382590149.5799,274520796669.3066,275615134860.9078,276879369513.1855,278527675172.0627
"The target value from 'conditional_best' was used for 'conditional_worst' in 2030.
",OMN,ABS,conditional,worst,KYOTOGHG,IPCM0EL,MtCO2eq,AR4,38.2675,36.7255,36.9087,37.9575,34.8713,36.5815,35.6762,36.8915,34.5454,38.8502,40.4575,41.5553,47.4549,56.7614,51.8056,54.0281,64.4209,68.1305,68.1376,67.0984,74.637,82.0733,87.3766,91.2225,91.7012,95.1702,96.4827,96.6866,96.21255384615385,95.73850769230768,95.26446153846152,94.60088481609638,93.93920377562432,93.27941841704538,92.62152874035954,91.96553474556683,91.31143643266722,90.65923380166078,90.0089268525474,89.36051558532714,88.714,89.75858765189342,90.78279119349565,91.7447643983916,92.60462105077107,93.32433694489859,93.94624830984048,94.4980892956564,94.92223559056163,95.1627288917856,95.16498290398127,94.99073796120365,94.72574452741814,94.35314651142238,93.85549981883257,93.21516435420442,92.39832993460298,91.44831279439707,90.46046744951614,89.52642439574035,88.7339921081702
,OMN,ABS,conditional,best,KYOTOGHG,IPCM0EL,MtCO2eq,AR4,38.2675,36.7255,36.9087,37.9575,34.8713,36.5815,35.6762,36.8915,34.5454,38.8502,40.4575,41.5553,47.4549,56.7614,51.8056,54.0281,64.4209,68.1305,68.1376,67.0984,74.637,82.0733,87.3766,91.2225,91.7012,95.1702,96.4827,96.6866,96.21255384615385,95.73850769230768,95.26446153846152,94.60088481609638,93.93920377562432,93.27941841704538,92.62152874035954,91.96553474556683,91.31143643266722,90.65923380166078,90.0089268525474,89.36051558532714,88.714,89.75858765189342,90.78279119349565,91.7447643983916,92.60462105077107,93.32433694489859,93.94624830984048,94.4980892956564,94.92223559056163,95.1627288917856,95.16498290398127,94.99073796120365,94.72574452741814,94.35314651142238,93.85549981883257,93.21516435420442,92.39832993460298,91.44831279439707,90.46046744951614,89.52642439574035,88.7339921081702
,OMN,ABS,unconditional,worst,KYOTOGHG,IPCM0EL,MtCO2eq,AR4,38.2675,36.7255,36.9087,37.9575,34.8713,36.5815,35.6762,36.8915,34.5454,38.8502,40.4575,41.5553,47.4549,56.7614,51.8056,54.0281,64.4209,68.1305,68.1376,67.0984,74.637,82.0733,87.3766,91.2225,91.7012,95.1702,96.4827,96.6866,96.21255384615385,95.73850769230768,95.26446153846152,94.7904153846154,94.31636923076924,93.84232307692308,93.36827692307692,92.89423076923076,92.4201846153846,91.94613846153848,91.47209230769232,90.99804615384615,90.524,91.5899,92.635,93.6166,94.494,95.2284,95.863,96.4261,96.8589,97.1043,97.1066,96.9288,96.6584,96.2782,95.7704,95.117,94.2835,93.3141,92.3061,91.353,90.5444
,OMN,ABS,unconditional,best,KYOTOGHG,IPCM0EL,MtCO2eq,AR4,38.2675,36.7255,36.9087,37.9575,34.8713,36.5815,35.6762,36.8915,34.5454,38.8502,40.4575,41.5553,47.4549,56.7614,51.8056,54.0281,64.4209,68.1305,68.1376,67.0984,74.637,82.0733,87.3766,91.2225,91.7012,95.1702,96.4827,96.6866,96.21255384615385,95.73850769230768,95.26446153846152,94.7904153846154,94.31636923076924,93.84232307692308,93.36827692307692,92.89423076923076,92.4201846153846,91.94613846153848,91.47209230769232,90.99804615384615,90.524,91.5899,92.635,93.6166,94.494,95.2284,95.863,96.4261,96.8589,97.1043,97.1066,96.9288,96.6584,96.2782,95.7704,95.117,94.2835,93.3141,92.3061,91.353,90.5444
"The target value from 'conditional_best' was used for 'conditional_worst' in 2030.
",OMN,ABU,conditional,worst,KYOTOGHG,IPCM0EL,MtCO2eq,AR4,38.2675,36.7255,36.9087,37.9575,34.8713,36.5815,35.6762,36.8915,34.5454,38.8502,40.4575,41.5553,47.4549,56.7614,51.8056,54.0281,64.4209,68.1305,68.1376,67.0984,74.637,82.0733,87.3766,91.2225,91.7012,95.1702,96.4827,96.6866,96.21255384615385,95.73850769230768,95.26446153846152,94.60004711192613,93.93753674598833,93.27693044064813,92.61822819590554,91.96143001176057,91.30653588821323,90.65354582526352,90.0024598229114,89.35327788115688,88.706,89.75049345366975,90.77460463523487,91.73649109186515,92.59627020458663,93.31592119658875,93.93777647916575,94.48956770138307,94.91367574786797,95.15414736202554,95.1564011709602,94.98217194114268,94.71720240378242,94.34463798771597,93.84703617162299,93.20675845079758,92.38999769122002,91.44006622111263,90.45230995758031,89.51835113340108,88.72599030533338
,OMN,ABU,conditional,best,KYOTOGHG,IPCM0EL,MtCO2eq,AR4,38.2675,36.7255,36.9087,37.9575,34.8713,36.5815,35.6762,36.8915,34.5454,38.8502,40.4575,41.5553,47.4549,56.7614,51.8056,54.0281,64.4209,68.1305,68.1376,67.0984,74.637,82.0733,87.3766,91.2225,91.7012,95.1702,96.4827,96.6866,96.21255384615385,95.73850769230768,95.26446153846152,94.60004711192613,93.93753674598833,93.27693044064813,92.61822819590554,91.96143001176057,91.30653588821323,90.65354582526352,90.0024598229114,89.35327788115688,88.706,89.75049345366975,90.77460463523487,91.73649109186515,92.59627020458663,93.31592119658875,93.93777647916575,94.48956770138307,94.91367574786797,95.15414736202554,95.1564011709602,94.98217194114268,94.71720240378242,94.34463798771597,93.84703617162299,93.20675845079758,92.38999769122002,91.44006622111263,90.45230995758031,89.51835113340108,88.72599030533338
,OMN,ABU,unconditional,worst,KYOTOGHG,IPCM0EL,MtCO2eq,AR4,38.2675,36.7255,36.9087,37.9575,34.8713,36.5815,35.6762,36.8915,34.5454,38.8502,40.4575,41.5553,47.4549,56.7614,51.8056,54.0281,64.4209,68.1305,68.1376,67.0984,74.637,82.0733,87.3766,91.2225,91.7012,95.1702,96.4827,96.6866,96.21255384615385,95.73850769230768,95.26446153846152,94.7904153846154,94.31636923076924,93.84232307692308,93.36827692307692,92.89423076923076,92.4201846153846,91.94613846153848,91.47209230769232,90.99804615384615,90.524,91.5899,92.635,93.6166,94.494,95.2284,95.863,96.4261,96.8589,97.1043,97.1066,96.9288,96.6584,96.2782,95.7704,95.117,94.2835,93.3141,92.3061,91.353,90.5444
,OMN,ABU,unconditional,best,KYOTOGHG,IPCM0EL,MtCO2eq,AR4,38.2675,36.7255,36.9087,37.9575,34.8713,36.5815,35.6762,36.8915,34.5454,38.8502,40.4575,41.5553,47.4549,56.7614,51.8056,54.0281,64.4209,68.1305,68.1376,67.0984,74.637,82.0733,87.3766,91.2225,91.7012,95.1702,96.4827,96.6866,96.21255384615385,95.73850769230768,95.26446153846152,94.7904153846154,94.31636923076924,93.84232307692308,93.36827692307692,92.89423076923076,92.4201846153846,91.94613846153848,91.47209230769232,90.99804615384615,90.524,91.5899,92.635,93.6166,94.494,95.2284,95.863,96.4261,96.8589,97.1043,97.1066,96.9288,96.6584,96.2782,95.7704,95.117,94.2835,93.3141,92.3061,91.353,90.5444
"The target value from 'conditional_best' was used for 'conditional_worst' in 2030.
",OMN,RBU,conditional,worst,KYOTOGHG,IPCM0EL,MtCO2eq,AR4,38.2675,36.7255,36.9087,37.9575,34.8713,36.5815,35.6762,36.8915,34.5454,38.8502,40.4575,41.5553,47.4549,56.7614,51.8056,54.0281,64.4209,68.1305,68.1376,67.0984,74.637,82.0733,87.3766,91.2225,91.7012,95.1702,96.4827,96.6866,96.21255384615385,95.73850769230768,95.26446153846152,94.60515556128166,93.94770255006581,93.29210250481404,92.63835542552633,91.98646131220269,91.33642016484309,90.68823198344762,90.04189676801617,89.39741451854876,88.75478523504545,89.79985312402555,90.8245275313556,91.7869429923021,92.64719495382865,93.3672417290111,93.98943901050728,94.54153369883142,94.9658749900882,95.2064788553248,95.20873390377649,95.03440885390252,94.7692935924519,94.39652427882939,93.89864879893062,93.25801894748153,92.44080899770677,91.49035509811269,90.50205560276422,89.56758313350167,88.77478653435607
,OMN,RBU,conditional,best,KYOTOGHG,IPCM0EL,MtCO2eq,AR4,38.2675,36.7255,36.9087,37.9575,34.8713,36.5815,35.6762,36.8915,34.5454,38.8502,40.4575,41.5553,47.4549,56.7614,51.8056,54.0281,64.4209,68.1305,68.1376,67.0984,74.637,82.0733,87.3766,91.2225,91.7012,95.1702,96.4827,96.6866,96.21255384615385,95.73850769230768,95.26446153846152,94.60515556128166,93.94770255006581,93.29210250481404,92.63835542552633,91.98646131220269,91.33642016484309,90.68823198344762,90.04189676801617,89.39741451854876,88.75478523504545,89.79985312402555,90.8245275313556,91.7869429923021,92.64719495382865,93.3672417290111,93.98943901050728,94.54153369883142,94.9658749900882,95.2064788553248,95.20873390377649,95.03440885390252,94.7692935924519,94.39652427882939,93.89864879893062,93.25801894748153,92.44080899770677,91.49035509811269,90.50205560276422,89.56758313350167,88.77478653435607
,OMN,RBU,unconditional,worst,KYOTOGHG,IPCM0EL,MtCO2eq,AR4,38.2675,36.7255,36.9087,37.9575,34.8713,36.5815,35.6762,36.8915,34.5454,38.8502,40.4575,41.5553,47.4549,56.7614,51.8056,54.0281,64.4209,68.1305,68.1376,67.0984,74.637,82.0733,87.3766,91.2225,91.7012,95.1702,96.4827,96.6866,96.21255384615385,95.73850769230768,95.26446153846152,94.7904153846154,94.31636923076924,93.84232307692308,93.36827692307692,92.89423076923076,92.4201846153846,91.94613846153848,91.47209230769232,90.99804615384615,90.524,91.5899,92.635,93.6166,94.494,95.2284,95.863,96.4261,96.8589,97.1043,97.1066,96.9288,96.6584,96.2782,95.7704,95.117,94.2835,93.3141,92.3061,91.353,90.5444
,OMN,RBU,unconditional,best,KYOTOGHG,IPCM0EL,MtCO2eq,AR4,38.2675,36.7255,36.9087,37.9575,34.8713,36.5815,35.6762,36.8915,34.5454,38.8502,40.4575,41.5553,47.4549,56.7614,51.8056,54.0281,64.4209,68.1305,68.1376,67.0984,74.637,82.0733,87.3766,91.2225,91.7012,95.1702,96.4827,96.6866,96.21255384615385,95.73850769230768,95.26446153846152,94.7904153846154,94.31636923076924,93.84232307692308,93.36827692307692,92.89423076923076,92.4201846153846,91.94613846153848,91.47209230769232,90.99804615384615,90.524,91.5899,92.635,93.6166,94.494,95.2284,95.863,96.4261,96.8589,97.1043,97.1066,96.9288,96.6584,96.2782,95.7704,95.117,94.2835,93.3141,92.3061,91.353,90.5444
"No targets calculated, so the baseline emissions are put in as target pathways for all un/conditional best/worst pathways.
",OMN,baseline_emissions,conditional,worst,KYOTOGHG,IPCM0EL,MtCO2eq,AR4,38.2675,36.7255,36.9087,37.9575,34.8713,36.5815,35.6762,36.8915,34.5454,38.8502,40.4575,41.5553,47.4549,56.7614,51.8056,54.0281,64.4209,68.1305,68.1376,67.0984,74.637,82.0733,87.3766,91.2225,91.7012,95.1702,96.4827,96.6866,96.21255384615385,95.73850769230768,95.26446153846152,94.7904153846154,94.31636923076924,93.84232307692308,93.36827692307692,92.89423076923076,92.4201846153846,91.94613846153848,91.47209230769232,90.99804615384615,90.524,91.5899,92.635,93.6166,94.494,95.2284,95.863,96.4261,96.8589,97.1043,97.1066,96.9288,96.6584,96.2782,95.7704,95.117,94.2835,93.3141,92.3061,91.353,90.5444
"No targets calculated, so the baseline emissions are put in as target pathways for all un/conditional best/worst pathways.
",OMN,baseline_emissions,conditional,best,KYOTOGHG,IPCM0EL,MtCO2eq,AR4,38.2675,36.7255,36.9087,37.9575,34.8713,36.5815,35.6762,36.8915,34.5454,38.8502,40.4575,41.5553,47.4549,56.7614,51.8056,54.0281,64.4209,68.1305,68.1376,67.0984,74.637,82.0733,87.3766,91.2225,91.7012,95.1702,96.4827,96.6866,96.21255384615385,95.73850769230768,95.26446153846152,94.7904153846154,94.31636923076924,93.84232307692308,93.36827692307692,92.89423076923076,92.4201846153846,91.94613846153848,91.47209230769232,90.99804615384615,90.524,91.5899,92.635,93.6166,94.494,95.2284,95.863,96.4261,96.8589,97.1043,97.1066,96.9288,96.6584,96.2782,95.7704,95.117,94.2835,93.3141,92.3061,91.353,90.5444
"No targets calculated, so the baseline emissions are put in as target pathways for all un/conditional best/worst pathways.
",OMN,baseline_emissions,unconditional,worst,KYOTOGHG,IPCM0EL,MtCO2eq,AR4,38.2675,36.7255,36.9087,37.9575,34.8713,36.5815,35.6762,36.8915,34.5454,38.8502,40.4575,41.5553,47.4549,56.7614,51.8056,54.0281,64.4209,68.1305,68.1376,67.0984,74.637,82.0733,87.3766,91.2225,91.7012,95.1702,96.4827,96.6866,96.21255384615385,95.73850769230768,95.26446153846152,94.7904153846154,94.31636923076924,93.84232307692308,93.36827692307692,92.89423076923076,92.4201846153846,91.94613846153848,91.47209230769232,90.99804615384615,90.524,91.5899,92.635,93.6166,94.494,95.2284,95.863,96.4261,96.8589,97.1043,97.1066,96.9288,96.6584,96.2782,95.7704,95.117,94.2835,93.3141,92.3061,91.353,90.5444
"No targets calculated, so the baseline emissions are put in as target pathways for all un/conditional best/worst pathways.
",OMN,baseline_emissions,unconditional,best,KYOTOGHG,IPCM0EL,MtCO2eq,AR4,38.2675,36.7255,36.9087,37.9575,34.8713,36.5815,35.6762,36.8915,34.5454,38.8502,40.4575,41.5553,47.4549,56.7614,51.8056,54.0281,64.4209,68.1305,68.1376,67.0984,74.637,82.0733,87.3766,91.2225,91.7012,95.1702,96.4827,96.6866,96.21255384615385,95.73850769230768,95.26446153846152,94.7904153846154,94.31636923076924,93.84232307692308,93.36827692307692,92.89423076923076,92.4201846153846,91.94613846153848,91.47209230769232,90.99804615384615,90.524,91.5899,92.635,93.6166,94.494,95.2284,95.863,96.4261,96.8589,97.1043,97.1066,96.9288,96.6584,96.2782,95.7704,95.117,94.2835,93.3141,92.3061,91.353,90.5444
,OMN,,emi_bau,emi_bau,KYOTOGHG,IPCM0EL,MtCO2eq,AR4,38.2675,36.7255,36.9087,37.9575,34.8713,36.5815,35.6762,36.8915,34.5454,38.8502,40.4575,41.5553,47.4549,56.7614,51.8056,54.0281,64.4209,68.1305,68.1376,67.0984,74.637,82.0733,87.3766,91.2225,91.7012,95.1702,96.4827,96.6866,96.21255384615385,95.73850769230768,95.26446153846152,94.7904153846154,94.31636923076924,93.84232307692308,93.36827692307692,92.89423076923076,92.4201846153846,91.94613846153848,91.47209230769232,90.99804615384615,90.524,91.5899,92.635,93.6166,94.494,95.2284,95.863,96.4261,96.8589,97.1043,97.1066,96.9288,96.6584,96.2782,95.7704,95.117,94.2835,93.3141,92.3061,91.353,90.5444
,OMN,,emi_cov,emi_cov,KYOTOGHG,IPCM0EL,MtCO2eq,AR4,37.59910782900499,35.99887008035849,36.1338504522579,37.1438196102225,34.0090128503761,35.6861293403435,34.761272077854,35.956896235833504,33.5560224385412,37.800791218166,39.41565868875001,40.4674550093303,46.369509154455,55.6326012502552,50.657600078315994,52.804330037578005,63.1403109431352,66.7941512418775,66.7654390832288,65.6824498409472,73.15745171656499,80.538310975022,85.783079742692,89.3457011473725,89.7778881004804,93.19717490638139,94.4630188609743,94.6200548386564,94.09694879590043,93.62679873695157,93.15610705779922,92.68497560874921,92.21401482393287,91.74329468668678,91.27287953577857,90.80282622128846,90.33336170779887,89.86455925910178,89.3962656243589,88.92835874672095,88.460738247728,89.4980484155926,90.51508785805001,91.470306977511,92.324106213282,93.03873750176518,93.656244764245,94.2041699629892,94.62530151198631,94.86408350420129,94.8663215089134,94.69331654627999,94.4302076551592,94.060256436676,93.5661395669528,92.930337024536,92.11927005923451,91.1759393446374,90.1950217398051,89.26750519494298,88.4805913395148
,OMN,,emi_ncov,emi_ncov,KYOTOGHG,IPCM0EL,MtCO2eq,AR4,0.6683921709950036,0.7266299196415006,0.7748495477420975,0.8136803897774997,0.8622871496238976,0.8953706596564979,0.9149279221460008,0.9346037641664986,0.9893775614587995,1.0494087818340017,1.0418413112499971,1.087844990669704,1.0853908455450016,1.128798749744801,1.1479999216840027,1.2237699624219975,1.2805890568648024,1.3363487581225026,1.3721609167712057,1.4159501590527983,1.4795482834350029,1.5349890249779985,1.5935202573079972,1.8767988526275075,1.923311899519602,1.9730250936186018,2.019681139025696,2.0665451613435915,2.115605050253418,2.111708955356112,2.1083544806623022,2.1054397758661834,2.1023544068363633,2.099028390236293,2.0953973872983416,2.091404547942304,2.086822907585722,2.081579202436697,2.0758266833334162,2.069687407125199,2.063261752271993,2.091851584407394,2.1199121419499996,2.146293022489003,2.1698937867179993,2.1896624982348034,2.206755235754996,2.2219300370108015,2.233598488013699,2.2402164957987005,2.2402784910865963,2.2354834537200032,2.228192344840803,2.217943563323996,2.204260433047196,2.186662975464005,2.164229940765497,2.1381606553625936,2.1110782601949034,2.085494805057008,2.0638086604851975
,OMN,,pc_cov,pc_cov,KYOTOGHG,IPCM0EL,MtCO2eq/MtCO2eq,AR4,0.9825336859999999,0.980214567,0.9790063170000001,0.978563383,0.9752722970000001,0.9755239490000001,0.97435467,0.974666149,0.971360078,0.97298833,0.9742485000000001,0.9738217509999999,0.97712795,0.980113268,0.977840235,0.97734938,0.980121528,0.980385455,0.9798619129999999,0.978897408,0.980176745,0.98129734,0.98176262,0.9794261409999999,0.979026317,0.979268457,0.979066909,0.9786263540000001,0.978011133,0.977942951,0.977868405,0.977788474,0.9777095490000001,0.977632391,0.977557716,0.977486174,0.977420269,0.977360885,0.977306448,0.977255694,0.9772075720000001,0.9771606740000001,0.97711543,0.977073585,0.977036703,0.977006203,0.976980115,0.976957172,0.976939667,0.976929791,0.976929699,0.97693685,0.976947763,0.97696318,0.976983907,0.977010808,0.977045507,0.9770864140000001,0.977129591,0.9771710309999999,0.977206667
,PAK,,pop,pop,POP,DEMOGR,Pers,,107647921.0,110778648.0,113911126.0,117086685.0,120362762.0,123776839.0,127349290.0,131057431.0,134843233.0,138624621.0,142343578.0,145978402.0,149549700.0,153093373.0,156664697.0,160304008.0,164022627.0,167808105.0,171648986.0,175525609.0,179424641.0,183340174.0,187280129.0,191260806.0,195305013.0,199426964.0,203631353.0,207906209.0,211785395.4559,216130844.857,220504226.086,224925981.9452,229424429.28,233983793.4505,238588774.452,243224546.9841,247869704.048,252500261.95400003,257097947.6811,261644577.6768,266122063.2291,270559007.6202,274997957.3743,279441205.6942,283890230.4244,288345684.6178,292815615.0203,297311257.7189,301837145.97900003,306397432.8647,310995881.3234,315648606.9898,320359364.2292,325112922.6798,329893841.5491,334686463.8238,339500364.2438,344338804.6731,349176681.9222,353989152.4074,358751638.8113
,PAK,,gdp,gdp,GDPPPP,ECO,2011GKD,,260174843750.0,265980625000.0,281833406250.0,286908843750.0,294564843750.0,312614843750.0,328129343750.0,327729406250.0,347063312500.0,355177343750.0,365427062500.0,370088906250.0,388437281250.0,403585062500.0,437699593750.0,480307562500.0,519714937500.0,564443875000.0,589371812500.0,639448312500.0,689167625000.0,757891562500.0,773252500000.0,804323687500.0,846775125000.0,884276250000.0,941569812500.0,1001897312500.0,1021781996824.578,1059265082488.847,1098428643231.532,1140669717507.038,1186814409944.882,1236556626844.428,1289603061762.325,1345685210057.565,1403429598547.8591,1461573282250.2742,1520035807094.471,1578729932566.663,1637559040049.989,1697034406122.6982,1757762535670.811,1819772565130.894,1883078794566.529,1947677041748.0327,2013651713283.7468,2081119330353.8909,2150119128227.199,2220706876897.335,2292957023042.714,2366652408052.686,2441680429076.747,2518310978913.546,2596847233731.522,2677629104606.791,2760031881686.28,2843493300559.572,2928500413992.204,3015572657791.3066,3105264944308.6514
"The target value from 'conditional_best' was used for 'conditional_worst' in 2030.
",PAK,ABS,conditional,worst,KYOTOGHG,IPCM0EL,MtCO2eq,AR4,188.2609,190.1517,197.9503,207.6239,217.2808,221.5156,235.8568,239.3019,246.2259,253.9975,265.9923,271.2661,277.1126,291.1605,308.7724,319.1115,336.4092,353.4394,359.414,367.2107,368.0734,376.5875,378.9031,391.4027,398.7311,412.0035,435.0605,455.7832,541.7998769230769,627.8165538461539,713.8332307692308,783.5581745025901,849.7790589447758,912.4958840957873,971.7086499556249,1027.4173565242888,1079.6220038017789,1128.3225917880952,1173.5191204832372,1215.2115898872055,1253.4,1265.342337865311,1277.781815260483,1290.704974459975,1304.0974817916137,1317.943092426938,1332.2518399364676,1347.0424377255401,1362.3129746378654,1378.067272986023,1394.3148885514613,1410.9953013850065,1428.0763403557812,1445.6183661499367,1463.6885081321477,1482.3611421346886,1501.4389412706482,1520.743371689962,1540.3871916137232,1560.4889723634055,1581.1733372554004
,PAK,ABS,conditional,best,KYOTOGHG,IPCM0EL,MtCO2eq,AR4,188.2609,190.1517,197.9503,207.6239,217.2808,221.5156,235.8568,239.3019,246.2259,253.9975,265.9923,271.2661,277.1126,291.1605,308.7724,319.1115,336.4092,353.4394,359.414,367.2107,368.0734,376.5875,378.9031,391.4027,398.7311,412.0035,435.0605,455.7832,541.7998769230769,627.8165538461539,713.8332307692308,783.5581745025901,849.7790589447758,912.4958840957873,971.7086499556249,1027.4173565242888,1079.6220038017789,1128.3225917880952,1173.5191204832372,1215.2115898872055,1253.4,1265.342337865311,1277.781815260483,1290.704974459975,1304.0974817916137,1317.943092426938,1332.2518399364676,1347.0424377255401,1362.3129746378654,1378.067272986023,1394.3148885514613,1410.9953013850065,1428.0763403557812,1445.6183661499367,1463.6885081321477,1482.3611421346886,1501.4389412706482,1520.743371689962,1540.3871916137232,1560.4889723634055,1581.1733372554004
,PAK,ABS,unconditional,worst,KYOTOGHG,IPCM0EL,MtCO2eq,AR4,188.2609,190.1517,197.9503,207.6239,217.2808,221.5156,235.8568,239.3019,246.2259,253.9975,265.9923,271.2661,277.1126,291.1605,308.7724,319.1115,336.4092,353.4394,359.414,367.2107,368.0734,376.5875,378.9031,391.4027,398.7311,412.0035,435.0605,455.7832,541.7998769230769,627.8165538461539,713.8332307692308,799.8499076923076,885.8665846153847,971.8832615384616,1057.8999384615383,1143.9166153846154,1229.9332923076922,1315.9499692307693,1401.966646153846,1487.983323076923,1574.0,1588.9969999999996,1604.6183,1620.8470000000002,1637.6651,1655.0522,1673.0209,1691.5947,1710.7712,1730.5552,1750.9587,1771.9057,1793.3557999999996,1815.3848,1838.0770000000002,1861.5258,1885.4834,1909.7256,1934.394,1959.6375,1985.6126
,PAK,ABS,unconditional,best,KYOTOGHG,IPCM0EL,MtCO2eq,AR4,188.2609,190.1517,197.9503,207.6239,217.2808,221.5156,235.8568,239.3019,246.2259,253.9975,265.9923,271.2661,277.1126,291.1605,308.7724,319.1115,336.4092,353.4394,359.414,367.2107,368.0734,376.5875,378.9031,391.4027,398.7311,412.0035,435.0605,455.7832,541.7998769230769,627.8165538461539,713.8332307692308,799.8499076923076,885.8665846153847,971.8832615384616,1057.8999384615383,1143.9166153846154,1229.9332923076922,1315.9499692307693,1401.966646153846,1487.983323076923,1574.0,1588.9969999999996,1604.6183,1620.8470000000002,1637.6651,1655.0522,1673.0209,1691.5947,1710.7712,1730.5552,1750.9587,1771.9057,1793.3557999999996,1815.3848,1838.0770000000002,1861.5258,1885.4834,1909.7256,1934.394,1959.6375,1985.6126
"The target value from 'conditional_best' was used for 'conditional_worst' in 2030.
",PAK,ABU,conditional,worst,KYOTOGHG,IPCM0EL,MtCO2eq,AR4,188.2609,190.1517,197.9503,207.6239,217.2808,221.5156,235.8568,239.3019,246.2259,253.9975,265.9923,271.2661,277.1126,291.1605,308.7724,319.1115,336.4092,353.4394,359.414,367.2107,368.0734,376.5875,378.9031,391.4027,398.7311,412.0035,435.0605,455.7832,541.7998769230769,627.8165538461539,713.8332307692308,783.5581745025901,849.7790589447758,912.4958840957873,971.7086499556249,1027.4173565242888,1079.6220038017789,1128.3225917880952,1173.5191204832372,1215.2115898872055,1253.4,1265.342337865311,1277.781815260483,1290.704974459975,1304.0974817916137,1317.943092426938,1332.2518399364676,1347.0424377255401,1362.3129746378654,1378.067272986023,1394.3148885514613,1410.9953013850065,1428.0763403557812,1445.6183661499367,1463.6885081321477,1482.3611421346886,1501.4389412706482,1520.743371689962,1540.3871916137232,1560.4889723634055,1581.1733372554004
,PAK,ABU,conditional,best,KYOTOGHG,IPCM0EL,MtCO2eq,AR4,188.2609,190.1517,197.9503,207.6239,217.2808,221.5156,235.8568,239.3019,246.2259,253.9975,265.9923,271.2661,277.1126,291.1605,308.7724,319.1115,336.4092,353.4394,359.414,367.2107,368.0734,376.5875,378.9031,391.4027,398.7311,412.0035,435.0605,455.7832,541.7998769230769,627.8165538461539,713.8332307692308,783.5581745025901,849.7790589447758,912.4958840957873,971.7086499556249,1027.4173565242888,1079.6220038017789,1128.3225917880952,1173.5191204832372,1215.2115898872055,1253.4,1265.342337865311,1277.781815260483,1290.704974459975,1304.0974817916137,1317.943092426938,1332.2518399364676,1347.0424377255401,1362.3129746378654,1378.067272986023,1394.3148885514613,1410.9953013850065,1428.0763403557812,1445.6183661499367,1463.6885081321477,1482.3611421346886,1501.4389412706482,1520.743371689962,1540.3871916137232,1560.4889723634055,1581.1733372554004
,PAK,ABU,unconditional,worst,KYOTOGHG,IPCM0EL,MtCO2eq,AR4,188.2609,190.1517,197.9503,207.6239,217.2808,221.5156,235.8568,239.3019,246.2259,253.9975,265.9923,271.2661,277.1126,291.1605,308.7724,319.1115,336.4092,353.4394,359.414,367.2107,368.0734,376.5875,378.9031,391.4027,398.7311,412.0035,435.0605,455.7832,541.7998769230769,627.8165538461539,713.8332307692308,799.8499076923076,885.8665846153847,971.8832615384616,1057.8999384615383,1143.9166153846154,1229.9332923076922,1315.9499692307693,1401.966646153846,1487.983323076923,1574.0,1588.9969999999996,1604.6183,1620.8470000000002,1637.6651,1655.0522,1673.0209,1691.5947,1710.7712,1730.5552,1750.9587,1771.9057,1793.3557999999996,1815.3848,1838.0770000000002,1861.5258,1885.4834,1909.7256,1934.394,1959.6375,1985.6126
,PAK,ABU,unconditional,best,KYOTOGHG,IPCM0EL,MtCO2eq,AR4,188.2609,190.1517,197.9503,207.6239,217.2808,221.5156,235.8568,239.3019,246.2259,253.9975,265.9923,271.2661,277.1126,291.1605,308.7724,319.1115,336.4092,353.4394,359.414,367.2107,368.0734,376.5875,378.9031,391.4027,398.7311,412.0035,435.0605,455.7832,541.7998769230769,627.8165538461539,713.8332307692308,799.8499076923076,885.8665846153847,971.8832615384616,1057.8999384615383,1143.9166153846154,1229.9332923076922,1315.9499692307693,1401.966646153846,1487.983323076923,1574.0,1588.9969999999996,1604.6183,1620.8470000000002,1637.6651,1655.0522,1673.0209,1691.5947,1710.7712,1730.5552,1750.9587,1771.9057,1793.3557999999996,1815.3848,1838.0770000000002,1861.5258,1885.4834,1909.7256,1934.394,1959.6375,1985.6126
"The target value from 'conditional_best' was used for 'conditional_worst' in 2030.
",PAK,RBU,conditional,worst,KYOTOGHG,IPCM0EL,MtCO2eq,AR4,188.2609,190.1517,197.9503,207.6239,217.2808,221.5156,235.8568,239.3019,246.2259,253.9975,265.9923,271.2661,277.1126,291.1605,308.7724,319.1115,336.4092,353.4394,359.414,367.2107,368.0734,376.5875,378.9031,391.4027,398.7311,412.0035,435.0605,455.7832,541.7998769230769,627.8165538461539,713.8332307692308,783.6046057577377,849.8819079843803,912.6651374491582,971.9542941520717,1027.749378093121,1080.0503892723057,1128.8573276896261,1174.1701933450818,1215.988986238673,1254.3137063704,1266.2647499882123,1278.7132955417856,1291.645875495136,1305.0481457270976,1318.903849567017,1333.2230278997092,1348.0244077722523,1363.3060766351568,1379.071859587401,1395.3313193764277,1412.023891935094,1429.1173826803388,1446.6721963001826,1464.7555110954168,1483.4417571169784,1502.5334636301548,1521.8519666368716,1541.5101065569654,1561.6265411483005,1582.325984575455
,PAK,RBU,conditional,best,KYOTOGHG,IPCM0EL,MtCO2eq,AR4,188.2609,190.1517,197.9503,207.6239,217.2808,221.5156,235.8568,239.3019,246.2259,253.9975,265.9923,271.2661,277.1126,291.1605,308.7724,319.1115,336.4092,353.4394,359.414,367.2107,368.0734,376.5875,378.9031,391.4027,398.7311,412.0035,435.0605,455.7832,541.7998769230769,627.8165538461539,713.8332307692308,783.6046057577377,849.8819079843803,912.6651374491582,971.9542941520717,1027.749378093121,1080.0503892723057,1128.8573276896261,1174.1701933450818,1215.988986238673,1254.3137063704,1266.2647499882123,1278.7132955417856,1291.645875495136,1305.0481457270976,1318.903849567017,1333.2230278997092,1348.0244077722523,1363.3060766351568,1379.071859587401,1395.3313193764277,1412.023891935094,1429.1173826803388,1446.6721963001826,1464.7555110954168,1483.4417571169784,1502.5334636301548,1521.8519666368716,1541.5101065569654,1561.6265411483005,1582.325984575455
,PAK,RBU,unconditional,worst,KYOTOGHG,IPCM0EL,MtCO2eq,AR4,188.2609,190.1517,197.9503,207.6239,217.2808,221.5156,235.8568,239.3019,246.2259,253.9975,265.9923,271.2661,277.1126,291.1605,308.7724,319.1115,336.4092,353.4394,359.414,367.2107,368.0734,376.5875,378.9031,391.4027,398.7311,412.0035,435.0605,455.7832,541.7998769230769,627.8165538461539,713.8332307692308,799.8499076923076,885.8665846153847,971.8832615384616,1057.8999384615383,1143.9166153846154,1229.9332923076922,1315.9499692307693,1401.966646153846,1487.983323076923,1574.0,1588.9969999999996,1604.6183,1620.8470000000002,1637.6651,1655.0522,1673.0209,1691.5947,1710.7712,1730.5552,1750.9587,1771.9057,1793.3557999999996,1815.3848,1838.0770000000002,1861.5258,1885.4834,1909.7256,1934.394,1959.6375,1985.6126
,PAK,RBU,unconditional,best,KYOTOGHG,IPCM0EL,MtCO2eq,AR4,188.2609,190.1517,197.9503,207.6239,217.2808,221.5156,235.8568,239.3019,246.2259,253.9975,265.9923,271.2661,277.1126,291.1605,308.7724,319.1115,336.4092,353.4394,359.414,367.2107,368.0734,376.5875,378.9031,391.4027,398.7311,412.0035,435.0605,455.7832,541.7998769230769,627.8165538461539,713.8332307692308,799.8499076923076,885.8665846153847,971.8832615384616,1057.8999384615383,1143.9166153846154,1229.9332923076922,1315.9499692307693,1401.966646153846,1487.983323076923,1574.0,1588.9969999999996,1604.6183,1620.8470000000002,1637.6651,1655.0522,1673.0209,1691.5947,1710.7712,1730.5552,1750.9587,1771.9057,1793.3557999999996,1815.3848,1838.0770000000002,1861.5258,1885.4834,1909.7256,1934.394,1959.6375,1985.6126
"No targets calculated, so the baseline emissions are put in as target pathways for all un/conditional best/worst pathways.
",PAK,baseline_emissions,conditional,worst,KYOTOGHG,IPCM0EL,MtCO2eq,AR4,188.2609,190.1517,197.9503,207.6239,217.2808,221.5156,235.8568,239.3019,246.2259,253.9975,265.9923,271.2661,277.1126,291.1605,308.7724,319.1115,336.4092,353.4394,359.414,367.2107,368.0734,376.5875,378.9031,391.4027,398.7311,412.0035,435.0605,455.7832,541.7998769230769,627.8165538461539,713.8332307692308,799.8499076923076,885.8665846153847,971.8832615384616,1057.8999384615383,1143.9166153846154,1229.9332923076922,1315.9499692307693,1401.966646153846,1487.983323076923,1574.0,1588.9969999999996,1604.6183,1620.8470000000002,1637.6651,1655.0522,1673.0209,1691.5947,1710.7712,1730.5552,1750.9587,1771.9057,1793.3557999999996,1815.3848,1838.0770000000002,1861.5258,1885.4834,1909.7256,1934.394,1959.6375,1985.6126
"No targets calculated, so the baseline emissions are put in as target pathways for all un/conditional best/worst pathways.
",PAK,baseline_emissions,conditional,best,KYOTOGHG,IPCM0EL,MtCO2eq,AR4,188.2609,190.1517,197.9503,207.6239,217.2808,221.5156,235.8568,239.3019,246.2259,253.9975,265.9923,271.2661,277.1126,291.1605,308.7724,319.1115,336.4092,353.4394,359.414,367.2107,368.0734,376.5875,378.9031,391.4027,398.7311,412.0035,435.0605,455.7832,541.7998769230769,627.8165538461539,713.8332307692308,799.8499076923076,885.8665846153847,971.8832615384616,1057.8999384615383,1143.9166153846154,1229.9332923076922,1315.9499692307693,1401.966646153846,1487.983323076923,1574.0,1588.9969999999996,1604.6183,1620.8470000000002,1637.6651,1655.0522,1673.0209,1691.5947,1710.7712,1730.5552,1750.9587,1771.9057,1793.3557999999996,1815.3848,1838.0770000000002,1861.5258,1885.4834,1909.7256,1934.394,1959.6375,1985.6126
"No targets calculated, so the baseline emissions are put in as target pathways for all un/conditional best/worst pathways.
",PAK,baseline_emissions,unconditional,worst,KYOTOGHG,IPCM0EL,MtCO2eq,AR4,188.2609,190.1517,197.9503,207.6239,217.2808,221.5156,235.8568,239.3019,246.2259,253.9975,265.9923,271.2661,277.1126,291.1605,308.7724,319.1115,336.4092,353.4394,359.414,367.2107,368.0734,376.5875,378.9031,391.4027,398.7311,412.0035,435.0605,455.7832,541.7998769230769,627.8165538461539,713.8332307692308,799.8499076923076,885.8665846153847,971.8832615384616,1057.8999384615383,1143.9166153846154,1229.9332923076922,1315.9499692307693,1401.966646153846,1487.983323076923,1574.0,1588.9969999999996,1604.6183,1620.8470000000002,1637.6651,1655.0522,1673.0209,1691.5947,1710.7712,1730.5552,1750.9587,1771.9057,1793.3557999999996,1815.3848,1838.0770000000002,1861.5258,1885.4834,1909.7256,1934.394,1959.6375,1985.6126
"No targets calculated, so the baseline emissions are put in as target pathways for all un/conditional best/worst pathways.
",PAK,baseline_emissions,unconditional,best,KYOTOGHG,IPCM0EL,MtCO2eq,AR4,188.2609,190.1517,197.9503,207.6239,217.2808,221.5156,235.8568,239.3019,246.2259,253.9975,265.9923,271.2661,277.1126,291.1605,308.7724,319.1115,336.4092,353.4394,359.414,367.2107,368.0734,376.5875,378.9031,391.4027,398.7311,412.0035,435.0605,455.7832,541.7998769230769,627.8165538461539,713.8332307692308,799.8499076923076,885.8665846153847,971.8832615384616,1057.8999384615383,1143.9166153846154,1229.9332923076922,1315.9499692307693,1401.966646153846,1487.983323076923,1574.0,1588.9969999999996,1604.6183,1620.8470000000002,1637.6651,1655.0522,1673.0209,1691.5947,1710.7712,1730.5552,1750.9587,1771.9057,1793.3557999999996,1815.3848,1838.0770000000002,1861.5258,1885.4834,1909.7256,1934.394,1959.6375,1985.6126
,PAK,,emi_bau,emi_bau,KYOTOGHG,IPCM0EL,MtCO2eq,AR4,188.2609,190.1517,197.9503,207.6239,217.2808,221.5156,235.8568,239.3019,246.2259,253.9975,265.9923,271.2661,277.1126,291.1605,308.7724,319.1115,336.4092,353.4394,359.414,367.2107,368.0734,376.5875,378.9031,391.4027,398.7311,412.0035,435.0605,455.7832,541.7998769230769,627.8165538461539,713.8332307692308,799.8499076923076,885.8665846153847,971.8832615384616,1057.8999384615383,1143.9166153846154,1229.9332923076922,1315.9499692307693,1401.966646153846,1487.983323076923,1574.0,1588.9969999999996,1604.6183,1620.8470000000002,1637.6651,1655.0522,1673.0209,1691.5947,1710.7712,1730.5552,1750.9587,1771.9057,1793.3557999999996,1815.3848,1838.0770000000002,1861.5258,1885.4834,1909.7256,1934.394,1959.6375,1985.6126
,PAK,,emi_cov,emi_cov,KYOTOGHG,IPCM0EL,MtCO2eq,AR4,187.9400599381321,189.8571200287872,197.6929901455887,207.4244797355368,217.13034999390237,221.4081899652628,235.74894999692077,239.1981398926695,246.12862501104237,253.8935299333375,265.8819100035924,271.129900003851,276.9487499703224,290.9678399706315,308.54667008434564,318.8509502469225,336.1345198697448,353.15165014000513,359.40868067279996,367.20524031131237,368.0680044120294,376.4553000878875,378.7717100454316,391.2721300162935,398.60134014066483,411.874560208647,434.9323698970845,455.6558901807928,541.5168493361703,627.3391640220589,713.1239546498068,798.8743563550923,884.5932116389278,970.282607710155,1055.9449192751624,1141.5814731943835,1227.195232031423,1312.7864768267873,1398.3565511967338,1483.90512832025,1569.431468148,1584.1334329403337,1599.4607535109412,1615.3976443104261,1631.9279087967973,1649.0319509326046,1666.724599608271,1685.031725313107,1703.9529590193665,1723.4955004338017,1743.6733583169248,1764.4072644072664,1785.6513408339943,1807.4841763657778,1829.9904225142714,1853.2661076414809,1877.0684479906488,1901.177677763028,1925.737639078638,1950.8982986453625,1976.8180040965838
,PAK,,emi_ncov,emi_ncov,KYOTOGHG,IPCM0EL,MtCO2eq,AR4,0.3208400618678896,0.294579971212807,0.2573098544112906,0.19942026446318464,0.1504500060976177,0.10741003473720995,0.10785000307922203,0.10376010733048882,0.09727498895762747,0.1039700666624886,0.11038999640761274,0.13619999614900286,0.16385002967759277,0.192660029368521,0.2257299156543681,0.26054975307749295,0.2746801302551795,0.28774985999482583,0.005319327200033252,0.005459688687580061,0.005395587970630722,0.13219991211249743,0.13138995456844185,0.13056998370648604,0.12975985933520573,0.1289397913529894,0.12813010291545052,0.12730981920717427,0.28302758690660756,0.47738982409500363,0.7092761194239425,0.9755513372152227,1.273372976456876,1.6006538283065945,1.9550191863758484,2.3351421902317804,2.7380602762691786,3.1634924039819095,3.6100949571124223,4.078194756673023,4.568531851999961,4.863567059665889,5.157546489058754,5.449355689574016,5.737191203202546,6.020249067395628,6.296300391728911,6.562974686893033,6.818240980633482,7.059699566198381,7.285341683075014,7.4984355927335695,7.704459166005381,7.900623634222304,8.086577485728974,8.259692358519043,8.414952009351317,8.547922236971914,8.656360921361987,8.73920135463746,8.794595903416084
,PAK,,pc_cov,pc_cov,KYOTOGHG,IPCM0EL,MtCO2eq/MtCO2eq,AR4,0.998295769,0.998450816,0.998700129,0.9990395120000001,0.9993075779999999,0.999515113,0.9995427309999999,0.999566405,0.9996049359999999,0.999590665,0.999584988,0.99949791,0.999408724,0.9993383029999999,0.9992689440000001,0.999183515,0.9991834940000001,0.9991858579999999,0.9999851999999999,0.999985132,0.9999853409999999,0.999648953,0.9996532359999999,0.999666405,0.999674568,0.999687042,0.9997054890000001,0.9997206790000001,0.999477616,0.9992396029999999,0.9990063840000001,0.998780332,0.998562568,0.998353039,0.9981519809999999,0.9979586429999999,0.9977738140000001,0.997596039,0.997424978,0.997259247,0.997097502,0.9969392220000001,0.996785811,0.996637958,0.996496725,0.996362502,0.9962365679999999,0.9961202440000001,0.9960145220000001,0.995920558,0.995839227,0.995768152,0.995703887,0.995647962,0.995600523,0.995562945,0.995536979,0.995524005,0.995525027,0.995540399,0.99557084
,PAN,,pop,pop,POP,DEMOGR,Pers,,2470947.0,2523118.0,2575954.0,2629580.0,2684116.0,2739668.0,2796291.0,2853913.0,2912316.0,2971196.0,3030328.0,3089648.0,3149188.0,3209048.0,3269356.0,3330217.0,3391666.0,3453675.0,3516204.0,3579215.0,3642687.0,3706483.0,3770626.0,3835435.0,3901314.0,3968487.0,4037078.0,4106769.0,4160691.6328,4221552.4027,4282545.7149,4343991.9742,4406173.6891,4469047.6846,4532571.3689,4596702.9504,4661298.6101,4725981.9544,4790363.2159,4854052.9187,4916661.957,4978370.2267,5039627.037,5100447.2962,5160845.3801,5220835.1446,5280436.4766,5339681.8871,5398603.4904,5457233.0165,5515601.8234,5573723.9622,5631607.6814,5689275.3318,5746749.241,5804051.728999998,5861108.377,5917786.7957,5974023.0052,6029753.8996,6084917.2428
,PAN,,gdp,gdp,GDPPPP,ECO,2011GKD,,15104636718.75,16775349609.375,18377207031.25,19466560546.875,19863849609.375,19655363281.25,20571970703.125,22808095703.125,24728554687.5,25769511718.75,26864183593.75,27962658203.125,29497431640.625,32821027343.75,34716296875.0,39720191406.25,43211050781.25,41280285156.25,45917566406.25,49964839843.75,53530406250.0,60942011718.75,65644781250.0,70699414062.5,74370046875.0,79671679687.5,83260453125.0,88956109375.0,93884221034.4764,98774271020.2279,103673267523.6498,108653722196.3384,113721766286.5253,118839117853.8871,123967896386.9867,129070468677.544,134114231727.9112,139088693329.0484,143989586342.1451,148812766131.9249,153554193061.03198,158201728498.588,162757725955.5363,167239664338.107,171664663315.3549,176049508494.7864,180391374438.1525,184695381067.3724,188990335520.5085,193305468493.6815,197670420238.424,202061559177.8831,206437661881.9618,210802433383.8452,215159755219.3944,219513675886.6806,223870727448.0544,228234416304.188,232604366757.6587,236980193325.4652,241361496349.2804
"No targets calculated, so the baseline emissions are put in as target pathways for all un/conditional best/worst pathways.
",PAN,baseline_emissions,conditional,worst,KYOTOGHG,IPCM0EL,MtCO2eq,AR4,6.6225,7.126,8.2663,8.0031,8.3985,7.0488,8.747,9.5741,9.9856,9.6511,9.738,11.3666,10.2365,10.4867,10.0739,11.2496,11.8319,11.5457,11.8643,13.1651,13.8061,14.8387,14.8694,15.5047,13.3809,15.2412,15.6519,15.5658,16.0072,16.832,17.6786,18.5574,19.4632,20.3901,21.331999999999997,22.2825,23.236,24.1898,25.1428,26.0933,27.04,27.9822,28.9219,29.8609,30.8012,31.7445,32.6885,33.6325,34.5802,35.5358,36.5034,37.4794,38.4582,39.441,40.4292,41.424,42.4267,43.438,44.4581,45.4875,46.5264
"No targets calculated, so the baseline emissions are put in as target pathways for all un/conditional best/worst pathways.
",PAN,baseline_emissions,conditional,best,KYOTOGHG,IPCM0EL,MtCO2eq,AR4,6.6225,7.126,8.2663,8.0031,8.3985,7.0488,8.747,9.5741,9.9856,9.6511,9.738,11.3666,10.2365,10.4867,10.0739,11.2496,11.8319,11.5457,11.8643,13.1651,13.8061,14.8387,14.8694,15.5047,13.3809,15.2412,15.6519,15.5658,16.0072,16.832,17.6786,18.5574,19.4632,20.3901,21.331999999999997,22.2825,23.236,24.1898,25.1428,26.0933,27.04,27.9822,28.9219,29.8609,30.8012,31.7445,32.6885,33.6325,34.5802,35.5358,36.5034,37.4794,38.4582,39.441,40.4292,41.424,42.4267,43.438,44.4581,45.4875,46.5264
"No targets calculated, so the baseline emissions are put in as target pathways for all un/conditional best/worst pathways.
",PAN,baseline_emissions,unconditional,worst,KYOTOGHG,IPCM0EL,MtCO2eq,AR4,6.6225,7.126,8.2663,8.0031,8.3985,7.0488,8.747,9.5741,9.9856,9.6511,9.738,11.3666,10.2365,10.4867,10.0739,11.2496,11.8319,11.5457,11.8643,13.1651,13.8061,14.8387,14.8694,15.5047,13.3809,15.2412,15.6519,15.5658,16.0072,16.832,17.6786,18.5574,19.4632,20.3901,21.331999999999997,22.2825,23.236,24.1898,25.1428,26.0933,27.04,27.9822,28.9219,29.8609,30.8012,31.7445,32.6885,33.6325,34.5802,35.5358,36.5034,37.4794,38.4582,39.441,40.4292,41.424,42.4267,43.438,44.4581,45.4875,46.5264
"No targets calculated, so the baseline emissions are put in as target pathways for all un/conditional best/worst pathways.
",PAN,baseline_emissions,unconditional,best,KYOTOGHG,IPCM0EL,MtCO2eq,AR4,6.6225,7.126,8.2663,8.0031,8.3985,7.0488,8.747,9.5741,9.9856,9.6511,9.738,11.3666,10.2365,10.4867,10.0739,11.2496,11.8319,11.5457,11.8643,13.1651,13.8061,14.8387,14.8694,15.5047,13.3809,15.2412,15.6519,15.5658,16.0072,16.832,17.6786,18.5574,19.4632,20.3901,21.331999999999997,22.2825,23.236,24.1898,25.1428,26.0933,27.04,27.9822,28.9219,29.8609,30.8012,31.7445,32.6885,33.6325,34.5802,35.5358,36.5034,37.4794,38.4582,39.441,40.4292,41.424,42.4267,43.438,44.4581,45.4875,46.5264
,PAN,,emi_bau,emi_bau,KYOTOGHG,IPCM0EL,MtCO2eq,AR4,6.6225,7.126,8.2663,8.0031,8.3985,7.0488,8.747,9.5741,9.9856,9.6511,9.738,11.3666,10.2365,10.4867,10.0739,11.2496,11.8319,11.5457,11.8643,13.1651,13.8061,14.8387,14.8694,15.5047,13.3809,15.2412,15.6519,15.5658,16.0072,16.832,17.6786,18.5574,19.4632,20.3901,21.331999999999997,22.2825,23.236,24.1898,25.1428,26.0933,27.04,27.9822,28.9219,29.8609,30.8012,31.7445,32.6885,33.6325,34.5802,35.5358,36.5034,37.4794,38.4582,39.441,40.4292,41.424,42.4267,43.438,44.4581,45.4875,46.5264
,PAN,,emi_cov,emi_cov,KYOTOGHG,IPCM0EL,MtCO2eq,AR4,2.6143971924674996,3.0909825249800003,4.117659433245399,3.6557344403769,4.02970057809,2.676714061032,4.301003368263,5.2947291084041,5.5770840576384,5.2910579242815,5.31673498125,6.596417908605,5.4963788885375005,5.7091024556678,5.2800305575643,6.3140692017791995,6.845666389489999,6.6734206499468005,6.4533823342905,7.762409026671,8.415128739117101,9.2180844230406,8.9614287598108,9.5370955983731,7.7074265801754,9.6959334983004,10.115122406607899,10.039254159074998,10.3081616422752,11.09503363584,11.902703159696598,12.7410919623672,13.6052392067056,14.489516172145798,15.388103378091998,16.2948951128625,17.20454887602,18.1144888656744,19.023665644298,19.9304573577223,20.83362382816,21.732497240641198,22.6289855960182,23.5248061672488,24.421866937039198,25.321789751992497,26.222380394710495,27.122971026607498,28.027091509551195,28.938748697731402,29.861854118575803,30.792973245949604,31.726763608630197,32.664370041510004,33.607128155672406,34.556182773168004,35.512774115411,36.477569984302,37.4507612120205,38.4328247476875,39.42395144364961
,PAN,,emi_ncov,emi_ncov,KYOTOGHG,IPCM0EL,MtCO2eq,AR4,4.0081028075325005,4.03501747502,4.1486405667546,4.3473655596231,4.3687994219099995,4.372085938968,4.445996631737,4.2793708915958995,4.4085159423616,4.3600420757185,4.42126501875,4.770182091395,4.740121111462499,4.777597544332201,4.7938694424357005,4.9355307982208,4.98623361051,4.8722793500532,5.4109176657095,5.402690973329,5.390971260882901,5.6206155769594,5.9079712401892,5.967604401626901,5.6734734198246,5.545266501699598,5.5367775933921,5.526545840925,5.699038357724801,5.736966364160001,5.7758968403034014,5.8163080376328,5.857960793294401,5.900583827854202,5.943896621908,5.9876048871375005,6.03145112398,6.075311134325601,6.119134355702001,6.162842642277701,6.206376171839999,6.249702759358802,6.292914403981801,6.336093832751198,6.379333062960803,6.422710248007501,6.466119605289501,6.509528973392502,6.553108490448803,6.597051302268602,6.641545881424197,6.686426754050396,6.731436391369801,6.77662995849,6.822071844327598,6.867817226831998,6.9139258845889975,6.960430015698,7.007338787979499,7.0546752523124985,7.1024485563503985
,PAN,,pc_cov,pc_cov,KYOTOGHG,IPCM0EL,MtCO2eq/MtCO2eq,AR4,0.394774963,0.43376123,0.498126058,0.456789799,0.47981194,0.37974039,0.491711829,0.553026301,0.558512664,0.548233665,0.545978125,0.580333425,0.536939275,0.544413634,0.524129737,0.561270552,0.5785771,0.578000524,0.543932835,0.58962021,0.609522511,0.621219138,0.602675882,0.6151099729999999,0.576002106,0.6361660170000001,0.646255241,0.644955875,0.643970316,0.65916312,0.6732831309999999,0.686577428,0.6990237579999999,0.7106152579999999,0.721362431,0.731286665,0.740426445,0.748848228,0.756624785,0.763815131,0.770474254,0.7766543459999999,0.782416978,0.7878130320000001,0.7928868659999999,0.797674865,0.8021897729999999,0.8064512309999999,0.8104953559999999,0.814354783,0.8180567870000001,0.8215972840000001,0.824967461,0.82818311,0.831258797,0.834206807,0.83703833,0.839761729,0.842383305,0.844909585,0.847345839
,PCN,,pop,pop,POP,DEMOGR,Pers,,,,,,,,,,,,,,,,,,,,,,,,,,,,,,,,,,,,,,,,,,,,,,,,,,,,,,,,,,,,,,
,PCN,,gdp,gdp,GDPPPP,ECO,2011GKD,,,,,,,,,,,,,,,,,,,,,,,,,,,,,,,,,,,,,,,,,,,,,,,,,,,,,,,,,,,,,,
"No targets calculated, so the baseline emissions are put in as target pathways for all un/conditional best/worst pathways.
",PCN,baseline_emissions,conditional,worst,KYOTOGHG,IPCM0EL,MtCO2eq,AR4,2.6232e-05,2.6185e-05,2.603900000000001e-05,2.5995e-05,2.595e-05,2.5904e-05,2.5855999999999998e-05,2.5905e-05,2.5953e-05,2.5999e-05,2.5949000000000002e-05,2.5891e-05,2.5926999999999998e-05,2.5959e-05,2.59e-05,2.5841e-05,2.578400000000001e-05,2.5728e-05,2.5671e-05,2.5614000000000002e-05,2.5558e-05,2.5637e-05,2.5611999999999998e-05,2.5586999999999997e-05,2.5561999999999997e-05,2.5538000000000002e-05,2.5513e-05,2.5488e-05,2.555e-05,2.555e-05,2.555e-05,2.555e-05,2.555e-05,2.555e-05,2.555e-05,2.555e-05,2.555e-05,2.555e-05,2.555e-05,2.555e-05,2.555e-05,2.555e-05,2.555e-05,2.555e-05,2.555e-05,2.555e-05,2.555e-05,2.555e-05,2.555e-05,2.555e-05,2.555e-05,2.555e-05,2.555e-05,2.555e-05,2.555e-05,2.555e-05,2.555e-05,2.555e-05,2.555e-05,2.555e-05,2.555e-05
"No targets calculated, so the baseline emissions are put in as target pathways for all un/conditional best/worst pathways.
",PCN,baseline_emissions,conditional,best,KYOTOGHG,IPCM0EL,MtCO2eq,AR4,2.6232e-05,2.6185e-05,2.603900000000001e-05,2.5995e-05,2.595e-05,2.5904e-05,2.5855999999999998e-05,2.5905e-05,2.5953e-05,2.5999e-05,2.5949000000000002e-05,2.5891e-05,2.5926999999999998e-05,2.5959e-05,2.59e-05,2.5841e-05,2.578400000000001e-05,2.5728e-05,2.5671e-05,2.5614000000000002e-05,2.5558e-05,2.5637e-05,2.5611999999999998e-05,2.5586999999999997e-05,2.5561999999999997e-05,2.5538000000000002e-05,2.5513e-05,2.5488e-05,2.555e-05,2.555e-05,2.555e-05,2.555e-05,2.555e-05,2.555e-05,2.555e-05,2.555e-05,2.555e-05,2.555e-05,2.555e-05,2.555e-05,2.555e-05,2.555e-05,2.555e-05,2.555e-05,2.555e-05,2.555e-05,2.555e-05,2.555e-05,2.555e-05,2.555e-05,2.555e-05,2.555e-05,2.555e-05,2.555e-05,2.555e-05,2.555e-05,2.555e-05,2.555e-05,2.555e-05,2.555e-05,2.555e-05
"No targets calculated, so the baseline emissions are put in as target pathways for all un/conditional best/worst pathways.
",PCN,baseline_emissions,unconditional,worst,KYOTOGHG,IPCM0EL,MtCO2eq,AR4,2.6232e-05,2.6185e-05,2.603900000000001e-05,2.5995e-05,2.595e-05,2.5904e-05,2.5855999999999998e-05,2.5905e-05,2.5953e-05,2.5999e-05,2.5949000000000002e-05,2.5891e-05,2.5926999999999998e-05,2.5959e-05,2.59e-05,2.5841e-05,2.578400000000001e-05,2.5728e-05,2.5671e-05,2.5614000000000002e-05,2.5558e-05,2.5637e-05,2.5611999999999998e-05,2.5586999999999997e-05,2.5561999999999997e-05,2.5538000000000002e-05,2.5513e-05,2.5488e-05,2.555e-05,2.555e-05,2.555e-05,2.555e-05,2.555e-05,2.555e-05,2.555e-05,2.555e-05,2.555e-05,2.555e-05,2.555e-05,2.555e-05,2.555e-05,2.555e-05,2.555e-05,2.555e-05,2.555e-05,2.555e-05,2.555e-05,2.555e-05,2.555e-05,2.555e-05,2.555e-05,2.555e-05,2.555e-05,2.555e-05,2.555e-05,2.555e-05,2.555e-05,2.555e-05,2.555e-05,2.555e-05,2.555e-05
"No targets calculated, so the baseline emissions are put in as target pathways for all un/conditional best/worst pathways.
",PCN,baseline_emissions,unconditional,best,KYOTOGHG,IPCM0EL,MtCO2eq,AR4,2.6232e-05,2.6185e-05,2.603900000000001e-05,2.5995e-05,2.595e-05,2.5904e-05,2.5855999999999998e-05,2.5905e-05,2.5953e-05,2.5999e-05,2.5949000000000002e-05,2.5891e-05,2.5926999999999998e-05,2.5959e-05,2.59e-05,2.5841e-05,2.578400000000001e-05,2.5728e-05,2.5671e-05,2.5614000000000002e-05,2.5558e-05,2.5637e-05,2.5611999999999998e-05,2.5586999999999997e-05,2.5561999999999997e-05,2.5538000000000002e-05,2.5513e-05,2.5488e-05,2.555e-05,2.555e-05,2.555e-05,2.555e-05,2.555e-05,2.555e-05,2.555e-05,2.555e-05,2.555e-05,2.555e-05,2.555e-05,2.555e-05,2.555e-05,2.555e-05,2.555e-05,2.555e-05,2.555e-05,2.555e-05,2.555e-05,2.555e-05,2.555e-05,2.555e-05,2.555e-05,2.555e-05,2.555e-05,2.555e-05,2.555e-05,2.555e-05,2.555e-05,2.555e-05,2.555e-05,2.555e-05,2.555e-05
,PCN,,emi_bau,emi_bau,KYOTOGHG,IPCM0EL,MtCO2eq,AR4,2.6232e-05,2.6185e-05,2.603900000000001e-05,2.5995e-05,2.595e-05,2.5904e-05,2.5855999999999998e-05,2.5905e-05,2.5953e-05,2.5999e-05,2.5949000000000002e-05,2.5891e-05,2.5926999999999998e-05,2.5959e-05,2.59e-05,2.5841e-05,2.578400000000001e-05,2.5728e-05,2.5671e-05,2.5614000000000002e-05,2.5558e-05,2.5637e-05,2.5611999999999998e-05,2.5586999999999997e-05,2.5561999999999997e-05,2.5538000000000002e-05,2.5513e-05,2.5488e-05,2.555e-05,2.555e-05,2.555e-05,2.555e-05,2.555e-05,2.555e-05,2.555e-05,2.555e-05,2.555e-05,2.555e-05,2.555e-05,2.555e-05,2.555e-05,2.555e-05,2.555e-05,2.555e-05,2.555e-05,2.555e-05,2.555e-05,2.555e-05,2.555e-05,2.555e-05,2.555e-05,2.555e-05,2.555e-05,2.555e-05,2.555e-05,2.555e-05,2.555e-05,2.555e-05,2.555e-05,2.555e-05,2.555e-05
,PCN,,emi_cov,emi_cov,KYOTOGHG,IPCM0EL,MtCO2eq,AR4,0.0,0.0,0.0,0.0,0.0,0.0,0.0,0.0,0.0,0.0,0.0,0.0,0.0,0.0,0.0,0.0,0.0,0.0,0.0,0.0,0.0,0.0,0.0,0.0,0.0,0.0,0.0,0.0,0.0,0.0,0.0,0.0,0.0,0.0,0.0,0.0,0.0,0.0,0.0,0.0,0.0,0.0,0.0,0.0,0.0,0.0,0.0,0.0,0.0,0.0,0.0,0.0,0.0,0.0,0.0,0.0,0.0,0.0,0.0,0.0,0.0
,PCN,,emi_ncov,emi_ncov,KYOTOGHG,IPCM0EL,MtCO2eq,AR4,2.6232e-05,2.6185e-05,2.603900000000001e-05,2.5995e-05,2.595e-05,2.5904e-05,2.5855999999999998e-05,2.5905e-05,2.5953e-05,2.5999e-05,2.5949000000000002e-05,2.5891e-05,2.5926999999999998e-05,2.5959e-05,2.59e-05,2.5841e-05,2.578400000000001e-05,2.5728e-05,2.5671e-05,2.5614000000000002e-05,2.5558e-05,2.5637e-05,2.5611999999999998e-05,2.5586999999999997e-05,2.5561999999999997e-05,2.5538000000000002e-05,2.5513e-05,2.5488e-05,2.555e-05,2.555e-05,2.555e-05,2.555e-05,2.555e-05,2.555e-05,2.555e-05,2.555e-05,2.555e-05,2.555e-05,2.555e-05,2.555e-05,2.555e-05,2.555e-05,2.555e-05,2.555e-05,2.555e-05,2.555e-05,2.555e-05,2.555e-05,2.555e-05,2.555e-05,2.555e-05,2.555e-05,2.555e-05,2.555e-05,2.555e-05,2.555e-05,2.555e-05,2.555e-05,2.555e-05,2.555e-05,2.555e-05
,PCN,,pc_cov,pc_cov,KYOTOGHG,IPCM0EL,MtCO2eq/MtCO2eq,AR4,0.0,0.0,0.0,0.0,0.0,0.0,0.0,0.0,0.0,0.0,0.0,0.0,0.0,0.0,0.0,0.0,0.0,0.0,0.0,0.0,0.0,0.0,0.0,0.0,0.0,0.0,0.0,0.0,0.0,0.0,0.0,0.0,0.0,0.0,0.0,0.0,0.0,0.0,0.0,0.0,0.0,0.0,0.0,0.0,0.0,0.0,0.0,0.0,0.0,0.0,0.0,0.0,0.0,0.0,0.0,0.0,0.0,0.0,0.0,0.0,0.0
,PER,,pop,pop,POP,DEMOGR,Pers,,22071433.0,22522378.0,22966818.0,23408131.0,23851408.0,24299160.0,24753824.0,25210954.0,25658062.0,26078293.0,26459944.0,26799285.0,27100968.0,27372226.0,27624213.0,27866145.0,28102056.0,28333052.0,28562317.0,28792655.0,29027674.0,29264318.0,29506788.0,29773987.0,30090359.0,30470734.0,30926032.0,31444298.0,31491556.1512,31846919.5383,32205522.7055,32571688.4032,32947595.2726,33330149.3832,33716255.185,34102814.1519,34488385.2789,34872039.4651,35251441.3341,35624253.6771,35988137.7248,36345088.0662,36698183.0557,37046706.8465,37389941.2365,37727165.6021,38058804.1803,38385830.0473,38708343.9949,39026446.8016,39340239.3576,39650232.094,39956713.0872,40259450.6145,40558214.0561,40852773.9945,41142332.4173,41426383.1083,41705135.2019,41978797.3676,42247577.5821
,PER,,gdp,gdp,GDPPPP,ECO,2011GKD,,75142335937.5,78412492187.5,79985210937.5,85558304687.5,99858179687.5,112060960937.5,117238921875.0,125700296875.0,122851976562.5,123339476562.5,127289679687.5,128426609375.0,137790562500.0,146388281250.0,159036218750.0,177591640625.0,204654937500.0,225464734375.0,241889500000.0,246084875000.0,279364375000.0,308707312500.0,323116000000.0,334387937500.0,341244562500.0,346595843750.0,360518718750.0,377724843750.0,405974270806.9822,427486401067.4703,448681078548.7526,469903938482.4294,491525175693.8841,513334496854.384,535123393654.5587,556684204168.6292,577938523819.5659,598877580919.3219,619398480959.843,639398636255.7128,658775728598.6971,677428111421.9592,695444087937.7697,713005740797.7678,730294339194.5647,747490315943.3359,764602028722.9838,781579295498.6024,798515078640.8611,815503666726.2478,832640611236.7529,849797689487.7367,866820907022.095,883768556043.4271,900699479003.8054,917673032595.1638,934703798521.546,951777782153.3055,968911851302.4464,986122865423.6124,1003427668283.108
"The target value from 'conditional_best' was used for 'conditional_worst' in 2030.
",PER,ABS,conditional,worst,KYOTOGHG,IPCM0EL,MtCO2eq,AR4,53.5792,54.621,54.1368,63.14,60.3452,61.6921,67.0578,70.4809,66.8297,67.0164,69.2508,66.8148,67.4599,68.3914,76.6974,82.2794,78.3824,84.697,82.1533,93.7086,100.5543,92.959,97.3734,99.5078,103.6377,109.5374,113.7114,111.1252,113.7009284482842,116.27665689656837,118.85238534485258,113.62637927448226,108.06939302303304,102.18142659050497,95.96247997689801,89.4125531822122,82.53164620644753,75.31975904960396,67.77689171168151,59.903044192680234,51.69821649260004,53.34472675821383,54.945119292312896,56.5143376699152,58.066932214064515,59.617381747445705,61.16275475534231,62.69490019683551,64.21985985225547,65.74389000300924,67.27321118032438,68.79827808628275,70.30979567422244,71.81409172590946,73.31763702382761,74.82675934974291,76.34245970868045,77.86287909130787,79.38984075677807,80.92531096496187,82.4710057244737
,PER,ABS,conditional,best,KYOTOGHG,IPCM0EL,MtCO2eq,AR4,53.5792,54.621,54.1368,63.14,60.3452,61.6921,67.0578,70.4809,66.8297,67.0164,69.2508,66.8148,67.4599,68.3914,76.6974,82.2794,78.3824,84.697,82.1533,93.7086,100.5543,92.959,97.3734,99.5078,103.6377,109.5374,113.7114,111.1252,113.7009284482842,116.27665689656837,118.85238534485258,113.62637927448226,108.06939302303304,102.18142659050497,95.96247997689801,89.4125531822122,82.53164620644753,75.31975904960396,67.77689171168151,59.903044192680234,51.69821649260004,53.34472675821383,54.945119292312896,56.5143376699152,58.066932214064515,59.617381747445705,61.16275475534231,62.69490019683551,64.21985985225547,65.74389000300924,67.27321118032438,68.79827808628275,70.30979567422244,71.81409172590946,73.31763702382761,74.82675934974291,76.34245970868045,77.86287909130787,79.38984075677807,80.92531096496187,82.4710057244737
"The target value from 'unconditional_best' was used for 'unconditional_worst' in 2030.
",PER,ABS,unconditional,worst,KYOTOGHG,IPCM0EL,MtCO2eq,AR4,53.5792,54.621,54.1368,63.14,60.3452,61.6921,67.0578,70.4809,66.8297,67.0164,69.2508,66.8148,67.4599,68.3914,76.6974,82.2794,78.3824,84.697,82.1533,93.7086,100.5543,92.959,97.3734,99.5078,103.6377,109.5374,113.7114,111.1252,113.7009284482842,116.27665689656837,118.85238534485258,116.22405177343092,113.37494147787058,110.30505445817163,107.01439071433401,103.50295024635777,99.77073305424287,95.81773913798934,91.64396849759714,87.24942113306633,82.63409704439685,85.26586847296828,87.82392561582542,90.332154187254,92.81381133011114,95.29203990153972,97.76215418725397,100.21112561582542,102.64861133011115,105.08461133011114,107.52906847296828,109.96672561582544,112.38272561582542,114.78718275868258,117.1904399015397,119.60261133011115,122.02529704439686,124.45552561582542,126.89621133011111,129.35049704439686,131.82112561582542
,PER,ABS,unconditional,best,KYOTOGHG,IPCM0EL,MtCO2eq,AR4,53.5792,54.621,54.1368,63.14,60.3452,61.6921,67.0578,70.4809,66.8297,67.0164,69.2508,66.8148,67.4599,68.3914,76.6974,82.2794,78.3824,84.697,82.1533,93.7086,100.5543,92.959,97.3734,99.5078,103.6377,109.5374,113.7114,111.1252,113.7009284482842,116.27665689656837,118.85238534485258,116.22405177343092,113.37494147787058,110.30505445817163,107.01439071433401,103.50295024635777,99.77073305424287,95.81773913798934,91.64396849759714,87.24942113306633,82.63409704439685,85.26586847296828,87.82392561582542,90.332154187254,92.81381133011114,95.29203990153972,97.76215418725397,100.21112561582542,102.64861133011115,105.08461133011114,107.52906847296828,109.96672561582544,112.38272561582542,114.78718275868258,117.1904399015397,119.60261133011115,122.02529704439686,124.45552561582542,126.89621133011111,129.35049704439686,131.82112561582542
"The target value from 'conditional_best' was used for 'conditional_worst' in 2030.
",PER,ABU,conditional,worst,KYOTOGHG,IPCM0EL,MtCO2eq,AR4,53.5792,54.621,54.1368,63.14,60.3452,61.6921,67.0578,70.4809,66.8297,67.0164,69.2508,66.8148,67.4599,68.3914,76.6974,82.2794,78.3824,84.697,82.1533,93.7086,100.5543,92.959,97.3734,99.5078,103.6377,109.5374,113.7114,111.1252,113.7009284482842,116.27665689656837,118.85238534485258,113.62637927448225,108.06939302303304,102.18142659050496,95.96247997689801,89.41255318221219,82.5316462064475,75.31975904960393,67.77689171168149,59.903044192680184,51.69821649260001,53.344726758213795,54.94511929231286,56.514337669915164,58.06693221406447,59.61738174744567,61.16275475534228,62.69490019683547,64.21985985225542,65.7438900030092,67.27321118032434,68.7982780862827,70.3097956742224,71.81409172590942,73.31763702382757,74.82675934974286,76.34245970868041,77.86287909130782,79.38984075677801,80.92531096496181,82.47100572447366
,PER,ABU,conditional,best,KYOTOGHG,IPCM0EL,MtCO2eq,AR4,53.5792,54.621,54.1368,63.14,60.3452,61.6921,67.0578,70.4809,66.8297,67.0164,69.2508,66.8148,67.4599,68.3914,76.6974,82.2794,78.3824,84.697,82.1533,93.7086,100.5543,92.959,97.3734,99.5078,103.6377,109.5374,113.7114,111.1252,113.7009284482842,116.27665689656837,118.85238534485258,113.62637927448225,108.06939302303304,102.18142659050496,95.96247997689801,89.41255318221219,82.5316462064475,75.31975904960393,67.77689171168149,59.903044192680184,51.69821649260001,53.344726758213795,54.94511929231286,56.514337669915164,58.06693221406447,59.61738174744567,61.16275475534228,62.69490019683547,64.21985985225542,65.7438900030092,67.27321118032434,68.7982780862827,70.3097956742224,71.81409172590942,73.31763702382757,74.82675934974286,76.34245970868041,77.86287909130782,79.38984075677801,80.92531096496181,82.47100572447366
"The target value from 'unconditional_best' was used for 'unconditional_worst' in 2030.
",PER,ABU,unconditional,worst,KYOTOGHG,IPCM0EL,MtCO2eq,AR4,53.5792,54.621,54.1368,63.14,60.3452,61.6921,67.0578,70.4809,66.8297,67.0164,69.2508,66.8148,67.4599,68.3914,76.6974,82.2794,78.3824,84.697,82.1533,93.7086,100.5543,92.959,97.3734,99.5078,103.6377,109.5374,113.7114,111.1252,113.7009284482842,116.27665689656837,118.85238534485258,116.22405177343092,113.37494147787058,110.30505445817163,107.01439071433401,103.50295024635777,99.77073305424287,95.81773913798934,91.64396849759714,87.24942113306633,82.63409704439685,85.26586847296828,87.82392561582542,90.332154187254,92.81381133011114,95.29203990153972,97.76215418725397,100.21112561582542,102.64861133011115,105.08461133011114,107.52906847296828,109.96672561582544,112.38272561582542,114.78718275868258,117.1904399015397,119.60261133011115,122.02529704439686,124.45552561582542,126.89621133011111,129.35049704439686,131.82112561582542
,PER,ABU,unconditional,best,KYOTOGHG,IPCM0EL,MtCO2eq,AR4,53.5792,54.621,54.1368,63.14,60.3452,61.6921,67.0578,70.4809,66.8297,67.0164,69.2508,66.8148,67.4599,68.3914,76.6974,82.2794,78.3824,84.697,82.1533,93.7086,100.5543,92.959,97.3734,99.5078,103.6377,109.5374,113.7114,111.1252,113.7009284482842,116.27665689656837,118.85238534485258,116.22405177343092,113.37494147787058,110.30505445817163,107.01439071433401,103.50295024635777,99.77073305424287,95.81773913798934,91.64396849759714,87.24942113306633,82.63409704439685,85.26586847296828,87.82392561582542,90.332154187254,92.81381133011114,95.29203990153972,97.76215418725397,100.21112561582542,102.64861133011115,105.08461133011114,107.52906847296828,109.96672561582544,112.38272561582542,114.78718275868258,117.1904399015397,119.60261133011115,122.02529704439686,124.45552561582542,126.89621133011111,129.35049704439686,131.82112561582542
"The target value from 'conditional_best' was used for 'conditional_worst' in 2030.
",PER,RBU,conditional,worst,KYOTOGHG,IPCM0EL,MtCO2eq,AR4,53.5792,54.621,54.1368,63.14,60.3452,61.6921,67.0578,70.4809,66.8297,67.0164,69.2508,66.8148,67.4599,68.3914,76.6974,82.2794,78.3824,84.697,82.1533,93.7086,100.5543,92.959,97.3734,99.5078,103.6377,109.5374,113.7114,111.1252,113.7009284482842,116.27665689656837,118.85238534485258,113.67707870323069,108.17294274916914,102.33997748266793,96.1781829037271,89.68755901234663,82.86810580852651,75.71982329226674,68.2427114635673,60.43677032242826,52.30199986884954,53.967739724856344,55.58682324044605,57.17436851662207,58.74509580962447,60.313653040281906,61.87707445672286,63.427113822036475,64.9698834784944,66.51171277460281,68.05889489116218,69.60177305073735,71.13094364983338,72.652808372368,74.17391357308186,75.70066093589267,77.23406315656142,78.77223951438913,80.317034562369,81.87043752431734,83.43418445011007
,PER,RBU,conditional,best,KYOTOGHG,IPCM0EL,MtCO2eq,AR4,53.5792,54.621,54.1368,63.14,60.3452,61.6921,67.0578,70.4809,66.8297,67.0164,69.2508,66.8148,67.4599,68.3914,76.6974,82.2794,78.3824,84.697,82.1533,93.7086,100.5543,92.959,97.3734,99.5078,103.6377,109.5374,113.7114,111.1252,113.7009284482842,116.27665689656837,118.85238534485258,113.67707870323069,108.17294274916914,102.33997748266793,96.1781829037271,89.68755901234663,82.86810580852651,75.71982329226674,68.2427114635673,60.43677032242826,52.30199986884954,53.967739724856344,55.58682324044605,57.17436851662207,58.74509580962447,60.313653040281906,61.87707445672286,63.427113822036475,64.9698834784944,66.51171277460281,68.05889489116218,69.60177305073735,71.13094364983338,72.652808372368,74.17391357308186,75.70066093589267,77.23406315656142,78.77223951438913,80.317034562369,81.87043752431734,83.43418445011007
"The target value from 'unconditional_best' was used for 'unconditional_worst' in 2030.
",PER,RBU,unconditional,worst,KYOTOGHG,IPCM0EL,MtCO2eq,AR4,53.5792,54.621,54.1368,63.14,60.3452,61.6921,67.0578,70.4809,66.8297,67.0164,69.2508,66.8148,67.4599,68.3914,76.6974,82.2794,78.3824,84.697,82.1533,93.7086,100.5543,92.959,97.3734,99.5078,103.6377,109.5374,113.7114,111.1252,113.7009284482842,116.27665689656837,118.85238534485258,116.26075706653272,113.44990924658642,110.41984188501367,107.1705549818145,103.70204853698893,100.01432255053692,96.10737702245848,91.98121195275358,87.63582734142229,83.07122318846453,85.7169164258024,88.28850543619554,90.81000228697955,93.30478714898116,95.79612530275278,98.27930624704673,100.74123249058916,103.1916122615611,105.64049845896673,108.09788653667297,110.54843864305641,112.97721904245377,115.39439552414352,117.81036565795274,120.23529723315997,122.67079871360579,125.1138829521576,127.56747965081084,130.03474829210975,132.51844624263822
,PER,RBU,unconditional,best,KYOTOGHG,IPCM0EL,MtCO2eq,AR4,53.5792,54.621,54.1368,63.14,60.3452,61.6921,67.0578,70.4809,66.8297,67.0164,69.2508,66.8148,67.4599,68.3914,76.6974,82.2794,78.3824,84.697,82.1533,93.7086,100.5543,92.959,97.3734,99.5078,103.6377,109.5374,113.7114,111.1252,113.7009284482842,116.27665689656837,118.85238534485258,116.26075706653272,113.44990924658642,110.41984188501367,107.1705549818145,103.70204853698893,100.01432255053692,96.10737702245848,91.98121195275358,87.63582734142229,83.07122318846453,85.7169164258024,88.28850543619554,90.81000228697955,93.30478714898116,95.79612530275278,98.27930624704673,100.74123249058916,103.1916122615611,105.64049845896673,108.09788653667297,110.54843864305641,112.97721904245377,115.39439552414352,117.81036565795274,120.23529723315997,122.67079871360579,125.1138829521576,127.56747965081084,130.03474829210975,132.51844624263822
"No targets calculated, so the baseline emissions are put in as target pathways for all un/conditional best/worst pathways.
",PER,baseline_emissions,conditional,worst,KYOTOGHG,IPCM0EL,MtCO2eq,AR4,53.5792,54.621,54.1368,63.14,60.3452,61.6921,67.0578,70.4809,66.8297,67.0164,69.2508,66.8148,67.4599,68.3914,76.6974,82.2794,78.3824,84.697,82.1533,93.7086,100.5543,92.959,97.3734,99.5078,103.6377,109.5374,113.7114,111.1252,113.7009284482842,116.27665689656837,118.85238534485258,121.42811379313677,124.00384224142095,126.57957068970514,129.15529913798932,131.7310275862735,134.3067560345577,136.8824844828419,139.45821293112607,142.0339413794103,144.60966982769446,149.21526982769447,153.69186982769446,158.08126982769448,162.42416982769447,166.76106982769448,171.08376982769443,175.36946982769447,179.63506982769448,183.89806982769448,188.17586982769447,192.4417698276945,196.66976982769447,200.8775698276945,205.08326982769447,209.30456982769448,213.54426982769448,217.79716982769446,222.06836982769443,226.36336982769447,230.68696982769447
"No targets calculated, so the baseline emissions are put in as target pathways for all un/conditional best/worst pathways.
",PER,baseline_emissions,conditional,best,KYOTOGHG,IPCM0EL,MtCO2eq,AR4,53.5792,54.621,54.1368,63.14,60.3452,61.6921,67.0578,70.4809,66.8297,67.0164,69.2508,66.8148,67.4599,68.3914,76.6974,82.2794,78.3824,84.697,82.1533,93.7086,100.5543,92.959,97.3734,99.5078,103.6377,109.5374,113.7114,111.1252,113.7009284482842,116.27665689656837,118.85238534485258,121.42811379313677,124.00384224142095,126.57957068970514,129.15529913798932,131.7310275862735,134.3067560345577,136.8824844828419,139.45821293112607,142.0339413794103,144.60966982769446,149.21526982769447,153.69186982769446,158.08126982769448,162.42416982769447,166.76106982769448,171.08376982769443,175.36946982769447,179.63506982769448,183.89806982769448,188.17586982769447,192.4417698276945,196.66976982769447,200.8775698276945,205.08326982769447,209.30456982769448,213.54426982769448,217.79716982769446,222.06836982769443,226.36336982769447,230.68696982769447
"No targets calculated, so the baseline emissions are put in as target pathways for all un/conditional best/worst pathways.
",PER,baseline_emissions,unconditional,worst,KYOTOGHG,IPCM0EL,MtCO2eq,AR4,53.5792,54.621,54.1368,63.14,60.3452,61.6921,67.0578,70.4809,66.8297,67.0164,69.2508,66.8148,67.4599,68.3914,76.6974,82.2794,78.3824,84.697,82.1533,93.7086,100.5543,92.959,97.3734,99.5078,103.6377,109.5374,113.7114,111.1252,113.7009284482842,116.27665689656837,118.85238534485258,121.42811379313677,124.00384224142095,126.57957068970514,129.15529913798932,131.7310275862735,134.3067560345577,136.8824844828419,139.45821293112607,142.0339413794103,144.60966982769446,149.21526982769447,153.69186982769446,158.08126982769448,162.42416982769447,166.76106982769448,171.08376982769443,175.36946982769447,179.63506982769448,183.89806982769448,188.17586982769447,192.4417698276945,196.66976982769447,200.8775698276945,205.08326982769447,209.30456982769448,213.54426982769448,217.79716982769446,222.06836982769443,226.36336982769447,230.68696982769447
"No targets calculated, so the baseline emissions are put in as target pathways for all un/conditional best/worst pathways.
",PER,baseline_emissions,unconditional,best,KYOTOGHG,IPCM0EL,MtCO2eq,AR4,53.5792,54.621,54.1368,63.14,60.3452,61.6921,67.0578,70.4809,66.8297,67.0164,69.2508,66.8148,67.4599,68.3914,76.6974,82.2794,78.3824,84.697,82.1533,93.7086,100.5543,92.959,97.3734,99.5078,103.6377,109.5374,113.7114,111.1252,113.7009284482842,116.27665689656837,118.85238534485258,121.42811379313677,124.00384224142095,126.57957068970514,129.15529913798932,131.7310275862735,134.3067560345577,136.8824844828419,139.45821293112607,142.0339413794103,144.60966982769446,149.21526982769447,153.69186982769446,158.08126982769448,162.42416982769447,166.76106982769448,171.08376982769443,175.36946982769447,179.63506982769448,183.89806982769448,188.17586982769447,192.4417698276945,196.66976982769447,200.8775698276945,205.08326982769447,209.30456982769448,213.54426982769448,217.79716982769446,222.06836982769443,226.36336982769447,230.68696982769447
,PER,,emi_bau,emi_bau,KYOTOGHG,IPCM0EL,MtCO2eq,AR4,53.5792,54.621,54.1368,63.14,60.3452,61.6921,67.0578,70.4809,66.8297,67.0164,69.2508,66.8148,67.4599,68.3914,76.6974,82.2794,78.3824,84.697,82.1533,93.7086,100.5543,92.959,97.3734,99.5078,103.6377,109.5374,113.7114,111.1252,113.7009284482842,116.27665689656837,118.85238534485258,121.42811379313677,124.00384224142095,126.57957068970514,129.15529913798932,131.7310275862735,134.3067560345577,136.8824844828419,139.45821293112607,142.0339413794103,144.60966982769446,149.21526982769447,153.69186982769446,158.08126982769448,162.42416982769447,166.76106982769448,171.08376982769443,175.36946982769447,179.63506982769448,183.89806982769448,188.17586982769447,192.4417698276945,196.66976982769447,200.8775698276945,205.08326982769447,209.30456982769448,213.54426982769448,217.79716982769446,222.06836982769443,226.36336982769447,230.68696982769447
,PER,,emi_cov,emi_cov,KYOTOGHG,IPCM0EL,MtCO2eq,AR4,53.5790672843216,54.62061459422401,54.1359658601856,63.136458098560006,60.33520327451319,61.66897002771541,67.0195250171472,70.42481792498461,66.75794495111,66.92445108660961,69.1341798522792,66.6706900309164,67.2705996952516,68.1553103567182,76.39921998993961,81.90226957260039,77.9655500123808,84.227189213577,81.6305300449049,93.1372798439436,99.93442990046671,92.323239548109,96.6933307368708,98.7834295866348,102.8690289210438,108.72441977036921,112.854120658488,110.22361936073561,112.72982212141603,115.22795261184531,117.72352859786157,120.21726457798555,122.70945591104456,125.20058778385649,127.69058828283161,130.180013426101,132.66921661379016,135.15869118836562,137.64873201952054,140.139593797458,142.63166246676414,147.12593568492244,151.49201569595152,155.77148305870935,160.00514833434656,164.2331175915206,168.4476657649903,172.626335845674,176.78627677501245,180.94472493805176,185.11924054324857,189.28269788592266,193.40857203743465,197.515401791338,201.62135348803727,205.7450657775647,209.89005800063754,214.0516099690921,218.2359827424027,222.44923116010935,226.69706636135803
,PER,,emi_ncov,emi_ncov,KYOTOGHG,IPCM0EL,MtCO2eq,AR4,0.00013271567840003904,0.0003854057759972564,0.0008341398143997043,0.0035419014399933357,0.009996725486805774,0.023129972284593008,0.03827498285279967,0.05608207501539268,0.07175504888999701,0.09194891339039396,0.11662014772079651,0.14410996908360083,0.1893003047483942,0.2360896432818051,0.2981800100603977,0.3771304273996091,0.4168499876192014,0.46981078642300156,0.5227699550951062,0.5713201560564077,0.6198700995332918,0.6357604518910042,0.6800692631291974,0.7243704133652032,0.7686710789561886,0.8129802296308016,0.8572793415120036,0.9015806392644019,0.9711063268681668,1.0487042847230637,1.1288567469910047,1.21084921515123,1.2943863303763998,1.3789829058486471,1.4647108551577013,1.5510141601725203,1.6375394207675424,1.7237932944762788,1.8094809116055321,1.8943475819523128,1.978007360930328,2.0893341427720458,2.1998541317429368,2.309786768985129,2.41902149334792,2.527952236173888,2.6361040627041255,2.7431339820204927,2.8487930526820375,2.9533448896427115,3.056629284445911,3.159071941771829,3.2611977902598213,3.362168036356492,3.4619163396572006,3.5595040501298008,3.654211827056927,3.7455598586023395,3.832387085291702,3.9141386675851075,3.9899034663364437
,PER,,pc_cov,pc_cov,KYOTOGHG,IPCM0EL,MtCO2eq/MtCO2eq,AR4,0.999997523,0.999992944,0.999984592,0.9999439040000001,0.9998343409999999,0.9996250740000001,0.999429224,0.9992042940000001,0.9989263,0.9986279640000001,0.998315974,0.997843143,0.9971938840000001,0.9965479629999999,0.996112254,0.9954164659999999,0.994681842,0.994453041,0.9936366529999999,0.9939032259999999,0.9938354690000001,0.993160851,0.993015862,0.992720466,0.9925830940000001,0.992578058,0.99246092,0.991886803,0.991459117,0.9909809559999999,0.990502027,0.990028263,0.9895617240000001,0.989105802,0.988659305,0.988225901,0.987807468,0.987406765,0.9870249240000001,0.986662712,0.986321749,0.985997853,0.985686594,0.985388612,0.9851067640000001,0.984840873,0.984591735,0.9843579729999999,0.98414122,0.983940316,0.9837565290000001,0.9835842709999999,0.9834179,0.983262601,0.98311946,0.982993663,0.982887802,0.982802532,0.98274231,0.982708604,0.982704253
,PHL,,pop,pop,POP,DEMOGR,Pers,,61895160.0,63454786.0,65020116.0,66593904.0,68180859.0,69784088.0,71401749.0,73030884.0,74672014.0,76325927.0,77991755.0,79672873.0,81365258.0,83051971.0,84710542.0,86326250.0,87888675.0,89405482.0,90901965.0,92414158.0,93966780.0,95570050.0,97212643.0,98871555.0,100513142.0,102113212.0,103663816.0,105172925.0,107180411.2439,109155175.3775,111143288.831,113151431.307,115189175.1026,117253540.5866,119341740.8436,121451187.888,123573969.3075,125694936.4782,127800823.2125,129878400.7187,131914486.1258,133928723.2677,135945144.6747,137956939.6041,139956955.5526,141937697.2873,143904592.8314,145868408.166,147829288.6267,149787225.9808,151742058.6892,153696317.0215,155652718.9069,157611207.8275,159571644.8848,161533808.5324,163497632.6334,165459720.1831,167414858.0416,169357924.3659,171283889.7521
,PHL,,gdp,gdp,GDPPPP,ECO,2011GKD,,213234609375.0,221877218750.0,232590437500.0,244260796875.0,270263812500.0,299257281250.0,325525562500.0,325380093750.0,317090593750.0,320079062500.0,326712875000.0,322134593750.0,325007687500.0,332202031250.0,341329687500.0,350058187500.0,374294312500.0,405331093750.0,435076562500.0,457685468750.0,507942250000.0,544055750000.0,572998062500.0,617872687500.0,652331375000.0,690953812500.0,738831500000.0,785347625000.0,806251913037.4781,839879107131.46,873690166789.0991,908419822118.1332,944740183529.09,982810073845.09,1022783454609.116,1064824783966.203,1107912616451.8071,1150748092466.585,1193094365140.222,1234710283941.853,1275349182679.296,1315081358514.147,1354458929506.684,1393949844606.561,1434016387691.347,1475112590791.772,1517185231060.1208,1560005124307.874,1603758642885.546,1648639536677.306,1694850684075.588,1742159095039.682,1790395139479.4832,1839877063135.75,1890941433690.75,1943946456947.208,1998498813290.216,2054145729668.423,2111189402005.385,2169952688507.951,2230781836926.998
"The target value from 'conditional_best' was used for 'conditional_worst' in 2030.
",PHL,RBU,conditional,worst,KYOTOGHG,IPCM0EL,MtCO2eq,AR4,106.789,109.181,112.76299999999999,114.8473,123.5818,130.998,135.4614,144.9981,136.5906,144.6454,149.7573,149.2301,151.3607,152.1529,156.6091,156.8488,151.045,156.781,164.5207,164.9178,172.74,174.7333,180.7739,189.14,196.12400000000002,205.4482,216.234,228.5573,217.6188,221.34,225.5924,217.7701468808261,209.71123248203477,201.47949173220826,193.0947244028435,184.5440144098369,175.583692120979,165.98138845656476,155.717273533389,144.7651234629974,133.09446130897877,136.82112435556502,140.5895411914913,144.44343426063878,148.42620552824252,152.58084491556377,156.89847058583504,161.3522996807625,165.95872239396877,170.7354108336613,175.70159371861502,180.83263997573252,186.1104196701688,191.56592766528254,197.23199013098252,203.1436765877013,209.24444544570753,215.47189493431003,221.8556006542913,228.4268779476563,235.21923972427004
,PHL,RBU,conditional,best,KYOTOGHG,IPCM0EL,MtCO2eq,AR4,106.789,109.181,112.76299999999999,114.8473,123.5818,130.998,135.4614,144.9981,136.5906,144.6454,149.7573,149.2301,151.3607,152.1529,156.6091,156.8488,151.045,156.781,164.5207,164.9178,172.74,174.7333,180.7739,189.14,196.12400000000002,205.4482,216.234,228.5573,217.6188,221.34,225.5924,217.7701468808261,209.71123248203477,201.47949173220826,193.0947244028435,184.5440144098369,175.583692120979,165.98138845656476,155.717273533389,144.7651234629974,133.09446130897877,136.82112435556502,140.5895411914913,144.44343426063878,148.42620552824252,152.58084491556377,156.89847058583504,161.3522996807625,165.95872239396877,170.7354108336613,175.70159371861502,180.83263997573252,186.1104196701688,191.56592766528254,197.23199013098252,203.1436765877013,209.24444544570753,215.47189493431003,221.8556006542913,228.4268779476563,235.21923972427004
,PHL,RBU,unconditional,worst,KYOTOGHG,IPCM0EL,MtCO2eq,AR4,106.789,109.181,112.76299999999999,114.8473,123.5818,130.998,135.4614,144.9981,136.5906,144.6454,149.7573,149.2301,151.3607,152.1529,156.6091,156.8488,151.045,156.781,164.5207,164.9178,172.74,174.7333,180.7739,189.14,196.12400000000002,205.4482,216.234,228.5573,217.6188,221.34,225.5924,230.2539,235.2169,240.6162,246.5677,253.1769,260.2412,267.5054,274.9919,282.7201,290.7093,298.8492,307.0803,315.4981,324.1974,333.2721,342.7028,352.431,362.4925,372.9259,383.7732,394.9806,406.5085,418.4246,430.8006,443.7131,457.0386,470.6408,484.5843,498.9375,513.7736
,PHL,RBU,unconditional,best,KYOTOGHG,IPCM0EL,MtCO2eq,AR4,106.789,109.181,112.76299999999999,114.8473,123.5818,130.998,135.4614,144.9981,136.5906,144.6454,149.7573,149.2301,151.3607,152.1529,156.6091,156.8488,151.045,156.781,164.5207,164.9178,172.74,174.7333,180.7739,189.14,196.12400000000002,205.4482,216.234,228.5573,217.6188,221.34,225.5924,230.2539,235.2169,240.6162,246.5677,253.1769,260.2412,267.5054,274.9919,282.7201,290.7093,298.8492,307.0803,315.4981,324.1974,333.2721,342.7028,352.431,362.4925,372.9259,383.7732,394.9806,406.5085,418.4246,430.8006,443.7131,457.0386,470.6408,484.5843,498.9375,513.7736
"No targets calculated, so the baseline emissions are put in as target pathways for all un/conditional best/worst pathways.
",PHL,baseline_emissions,conditional,worst,KYOTOGHG,IPCM0EL,MtCO2eq,AR4,106.789,109.181,112.76299999999999,114.8473,123.5818,130.998,135.4614,144.9981,136.5906,144.6454,149.7573,149.2301,151.3607,152.1529,156.6091,156.8488,151.045,156.781,164.5207,164.9178,172.74,174.7333,180.7739,189.14,196.12400000000002,205.4482,216.234,228.5573,217.6188,221.34,225.5924,230.2539,235.2169,240.6162,246.5677,253.1769,260.2412,267.5054,274.9919,282.7201,290.7093,298.8492,307.0803,315.4981,324.1974,333.2721,342.7028,352.431,362.4925,372.9259,383.7732,394.9806,406.5085,418.4246,430.8006,443.7131,457.0386,470.6408,484.5843,498.9375,513.7736
"No targets calculated, so the baseline emissions are put in as target pathways for all un/conditional best/worst pathways.
",PHL,baseline_emissions,conditional,best,KYOTOGHG,IPCM0EL,MtCO2eq,AR4,106.789,109.181,112.76299999999999,114.8473,123.5818,130.998,135.4614,144.9981,136.5906,144.6454,149.7573,149.2301,151.3607,152.1529,156.6091,156.8488,151.045,156.781,164.5207,164.9178,172.74,174.7333,180.7739,189.14,196.12400000000002,205.4482,216.234,228.5573,217.6188,221.34,225.5924,230.2539,235.2169,240.6162,246.5677,253.1769,260.2412,267.5054,274.9919,282.7201,290.7093,298.8492,307.0803,315.4981,324.1974,333.2721,342.7028,352.431,362.4925,372.9259,383.7732,394.9806,406.5085,418.4246,430.8006,443.7131,457.0386,470.6408,484.5843,498.9375,513.7736
"No targets calculated, so the baseline emissions are put in as target pathways for all un/conditional best/worst pathways.
",PHL,baseline_emissions,unconditional,worst,KYOTOGHG,IPCM0EL,MtCO2eq,AR4,106.789,109.181,112.76299999999999,114.8473,123.5818,130.998,135.4614,144.9981,136.5906,144.6454,149.7573,149.2301,151.3607,152.1529,156.6091,156.8488,151.045,156.781,164.5207,164.9178,172.74,174.7333,180.7739,189.14,196.12400000000002,205.4482,216.234,228.5573,217.6188,221.34,225.5924,230.2539,235.2169,240.6162,246.5677,253.1769,260.2412,267.5054,274.9919,282.7201,290.7093,298.8492,307.0803,315.4981,324.1974,333.2721,342.7028,352.431,362.4925,372.9259,383.7732,394.9806,406.5085,418.4246,430.8006,443.7131,457.0386,470.6408,484.5843,498.9375,513.7736
"No targets calculated, so the baseline emissions are put in as target pathways for all un/conditional best/worst pathways.
",PHL,baseline_emissions,unconditional,best,KYOTOGHG,IPCM0EL,MtCO2eq,AR4,106.789,109.181,112.76299999999999,114.8473,123.5818,130.998,135.4614,144.9981,136.5906,144.6454,149.7573,149.2301,151.3607,152.1529,156.6091,156.8488,151.045,156.781,164.5207,164.9178,172.74,174.7333,180.7739,189.14,196.12400000000002,205.4482,216.234,228.5573,217.6188,221.34,225.5924,230.2539,235.2169,240.6162,246.5677,253.1769,260.2412,267.5054,274.9919,282.7201,290.7093,298.8492,307.0803,315.4981,324.1974,333.2721,342.7028,352.431,362.4925,372.9259,383.7732,394.9806,406.5085,418.4246,430.8006,443.7131,457.0386,470.6408,484.5843,498.9375,513.7736
,PHL,,emi_bau,emi_bau,KYOTOGHG,IPCM0EL,MtCO2eq,AR4,106.789,109.181,112.76299999999999,114.8473,123.5818,130.998,135.4614,144.9981,136.5906,144.6454,149.7573,149.2301,151.3607,152.1529,156.6091,156.8488,151.045,156.781,164.5207,164.9178,172.74,174.7333,180.7739,189.14,196.12400000000002,205.4482,216.234,228.5573,217.6188,221.34,225.5924,230.2539,235.2169,240.6162,246.5677,253.1769,260.2412,267.5054,274.9919,282.7201,290.7093,298.8492,307.0803,315.4981,324.1974,333.2721,342.7028,352.431,362.4925,372.9259,383.7732,394.9806,406.5085,418.4246,430.8006,443.7131,457.0386,470.6408,484.5843,498.9375,513.7736
,PHL,,emi_cov,emi_cov,KYOTOGHG,IPCM0EL,MtCO2eq,AR4,61.59542575555599,63.789202872565,68.81360406107599,69.39488705932331,74.7492952993668,80.62070801870398,82.0620092234412,91.11924461804578,89.55930308940839,89.74961279618681,94.34610101735281,93.22607822241349,95.5627817166471,95.66119957846529,98.3284001855981,99.58421252934241,93.77627797894,97.8996691598,104.8246325027824,104.2996277183094,112.82057135496001,114.43241549014732,119.7412709539729,127.49944101061998,134.17408245879602,144.5537093562824,155.470554401418,164.63164044909226,155.3288888670036,158.88435253446002,162.9473574601356,167.4012417099951,172.1431977721285,177.3020214683916,182.9884511577264,189.30328801918768,196.05295550938118,202.99361957740362,210.1466829176535,217.53068141374442,225.16405527288748,232.94141701627683,240.80591704625462,248.8488017274551,257.1606491034846,265.8311765072376,274.8418480967324,284.136769627101,293.75014656001497,303.718859679073,314.0830382607132,324.79127870231275,335.80574449501154,347.1911207517368,359.0159134710672,371.3533114297637,384.085314846801,397.081694953888,410.40417363815976,424.11810528956244,438.2934290813088
,PHL,,emi_ncov,emi_ncov,KYOTOGHG,IPCM0EL,MtCO2eq,AR4,45.19357424444401,45.391797127435,43.94939593892399,45.4524129406767,48.8325047006332,50.377291981296004,53.39939077655881,53.87885538195421,47.03129691059161,54.895787203813185,55.411198982647186,56.0040217775865,55.79791828335291,56.491700421534695,58.280699814401906,57.2645874706576,57.268722021059986,58.88133084020001,59.6960674972176,60.618172281690605,59.91942864504,60.30088450985269,61.0326290460271,61.64055898938001,61.949917541203995,60.89449064371761,60.76344559858199,63.925659550907724,62.28991113299638,62.45564746553999,62.64504253986439,62.85265829000488,63.073702227871514,63.31417853160842,63.57924884227361,63.87361198081231,64.18824449061881,64.51178042259639,64.84521708234648,65.18941858625557,65.5452447271125,65.90778298372318,66.2743829537454,66.64929827254491,67.03675089651539,67.44092349276241,67.8609519032676,68.29423037289901,68.74235343998501,69.207040320927,69.69016173928681,70.18932129768721,70.7027555049885,71.23347924826322,71.78468652893277,72.35978857023629,72.95328515319899,73.55910504611198,74.18012636184025,74.81939471043754,75.48017091869121
,PHL,,pc_cov,pc_cov,KYOTOGHG,IPCM0EL,MtCO2eq/MtCO2eq,AR4,0.576795604,0.584251865,0.610249852,0.604236121,0.604856826,0.6154346479999999,0.6057962579999999,0.6284168179999999,0.6556769139999999,0.6204802420000001,0.6299933360000001,0.624713635,0.631357953,0.628717557,0.627858791,0.634905798,0.620849932,0.6244358,0.637151632,0.632434023,0.653123604,0.6548975810000001,0.662381411,0.6741008829999999,0.684128829,0.703601732,0.7189921770000001,0.7203079509999999,0.7137659470000001,0.717829369,0.722308719,0.7270289090000001,0.731848765,0.7368665179999999,0.742142832,0.7477115329999999,0.7533509509999999,0.758839334,0.764192265,0.7694206440000001,0.774533375,0.7794614040000001,0.784178982,0.788748971,0.7932224290000001,0.797640056,0.801983083,0.806219571,0.810361998,0.81442147,0.818407951,0.822296788,0.826073119,0.8297579079999999,0.8333691120000001,0.836922127,0.840378285,0.84370436,0.8469200790000001,0.8500425509999999,0.853086708
,PLW,,pop,pop,POP,DEMOGR,Pers,,15058.0,15441.0,15856.0,16290.0,16717.0,17164.0,17593.0,18014.0,18410.0,18776.0,19105.0,19386.0,19637.0,19809.0,19867.0,19781.0,19540.0,19158.0,18704.0,18285.0,17955.0,17745.0,17640.0,17606.0,17626.0,17665.0,17725.0,17808.0,17678.333333333332,17678.333333333332,17678.333333333332,17678.333333333332,17678.333333333332,17678.333333333332,17678.333333333332,17678.333333333332,17678.333333333332,17678.333333333332,17678.333333333332,17678.333333333332,17678.333333333332,17678.333333333332,17678.333333333332,17678.333333333332,17678.333333333332,17678.333333333332,17678.333333333332,17678.333333333332,17678.333333333332,17678.333333333332,17678.333333333332,17678.333333333332,17678.333333333332,17678.333333333332,17678.333333333332,17678.333333333332,17678.333333333332,17678.333333333332,17678.333333333332,17678.333333333332,17678.333333333332
,PLW,,gdp,gdp,GDPPPP,ECO,2011GKD,,125924221.9645,134852715.7551,144529308.0717,155178079.0585,166908864.2087,180047957.2575,193008979.4077,199871670.1372,184615923.4191,190860053.3525,235947900.2503,251621931.1704,261592700.8381,253128408.2054,265393842.5363,277318665.0011,271219657.9825,273733412.7882,259073990.1761,243711248.973,244727199.4921,257909673.7123,267187242.9953,261565753.37,274055130.4526,302641747.9245,304235365.4308,293372438.4018,283842946.4291666,283842946.4291666,283842946.4291666,283842946.4291666,283842946.4291666,283842946.4291666,283842946.4291666,283842946.4291666,283842946.4291666,283842946.4291666,283842946.4291666,283842946.4291666,283842946.4291666,283842946.4291666,283842946.4291666,283842946.4291666,283842946.4291666,283842946.4291666,283842946.4291666,283842946.4291666,283842946.4291666,283842946.4291666,283842946.4291666,283842946.4291666,283842946.4291666,283842946.4291666,283842946.4291666,283842946.4291666,283842946.4291666,283842946.4291666,283842946.4291666,283842946.4291666,283842946.4291666
"The target value from 'conditional_best' was used for 'conditional_worst' in 2025.
",PLW,RBY,conditional,worst,KYOTOGHG,IPCM0EL,MtCO2eq,AR4,0.23669,0.23684000000000002,0.23703000000000002,0.23708,0.23715999999999998,0.23698000000000002,0.23784,0.24118,0.24111,0.24495,0.25211999999999996,0.25572,0.25176,0.25544,0.2554,0.26287,0.26669,0.26295,0.25571,0.24841,0.25576,0.25578,0.2558,0.25936,0.26303000000000004,0.27499,0.31208,0.32176,0.28117000000000003,0.28117000000000003,0.28117000000000003,0.2660876502179656,0.25100530043593117,0.23592295065389668,0.22084060087186225,0.2057582510898278,0.2057582510898278,0.2057582510898278,0.2057582510898278,0.2057582510898278,0.2057582510898278,0.2057582510898278,0.2057582510898278,0.2057582510898278,0.2057582510898278,0.2057582510898278,0.2057582510898278,0.2057582510898278,0.2057582510898278,0.2057582510898278,0.2057582510898278,0.2057582510898278,0.2057582510898278,0.2057582510898278,0.2057582510898278,0.2057582510898278,0.2057582510898278,0.2057582510898278,0.2057582510898278,0.2057582510898278,0.2057582510898278
,PLW,RBY,conditional,best,KYOTOGHG,IPCM0EL,MtCO2eq,AR4,0.23669,0.23684000000000002,0.23703000000000002,0.23708,0.23715999999999998,0.23698000000000002,0.23784,0.24118,0.24111,0.24495,0.25211999999999996,0.25572,0.25176,0.25544,0.2554,0.26287,0.26669,0.26295,0.25571,0.24841,0.25576,0.25578,0.2558,0.25936,0.26303000000000004,0.27499,0.31208,0.32176,0.28117000000000003,0.28117000000000003,0.28117000000000003,0.2660876502179656,0.25100530043593117,0.23592295065389668,0.22084060087186225,0.2057582510898278,0.2057582510898278,0.2057582510898278,0.2057582510898278,0.2057582510898278,0.2057582510898278,0.2057582510898278,0.2057582510898278,0.2057582510898278,0.2057582510898278,0.2057582510898278,0.2057582510898278,0.2057582510898278,0.2057582510898278,0.2057582510898278,0.2057582510898278,0.2057582510898278,0.2057582510898278,0.2057582510898278,0.2057582510898278,0.2057582510898278,0.2057582510898278,0.2057582510898278,0.2057582510898278,0.2057582510898278,0.2057582510898278
,PLW,RBY,unconditional,worst,KYOTOGHG,IPCM0EL,MtCO2eq,AR4,0.23669,0.23684000000000002,0.23703000000000002,0.23708,0.23715999999999998,0.23698000000000002,0.23784,0.24118,0.24111,0.24495,0.25211999999999996,0.25572,0.25176,0.25544,0.2554,0.26287,0.26669,0.26295,0.25571,0.24841,0.25576,0.25578,0.2558,0.25936,0.26303000000000004,0.27499,0.31208,0.32176,0.28117000000000003,0.28117000000000003,0.28117000000000003,0.28117000000000003,0.28117000000000003,0.28117000000000003,0.28117000000000003,0.28117000000000003,0.28117000000000003,0.28117000000000003,0.28117000000000003,0.28117000000000003,0.28117000000000003,0.28117000000000003,0.28117000000000003,0.28117000000000003,0.28117000000000003,0.28117000000000003,0.28117000000000003,0.28117000000000003,0.28117000000000003,0.28117000000000003,0.28117000000000003,0.28117000000000003,0.28117000000000003,0.28117000000000003,0.28117000000000003,0.28117000000000003,0.28117000000000003,0.28117000000000003,0.28117000000000003,0.28117000000000003,0.28117000000000003
,PLW,RBY,unconditional,best,KYOTOGHG,IPCM0EL,MtCO2eq,AR4,0.23669,0.23684000000000002,0.23703000000000002,0.23708,0.23715999999999998,0.23698000000000002,0.23784,0.24118,0.24111,0.24495,0.25211999999999996,0.25572,0.25176,0.25544,0.2554,0.26287,0.26669,0.26295,0.25571,0.24841,0.25576,0.25578,0.2558,0.25936,0.26303000000000004,0.27499,0.31208,0.32176,0.28117000000000003,0.28117000000000003,0.28117000000000003,0.28117000000000003,0.28117000000000003,0.28117000000000003,0.28117000000000003,0.28117000000000003,0.28117000000000003,0.28117000000000003,0.28117000000000003,0.28117000000000003,0.28117000000000003,0.28117000000000003,0.28117000000000003,0.28117000000000003,0.28117000000000003,0.28117000000000003,0.28117000000000003,0.28117000000000003,0.28117000000000003,0.28117000000000003,0.28117000000000003,0.28117000000000003,0.28117000000000003,0.28117000000000003,0.28117000000000003,0.28117000000000003,0.28117000000000003,0.28117000000000003,0.28117000000000003,0.28117000000000003,0.28117000000000003
"No targets calculated, so the baseline emissions are put in as target pathways for all un/conditional best/worst pathways.
",PLW,baseline_emissions,conditional,worst,KYOTOGHG,IPCM0EL,MtCO2eq,AR4,0.23669,0.23684000000000002,0.23703000000000002,0.23708,0.23715999999999998,0.23698000000000002,0.23784,0.24118,0.24111,0.24495,0.25211999999999996,0.25572,0.25176,0.25544,0.2554,0.26287,0.26669,0.26295,0.25571,0.24841,0.25576,0.25578,0.2558,0.25936,0.26303000000000004,0.27499,0.31208,0.32176,0.28117000000000003,0.28117000000000003,0.28117000000000003,0.28117000000000003,0.28117000000000003,0.28117000000000003,0.28117000000000003,0.28117000000000003,0.28117000000000003,0.28117000000000003,0.28117000000000003,0.28117000000000003,0.28117000000000003,0.28117000000000003,0.28117000000000003,0.28117000000000003,0.28117000000000003,0.28117000000000003,0.28117000000000003,0.28117000000000003,0.28117000000000003,0.28117000000000003,0.28117000000000003,0.28117000000000003,0.28117000000000003,0.28117000000000003,0.28117000000000003,0.28117000000000003,0.28117000000000003,0.28117000000000003,0.28117000000000003,0.28117000000000003,0.28117000000000003
"No targets calculated, so the baseline emissions are put in as target pathways for all un/conditional best/worst pathways.
",PLW,baseline_emissions,conditional,best,KYOTOGHG,IPCM0EL,MtCO2eq,AR4,0.23669,0.23684000000000002,0.23703000000000002,0.23708,0.23715999999999998,0.23698000000000002,0.23784,0.24118,0.24111,0.24495,0.25211999999999996,0.25572,0.25176,0.25544,0.2554,0.26287,0.26669,0.26295,0.25571,0.24841,0.25576,0.25578,0.2558,0.25936,0.26303000000000004,0.27499,0.31208,0.32176,0.28117000000000003,0.28117000000000003,0.28117000000000003,0.28117000000000003,0.28117000000000003,0.28117000000000003,0.28117000000000003,0.28117000000000003,0.28117000000000003,0.28117000000000003,0.28117000000000003,0.28117000000000003,0.28117000000000003,0.28117000000000003,0.28117000000000003,0.28117000000000003,0.28117000000000003,0.28117000000000003,0.28117000000000003,0.28117000000000003,0.28117000000000003,0.28117000000000003,0.28117000000000003,0.28117000000000003,0.28117000000000003,0.28117000000000003,0.28117000000000003,0.28117000000000003,0.28117000000000003,0.28117000000000003,0.28117000000000003,0.28117000000000003,0.28117000000000003
"No targets calculated, so the baseline emissions are put in as target pathways for all un/conditional best/worst pathways.
",PLW,baseline_emissions,unconditional,worst,KYOTOGHG,IPCM0EL,MtCO2eq,AR4,0.23669,0.23684000000000002,0.23703000000000002,0.23708,0.23715999999999998,0.23698000000000002,0.23784,0.24118,0.24111,0.24495,0.25211999999999996,0.25572,0.25176,0.25544,0.2554,0.26287,0.26669,0.26295,0.25571,0.24841,0.25576,0.25578,0.2558,0.25936,0.26303000000000004,0.27499,0.31208,0.32176,0.28117000000000003,0.28117000000000003,0.28117000000000003,0.28117000000000003,0.28117000000000003,0.28117000000000003,0.28117000000000003,0.28117000000000003,0.28117000000000003,0.28117000000000003,0.28117000000000003,0.28117000000000003,0.28117000000000003,0.28117000000000003,0.28117000000000003,0.28117000000000003,0.28117000000000003,0.28117000000000003,0.28117000000000003,0.28117000000000003,0.28117000000000003,0.28117000000000003,0.28117000000000003,0.28117000000000003,0.28117000000000003,0.28117000000000003,0.28117000000000003,0.28117000000000003,0.28117000000000003,0.28117000000000003,0.28117000000000003,0.28117000000000003,0.28117000000000003
"No targets calculated, so the baseline emissions are put in as target pathways for all un/conditional best/worst pathways.
",PLW,baseline_emissions,unconditional,best,KYOTOGHG,IPCM0EL,MtCO2eq,AR4,0.23669,0.23684000000000002,0.23703000000000002,0.23708,0.23715999999999998,0.23698000000000002,0.23784,0.24118,0.24111,0.24495,0.25211999999999996,0.25572,0.25176,0.25544,0.2554,0.26287,0.26669,0.26295,0.25571,0.24841,0.25576,0.25578,0.2558,0.25936,0.26303000000000004,0.27499,0.31208,0.32176,0.28117000000000003,0.28117000000000003,0.28117000000000003,0.28117000000000003,0.28117000000000003,0.28117000000000003,0.28117000000000003,0.28117000000000003,0.28117000000000003,0.28117000000000003,0.28117000000000003,0.28117000000000003,0.28117000000000003,0.28117000000000003,0.28117000000000003,0.28117000000000003,0.28117000000000003,0.28117000000000003,0.28117000000000003,0.28117000000000003,0.28117000000000003,0.28117000000000003,0.28117000000000003,0.28117000000000003,0.28117000000000003,0.28117000000000003,0.28117000000000003,0.28117000000000003,0.28117000000000003,0.28117000000000003,0.28117000000000003,0.28117000000000003,0.28117000000000003
,PLW,,emi_bau,emi_bau,KYOTOGHG,IPCM0EL,MtCO2eq,AR4,0.23669,0.23684000000000002,0.23703000000000002,0.23708,0.23715999999999998,0.23698000000000002,0.23784,0.24118,0.24111,0.24495,0.25211999999999996,0.25572,0.25176,0.25544,0.2554,0.26287,0.26669,0.26295,0.25571,0.24841,0.25576,0.25578,0.2558,0.25936,0.26303000000000004,0.27499,0.31208,0.32176,0.28117000000000003,0.28117000000000003,0.28117000000000003,0.28117000000000003,0.28117000000000003,0.28117000000000003,0.28117000000000003,0.28117000000000003,0.28117000000000003,0.28117000000000003,0.28117000000000003,0.28117000000000003,0.28117000000000003,0.28117000000000003,0.28117000000000003,0.28117000000000003,0.28117000000000003,0.28117000000000003,0.28117000000000003,0.28117000000000003,0.28117000000000003,0.28117000000000003,0.28117000000000003,0.28117000000000003,0.28117000000000003,0.28117000000000003,0.28117000000000003,0.28117000000000003,0.28117000000000003,0.28117000000000003,0.28117000000000003,0.28117000000000003,0.28117000000000003
,PLW,,emi_cov,emi_cov,KYOTOGHG,IPCM0EL,MtCO2eq,AR4,0.23468638506664,0.23469444820332,0.23469953194338,0.23469571417836002,0.23470309923983998,0.23469520709580002,0.23472401130551998,0.23837527533232003,0.2383742429739,0.2420417101197,0.24939001841951997,0.25306001078879997,0.24938309683128,0.25304915746568,0.25304725928640004,0.26039160196850997,0.2640597298715,0.2603919072279,0.25305656176892,0.24572725124279002,0.25306929686928,0.25306535391354,0.25306893927740004,0.25673640812832,0.2604059138207201,0.27236535189522,0.30945486948616,0.3191343917448,0.27851719844561,0.27851719844561,0.27851719844561,0.27851719844561,0.27851719844561,0.27851719844561,0.27851719844561,0.27851719844561,0.27851719844561,0.27851719844561,0.27851719844561,0.27851719844561,0.27851719844561,0.27851719844561,0.27851719844561,0.27851719844561,0.27851719844561,0.27851719844561,0.27851719844561,0.27851719844561,0.27851719844561,0.27851719844561,0.27851719844561,0.27851719844561,0.27851719844561,0.27851719844561,0.27851719844561,0.27851719844561,0.27851719844561,0.27851719844561,0.27851719844561,0.27851719844561,0.27851719844561
,PLW,,emi_ncov,emi_ncov,KYOTOGHG,IPCM0EL,MtCO2eq,AR4,0.0020036149333600216,0.0021455517966800196,0.0023304680566200078,0.0023842858216399907,0.0024569007601599963,0.002284792904200006,0.0031159886944800022,0.002804724667679978,0.0027357570260999942,0.00290828988030002,0.0027299815804800007,0.0026599892112000112,0.0023769031687199955,0.002390842534319999,0.002352740713600002,0.002478398031490003,0.0026302701284999924,0.0025580927721000016,0.0026534382310799977,0.0026827487572099874,0.0026907031307200073,0.0027146460864600035,0.0027310607225999955,0.002623591871679981,0.0026240861792799735,0.00262464810478,0.0026251305138399773,0.0026256082551999846,0.0026528015543900198,0.0026528015543900198,0.0026528015543900198,0.0026528015543900198,0.0026528015543900198,0.0026528015543900198,0.0026528015543900198,0.0026528015543900198,0.0026528015543900198,0.0026528015543900198,0.0026528015543900198,0.0026528015543900198,0.0026528015543900198,0.0026528015543900198,0.0026528015543900198,0.0026528015543900198,0.0026528015543900198,0.0026528015543900198,0.0026528015543900198,0.0026528015543900198,0.0026528015543900198,0.0026528015543900198,0.0026528015543900198,0.0026528015543900198,0.0026528015543900198,0.0026528015543900198,0.0026528015543900198,0.0026528015543900198,0.0026528015543900198,0.0026528015543900198,0.0026528015543900198,0.0026528015543900198,0.0026528015543900198
,PLW,,pc_cov,pc_cov,KYOTOGHG,IPCM0EL,MtCO2eq/MtCO2eq,AR4,0.9915348559999999,0.9909409229999999,0.990168046,0.989943117,0.989640324,0.99035871,0.986898803,0.9883708240000001,0.98865349,0.9881270059999999,0.989171896,0.98959804,0.990558853,0.990640297,0.990788016,0.990571773,0.99013735,0.990271562,0.989623252,0.989200319,0.989479578,0.989386793,0.989323453,0.9898843620000001,0.9900236240000001,0.990455478,0.9915882770000001,0.991839855,0.9905651329999999,0.9905651329999999,0.9905651329999999,0.9905651329999999,0.9905651329999999,0.9905651329999999,0.9905651329999999,0.9905651329999999,0.9905651329999999,0.9905651329999999,0.9905651329999999,0.9905651329999999,0.9905651329999999,0.9905651329999999,0.9905651329999999,0.9905651329999999,0.9905651329999999,0.9905651329999999,0.9905651329999999,0.9905651329999999,0.9905651329999999,0.9905651329999999,0.9905651329999999,0.9905651329999999,0.9905651329999999,0.9905651329999999,0.9905651329999999,0.9905651329999999,0.9905651329999999,0.9905651329999999,0.9905651329999999,0.9905651329999999,0.9905651329999999
,PNG,,pop,pop,POP,DEMOGR,Pers,,4615839.0,4725547.0,4836217.0,4949051.0,5065661.0,5187060.0,5314248.0,5446641.0,5581762.0,5716161.0,5847586.0,5974629.0,6098621.0,6223377.0,6354245.0,6494903.0,6646895.0,6808514.0,6976201.0,7144776.0,7310507.0,7472199.0,7631001.0,7788380.0,7946730.0,8107775.0,8271762.0,8438036.0,8598466.1393,8761782.772,8926625.1451,9093339.769,9262042.65,9432765.9445,9605557.8845,9780483.5295,9957235.0254,10134414.4755,10310466.7597,10483840.088,10652987.2912,10819878.6197,10986800.1351,11152661.5825,11316344.0074,11476700.2828,11634403.0007,11790743.6526,11945474.2908,12098334.851,12249053.6372,12397781.0,12544958.8461,12690739.7616,12835270.2983,12978691.2086,13120979.1565,13261776.8885,13400724.7528,13537469.3544,13671663.4219
,PNG,,gdp,gdp,GDPPPP,ECO,2011GKD,,10237131063.8051,11214459494.7631,12767559552.6445,15091547251.6019,15988303448.0849,15458699085.8484,16654227847.4706,16003981898.0417,15400773700.9428,15686543372.4711,15295188901.2273,15276637579.8905,15252362921.3389,15582439688.9674,16006465257.6368,17022042812.7352,17412607814.9337,19345020799.7943,19288092957.8079,20600754566.9157,22686516325.5125,22937726618.7648,24003968647.5467,24923304149.665,28287950209.8698,30975305479.8074,32245293004.4795,32745037277.5585,33892432075.3038,35096607437.36,36460344142.4884,38026608694.1857,39736760052.0218,41588391566.1658,43579736406.2231,45710200124.1573,47954602778.8809,50269522354.4801,52627864991.7556,55002138419.7644,57364506121.9457,59727323871.6368,62127566425.4305,64573613990.3849,67073124036.2937,69632910983.4768,72250358907.5796,74925609987.6562,77669382078.5018,80493082270.3913,83408892894.7475,86411062664.8398,89492192776.2565,92663681755.6708,95938431922.7906,99331022619.711,102829408471.4642,106415083026.6671,110095408328.3094,113879288263.8014,117777305904.6728
"No targets calculated, so the baseline emissions are put in as target pathways for all un/conditional best/worst pathways.
",PNG,baseline_emissions,conditional,worst,KYOTOGHG,IPCM0EL,MtCO2eq,AR4,7.4253,7.3837,7.4295,7.439,7.6705,7.7246,7.7669,8.499,11.0467,8.4967,9.2185,9.4941,10.1886,10.5772,11.5607,12.5483,13.1584,14.2398,13.8328,12.4419,11.7193,12.3173,12.1045,13.8441,14.0925,14.4748,15.33,15.7189,14.6019,14.6247,14.7494,14.9655,15.2265,15.5357,15.8959,16.3097,16.7696,17.2627,17.7844,18.3307,18.8979,19.4823,20.0836,20.7039,21.3448,22.0078,22.6914,23.3951,24.1216,24.8739,25.655,26.4632,27.2963,28.1573,29.0498,29.9774,30.934,31.9113,32.9112,33.9359,34.9879
"No targets calculated, so the baseline emissions are put in as target pathways for all un/conditional best/worst pathways.
",PNG,baseline_emissions,conditional,best,KYOTOGHG,IPCM0EL,MtCO2eq,AR4,7.4253,7.3837,7.4295,7.439,7.6705,7.7246,7.7669,8.499,11.0467,8.4967,9.2185,9.4941,10.1886,10.5772,11.5607,12.5483,13.1584,14.2398,13.8328,12.4419,11.7193,12.3173,12.1045,13.8441,14.0925,14.4748,15.33,15.7189,14.6019,14.6247,14.7494,14.9655,15.2265,15.5357,15.8959,16.3097,16.7696,17.2627,17.7844,18.3307,18.8979,19.4823,20.0836,20.7039,21.3448,22.0078,22.6914,23.3951,24.1216,24.8739,25.655,26.4632,27.2963,28.1573,29.0498,29.9774,30.934,31.9113,32.9112,33.9359,34.9879
"No targets calculated, so the baseline emissions are put in as target pathways for all un/conditional best/worst pathways.
",PNG,baseline_emissions,unconditional,worst,KYOTOGHG,IPCM0EL,MtCO2eq,AR4,7.4253,7.3837,7.4295,7.439,7.6705,7.7246,7.7669,8.499,11.0467,8.4967,9.2185,9.4941,10.1886,10.5772,11.5607,12.5483,13.1584,14.2398,13.8328,12.4419,11.7193,12.3173,12.1045,13.8441,14.0925,14.4748,15.33,15.7189,14.6019,14.6247,14.7494,14.9655,15.2265,15.5357,15.8959,16.3097,16.7696,17.2627,17.7844,18.3307,18.8979,19.4823,20.0836,20.7039,21.3448,22.0078,22.6914,23.3951,24.1216,24.8739,25.655,26.4632,27.2963,28.1573,29.0498,29.9774,30.934,31.9113,32.9112,33.9359,34.9879
"No targets calculated, so the baseline emissions are put in as target pathways for all un/conditional best/worst pathways.
",PNG,baseline_emissions,unconditional,best,KYOTOGHG,IPCM0EL,MtCO2eq,AR4,7.4253,7.3837,7.4295,7.439,7.6705,7.7246,7.7669,8.499,11.0467,8.4967,9.2185,9.4941,10.1886,10.5772,11.5607,12.5483,13.1584,14.2398,13.8328,12.4419,11.7193,12.3173,12.1045,13.8441,14.0925,14.4748,15.33,15.7189,14.6019,14.6247,14.7494,14.9655,15.2265,15.5357,15.8959,16.3097,16.7696,17.2627,17.7844,18.3307,18.8979,19.4823,20.0836,20.7039,21.3448,22.0078,22.6914,23.3951,24.1216,24.8739,25.655,26.4632,27.2963,28.1573,29.0498,29.9774,30.934,31.9113,32.9112,33.9359,34.9879
,PNG,,emi_bau,emi_bau,KYOTOGHG,IPCM0EL,MtCO2eq,AR4,7.4253,7.3837,7.4295,7.439,7.6705,7.7246,7.7669,8.499,11.0467,8.4967,9.2185,9.4941,10.1886,10.5772,11.5607,12.5483,13.1584,14.2398,13.8328,12.4419,11.7193,12.3173,12.1045,13.8441,14.0925,14.4748,15.33,15.7189,14.6019,14.6247,14.7494,14.9655,15.2265,15.5357,15.8959,16.3097,16.7696,17.2627,17.7844,18.3307,18.8979,19.4823,20.0836,20.7039,21.3448,22.0078,22.6914,23.3951,24.1216,24.8739,25.655,26.4632,27.2963,28.1573,29.0498,29.9774,30.934,31.9113,32.9112,33.9359,34.9879
,PNG,,emi_cov,emi_cov,KYOTOGHG,IPCM0EL,MtCO2eq,AR4,2.1521729876960998,2.0755307872285,2.0645163174285,2.0060126200829997,2.1941966670585,2.0672919886866,2.1948176383464,2.6209130530080005,3.569711720778,2.5659849536643002,2.9549959918735005,3.3467018463647995,3.6749942142252,4.1033964671444,4.7100162205653,5.0117022909707,5.0934145796095995,6.6106687037454,5.5833489302216,5.2790107905363,4.721116243104699,5.283897956245499,5.030794240184001,6.323690568278099,6.44532353385,6.7202826169711996,7.59534639738,7.8158028745219,6.9296085700335,6.9469936678926,7.0420779619384,7.2068551559894996,7.405868785266,7.641635145702599,7.916289214007801,8.231813517135999,8.58248926808,8.958480184735901,9.356278707170802,9.7728348422179,10.2053273166369,10.650934854528298,11.1094287317116,11.5824101889636,12.071099236964,12.576639626058398,13.097887611230401,13.6344619357801,14.188421365184,14.762053398435299,15.357645562840002,15.973901576525599,16.6091439574297,17.265660214946298,17.946195371158602,18.653494406834,19.382906074841998,20.128101618402,20.8905297333264,21.6718679482868,22.4740225473605
,PNG,,emi_ncov,emi_ncov,KYOTOGHG,IPCM0EL,MtCO2eq,AR4,5.273127012303901,5.3081692127715,5.3649836825715,5.432987379917,5.4763033329415,5.6573080113133996,5.5720823616536,5.878086946992001,7.476988279222,5.9307150463357,6.2635040081265005,6.1473981536352005,6.513605785774799,6.4738035328556,6.850683779434701,7.5365977090293,8.0649854203904,7.6291312962546005,8.2494510697784,7.1628892094637004,6.9981837568953,7.0334020437545,7.073705759815999,7.520409431721901,7.6471764661499995,7.754517383028801,7.734653602619999,7.903097125478101,7.6722914299665,7.677706332107401,7.7073220380616005,7.758644844010501,7.820631214734,7.8940648542974,7.9796107859921985,8.077886482864,8.18711073192,8.304219815264098,8.4281212928292,8.5578651577821,8.6925726833631,8.8313651454717,8.974171268288401,9.121489811036401,9.273700763035999,9.431160373941601,9.5935123887696,9.760638064219899,9.933178634816,10.1118466015647,10.29735443716,10.489298423474402,10.6871560425703,10.891639785053702,11.103604628841397,11.323905593166,11.551093925158002,11.783198381598,12.020670266673601,12.264032051713198,12.513877452639502
,PNG,,pc_cov,pc_cov,KYOTOGHG,IPCM0EL,MtCO2eq/MtCO2eq,AR4,0.289843237,0.281096305,0.277880923,0.269661597,0.286056537,0.26762447100000003,0.28258605600000003,0.308378992,0.32314734,0.301997829,0.32055063100000003,0.35250332799999995,0.36069668200000005,0.387947327,0.407416179,0.399392929,0.387084644,0.464238873,0.403631147,0.424292977,0.40284967899999996,0.428981835,0.41561355200000005,0.456778741,0.45735842,0.46427464399999996,0.495456386,0.497223271,0.474568965,0.47501785799999996,0.47744843600000003,0.481564609,0.48638024399999996,0.49187581799999996,0.49800824200000005,0.50471888,0.51178855,0.518950117,0.526094707,0.533140297,0.540024411,0.546698021,0.553159231,0.559431324,0.565528805,0.5714628279999999,0.577218136,0.582791351,0.58820399,0.593475627,0.598621928,0.603626983,0.608476019,0.613185931,0.6177734570000001,0.62225191,0.626589063,0.63075154,0.634754422,0.638611852,0.642336995
,POL,,pop,pop,POP,DEMOGR,Pers,,37960193.0,38082948.0,38197587.0,38301350.0,38389467.0,38458638.0,38509666.0,38544841.0,38564195.0,38567854.0,38556693.0,38529582.0,38488647.0,38441824.0,38399558.0,38368949.0,38354450.0,38353338.0,38356786.0,38351916.0,38329781.0,38286831.0,38227044.0,38158041.0,38091089.0,38034079.0,37989220.0,37953180.0,37899565.0093,37813880.1683,37711544.6731,37595957.3684,37470123.9141,37336971.1129,37199422.6809,37060405.9282,36913191.6621,36751288.3877,36577996.1549,36396632.6518,36210537.33,36009932.5193,35787048.2877,35548218.8835,35299721.3164,35047767.6238,34790504.5847,34524341.92,34252816.1201,33979435.851,33707681.6281,33436155.9275,33161093.9472,32882423.1432,32600095.1446,32314085.6085,32027183.748000003,31741827.0445,31457488.5473,31173649.1893,30889796.6574
,POL,,gdp,gdp,GDPPPP,ECO,2011GKD,,291956968750.0,277052187500.0,296914500000.0,319752812500.0,345661031250.0,380414437500.0,407072531250.0,431766843750.0,453021625000.0,476229812500.0,489168125000.0,501697218750.0,518181562500.0,525956875000.0,556601250000.0,584153875000.0,618002750000.0,676809812500.0,721225500000.0,756439500000.0,823934250000.0,882770437500.0,915536625000.0,926369000000.0,941991312500.0,1003724312500.0,1024202375000.0,1083073250000.0,1113375964412.125,1144282974245.036,1172623770032.79,1199199107906.503,1225278653029.244,1250709714403.69,1275337758150.8171,1299006409805.083,1321609146743.301,1343153044740.747,1363650926169.934,1383115784532.874,1401560725688.757,1419336301175.6208,1436578118559.8582,1452976225825.6382,1468219890842.397,1481998019413.0918,1494776031506.511,1506911614265.249,1517932883802.338,1527369124415.1409,1534750872704.455,1540896408786.16,1546627169838.807,1551479212002.0232,1554988043182.624,1556687242552.597,1557320099228.5032,1557894841680.406,1558340471265.4531,1558586914557.542,1558564933702.137
"The target value from 'unconditional_best' was used for 'conditional_worst' in 2030.
The target value from 'unconditional_best' was used for 'conditional_best' in 2030.
",POL,RBY,conditional,worst,KYOTOGHG,IPCM0EL,MtCO2eq,AR4,483.9311,470.2611,457.2355,456.25699999999995,450.13800000000003,452.745,465.6367,457.2052,424.99199999999996,414.1509,402.6906,401.2669,391.251,405.6077,408.8761,408.5541,423.7542,424.2352,416.7587,398.0488,416.9563,416.3499,408.8936,404.5246,391.4469,394.6131,403.1,417.5679,416.3221,424.668,432.2687,421.8316653161912,410.59872386286924,398.58837931834296,385.82253125990655,372.3255357595029,358.1436242225881,343.3478674342415,327.9966678182976,312.14129242389436,295.8254725,298.86153991560474,301.83358624971197,304.6843896522237,307.3570291239889,309.79470400623546,312.1018697477224,314.3594552531624,316.4760620048911,318.36077284675935,319.92261045242844,321.3095333175775,322.6673939812572,323.90136422500893,324.91601412847996,325.6150112184772,326.15299288170047,326.73989290888767,327.3610297738305,328.0018422906998,328.6478896140449
,POL,RBY,conditional,best,KYOTOGHG,IPCM0EL,MtCO2eq,AR4,483.9311,470.2611,457.2355,456.25699999999995,450.13800000000003,452.745,465.6367,457.2052,424.99199999999996,414.1509,402.6906,401.2669,391.251,405.6077,408.8761,408.5541,423.7542,424.2352,416.7587,398.0488,416.9563,416.3499,408.8936,404.5246,391.4469,394.6131,403.1,417.5679,416.3221,424.668,432.2687,421.8316653161912,410.59872386286924,398.58837931834296,385.82253125990655,372.3255357595029,358.1436242225881,343.3478674342415,327.9966678182976,312.14129242389436,295.8254725,298.86153991560474,301.83358624971197,304.6843896522237,307.3570291239889,309.79470400623546,312.1018697477224,314.3594552531624,316.4760620048911,318.36077284675935,319.92261045242844,321.3095333175775,322.6673939812572,323.90136422500893,324.91601412847996,325.6150112184772,326.15299288170047,326.73989290888767,327.3610297738305,328.0018422906998,328.6478896140449
"The target value from 'unconditional_best' was used for 'unconditional_worst' in 2030.
",POL,RBY,unconditional,worst,KYOTOGHG,IPCM0EL,MtCO2eq,AR4,483.9311,470.2611,457.2355,456.25699999999995,450.13800000000003,452.745,465.6367,457.2052,424.99199999999996,414.1509,402.6906,401.2669,391.251,405.6077,408.8761,408.5541,423.7542,424.2352,416.7587,398.0488,416.9563,416.3499,408.8936,404.5246,391.4469,394.6131,403.1,417.5679,416.3221,424.668,432.2687,421.8316653161912,410.59872386286924,398.58837931834296,385.82253125990655,372.3255357595029,358.1436242225881,343.3478674342415,327.9966678182976,312.14129242389436,295.8254725,298.86153991560474,301.83358624971197,304.6843896522237,307.3570291239889,309.79470400623546,312.1018697477224,314.3594552531624,316.4760620048911,318.36077284675935,319.92261045242844,321.3095333175775,322.6673939812572,323.90136422500893,324.91601412847996,325.6150112184772,326.15299288170047,326.73989290888767,327.3610297738305,328.0018422906998,328.6478896140449
,POL,RBY,unconditional,best,KYOTOGHG,IPCM0EL,MtCO2eq,AR4,483.9311,470.2611,457.2355,456.25699999999995,450.13800000000003,452.745,465.6367,457.2052,424.99199999999996,414.1509,402.6906,401.2669,391.251,405.6077,408.8761,408.5541,423.7542,424.2352,416.7587,398.0488,416.9563,416.3499,408.8936,404.5246,391.4469,394.6131,403.1,417.5679,416.3221,424.668,432.2687,421.8316653161912,410.59872386286924,398.58837931834296,385.82253125990655,372.3255357595029,358.1436242225881,343.3478674342415,327.9966678182976,312.14129242389436,295.8254725,298.86153991560474,301.83358624971197,304.6843896522237,307.3570291239889,309.79470400623546,312.1018697477224,314.3594552531624,316.4760620048911,318.36077284675935,319.92261045242844,321.3095333175775,322.6673939812572,323.90136422500893,324.91601412847996,325.6150112184772,326.15299288170047,326.73989290888767,327.3610297738305,328.0018422906998,328.6478896140449
"No targets calculated, so the baseline emissions are put in as target pathways for all un/conditional best/worst pathways.
",POL,baseline_emissions,conditional,worst,KYOTOGHG,IPCM0EL,MtCO2eq,AR4,483.9311,470.2611,457.2355,456.25699999999995,450.13800000000003,452.745,465.6367,457.2052,424.99199999999996,414.1509,402.6906,401.2669,391.251,405.6077,408.8761,408.5541,423.7542,424.2352,416.7587,398.0488,416.9563,416.3499,408.8936,404.5246,391.4469,394.6131,403.1,417.5679,416.3221,424.668,432.2687,439.3301,446.1379,452.6787,458.9406,464.9124,470.6093,476.0843,481.3842,486.5563,491.6479,496.6937,501.6331,506.371,510.8128,514.8641,518.6985,522.4505,525.9682,529.1005,531.6962,534.0012,536.2579,538.3087,539.995,541.1567,542.0508,543.0262,544.0585,545.1235,546.1972
"No targets calculated, so the baseline emissions are put in as target pathways for all un/conditional best/worst pathways.
",POL,baseline_emissions,conditional,best,KYOTOGHG,IPCM0EL,MtCO2eq,AR4,483.9311,470.2611,457.2355,456.25699999999995,450.13800000000003,452.745,465.6367,457.2052,424.99199999999996,414.1509,402.6906,401.2669,391.251,405.6077,408.8761,408.5541,423.7542,424.2352,416.7587,398.0488,416.9563,416.3499,408.8936,404.5246,391.4469,394.6131,403.1,417.5679,416.3221,424.668,432.2687,439.3301,446.1379,452.6787,458.9406,464.9124,470.6093,476.0843,481.3842,486.5563,491.6479,496.6937,501.6331,506.371,510.8128,514.8641,518.6985,522.4505,525.9682,529.1005,531.6962,534.0012,536.2579,538.3087,539.995,541.1567,542.0508,543.0262,544.0585,545.1235,546.1972
"No targets calculated, so the baseline emissions are put in as target pathways for all un/conditional best/worst pathways.
",POL,baseline_emissions,unconditional,worst,KYOTOGHG,IPCM0EL,MtCO2eq,AR4,483.9311,470.2611,457.2355,456.25699999999995,450.13800000000003,452.745,465.6367,457.2052,424.99199999999996,414.1509,402.6906,401.2669,391.251,405.6077,408.8761,408.5541,423.7542,424.2352,416.7587,398.0488,416.9563,416.3499,408.8936,404.5246,391.4469,394.6131,403.1,417.5679,416.3221,424.668,432.2687,439.3301,446.1379,452.6787,458.9406,464.9124,470.6093,476.0843,481.3842,486.5563,491.6479,496.6937,501.6331,506.371,510.8128,514.8641,518.6985,522.4505,525.9682,529.1005,531.6962,534.0012,536.2579,538.3087,539.995,541.1567,542.0508,543.0262,544.0585,545.1235,546.1972
"No targets calculated, so the baseline emissions are put in as target pathways for all un/conditional best/worst pathways.
",POL,baseline_emissions,unconditional,best,KYOTOGHG,IPCM0EL,MtCO2eq,AR4,483.9311,470.2611,457.2355,456.25699999999995,450.13800000000003,452.745,465.6367,457.2052,424.99199999999996,414.1509,402.6906,401.2669,391.251,405.6077,408.8761,408.5541,423.7542,424.2352,416.7587,398.0488,416.9563,416.3499,408.8936,404.5246,391.4469,394.6131,403.1,417.5679,416.3221,424.668,432.2687,439.3301,446.1379,452.6787,458.9406,464.9124,470.6093,476.0843,481.3842,486.5563,491.6479,496.6937,501.6331,506.371,510.8128,514.8641,518.6985,522.4505,525.9682,529.1005,531.6962,534.0012,536.2579,538.3087,539.995,541.1567,542.0508,543.0262,544.0585,545.1235,546.1972
,POL,,emi_bau,emi_bau,KYOTOGHG,IPCM0EL,MtCO2eq,AR4,483.9311,470.2611,457.2355,456.25699999999995,450.13800000000003,452.745,465.6367,457.2052,424.99199999999996,414.1509,402.6906,401.2669,391.251,405.6077,408.8761,408.5541,423.7542,424.2352,416.7587,398.0488,416.9563,416.3499,408.8936,404.5246,391.4469,394.6131,403.1,417.5679,416.3221,424.668,432.2687,439.3301,446.1379,452.6787,458.9406,464.9124,470.6093,476.0843,481.3842,486.5563,491.6479,496.6937,501.6331,506.371,510.8128,514.8641,518.6985,522.4505,525.9682,529.1005,531.6962,534.0012,536.2579,538.3087,539.995,541.1567,542.0508,543.0262,544.0585,545.1235,546.1972
,POL,,emi_cov,emi_cov,KYOTOGHG,IPCM0EL,MtCO2eq,AR4,483.9311,470.2611,457.2355,456.25699999999995,450.13800000000003,452.745,465.6367,457.2052,424.99199999999996,414.1509,402.6906,401.2669,391.251,405.6077,408.8761,408.5541,423.7542,424.2352,416.7587,398.0488,416.9563,416.3499,408.8936,404.5246,391.4469,394.6131,403.1,417.5679,416.3221,424.668,432.2687,439.3301,446.1379,452.6787,458.9406,464.9124,470.6093,476.0843,481.3842,486.5563,491.6479,496.6937,501.6331,506.371,510.8128,514.8641,518.6985,522.4505,525.9682,529.1005,531.6962,534.0012,536.2579,538.3087,539.995,541.1567,542.0508,543.0262,544.0585,545.1235,546.1972
,POL,,emi_ncov,emi_ncov,KYOTOGHG,IPCM0EL,MtCO2eq,AR4,0.0,0.0,0.0,0.0,0.0,0.0,0.0,0.0,0.0,0.0,0.0,0.0,0.0,0.0,0.0,0.0,0.0,0.0,0.0,0.0,0.0,0.0,0.0,0.0,0.0,0.0,0.0,0.0,0.0,0.0,0.0,0.0,0.0,0.0,0.0,0.0,0.0,0.0,0.0,0.0,0.0,0.0,0.0,0.0,0.0,0.0,0.0,0.0,0.0,0.0,0.0,0.0,0.0,0.0,0.0,0.0,0.0,0.0,0.0,0.0,0.0
,POL,,pc_cov,pc_cov,KYOTOGHG,IPCM0EL,MtCO2eq/MtCO2eq,AR4,1.0,1.0,1.0,1.0,1.0,1.0,1.0,1.0,1.0,1.0,1.0,1.0,1.0,1.0,1.0,1.0,1.0,1.0,1.0,1.0,1.0,1.0,1.0,1.0,1.0,1.0,1.0,1.0,1.0,1.0,1.0,1.0,1.0,1.0,1.0,1.0,1.0,1.0,1.0,1.0,1.0,1.0,1.0,1.0,1.0,1.0,1.0,1.0,1.0,1.0,1.0,1.0,1.0,1.0,1.0,1.0,1.0,1.0,1.0,1.0,1.0
,PRK,,pop,pop,POP,DEMOGR,Pers,,20293054.0,20609150.0,20937404.0,21265834.0,21577982.0,21862299.0,22113438.0,22335267.0,22536753.0,22731482.0,22929075.0,23132980.0,23339453.0,23542426.0,23732731.0,23904167.0,24054864.0,24188331.0,24310142.0,24428341.0,24548836.0,24673395.0,24800645.0,24929497.0,25057790.0,25183833.0,25307665.0,25429825.0,25535861.4081,25639199.0277,25740555.3133,25842419.4124,25945282.2774,26046880.0307,26144925.7588,26237108.5354,26324575.8352,26406513.632,26477646.2321,26532698.1101,26566399.0473,26589853.8631,26614552.2837,26635854.1336,26649173.4581,26649976.3799,26641778.9938,26631167.1371,26618271.746,26603247.7115,26586272.9802,26564602.5542,26536835.1086,26505188.8044,26471892.9135,26439187.788000006,26406335.0068,26371275.3464,26334265.6185,26295549.3309,26255357.1809
,PRK,,gdp,gdp,GDPPPP,ECO,2011GKD,,48480106006.0,46246932600.0,42879803392.0,40872932948.0,40070312574.0,38368334745.0,37150575840.0,34887687054.0,34819283385.0,37075047142.0,37236817800.0,38655209580.0,39163602134.0,39927954496.0,40820297320.0,42405992258.0,41975737680.0,41458799334.0,42712919494.0,42285458271.0,42052156068.0,42388892610.0,42929916495.0,43377324780.0,43826074710.0,43316192760.0,44311632607.0952,44623115616.3988,43730709494.749,43730709494.749,43730709494.749,43730709494.749,43730709494.749,43730709494.749,43730709494.749,43730709494.749,43730709494.749,43730709494.749,43730709494.749,43730709494.749,43730709494.749,43730709494.749,43730709494.749,43730709494.749,43730709494.749,43730709494.749,43730709494.749,43730709494.749,43730709494.749,43730709494.749,43730709494.749,43730709494.749,43730709494.749,43730709494.749,43730709494.749,43730709494.749,43730709494.749,43730709494.749,43730709494.749,43730709494.749,43730709494.749
"The target value from 'conditional_best' was used for 'conditional_worst' in 2030.
",PRK,ABS,conditional,worst,KYOTOGHG,IPCM0EL,MtCO2eq,AR4,222.0811,216.2722,191.8819,180.0796,165.8625,146.0203,124.1461,110.6567,91.9318,91.4787,89.1623,95.2959,94.2909,96.2319,98.4899,103.0215,104.8605,90.235,98.2645,96.9198,92.8127,73.8703,75.3664,62.6925,67.4521,69.278,75.0018,76.73,74.84893333333333,72.96786666666667,71.0868,68.22598513823043,65.36517027646087,62.50435541469131,59.64354055292175,56.78272569115219,53.921910829382625,51.06109596761306,48.2002811058435,45.33946624407395,42.47865138230438,42.47865138230438,42.47865138230438,42.47865138230438,42.47865138230438,42.47865138230438,42.47865138230438,42.47865138230438,42.47865138230438,42.47865138230438,42.47865138230438,42.47865138230438,42.47865138230438,42.47865138230438,42.47865138230438,42.47865138230438,42.47865138230438,42.47865138230438,42.47865138230438,42.47865138230438,42.47865138230438
,PRK,ABS,conditional,best,KYOTOGHG,IPCM0EL,MtCO2eq,AR4,222.0811,216.2722,191.8819,180.0796,165.8625,146.0203,124.1461,110.6567,91.9318,91.4787,89.1623,95.2959,94.2909,96.2319,98.4899,103.0215,104.8605,90.235,98.2645,96.9198,92.8127,73.8703,75.3664,62.6925,67.4521,69.278,75.0018,76.73,74.84893333333333,72.96786666666667,71.0868,68.22598513823043,65.36517027646087,62.50435541469131,59.64354055292175,56.78272569115219,53.921910829382625,51.06109596761306,48.2002811058435,45.33946624407395,42.47865138230438,42.47865138230438,42.47865138230438,42.47865138230438,42.47865138230438,42.47865138230438,42.47865138230438,42.47865138230438,42.47865138230438,42.47865138230438,42.47865138230438,42.47865138230438,42.47865138230438,42.47865138230438,42.47865138230438,42.47865138230438,42.47865138230438,42.47865138230438,42.47865138230438,42.47865138230438,42.47865138230438
"The target value from 'unconditional_best' was used for 'unconditional_worst' in 2030.
",PRK,ABS,unconditional,worst,KYOTOGHG,IPCM0EL,MtCO2eq,AR4,222.0811,216.2722,191.8819,180.0796,165.8625,146.0203,124.1461,110.6567,91.9318,91.4787,89.1623,95.2959,94.2909,96.2319,98.4899,103.0215,104.8605,90.235,98.2645,96.9198,92.8127,73.8703,75.3664,62.6925,67.4521,69.278,75.0018,76.73,74.84893333333333,72.96786666666667,71.0868,70.51880234379162,69.95080468758323,69.38280703137484,68.81480937516646,68.24681171895807,67.6788140627497,67.1108164065413,66.54281875033293,65.97482109412454,65.40682343791616,65.40682343791616,65.40682343791616,65.40682343791616,65.40682343791616,65.40682343791616,65.40682343791616,65.40682343791616,65.40682343791616,65.40682343791616,65.40682343791616,65.40682343791616,65.40682343791616,65.40682343791616,65.40682343791616,65.40682343791616,65.40682343791616,65.40682343791616,65.40682343791616,65.40682343791616,65.40682343791616
,PRK,ABS,unconditional,best,KYOTOGHG,IPCM0EL,MtCO2eq,AR4,222.0811,216.2722,191.8819,180.0796,165.8625,146.0203,124.1461,110.6567,91.9318,91.4787,89.1623,95.2959,94.2909,96.2319,98.4899,103.0215,104.8605,90.235,98.2645,96.9198,92.8127,73.8703,75.3664,62.6925,67.4521,69.278,75.0018,76.73,74.84893333333333,72.96786666666667,71.0868,70.51880234379162,69.95080468758323,69.38280703137484,68.81480937516646,68.24681171895807,67.6788140627497,67.1108164065413,66.54281875033293,65.97482109412454,65.40682343791616,65.40682343791616,65.40682343791616,65.40682343791616,65.40682343791616,65.40682343791616,65.40682343791616,65.40682343791616,65.40682343791616,65.40682343791616,65.40682343791616,65.40682343791616,65.40682343791616,65.40682343791616,65.40682343791616,65.40682343791616,65.40682343791616,65.40682343791616,65.40682343791616,65.40682343791616,65.40682343791616
"The target value from 'conditional_best' was used for 'conditional_worst' in 2030.
",PRK,ABU,conditional,worst,KYOTOGHG,IPCM0EL,MtCO2eq,AR4,222.0811,216.2722,191.8819,180.0796,165.8625,146.0203,124.1461,110.6567,91.9318,91.4787,89.1623,95.2959,94.2909,96.2319,98.4899,103.0215,104.8605,90.235,98.2645,96.9198,92.8127,73.8703,75.3664,62.6925,67.4521,69.278,75.0018,76.73,74.84893333333333,72.96786666666667,71.0868,68.22613660427209,65.36547320854419,62.50480981281628,59.644146417088365,56.78348302136046,53.922819625632556,51.062156229904645,48.20149283417674,45.340829438448836,42.48016604272093,42.48016604272093,42.48016604272093,42.48016604272093,42.48016604272093,42.48016604272093,42.48016604272093,42.48016604272093,42.48016604272093,42.48016604272093,42.48016604272093,42.48016604272093,42.48016604272093,42.48016604272093,42.48016604272093,42.48016604272093,42.48016604272093,42.48016604272093,42.48016604272093,42.48016604272093,42.48016604272093
,PRK,ABU,conditional,best,KYOTOGHG,IPCM0EL,MtCO2eq,AR4,222.0811,216.2722,191.8819,180.0796,165.8625,146.0203,124.1461,110.6567,91.9318,91.4787,89.1623,95.2959,94.2909,96.2319,98.4899,103.0215,104.8605,90.235,98.2645,96.9198,92.8127,73.8703,75.3664,62.6925,67.4521,69.278,75.0018,76.73,74.84893333333333,72.96786666666667,71.0868,68.22613660427209,65.36547320854419,62.50480981281628,59.644146417088365,56.78348302136046,53.922819625632556,51.062156229904645,48.20149283417674,45.340829438448836,42.48016604272093,42.48016604272093,42.48016604272093,42.48016604272093,42.48016604272093,42.48016604272093,42.48016604272093,42.48016604272093,42.48016604272093,42.48016604272093,42.48016604272093,42.48016604272093,42.48016604272093,42.48016604272093,42.48016604272093,42.48016604272093,42.48016604272093,42.48016604272093,42.48016604272093,42.48016604272093,42.48016604272093
"The target value from 'unconditional_best' was used for 'unconditional_worst' in 2030.
",PRK,ABU,unconditional,worst,KYOTOGHG,IPCM0EL,MtCO2eq,AR4,222.0811,216.2722,191.8819,180.0796,165.8625,146.0203,124.1461,110.6567,91.9318,91.4787,89.1623,95.2959,94.2909,96.2319,98.4899,103.0215,104.8605,90.235,98.2645,96.9198,92.8127,73.8703,75.3664,62.6925,67.4521,69.278,75.0018,76.73,74.84893333333333,72.96786666666667,71.0868,70.51891594332285,69.95103188664571,69.38314782996856,68.81526377329142,68.24737971661428,67.67949565993715,67.11161160326,66.54372754658286,65.97584348990571,65.40795943322857,65.40795943322857,65.40795943322857,65.40795943322857,65.40795943322857,65.40795943322857,65.40795943322857,65.40795943322857,65.40795943322857,65.40795943322857,65.40795943322857,65.40795943322857,65.40795943322857,65.40795943322857,65.40795943322857,65.40795943322857,65.40795943322857,65.40795943322857,65.40795943322857,65.40795943322857,65.40795943322857
,PRK,ABU,unconditional,best,KYOTOGHG,IPCM0EL,MtCO2eq,AR4,222.0811,216.2722,191.8819,180.0796,165.8625,146.0203,124.1461,110.6567,91.9318,91.4787,89.1623,95.2959,94.2909,96.2319,98.4899,103.0215,104.8605,90.235,98.2645,96.9198,92.8127,73.8703,75.3664,62.6925,67.4521,69.278,75.0018,76.73,74.84893333333333,72.96786666666667,71.0868,70.51891594332285,69.95103188664571,69.38314782996856,68.81526377329142,68.24737971661428,67.67949565993715,67.11161160326,66.54372754658286,65.97584348990571,65.40795943322857,65.40795943322857,65.40795943322857,65.40795943322857,65.40795943322857,65.40795943322857,65.40795943322857,65.40795943322857,65.40795943322857,65.40795943322857,65.40795943322857,65.40795943322857,65.40795943322857,65.40795943322857,65.40795943322857,65.40795943322857,65.40795943322857,65.40795943322857,65.40795943322857,65.40795943322857,65.40795943322857
"The target value from 'conditional_best' was used for 'conditional_worst' in 2030.
",PRK,RBU,conditional,worst,KYOTOGHG,IPCM0EL,MtCO2eq,AR4,222.0811,216.2722,191.8819,180.0796,165.8625,146.0203,124.1461,110.6567,91.9318,91.4787,89.1623,95.2959,94.2909,96.2319,98.4899,103.0215,104.8605,90.235,98.2645,96.9198,92.8127,73.8703,75.3664,62.6925,67.4521,69.278,75.0018,76.73,74.84893333333333,72.96786666666667,71.0868,68.2255563,65.36431259999999,62.503068899999995,59.64182519999999,56.780581500000004,53.9193378,51.0580941,48.1968504,45.3356067,42.474363,42.474363,42.474363,42.474363,42.474363,42.474363,42.474363,42.474363,42.474363,42.474363,42.474363,42.474363,42.474363,42.474363,42.474363,42.474363,42.474363,42.474363,42.474363,42.474363,42.474363
,PRK,RBU,conditional,best,KYOTOGHG,IPCM0EL,MtCO2eq,AR4,222.0811,216.2722,191.8819,180.0796,165.8625,146.0203,124.1461,110.6567,91.9318,91.4787,89.1623,95.2959,94.2909,96.2319,98.4899,103.0215,104.8605,90.235,98.2645,96.9198,92.8127,73.8703,75.3664,62.6925,67.4521,69.278,75.0018,76.73,74.84893333333333,72.96786666666667,71.0868,68.2255563,65.36431259999999,62.503068899999995,59.64182519999999,56.780581500000004,53.9193378,51.0580941,48.1968504,45.3356067,42.474363,42.474363,42.474363,42.474363,42.474363,42.474363,42.474363,42.474363,42.474363,42.474363,42.474363,42.474363,42.474363,42.474363,42.474363,42.474363,42.474363,42.474363,42.474363,42.474363,42.474363
"The target value from 'unconditional_best' was used for 'unconditional_worst' in 2030.
",PRK,RBU,unconditional,worst,KYOTOGHG,IPCM0EL,MtCO2eq,AR4,222.0811,216.2722,191.8819,180.0796,165.8625,146.0203,124.1461,110.6567,91.9318,91.4787,89.1623,95.2959,94.2909,96.2319,98.4899,103.0215,104.8605,90.235,98.2645,96.9198,92.8127,73.8703,75.3664,62.6925,67.4521,69.278,75.0018,76.73,74.84893333333333,72.96786666666667,71.0868,70.5181056,69.9494112,69.3807168,68.81202239999999,68.24332799999999,67.6746336,67.1059392,66.5372448,65.9685504,65.399856,65.399856,65.399856,65.399856,65.399856,65.399856,65.399856,65.399856,65.399856,65.399856,65.399856,65.399856,65.399856,65.399856,65.399856,65.399856,65.399856,65.399856,65.399856,65.399856,65.399856
,PRK,RBU,unconditional,best,KYOTOGHG,IPCM0EL,MtCO2eq,AR4,222.0811,216.2722,191.8819,180.0796,165.8625,146.0203,124.1461,110.6567,91.9318,91.4787,89.1623,95.2959,94.2909,96.2319,98.4899,103.0215,104.8605,90.235,98.2645,96.9198,92.8127,73.8703,75.3664,62.6925,67.4521,69.278,75.0018,76.73,74.84893333333333,72.96786666666667,71.0868,70.5181056,69.9494112,69.3807168,68.81202239999999,68.24332799999999,67.6746336,67.1059392,66.5372448,65.9685504,65.399856,65.399856,65.399856,65.399856,65.399856,65.399856,65.399856,65.399856,65.399856,65.399856,65.399856,65.399856,65.399856,65.399856,65.399856,65.399856,65.399856,65.399856,65.399856,65.399856,65.399856
"No targets calculated, so the baseline emissions are put in as target pathways for all un/conditional best/worst pathways.
",PRK,baseline_emissions,conditional,worst,KYOTOGHG,IPCM0EL,MtCO2eq,AR4,222.0811,216.2722,191.8819,180.0796,165.8625,146.0203,124.1461,110.6567,91.9318,91.4787,89.1623,95.2959,94.2909,96.2319,98.4899,103.0215,104.8605,90.235,98.2645,96.9198,92.8127,73.8703,75.3664,62.6925,67.4521,69.278,75.0018,76.73,74.84893333333333,72.96786666666667,71.0868,71.0868,71.0868,71.0868,71.0868,71.0868,71.0868,71.0868,71.0868,71.0868,71.0868,71.0868,71.0868,71.0868,71.0868,71.0868,71.0868,71.0868,71.0868,71.0868,71.0868,71.0868,71.0868,71.0868,71.0868,71.0868,71.0868,71.0868,71.0868,71.0868,71.0868
"No targets calculated, so the baseline emissions are put in as target pathways for all un/conditional best/worst pathways.
",PRK,baseline_emissions,conditional,best,KYOTOGHG,IPCM0EL,MtCO2eq,AR4,222.0811,216.2722,191.8819,180.0796,165.8625,146.0203,124.1461,110.6567,91.9318,91.4787,89.1623,95.2959,94.2909,96.2319,98.4899,103.0215,104.8605,90.235,98.2645,96.9198,92.8127,73.8703,75.3664,62.6925,67.4521,69.278,75.0018,76.73,74.84893333333333,72.96786666666667,71.0868,71.0868,71.0868,71.0868,71.0868,71.0868,71.0868,71.0868,71.0868,71.0868,71.0868,71.0868,71.0868,71.0868,71.0868,71.0868,71.0868,71.0868,71.0868,71.0868,71.0868,71.0868,71.0868,71.0868,71.0868,71.0868,71.0868,71.0868,71.0868,71.0868,71.0868
"No targets calculated, so the baseline emissions are put in as target pathways for all un/conditional best/worst pathways.
",PRK,baseline_emissions,unconditional,worst,KYOTOGHG,IPCM0EL,MtCO2eq,AR4,222.0811,216.2722,191.8819,180.0796,165.8625,146.0203,124.1461,110.6567,91.9318,91.4787,89.1623,95.2959,94.2909,96.2319,98.4899,103.0215,104.8605,90.235,98.2645,96.9198,92.8127,73.8703,75.3664,62.6925,67.4521,69.278,75.0018,76.73,74.84893333333333,72.96786666666667,71.0868,71.0868,71.0868,71.0868,71.0868,71.0868,71.0868,71.0868,71.0868,71.0868,71.0868,71.0868,71.0868,71.0868,71.0868,71.0868,71.0868,71.0868,71.0868,71.0868,71.0868,71.0868,71.0868,71.0868,71.0868,71.0868,71.0868,71.0868,71.0868,71.0868,71.0868
"No targets calculated, so the baseline emissions are put in as target pathways for all un/conditional best/worst pathways.
",PRK,baseline_emissions,unconditional,best,KYOTOGHG,IPCM0EL,MtCO2eq,AR4,222.0811,216.2722,191.8819,180.0796,165.8625,146.0203,124.1461,110.6567,91.9318,91.4787,89.1623,95.2959,94.2909,96.2319,98.4899,103.0215,104.8605,90.235,98.2645,96.9198,92.8127,73.8703,75.3664,62.6925,67.4521,69.278,75.0018,76.73,74.84893333333333,72.96786666666667,71.0868,71.0868,71.0868,71.0868,71.0868,71.0868,71.0868,71.0868,71.0868,71.0868,71.0868,71.0868,71.0868,71.0868,71.0868,71.0868,71.0868,71.0868,71.0868,71.0868,71.0868,71.0868,71.0868,71.0868,71.0868,71.0868,71.0868,71.0868,71.0868,71.0868,71.0868
,PRK,,emi_bau,emi_bau,KYOTOGHG,IPCM0EL,MtCO2eq,AR4,222.0811,216.2722,191.8819,180.0796,165.8625,146.0203,124.1461,110.6567,91.9318,91.4787,89.1623,95.2959,94.2909,96.2319,98.4899,103.0215,104.8605,90.235,98.2645,96.9198,92.8127,73.8703,75.3664,62.6925,67.4521,69.278,75.0018,76.73,74.84893333333333,72.96786666666667,71.0868,71.0868,71.0868,71.0868,71.0868,71.0868,71.0868,71.0868,71.0868,71.0868,71.0868,71.0868,71.0868,71.0868,71.0868,71.0868,71.0868,71.0868,71.0868,71.0868,71.0868,71.0868,71.0868,71.0868,71.0868,71.0868,71.0868,71.0868,71.0868,71.0868,71.0868
,PRK,,emi_cov,emi_cov,KYOTOGHG,IPCM0EL,MtCO2eq,AR4,222.0811,216.2722,191.8819,180.0796,165.8625,146.0203,124.1461,110.6567,91.9318,91.4787,89.1623,95.2959,94.2909,96.2319,98.4899,103.0215,104.8605,90.235,98.2645,96.9198,92.8127,73.8703,75.3664,62.6925,67.4521,69.278,75.0018,76.73,74.84893333333333,72.96786666666667,71.0868,71.0868,71.0868,71.0868,71.0868,71.0868,71.0868,71.0868,71.0868,71.0868,71.0868,71.0868,71.0868,71.0868,71.0868,71.0868,71.0868,71.0868,71.0868,71.0868,71.0868,71.0868,71.0868,71.0868,71.0868,71.0868,71.0868,71.0868,71.0868,71.0868,71.0868
,PRK,,emi_ncov,emi_ncov,KYOTOGHG,IPCM0EL,MtCO2eq,AR4,0.0,0.0,0.0,0.0,0.0,0.0,0.0,0.0,0.0,0.0,0.0,0.0,0.0,0.0,0.0,0.0,0.0,0.0,0.0,0.0,0.0,0.0,0.0,0.0,0.0,0.0,0.0,0.0,0.0,0.0,0.0,0.0,0.0,0.0,0.0,0.0,0.0,0.0,0.0,0.0,0.0,0.0,0.0,0.0,0.0,0.0,0.0,0.0,0.0,0.0,0.0,0.0,0.0,0.0,0.0,0.0,0.0,0.0,0.0,0.0,0.0
,PRK,,pc_cov,pc_cov,KYOTOGHG,IPCM0EL,MtCO2eq/MtCO2eq,AR4,1.0,1.0,1.0,1.0,1.0,1.0,1.0,1.0,1.0,1.0,1.0,1.0,1.0,1.0,1.0,1.0,1.0,1.0,1.0,1.0,1.0,1.0,1.0,1.0,1.0,1.0,1.0,1.0,1.0,1.0,1.0,1.0,1.0,1.0,1.0,1.0,1.0,1.0,1.0,1.0,1.0,1.0,1.0,1.0,1.0,1.0,1.0,1.0,1.0,1.0,1.0,1.0,1.0,1.0,1.0,1.0,1.0,1.0,1.0,1.0,1.0
,PRT,,pop,pop,POP,DEMOGR,Pers,,9895364.0,9916049.0,9951303.0,9996640.0,10045044.0,10091325.0,10134020.0,10174563.0,10214052.0,10254490.0,10297112.0,10341454.0,10385987.0,10429612.0,10470921.0,10508495.0,10542830.0,10573143.0,10595314.0,10604056.0,10596058.0,10569380.0,10526308.0,10473021.0,10418218.0,10368351.0,10325538.0,10288527.0,10311946.2103,10300701.1951,10285072.0013,10264380.7844,10239357.6678,10212076.6043,10184607.676,10159021.3399,10134325.0473,10108437.6786,10081801.8745,10054863.9881,10028074.3569,9999778.9735,9968435.8138,9934659.8383,9899057.5835,9862227.4493,9824200.5823,9784732.0101,9743997.9643,9702171.6465,9659422.9038,9615323.7098,9569200.5352,9520854.4927,9470089.8958,9416714.6475,9361095.5925,9303897.8792,9245380.4759,9185803.0921,9125426.2239
,PRT,,gdp,gdp,GDPPPP,ECO,2011GKD,,143921578125.0,151348687500.0,159436265625.0,160391359375.0,170170687500.0,178406046875.0,183485093750.0,197182562500.0,210108750000.0,223670562500.0,232219343750.0,235237703125.0,239221593750.0,241348078125.0,247365937500.0,263123187500.0,276263218750.0,285233187500.0,290319250000.0,287252000000.0,296458000000.0,284863343750.0,276471718750.0,281945937500.0,284674843750.0,295964031250.0,276237156250.0,276245187500.0,285977819183.0523,291546434221.099,296098278083.3866,299803918096.002,303517756199.1638,307220337545.9752,310892486807.1631,314515273741.0854,318071388751.5991,321526702437.0786,324837194978.0185,327958824701.4248,330847542001.0501,333555038587.675,336144474501.6707,338589088401.5085,340862239386.7214,342937437182.8405,344814272629.8277,346526904117.9887,348100742403.7231,349561049514.0555,350932921759.1212,352186599395.0552,353328808241.909,354438816597.8734,355595358526.5413,356876833465.3654,358243353232.5781,359605911618.1635,360969222359.269,362338018708.3435,363717014173.7305
"The target value from 'unconditional_best' was used for 'conditional_worst' in 2030.
The target value from 'unconditional_best' was used for 'conditional_best' in 2030.
",PRT,RBY,conditional,worst,KYOTOGHG,IPCM0EL,MtCO2eq,AR4,60.2105,62.0379,66.3008,64.8468,65.8104,70.1906,67.8734,71.1664,75.8832,83.9613,83.2564,82.7129,86.6771,81.2233,84.2922,86.5727,81.7974,79.5601,77.0823,73.9237,69.6871,68.303,66.4235,64.5836,64.5727,68.59,66.7812,71.3826,68.4371,69.7314,70.8101,68.45385592365925,66.01696179701976,63.50030001100812,60.904799079298584,58.23113363831305,55.480962027940045,52.652513286869876,49.74173038775404,46.74569980091158,43.6622875,44.153067862244725,44.63657780923231,45.110084102144285,45.57090816693856,46.016262100020285,46.44674721392953,46.86739266809227,47.28246231506533,47.6962746721819,48.11298426244604,48.52521134104789,48.92989468051076,49.33818589521402,49.76150992341886,50.21140103293926,50.68261140524371,51.16295079520187,51.653184509682895,52.15435117943781,52.66732544088852
,PRT,RBY,conditional,best,KYOTOGHG,IPCM0EL,MtCO2eq,AR4,60.2105,62.0379,66.3008,64.8468,65.8104,70.1906,67.8734,71.1664,75.8832,83.9613,83.2564,82.7129,86.6771,81.2233,84.2922,86.5727,81.7974,79.5601,77.0823,73.9237,69.6871,68.303,66.4235,64.5836,64.5727,68.59,66.7812,71.3826,68.4371,69.7314,70.8101,68.45385592365925,66.01696179701976,63.50030001100812,60.904799079298584,58.23113363831305,55.480962027940045,52.652513286869876,49.74173038775404,46.74569980091158,43.6622875,44.153067862244725,44.63657780923231,45.110084102144285,45.57090816693856,46.016262100020285,46.44674721392953,46.86739266809227,47.28246231506533,47.6962746721819,48.11298426244604,48.52521134104789,48.92989468051076,49.33818589521402,49.76150992341886,50.21140103293926,50.68261140524371,51.16295079520187,51.653184509682895,52.15435117943781,52.66732544088852
"The target value from 'unconditional_best' was used for 'unconditional_worst' in 2030.
",PRT,RBY,unconditional,worst,KYOTOGHG,IPCM0EL,MtCO2eq,AR4,60.2105,62.0379,66.3008,64.8468,65.8104,70.1906,67.8734,71.1664,75.8832,83.9613,83.2564,82.7129,86.6771,81.2233,84.2922,86.5727,81.7974,79.5601,77.0823,73.9237,69.6871,68.303,66.4235,64.5836,64.5727,68.59,66.7812,71.3826,68.4371,69.7314,70.8101,68.45385592365925,66.01696179701976,63.50030001100812,60.904799079298584,58.23113363831305,55.480962027940045,52.652513286869876,49.74173038775404,46.74569980091158,43.6622875,44.153067862244725,44.63657780923231,45.110084102144285,45.57090816693856,46.016262100020285,46.44674721392953,46.86739266809227,47.28246231506533,47.6962746721819,48.11298426244604,48.52521134104789,48.92989468051076,49.33818589521402,49.76150992341886,50.21140103293926,50.68261140524371,51.16295079520187,51.653184509682895,52.15435117943781,52.66732544088852
,PRT,RBY,unconditional,best,KYOTOGHG,IPCM0EL,MtCO2eq,AR4,60.2105,62.0379,66.3008,64.8468,65.8104,70.1906,67.8734,71.1664,75.8832,83.9613,83.2564,82.7129,86.6771,81.2233,84.2922,86.5727,81.7974,79.5601,77.0823,73.9237,69.6871,68.303,66.4235,64.5836,64.5727,68.59,66.7812,71.3826,68.4371,69.7314,70.8101,68.45385592365925,66.01696179701976,63.50030001100812,60.904799079298584,58.23113363831305,55.480962027940045,52.652513286869876,49.74173038775404,46.74569980091158,43.6622875,44.153067862244725,44.63657780923231,45.110084102144285,45.57090816693856,46.016262100020285,46.44674721392953,46.86739266809227,47.28246231506533,47.6962746721819,48.11298426244604,48.52521134104789,48.92989468051076,49.33818589521402,49.76150992341886,50.21140103293926,50.68261140524371,51.16295079520187,51.653184509682895,52.15435117943781,52.66732544088852
"No targets calculated, so the baseline emissions are put in as target pathways for all un/conditional best/worst pathways.
",PRT,baseline_emissions,conditional,worst,KYOTOGHG,IPCM0EL,MtCO2eq,AR4,60.2105,62.0379,66.3008,64.8468,65.8104,70.1906,67.8734,71.1664,75.8832,83.9613,83.2564,82.7129,86.6771,81.2233,84.2922,86.5727,81.7974,79.5601,77.0823,73.9237,69.6871,68.303,66.4235,64.5836,64.5727,68.59,66.7812,71.3826,68.4371,69.7314,70.8101,71.7046,72.5996,73.4962,74.3958,75.2998,76.2113,77.1292,78.0485,78.9646,79.8728,80.7706,81.6551,82.5213,83.3643,84.179,84.9665,85.736,86.4953,87.2523,88.0146,88.7687,89.509,90.2559,91.0303,91.8533,92.7153,93.594,94.4908,95.4076,96.346
"No targets calculated, so the baseline emissions are put in as target pathways for all un/conditional best/worst pathways.
",PRT,baseline_emissions,conditional,best,KYOTOGHG,IPCM0EL,MtCO2eq,AR4,60.2105,62.0379,66.3008,64.8468,65.8104,70.1906,67.8734,71.1664,75.8832,83.9613,83.2564,82.7129,86.6771,81.2233,84.2922,86.5727,81.7974,79.5601,77.0823,73.9237,69.6871,68.303,66.4235,64.5836,64.5727,68.59,66.7812,71.3826,68.4371,69.7314,70.8101,71.7046,72.5996,73.4962,74.3958,75.2998,76.2113,77.1292,78.0485,78.9646,79.8728,80.7706,81.6551,82.5213,83.3643,84.179,84.9665,85.736,86.4953,87.2523,88.0146,88.7687,89.509,90.2559,91.0303,91.8533,92.7153,93.594,94.4908,95.4076,96.346
"No targets calculated, so the baseline emissions are put in as target pathways for all un/conditional best/worst pathways.
",PRT,baseline_emissions,unconditional,worst,KYOTOGHG,IPCM0EL,MtCO2eq,AR4,60.2105,62.0379,66.3008,64.8468,65.8104,70.1906,67.8734,71.1664,75.8832,83.9613,83.2564,82.7129,86.6771,81.2233,84.2922,86.5727,81.7974,79.5601,77.0823,73.9237,69.6871,68.303,66.4235,64.5836,64.5727,68.59,66.7812,71.3826,68.4371,69.7314,70.8101,71.7046,72.5996,73.4962,74.3958,75.2998,76.2113,77.1292,78.0485,78.9646,79.8728,80.7706,81.6551,82.5213,83.3643,84.179,84.9665,85.736,86.4953,87.2523,88.0146,88.7687,89.509,90.2559,91.0303,91.8533,92.7153,93.594,94.4908,95.4076,96.346
"No targets calculated, so the baseline emissions are put in as target pathways for all un/conditional best/worst pathways.
",PRT,baseline_emissions,unconditional,best,KYOTOGHG,IPCM0EL,MtCO2eq,AR4,60.2105,62.0379,66.3008,64.8468,65.8104,70.1906,67.8734,71.1664,75.8832,83.9613,83.2564,82.7129,86.6771,81.2233,84.2922,86.5727,81.7974,79.5601,77.0823,73.9237,69.6871,68.303,66.4235,64.5836,64.5727,68.59,66.7812,71.3826,68.4371,69.7314,70.8101,71.7046,72.5996,73.4962,74.3958,75.2998,76.2113,77.1292,78.0485,78.9646,79.8728,80.7706,81.6551,82.5213,83.3643,84.179,84.9665,85.736,86.4953,87.2523,88.0146,88.7687,89.509,90.2559,91.0303,91.8533,92.7153,93.594,94.4908,95.4076,96.346
,PRT,,emi_bau,emi_bau,KYOTOGHG,IPCM0EL,MtCO2eq,AR4,60.2105,62.0379,66.3008,64.8468,65.8104,70.1906,67.8734,71.1664,75.8832,83.9613,83.2564,82.7129,86.6771,81.2233,84.2922,86.5727,81.7974,79.5601,77.0823,73.9237,69.6871,68.303,66.4235,64.5836,64.5727,68.59,66.7812,71.3826,68.4371,69.7314,70.8101,71.7046,72.5996,73.4962,74.3958,75.2998,76.2113,77.1292,78.0485,78.9646,79.8728,80.7706,81.6551,82.5213,83.3643,84.179,84.9665,85.736,86.4953,87.2523,88.0146,88.7687,89.509,90.2559,91.0303,91.8533,92.7153,93.594,94.4908,95.4076,96.346
,PRT,,emi_cov,emi_cov,KYOTOGHG,IPCM0EL,MtCO2eq,AR4,60.2105,62.0379,66.3008,64.8468,65.8104,70.1906,67.8734,71.1664,75.8832,83.9613,83.2564,82.7129,86.6771,81.2233,84.2922,86.5727,81.7974,79.5601,77.0823,73.9237,69.6871,68.303,66.4235,64.5836,64.5727,68.59,66.7812,71.3826,68.4371,69.7314,70.8101,71.7046,72.5996,73.4962,74.3958,75.2998,76.2113,77.1292,78.0485,78.9646,79.8728,80.7706,81.6551,82.5213,83.3643,84.179,84.9665,85.736,86.4953,87.2523,88.0146,88.7687,89.509,90.2559,91.0303,91.8533,92.7153,93.594,94.4908,95.4076,96.346
,PRT,,emi_ncov,emi_ncov,KYOTOGHG,IPCM0EL,MtCO2eq,AR4,0.0,0.0,0.0,0.0,0.0,0.0,0.0,0.0,0.0,0.0,0.0,0.0,0.0,0.0,0.0,0.0,0.0,0.0,0.0,0.0,0.0,0.0,0.0,0.0,0.0,0.0,0.0,0.0,0.0,0.0,0.0,0.0,0.0,0.0,0.0,0.0,0.0,0.0,0.0,0.0,0.0,0.0,0.0,0.0,0.0,0.0,0.0,0.0,0.0,0.0,0.0,0.0,0.0,0.0,0.0,0.0,0.0,0.0,0.0,0.0,0.0
,PRT,,pc_cov,pc_cov,KYOTOGHG,IPCM0EL,MtCO2eq/MtCO2eq,AR4,1.0,1.0,1.0,1.0,1.0,1.0,1.0,1.0,1.0,1.0,1.0,1.0,1.0,1.0,1.0,1.0,1.0,1.0,1.0,1.0,1.0,1.0,1.0,1.0,1.0,1.0,1.0,1.0,1.0,1.0,1.0,1.0,1.0,1.0,1.0,1.0,1.0,1.0,1.0,1.0,1.0,1.0,1.0,1.0,1.0,1.0,1.0,1.0,1.0,1.0,1.0,1.0,1.0,1.0,1.0,1.0,1.0,1.0,1.0,1.0,1.0
,PRY,,pop,pop,POP,DEMOGR,Pers,,4223415.0,4334345.0,4445016.0,4555521.0,4666094.0,4776843.0,4887632.0,4998100.0,5107839.0,5216349.0,5323201.0,5428444.0,5531962.0,5632983.0,5730549.0,5824096.0,5913209.0,5998427.0,6081296.0,6163972.0,6248020.0,6333976.0,6421513.0,6510276.0,6599526.0,6688746.0,6777872.0,6867061.0,6982572.9424,7103966.5762,7225899.5617,7349233.106000002,7474676.9085,7601705.5393,7729794.0331,7858417.7681,7987215.3856,8115846.038,8243817.741,8370640.7491,8495827.5341,8619608.5086,8742628.2521,8865021.0925,8986920.0375,9108456.8305,9229593.798,9350306.1683,9470743.3816,9591053.9392,9711385.4324,9831866.2341,9952441.4561,10072982.343,10193359.1082,10313440.9465,10433100.3265,10552210.7571,10670644.4439,10788276.5089,10904984.9599
,PRY,,gdp,gdp,GDPPPP,ECO,2011GKD,,15468450195.3125,15970343750.0,16510529296.875,17292246093.75,18146890625.0,19027359375.0,19694310546.875,20156060546.875,20407705078.125,19843320312.5,18755894531.25,19530724609.375,25249109375.0,26850718750.0,27642812500.0,27989107421.875,29346917968.75,32191365234.375,35147199218.75,36254660156.25,42272468750.0,46787789062.5,47158566406.25,51904679687.5,53109007812.5,53058519531.25,54670164062.5,55950753906.25,61392560678.4863,64189875181.5488,67099279820.3344,70186278181.8373,73479558086.9359,76946552332.8876,80555484858.9067,84275267189.8361,88103585497.8738,92042434036.4149,96067631689.1907,100155004334.8966,104280400189.9957,108438246993.9248,112644494591.6075,116906821971.827,121232253397.9877,125627136345.8419,130104902369.2995,134676641972.9447,139345362146.4395,144115009423.1416,148990484134.1804,153962417772.0068,159015160682.0738,164145196864.1762,169349402006.5009,174625048690.8018,179980097281.2471,185424171173.9977,190957353519.2424,196579748856.3226,202291479231.0583
"The target value from 'conditional_best' was used for 'conditional_worst' in 2030.
",PRY,ABS,conditional,worst,KYOTOGHG,IPCM0EL,MtCO2eq,AR4,25.9796,24.4716,25.6859,27.6956,29.4592,31.0749,29.5277,29.3548,29.0071,28.6674,26.1035,29.094,29.8405,33.8099,33.203,35.4185,36.9776,41.1297,40.4628,42.8419,46.4166,48.3555,49.5242,52.0481,54.7265,54.4377,54.6596,55.6762,57.59926666666667,59.52233333333334,61.44540000000001,62.32895058894232,63.12661014423078,63.83837866586538,64.46425615384615,65.00424260817307,65.45833802884616,65.82654241586539,66.10885576923074,66.3052780889423,66.415809375,68.35201225961538,70.31006826923077,72.29029759615383,74.2923,76.3149548076923,78.36138389423076,80.43390865384616,82.53036778846153,84.64924038461537,86.78908557692307,88.94934302884614,91.12777139423076,93.32060841346153,95.52465216346154,97.73662067307691,99.95803485576923,102.19049567307691,104.43080120192307,106.67574951923076,108.92213870192306
,PRY,ABS,conditional,best,KYOTOGHG,IPCM0EL,MtCO2eq,AR4,25.9796,24.4716,25.6859,27.6956,29.4592,31.0749,29.5277,29.3548,29.0071,28.6674,26.1035,29.094,29.8405,33.8099,33.203,35.4185,36.9776,41.1297,40.4628,42.8419,46.4166,48.3555,49.5242,52.0481,54.7265,54.4377,54.6596,55.6762,57.59926666666667,59.52233333333334,61.44540000000001,62.32895058894232,63.12661014423078,63.83837866586538,64.46425615384615,65.00424260817307,65.45833802884616,65.82654241586539,66.10885576923074,66.3052780889423,66.415809375,68.35201225961538,70.31006826923077,72.29029759615383,74.2923,76.3149548076923,78.36138389423076,80.43390865384616,82.53036778846153,84.64924038461537,86.78908557692307,88.94934302884614,91.12777139423076,93.32060841346153,95.52465216346154,97.73662067307691,99.95803485576923,102.19049567307691,104.43080120192307,106.67574951923076,108.92213870192306
"The target value from 'unconditional_best' was used for 'unconditional_worst' in 2030.
",PRY,ABS,unconditional,worst,KYOTOGHG,IPCM0EL,MtCO2eq,AR4,25.9796,24.4716,25.6859,27.6956,29.4592,31.0749,29.5277,29.3548,29.0071,28.6674,26.1035,29.094,29.8405,33.8099,33.203,35.4185,36.9776,41.1297,40.4628,42.8419,46.4166,48.3555,49.5242,52.0481,54.7265,54.4377,54.6596,55.6762,57.59926666666667,59.52233333333334,61.44540000000001,62.9557563221154,64.42264971153847,65.84608016826922,67.22604769230769,68.56255228365386,69.85559394230769,71.10517266826923,72.31128846153845,73.47394132211538,74.59313125,76.76772548076923,78.96686346153847,81.1909048076923,83.4394,85.71109038461539,88.00948221153847,90.3371826923077,92.69176442307692,95.07151923076923,97.47482884615386,99.9010639423077,102.34770721153846,104.81053317307692,107.28594567307694,109.77025865384616,112.26518028846155,114.77250865384616,117.28864759615387,119.81000096153846,122.33297259615385
,PRY,ABS,unconditional,best,KYOTOGHG,IPCM0EL,MtCO2eq,AR4,25.9796,24.4716,25.6859,27.6956,29.4592,31.0749,29.5277,29.3548,29.0071,28.6674,26.1035,29.094,29.8405,33.8099,33.203,35.4185,36.9776,41.1297,40.4628,42.8419,46.4166,48.3555,49.5242,52.0481,54.7265,54.4377,54.6596,55.6762,57.59926666666667,59.52233333333334,61.44540000000001,62.9557563221154,64.42264971153847,65.84608016826922,67.22604769230769,68.56255228365386,69.85559394230769,71.10517266826923,72.31128846153845,73.47394132211538,74.59313125,76.76772548076923,78.96686346153847,81.1909048076923,83.4394,85.71109038461539,88.00948221153847,90.3371826923077,92.69176442307692,95.07151923076923,97.47482884615386,99.9010639423077,102.34770721153846,104.81053317307692,107.28594567307694,109.77025865384616,112.26518028846155,114.77250865384616,117.28864759615387,119.81000096153846,122.33297259615385
"The target value from 'conditional_best' was used for 'conditional_worst' in 2030.
",PRY,ABU,conditional,worst,KYOTOGHG,IPCM0EL,MtCO2eq,AR4,25.9796,24.4716,25.6859,27.6956,29.4592,31.0749,29.5277,29.3548,29.0071,28.6674,26.1035,29.094,29.8405,33.8099,33.203,35.4185,36.9776,41.1297,40.4628,42.8419,46.4166,48.3555,49.5242,52.0481,54.7265,54.4377,54.6596,55.6762,57.59926666666667,59.52233333333334,61.44540000000001,62.4071812668613,63.288366887340075,64.08895686143632,64.80895118915004,65.44834987048124,66.00715290542992,66.48536029399608,66.88297203617968,67.19998813198079,67.43640858139938,69.40236473027612,71.39050981699988,73.40116895421308,75.43393575111268,77.4876723134501,79.56554848948922,81.66992134588776,83.7985963723092,85.95002928370192,88.12275707317495,90.31621079360396,92.52811465649182,94.7546485882898,96.99256146257343,99.23852087475761,101.494071109894,103.76083773119478,106.03556961223555,108.31501562659176,110.59592464783898
,PRY,ABU,conditional,best,KYOTOGHG,IPCM0EL,MtCO2eq,AR4,25.9796,24.4716,25.6859,27.6956,29.4592,31.0749,29.5277,29.3548,29.0071,28.6674,26.1035,29.094,29.8405,33.8099,33.203,35.4185,36.9776,41.1297,40.4628,42.8419,46.4166,48.3555,49.5242,52.0481,54.7265,54.4377,54.6596,55.6762,57.59926666666667,59.52233333333334,61.44540000000001,62.4071812668613,63.288366887340075,64.08895686143632,64.80895118915004,65.44834987048124,66.00715290542992,66.48536029399608,66.88297203617968,67.19998813198079,67.43640858139938,69.40236473027612,71.39050981699988,73.40116895421308,75.43393575111268,77.4876723134501,79.56554848948922,81.66992134588776,83.7985963723092,85.95002928370192,88.12275707317495,90.31621079360396,92.52811465649182,94.7546485882898,96.99256146257343,99.23852087475761,101.494071109894,103.76083773119478,106.03556961223555,108.31501562659176,110.59592464783898
"The target value from 'unconditional_best' was used for 'unconditional_worst' in 2030.
",PRY,ABU,unconditional,worst,KYOTOGHG,IPCM0EL,MtCO2eq,AR4,25.9796,24.4716,25.6859,27.6956,29.4592,31.0749,29.5277,29.3548,29.0071,28.6674,26.1035,29.094,29.8405,33.8099,33.203,35.4185,36.9776,41.1297,40.4628,42.8419,46.4166,48.3555,49.5242,52.0481,54.7265,54.4377,54.6596,55.6762,57.59926666666667,59.52233333333334,61.44540000000001,62.9557563221154,64.42264971153847,65.84608016826922,67.22604769230769,68.56255228365386,69.85559394230769,71.10517266826923,72.31128846153845,73.47394132211538,74.59313125,76.76772548076923,78.96686346153847,81.1909048076923,83.4394,85.71109038461539,88.00948221153847,90.3371826923077,92.69176442307692,95.07151923076923,97.47482884615386,99.9010639423077,102.34770721153846,104.81053317307692,107.28594567307694,109.77025865384616,112.26518028846155,114.77250865384616,117.28864759615387,119.81000096153846,122.33297259615385
,PRY,ABU,unconditional,best,KYOTOGHG,IPCM0EL,MtCO2eq,AR4,25.9796,24.4716,25.6859,27.6956,29.4592,31.0749,29.5277,29.3548,29.0071,28.6674,26.1035,29.094,29.8405,33.8099,33.203,35.4185,36.9776,41.1297,40.4628,42.8419,46.4166,48.3555,49.5242,52.0481,54.7265,54.4377,54.6596,55.6762,57.59926666666667,59.52233333333334,61.44540000000001,62.9557563221154,64.42264971153847,65.84608016826922,67.22604769230769,68.56255228365386,69.85559394230769,71.10517266826923,72.31128846153845,73.47394132211538,74.59313125,76.76772548076923,78.96686346153847,81.1909048076923,83.4394,85.71109038461539,88.00948221153847,90.3371826923077,92.69176442307692,95.07151923076923,97.47482884615386,99.9010639423077,102.34770721153846,104.81053317307692,107.28594567307694,109.77025865384616,112.26518028846155,114.77250865384616,117.28864759615387,119.81000096153846,122.33297259615385
"The target value from 'conditional_best' was used for 'conditional_worst' in 2030.
",PRY,RBU,conditional,worst,KYOTOGHG,IPCM0EL,MtCO2eq,AR4,25.9796,24.4716,25.6859,27.6956,29.4592,31.0749,29.5277,29.3548,29.0071,28.6674,26.1035,29.094,29.8405,33.8099,33.203,35.4185,36.9776,41.1297,40.4628,42.8419,46.4166,48.3555,49.5242,52.0481,54.7265,54.4377,54.6596,55.6762,57.59926666666667,59.52233333333334,61.44540000000001,62.32589300000001,63.120288000000016,63.828585000000004,64.450784,64.98688500000002,65.43688800000001,65.80079300000001,66.0786,66.27030900000001,66.37592000000001,68.31096000000001,70.26784000000002,72.24688000000002,74.24768000000002,76.26912000000002,78.31432000000001,80.38560000000003,82.48080000000002,84.59840000000001,86.73696000000001,88.89592000000002,91.07304000000002,93.26456000000002,95.46728000000003,97.67792000000001,99.89800000000002,102.12912000000001,104.36808000000003,106.61168000000002,108.85672000000001
,PRY,RBU,conditional,best,KYOTOGHG,IPCM0EL,MtCO2eq,AR4,25.9796,24.4716,25.6859,27.6956,29.4592,31.0749,29.5277,29.3548,29.0071,28.6674,26.1035,29.094,29.8405,33.8099,33.203,35.4185,36.9776,41.1297,40.4628,42.8419,46.4166,48.3555,49.5242,52.0481,54.7265,54.4377,54.6596,55.6762,57.59926666666667,59.52233333333334,61.44540000000001,62.32589300000001,63.120288000000016,63.828585000000004,64.450784,64.98688500000002,65.43688800000001,65.80079300000001,66.0786,66.27030900000001,66.37592000000001,68.31096000000001,70.26784000000002,72.24688000000002,74.24768000000002,76.26912000000002,78.31432000000001,80.38560000000003,82.48080000000002,84.59840000000001,86.73696000000001,88.89592000000002,91.07304000000002,93.26456000000002,95.46728000000003,97.67792000000001,99.89800000000002,102.12912000000001,104.36808000000003,106.61168000000002,108.85672000000001
"The target value from 'unconditional_best' was used for 'unconditional_worst' in 2030.
",PRY,RBU,unconditional,worst,KYOTOGHG,IPCM0EL,MtCO2eq,AR4,25.9796,24.4716,25.6859,27.6956,29.4592,31.0749,29.5277,29.3548,29.0071,28.6674,26.1035,29.094,29.8405,33.8099,33.203,35.4185,36.9776,41.1297,40.4628,42.8419,46.4166,48.3555,49.5242,52.0481,54.7265,54.4377,54.6596,55.6762,57.59926666666667,59.52233333333334,61.44540000000001,62.96187150000001,64.43529400000001,65.8656675,67.25299199999999,68.5972675,69.89849400000001,71.1566715,72.37179999999998,73.5438795,74.67291,76.84983,79.05132,81.27774,83.52864000000001,85.80276,88.10361,90.43380000000002,92.79090000000001,95.1732,97.57908,100.00791000000001,102.45717,104.92263,107.40069000000001,109.88766,112.38525,114.89526000000001,117.41409000000002,119.93814,122.46381
,PRY,RBU,unconditional,best,KYOTOGHG,IPCM0EL,MtCO2eq,AR4,25.9796,24.4716,25.6859,27.6956,29.4592,31.0749,29.5277,29.3548,29.0071,28.6674,26.1035,29.094,29.8405,33.8099,33.203,35.4185,36.9776,41.1297,40.4628,42.8419,46.4166,48.3555,49.5242,52.0481,54.7265,54.4377,54.6596,55.6762,57.59926666666667,59.52233333333334,61.44540000000001,62.96187150000001,64.43529400000001,65.8656675,67.25299199999999,68.5972675,69.89849400000001,71.1566715,72.37179999999998,73.5438795,74.67291,76.84983,79.05132,81.27774,83.52864000000001,85.80276,88.10361,90.43380000000002,92.79090000000001,95.1732,97.57908,100.00791000000001,102.45717,104.92263,107.40069000000001,109.88766,112.38525,114.89526000000001,117.41409000000002,119.93814,122.46381
"No targets calculated, so the baseline emissions are put in as target pathways for all un/conditional best/worst pathways.
",PRY,baseline_emissions,conditional,worst,KYOTOGHG,IPCM0EL,MtCO2eq,AR4,25.9796,24.4716,25.6859,27.6956,29.4592,31.0749,29.5277,29.3548,29.0071,28.6674,26.1035,29.094,29.8405,33.8099,33.203,35.4185,36.9776,41.1297,40.4628,42.8419,46.4166,48.3555,49.5242,52.0481,54.7265,54.4377,54.6596,55.6762,57.59926666666667,59.52233333333334,61.44540000000001,63.59785000000001,65.75030000000001,67.90275,70.0552,72.20765,74.3601,76.51255,78.66499999999998,80.81745,82.9699,85.3887,87.8348,90.3086,92.8096,95.3364,97.8929,100.48200000000001,103.101,105.74799999999999,108.4212,111.1199,113.8413,116.5807,119.3341,122.0974,124.8725,127.6614,130.4601,133.2646,136.0709
"No targets calculated, so the baseline emissions are put in as target pathways for all un/conditional best/worst pathways.
",PRY,baseline_emissions,conditional,best,KYOTOGHG,IPCM0EL,MtCO2eq,AR4,25.9796,24.4716,25.6859,27.6956,29.4592,31.0749,29.5277,29.3548,29.0071,28.6674,26.1035,29.094,29.8405,33.8099,33.203,35.4185,36.9776,41.1297,40.4628,42.8419,46.4166,48.3555,49.5242,52.0481,54.7265,54.4377,54.6596,55.6762,57.59926666666667,59.52233333333334,61.44540000000001,63.59785000000001,65.75030000000001,67.90275,70.0552,72.20765,74.3601,76.51255,78.66499999999998,80.81745,82.9699,85.3887,87.8348,90.3086,92.8096,95.3364,97.8929,100.48200000000001,103.101,105.74799999999999,108.4212,111.1199,113.8413,116.5807,119.3341,122.0974,124.8725,127.6614,130.4601,133.2646,136.0709
"No targets calculated, so the baseline emissions are put in as target pathways for all un/conditional best/worst pathways.
",PRY,baseline_emissions,unconditional,worst,KYOTOGHG,IPCM0EL,MtCO2eq,AR4,25.9796,24.4716,25.6859,27.6956,29.4592,31.0749,29.5277,29.3548,29.0071,28.6674,26.1035,29.094,29.8405,33.8099,33.203,35.4185,36.9776,41.1297,40.4628,42.8419,46.4166,48.3555,49.5242,52.0481,54.7265,54.4377,54.6596,55.6762,57.59926666666667,59.52233333333334,61.44540000000001,63.59785000000001,65.75030000000001,67.90275,70.0552,72.20765,74.3601,76.51255,78.66499999999998,80.81745,82.9699,85.3887,87.8348,90.3086,92.8096,95.3364,97.8929,100.48200000000001,103.101,105.74799999999999,108.4212,111.1199,113.8413,116.5807,119.3341,122.0974,124.8725,127.6614,130.4601,133.2646,136.0709
"No targets calculated, so the baseline emissions are put in as target pathways for all un/conditional best/worst pathways.
",PRY,baseline_emissions,unconditional,best,KYOTOGHG,IPCM0EL,MtCO2eq,AR4,25.9796,24.4716,25.6859,27.6956,29.4592,31.0749,29.5277,29.3548,29.0071,28.6674,26.1035,29.094,29.8405,33.8099,33.203,35.4185,36.9776,41.1297,40.4628,42.8419,46.4166,48.3555,49.5242,52.0481,54.7265,54.4377,54.6596,55.6762,57.59926666666667,59.52233333333334,61.44540000000001,63.59785000000001,65.75030000000001,67.90275,70.0552,72.20765,74.3601,76.51255,78.66499999999998,80.81745,82.9699,85.3887,87.8348,90.3086,92.8096,95.3364,97.8929,100.48200000000001,103.101,105.74799999999999,108.4212,111.1199,113.8413,116.5807,119.3341,122.0974,124.8725,127.6614,130.4601,133.2646,136.0709
,PRY,,emi_bau,emi_bau,KYOTOGHG,IPCM0EL,MtCO2eq,AR4,25.9796,24.4716,25.6859,27.6956,29.4592,31.0749,29.5277,29.3548,29.0071,28.6674,26.1035,29.094,29.8405,33.8099,33.203,35.4185,36.9776,41.1297,40.4628,42.8419,46.4166,48.3555,49.5242,52.0481,54.7265,54.4377,54.6596,55.6762,57.59926666666667,59.52233333333334,61.44540000000001,63.59785000000001,65.75030000000001,67.90275,70.0552,72.20765,74.3601,76.51255,78.66499999999998,80.81745,82.9699,85.3887,87.8348,90.3086,92.8096,95.3364,97.8929,100.48200000000001,103.101,105.74799999999999,108.4212,111.1199,113.8413,116.5807,119.3341,122.0974,124.8725,127.6614,130.4601,133.2646,136.0709
,PRY,,emi_cov,emi_cov,KYOTOGHG,IPCM0EL,MtCO2eq,AR4,25.9796,24.4716,25.6859,27.6956,29.4592,31.0749,29.5277,29.3548,29.0071,28.6674,26.1035,29.094,29.8405,33.8099,33.203,35.4185,36.9776,41.1297,40.4628,42.8419,46.4166,48.3555,49.5242,52.0481,54.7265,54.4377,54.6596,55.6762,57.59926666666667,59.52233333333334,61.44540000000001,63.59785000000001,65.75030000000001,67.90275,70.0552,72.20765,74.3601,76.51255,78.66499999999998,80.81745,82.9699,85.3887,87.8348,90.3086,92.8096,95.3364,97.8929,100.48200000000001,103.101,105.74799999999999,108.4212,111.1199,113.8413,116.5807,119.3341,122.0974,124.8725,127.6614,130.4601,133.2646,136.0709
,PRY,,emi_ncov,emi_ncov,KYOTOGHG,IPCM0EL,MtCO2eq,AR4,0.0,0.0,0.0,0.0,0.0,0.0,0.0,0.0,0.0,0.0,0.0,0.0,0.0,0.0,0.0,0.0,0.0,0.0,0.0,0.0,0.0,0.0,0.0,0.0,0.0,0.0,0.0,0.0,0.0,0.0,0.0,0.0,0.0,0.0,0.0,0.0,0.0,0.0,0.0,0.0,0.0,0.0,0.0,0.0,0.0,0.0,0.0,0.0,0.0,0.0,0.0,0.0,0.0,0.0,0.0,0.0,0.0,0.0,0.0,0.0,0.0
,PRY,,pc_cov,pc_cov,KYOTOGHG,IPCM0EL,MtCO2eq/MtCO2eq,AR4,1.0,1.0,1.0,1.0,1.0,1.0,1.0,1.0,1.0,1.0,1.0,1.0,1.0,1.0,1.0,1.0,1.0,1.0,1.0,1.0,1.0,1.0,1.0,1.0,1.0,1.0,1.0,1.0,1.0,1.0,1.0,1.0,1.0,1.0,1.0,1.0,1.0,1.0,1.0,1.0,1.0,1.0,1.0,1.0,1.0,1.0,1.0,1.0,1.0,1.0,1.0,1.0,1.0,1.0,1.0,1.0,1.0,1.0,1.0,1.0,1.0
,QAT,,pop,pop,POP,DEMOGR,Pers,,476278.0,487353.0,495395.0,501479.0,507041.0,513442.0,522531.0,535321.0,551562.0,570489.0,592468.0,615012.0,640868.0,681788.0,753334.0,865416.0,1022711.0,1218434.0,1436665.0,1654950.0,1856327.0,2035871.0,2196073.0,2336574.0,2459198.0,2565710.0,2654374.0,2724728.0,2908050.1398,2952817.8428,2998013.8699,3043620.4195,3087501.8511,3130238.9211,3172414.9382,3214616.732,3256347.6319,3296903.0265,3336554.7503,3375565.9366,3414190.7725,3452646.2528,3490922.0915,3528926.8304,3566571.3485,3603768.7741,3640578.8459,3676986.7269,3712795.2562,3747807.2043,3781825.3045,3815264.599,3848440.5834,3881008.633,3912626.6582,3942955.0481,3971820.401,3999297.0777,4025414.2591,4050194.7084,4073654.7359
,QAT,,gdp,gdp,GDPPPP,ECO,2011GKD,,12512021484.375,11528773437.5,12163267578.125,11200469726.5625,11203308593.75,12046091796.875,12478553710.9375,15926268554.6875,15254191406.25,19347369140.625,29738875000.0,32670722656.25,34230007812.5,52092667968.75,65517593750.0,88389242187.5,119358218750.0,144142937500.0,186540453125.0,163792500000.0,212395468750.0,299558906250.0,304997343750.0,304621375000.0,302796593750.0,239996312500.0,229102015625.0,252625750000.0,303767607369.723,315539434755.9526,327298260100.9914,339284206738.3824,351166945513.5933,362765623287.7665,373898708908.8878,384384608453.1127,394123752990.444,403148679759.9965,411473273921.4103,419106414510.2402,426051280084.4084,432399946117.5447,438302206066.7782,443841872256.7577,449100894353.3228,454159569787.6344,458985621820.6213,463509237866.7368,467748526837.0513,471715450675.6621,475416169926.5536,478767073627.9865,481776868388.1077,484579921226.7899,487302765940.7847,490064792299.3293,492748470366.3696,495275792133.8024,497819998951.4517,500553783491.8048,503649666769.4523
"No targets calculated, so the baseline emissions are put in as target pathways for all un/conditional best/worst pathways.
",QAT,baseline_emissions,conditional,worst,KYOTOGHG,IPCM0EL,MtCO2eq,AR4,28.2143,33.6991,42.9213,46.2292,45.1286,45.3291,48.4856,63.3146,57.5803,58.6447,63.083999999999996,68.5514,68.5947,71.494,76.0632,84.2071,99.2106,103.3522,109.9252,118.9526,133.534,152.498,171.8527,153.5137,179.6945,196.9597,199.1734,205.571,239.5588,243.6102,247.5675,251.5239,255.145,258.3634,261.1123,263.3254,264.9912,266.1754,266.9218,267.2656,267.2342,266.8553,266.1954,265.3293,264.32599999999996,263.2485,262.086,260.8009,259.4092,257.9221,256.3468,254.6693,252.9074,251.1098,249.3201,247.5779,245.8,243.929,242.0374,240.195,238.4683
"No targets calculated, so the baseline emissions are put in as target pathways for all un/conditional best/worst pathways.
",QAT,baseline_emissions,conditional,best,KYOTOGHG,IPCM0EL,MtCO2eq,AR4,28.2143,33.6991,42.9213,46.2292,45.1286,45.3291,48.4856,63.3146,57.5803,58.6447,63.083999999999996,68.5514,68.5947,71.494,76.0632,84.2071,99.2106,103.3522,109.9252,118.9526,133.534,152.498,171.8527,153.5137,179.6945,196.9597,199.1734,205.571,239.5588,243.6102,247.5675,251.5239,255.145,258.3634,261.1123,263.3254,264.9912,266.1754,266.9218,267.2656,267.2342,266.8553,266.1954,265.3293,264.32599999999996,263.2485,262.086,260.8009,259.4092,257.9221,256.3468,254.6693,252.9074,251.1098,249.3201,247.5779,245.8,243.929,242.0374,240.195,238.4683
"No targets calculated, so the baseline emissions are put in as target pathways for all un/conditional best/worst pathways.
",QAT,baseline_emissions,unconditional,worst,KYOTOGHG,IPCM0EL,MtCO2eq,AR4,28.2143,33.6991,42.9213,46.2292,45.1286,45.3291,48.4856,63.3146,57.5803,58.6447,63.083999999999996,68.5514,68.5947,71.494,76.0632,84.2071,99.2106,103.3522,109.9252,118.9526,133.534,152.498,171.8527,153.5137,179.6945,196.9597,199.1734,205.571,239.5588,243.6102,247.5675,251.5239,255.145,258.3634,261.1123,263.3254,264.9912,266.1754,266.9218,267.2656,267.2342,266.8553,266.1954,265.3293,264.32599999999996,263.2485,262.086,260.8009,259.4092,257.9221,256.3468,254.6693,252.9074,251.1098,249.3201,247.5779,245.8,243.929,242.0374,240.195,238.4683
"No targets calculated, so the baseline emissions are put in as target pathways for all un/conditional best/worst pathways.
",QAT,baseline_emissions,unconditional,best,KYOTOGHG,IPCM0EL,MtCO2eq,AR4,28.2143,33.6991,42.9213,46.2292,45.1286,45.3291,48.4856,63.3146,57.5803,58.6447,63.083999999999996,68.5514,68.5947,71.494,76.0632,84.2071,99.2106,103.3522,109.9252,118.9526,133.534,152.498,171.8527,153.5137,179.6945,196.9597,199.1734,205.571,239.5588,243.6102,247.5675,251.5239,255.145,258.3634,261.1123,263.3254,264.9912,266.1754,266.9218,267.2656,267.2342,266.8553,266.1954,265.3293,264.32599999999996,263.2485,262.086,260.8009,259.4092,257.9221,256.3468,254.6693,252.9074,251.1098,249.3201,247.5779,245.8,243.929,242.0374,240.195,238.4683
,QAT,,emi_bau,emi_bau,KYOTOGHG,IPCM0EL,MtCO2eq,AR4,28.2143,33.6991,42.9213,46.2292,45.1286,45.3291,48.4856,63.3146,57.5803,58.6447,63.083999999999996,68.5514,68.5947,71.494,76.0632,84.2071,99.2106,103.3522,109.9252,118.9526,133.534,152.498,171.8527,153.5137,179.6945,196.9597,199.1734,205.571,239.5588,243.6102,247.5675,251.5239,255.145,258.3634,261.1123,263.3254,264.9912,266.1754,266.9218,267.2656,267.2342,266.8553,266.1954,265.3293,264.32599999999996,263.2485,262.086,260.8009,259.4092,257.9221,256.3468,254.6693,252.9074,251.1098,249.3201,247.5779,245.8,243.929,242.0374,240.195,238.4683
,QAT,,emi_cov,emi_cov,KYOTOGHG,IPCM0EL,MtCO2eq,AR4,27.960652032285,33.4320918198727,42.6314419883028,45.915105871024,44.769135131633,44.9537090981595,48.1263771715264,62.929988181121004,57.191442729688795,58.252244389577,62.68411386745199,68.2070408166792,68.2175208611139,71.11053456711801,75.3597240182496,83.78776843066849,98.7923346582996,102.4272405978108,109.380088078338,118.10255104085101,132.379207849516,150.985469784222,170.58566424158732,152.1823891265243,178.347547045067,195.4639338742825,197.8908784600786,204.19318915244,238.10887826844038,242.15385023319058,246.10487145756747,250.05499438742638,253.67034890444498,256.8836427453916,259.62818129255413,261.8377700118908,263.5009271199504,264.6832481236662,265.42846381625566,265.77171839426876,265.7403683045576,265.3620695394232,264.703216396737,263.8384905474798,262.8367822938059,261.7609919746275,260.600336417454,259.31727540014754,257.9277833210564,256.44304288040695,254.87024217565317,253.1954037182737,251.43629911069817,249.64155120611778,247.85469094451793,246.11525507355572,244.3401758566,242.472144292518,240.58354572014838,238.74406871539497,237.020108245613
,QAT,,emi_ncov,emi_ncov,KYOTOGHG,IPCM0EL,MtCO2eq,AR4,0.2536479677149992,0.26700818012729977,0.28985801169720443,0.3140941289760019,0.35946486836700053,0.37539090184049967,0.3592228284735982,0.3846118188789968,0.3888572703112041,0.3924556104230023,0.3998861325480024,0.3443591833208018,0.37717913888610105,0.38346543288199564,0.7034759817504049,0.4193315693314974,0.4182653417004087,0.9249594021891951,0.5451119216619997,0.8500489591489945,1.1547921504839962,1.5125302157779978,1.2670357584126877,1.3313108734756938,1.34695295493302,1.4957661257174968,1.2825215399213878,1.3778108475600037,1.4499217315596147,1.4563497668094045,1.462628542432513,1.4689056125736137,1.4746510955550265,1.4797572546083948,1.4841187074458926,1.4876299881091928,1.490272880049595,1.492151876333807,1.4933361837443786,1.4938816057312212,1.4938316954423996,1.4932304605767714,1.492183603263005,1.4908094525202065,1.489217706194012,1.4875080253725108,1.485663582545983,1.483624599852487,1.481416678943606,1.4790571195930708,1.4765578243467894,1.4738962817262944,1.4711008893018154,1.4682487938822135,1.4654090554820722,1.4626449264442956,1.4598241433999906,1.4568557074820034,1.4538542798516167,1.4509312846050166,1.4481917543869993
,QAT,,pc_cov,pc_cov,KYOTOGHG,IPCM0EL,MtCO2eq/MtCO2eq,AR4,0.99100995,0.992076697,0.9932467559999999,0.99320572,0.992034655,0.991718545,0.992591144,0.993925385,0.9932466959999999,0.99330791,0.993661053,0.994976628,0.994501337,0.9946363970000001,0.9907514279999999,0.995020235,0.9957840659999999,0.991050414,0.995041065,0.992853885,0.991352074,0.990081639,0.9926271990000001,0.991327739,0.9925042059999999,0.992405725,0.9935607790000001,0.99329764,0.9939475329999999,0.994021803,0.994092001,0.994159976,0.9942203409999999,0.994272574,0.994316167,0.994350602,0.994376142,0.994394103,0.9944053420000001,0.9944104979999999,0.994410028,0.9944043440000001,0.994394405,0.994381286,0.994365981,0.994349415,0.9943313890000001,0.994311275,0.994289267,0.9942654890000001,0.994239999,0.994212509,0.9941832429999999,0.994152961,0.9941223790000001,0.994092183,0.994060927,0.994027542,0.9939932659999999,0.9939593609999999,0.99392711
,ROU,,pop,pop,POP,DEMOGR,Pers,,23489160.0,23456644.0,23375822.0,23256956.0,23115811.0,22964754.0,22805703.0,22637604.0,22466286.0,22298125.0,22137419.0,21989350.0,21853273.0,21720407.0,21577885.0,21417291.0,21234305.0,21034189.0,20829517.0,20637991.0,20471864.0,20336718.0,20227469.0,20132776.0,20035930.0,19925175.0,19796285.0,19653969.0,19586537.074,19534844.9392,19475129.8842,19412653.072,19353798.4081,19297952.3397,19244511.0816,19192879.2121,19142464.0237,19092726.6503,19043163.0819,18993275.4476,18942571.2422,18887235.4589,18825222.4389,18758686.0814,18689763.8521,18620576.6246,18551001.6174,18480088.3625,18408700.6103,18337696.925,18267930.9138,18199120.5911,18129954.3244,18059740.2543,17987789.4096,17913415.6454,17838402.8102,17764545.5794,17691178.3823,17617637.3015,17543259.1849
,ROU,,gdp,gdp,GDPPPP,ECO,2011GKD,,159868515625.0,148695265625.0,136549281250.0,143871937500.0,154450296875.0,161784312500.0,165646687500.0,158455218750.0,155339171875.0,156836218750.0,159154218750.0,170728437500.0,179352156250.0,188618437500.0,210876625000.0,222724656250.0,257028187500.0,295575812500.0,346071281250.0,342125656250.0,349697687500.0,362910468750.0,379429562500.0,388351062500.0,395813875000.0,418249031250.0,449455750000.0,492886750000.0,479297283225.6697,495361229343.106,510076578090.8586,523878377116.9854,537806505657.2192,551607336737.6957,565026921590.5642,577810331083.7782,590149499555.3818,602179293869.3495,613558015533.0515,623943939881.9202,632995476857.1537,640884837723.9683,648070433944.4773,654639881057.1987,660680618731.4752,666280079239.8993,671521310036.5453,676400875054.77,680876619449.1913,684906507761.2317,688448595490.0485,691494791429.2931,694177690851.6046,696665732120.9933,699126388448.345,701726433233.9926,704448985550.6686,707121521243.0061,709677218338.1132,712049291029.4141,714170995764.6382
"The target value from 'unconditional_best' was used for 'conditional_worst' in 2030.
The target value from 'unconditional_best' was used for 'conditional_best' in 2030.
",ROU,RBY,conditional,worst,KYOTOGHG,IPCM0EL,MtCO2eq,AR4,250.7574,206.50400000000002,194.2474,185.7543,183.5245,189.8676,192.6504,189.83700000000002,170.4515,150.1942,145.3049,148.9943,151.7605,155.4996,154.4628,153.016,154.4578,155.4308,151.5614,130.9454,124.9922,130.5059,127.0723,117.3774,117.3862,117.5056,115.3002,114.809,107.5839,111.3338,114.8843,118.74421371048396,122.67341802861336,126.62295123527318,130.5432214555157,134.38380478828407,138.20120896148805,142.0395477997802,145.8277194867544,149.4929696145531,152.960465,155.582065,158.079265,160.473365,162.786165,165.040065,167.255365,169.432265,171.563165,173.640265,175.655465,177.594665,179.476865,181.343665,183.237865,185.202865,187.235665,189.292165,191.354965,193.406565,195.428865
,ROU,RBY,conditional,best,KYOTOGHG,IPCM0EL,MtCO2eq,AR4,250.7574,206.50400000000002,194.2474,185.7543,183.5245,189.8676,192.6504,189.83700000000002,170.4515,150.1942,145.3049,148.9943,151.7605,155.4996,154.4628,153.016,154.4578,155.4308,151.5614,130.9454,124.9922,130.5059,127.0723,117.3774,117.3862,117.5056,115.3002,114.809,107.5839,111.3338,114.8843,118.74421371048396,122.67341802861336,126.62295123527318,130.5432214555157,134.38380478828407,138.20120896148805,142.0395477997802,145.8277194867544,149.4929696145531,152.960465,155.582065,158.079265,160.473365,162.786165,165.040065,167.255365,169.432265,171.563165,173.640265,175.655465,177.594665,179.476865,181.343665,183.237865,185.202865,187.235665,189.292165,191.354965,193.406565,195.428865
"The target value from 'unconditional_best' was used for 'unconditional_worst' in 2030.
",ROU,RBY,unconditional,worst,KYOTOGHG,IPCM0EL,MtCO2eq,AR4,250.7574,206.50400000000002,194.2474,185.7543,183.5245,189.8676,192.6504,189.83700000000002,170.4515,150.1942,145.3049,148.9943,151.7605,155.4996,154.4628,153.016,154.4578,155.4308,151.5614,130.9454,124.9922,130.5059,127.0723,117.3774,117.3862,117.5056,115.3002,114.809,107.5839,111.3338,114.8843,118.74421371048396,122.67341802861336,126.62295123527318,130.5432214555157,134.38380478828407,138.20120896148805,142.0395477997802,145.8277194867544,149.4929696145531,152.960465,155.582065,158.079265,160.473365,162.786165,165.040065,167.255365,169.432265,171.563165,173.640265,175.655465,177.594665,179.476865,181.343665,183.237865,185.202865,187.235665,189.292165,191.354965,193.406565,195.428865
,ROU,RBY,unconditional,best,KYOTOGHG,IPCM0EL,MtCO2eq,AR4,250.7574,206.50400000000002,194.2474,185.7543,183.5245,189.8676,192.6504,189.83700000000002,170.4515,150.1942,145.3049,148.9943,151.7605,155.4996,154.4628,153.016,154.4578,155.4308,151.5614,130.9454,124.9922,130.5059,127.0723,117.3774,117.3862,117.5056,115.3002,114.809,107.5839,111.3338,114.8843,118.74421371048396,122.67341802861336,126.62295123527318,130.5432214555157,134.38380478828407,138.20120896148805,142.0395477997802,145.8277194867544,149.4929696145531,152.960465,155.582065,158.079265,160.473365,162.786165,165.040065,167.255365,169.432265,171.563165,173.640265,175.655465,177.594665,179.476865,181.343665,183.237865,185.202865,187.235665,189.292165,191.354965,193.406565,195.428865
"No targets calculated, so the baseline emissions are put in as target pathways for all un/conditional best/worst pathways.
",ROU,baseline_emissions,conditional,worst,KYOTOGHG,IPCM0EL,MtCO2eq,AR4,250.7574,206.50400000000002,194.2474,185.7543,183.5245,189.8676,192.6504,189.83700000000002,170.4515,150.1942,145.3049,148.9943,151.7605,155.4996,154.4628,153.016,154.4578,155.4308,151.5614,130.9454,124.9922,130.5059,127.0723,117.3774,117.3862,117.5056,115.3002,114.809,107.5839,111.3338,114.8843,118.3017,121.7625,125.2178,128.6188,131.9166,135.1676,138.4153,141.5907,144.6242,147.4452,150.0668,152.564,154.9581,157.2709,159.5248,161.7401,163.917,166.0479,168.125,170.1402,172.0794,173.9616,175.8284,177.7226,179.6876,181.7204,183.7769,185.8397,187.8913,189.9136
"No targets calculated, so the baseline emissions are put in as target pathways for all un/conditional best/worst pathways.
",ROU,baseline_emissions,conditional,best,KYOTOGHG,IPCM0EL,MtCO2eq,AR4,250.7574,206.50400000000002,194.2474,185.7543,183.5245,189.8676,192.6504,189.83700000000002,170.4515,150.1942,145.3049,148.9943,151.7605,155.4996,154.4628,153.016,154.4578,155.4308,151.5614,130.9454,124.9922,130.5059,127.0723,117.3774,117.3862,117.5056,115.3002,114.809,107.5839,111.3338,114.8843,118.3017,121.7625,125.2178,128.6188,131.9166,135.1676,138.4153,141.5907,144.6242,147.4452,150.0668,152.564,154.9581,157.2709,159.5248,161.7401,163.917,166.0479,168.125,170.1402,172.0794,173.9616,175.8284,177.7226,179.6876,181.7204,183.7769,185.8397,187.8913,189.9136
"No targets calculated, so the baseline emissions are put in as target pathways for all un/conditional best/worst pathways.
",ROU,baseline_emissions,unconditional,worst,KYOTOGHG,IPCM0EL,MtCO2eq,AR4,250.7574,206.50400000000002,194.2474,185.7543,183.5245,189.8676,192.6504,189.83700000000002,170.4515,150.1942,145.3049,148.9943,151.7605,155.4996,154.4628,153.016,154.4578,155.4308,151.5614,130.9454,124.9922,130.5059,127.0723,117.3774,117.3862,117.5056,115.3002,114.809,107.5839,111.3338,114.8843,118.3017,121.7625,125.2178,128.6188,131.9166,135.1676,138.4153,141.5907,144.6242,147.4452,150.0668,152.564,154.9581,157.2709,159.5248,161.7401,163.917,166.0479,168.125,170.1402,172.0794,173.9616,175.8284,177.7226,179.6876,181.7204,183.7769,185.8397,187.8913,189.9136
"No targets calculated, so the baseline emissions are put in as target pathways for all un/conditional best/worst pathways.
",ROU,baseline_emissions,unconditional,best,KYOTOGHG,IPCM0EL,MtCO2eq,AR4,250.7574,206.50400000000002,194.2474,185.7543,183.5245,189.8676,192.6504,189.83700000000002,170.4515,150.1942,145.3049,148.9943,151.7605,155.4996,154.4628,153.016,154.4578,155.4308,151.5614,130.9454,124.9922,130.5059,127.0723,117.3774,117.3862,117.5056,115.3002,114.809,107.5839,111.3338,114.8843,118.3017,121.7625,125.2178,128.6188,131.9166,135.1676,138.4153,141.5907,144.6242,147.4452,150.0668,152.564,154.9581,157.2709,159.5248,161.7401,163.917,166.0479,168.125,170.1402,172.0794,173.9616,175.8284,177.7226,179.6876,181.7204,183.7769,185.8397,187.8913,189.9136
,ROU,,emi_bau,emi_bau,KYOTOGHG,IPCM0EL,MtCO2eq,AR4,250.7574,206.50400000000002,194.2474,185.7543,183.5245,189.8676,192.6504,189.83700000000002,170.4515,150.1942,145.3049,148.9943,151.7605,155.4996,154.4628,153.016,154.4578,155.4308,151.5614,130.9454,124.9922,130.5059,127.0723,117.3774,117.3862,117.5056,115.3002,114.809,107.5839,111.3338,114.8843,118.3017,121.7625,125.2178,128.6188,131.9166,135.1676,138.4153,141.5907,144.6242,147.4452,150.0668,152.564,154.9581,157.2709,159.5248,161.7401,163.917,166.0479,168.125,170.1402,172.0794,173.9616,175.8284,177.7226,179.6876,181.7204,183.7769,185.8397,187.8913,189.9136
,ROU,,emi_cov,emi_cov,KYOTOGHG,IPCM0EL,MtCO2eq,AR4,250.7574,206.50400000000002,194.2474,185.7543,183.5245,189.8676,192.6504,189.83700000000002,170.4515,150.1942,145.3049,148.9943,151.7605,155.4996,154.4628,153.016,154.4578,155.4308,151.5614,130.9454,124.9922,130.5059,127.0723,117.3774,117.3862,117.5056,115.3002,114.809,107.5839,111.3338,114.8843,118.3017,121.7625,125.2178,128.6188,131.9166,135.1676,138.4153,141.5907,144.6242,147.4452,150.0668,152.564,154.9581,157.2709,159.5248,161.7401,163.917,166.0479,168.125,170.1402,172.0794,173.9616,175.8284,177.7226,179.6876,181.7204,183.7769,185.8397,187.8913,189.9136
,ROU,,emi_ncov,emi_ncov,KYOTOGHG,IPCM0EL,MtCO2eq,AR4,0.0,0.0,0.0,0.0,0.0,0.0,0.0,0.0,0.0,0.0,0.0,0.0,0.0,0.0,0.0,0.0,0.0,0.0,0.0,0.0,0.0,0.0,0.0,0.0,0.0,0.0,0.0,0.0,0.0,0.0,0.0,0.0,0.0,0.0,0.0,0.0,0.0,0.0,0.0,0.0,0.0,0.0,0.0,0.0,0.0,0.0,0.0,0.0,0.0,0.0,0.0,0.0,0.0,0.0,0.0,0.0,0.0,0.0,0.0,0.0,0.0
,ROU,,pc_cov,pc_cov,KYOTOGHG,IPCM0EL,MtCO2eq/MtCO2eq,AR4,1.0,1.0,1.0,1.0,1.0,1.0,1.0,1.0,1.0,1.0,1.0,1.0,1.0,1.0,1.0,1.0,1.0,1.0,1.0,1.0,1.0,1.0,1.0,1.0,1.0,1.0,1.0,1.0,1.0,1.0,1.0,1.0,1.0,1.0,1.0,1.0,1.0,1.0,1.0,1.0,1.0,1.0,1.0,1.0,1.0,1.0,1.0,1.0,1.0,1.0,1.0,1.0,1.0,1.0,1.0,1.0,1.0,1.0,1.0,1.0,1.0
,RUS,,pop,pop,POP,DEMOGR,Pers,,147531561.0,147995593.0,148268581.0,148373580.0,148349441.0,148227466.0,148020847.0,147730019.0,147360604.0,146915915.0,146404903.0,145830721.0,145215700.0,144610882.0,144080643.0,143672116.0,143403256.0,143266212.0,143248764.0,143326913.0,143479274.0,143703025.0,143993892.0,144325449.0,144664841.0,144985057.0,145275383.0,145530082.0,145236827.7093,145022555.9539,144765528.0254,144462890.4003,144121835.2806,143757124.928,143383560.5371,143015993.8283,142650596.228,142277854.6892,141904163.3742,141535956.7941,141179710.9904,140829676.8382,140479062.9313,140132897.3554,139796316.0811,139474553.4524,139166479.3385,138870568.1629,138591537.9346,138334119.4188,138103053.6506,137903009.2662,137734331.4012,137595314.95200002,137484298.6908,137399663.3104,137329870.6339,137266290.9228,137211727.9626,137169024.339,137141053.6782
,RUS,,gdp,gdp,GDPPPP,ECO,2011GKD,,2081351250000.0,1919577000000.0,2101046250000.0,1730932875000.0,1430071125000.0,1327380250000.0,1275543500000.0,1236498625000.0,1170090000000.0,1249217000000.0,1451956000000.0,1397859875000.0,1427684625000.0,1552817750000.0,1743459375000.0,1987687000000.0,2296979000000.0,2650562750000.0,3018911000000.0,2732827750000.0,3088973750000.0,3526680250000.0,3680220500000.0,3706853500000.0,3725785750000.0,3453689750000.0,3275949250000.0,3395888250000.0,3806991069167.661,3934375904793.886,4057187826796.76,4177182148907.624,4297313538926.885,4417860972524.23,4539091325384.378,4661265357048.06,4783330420447.262,4903452272578.627,5020718846158.588,5134218114874.348,5243038011750.704,5350323726347.137,5458751732322.658,5566711923612.288,5672600146129.942,5774817412483.173,5872037773564.845,5962894884733.702,6045721063527.171,6118834580643.857,6180540463805.423,6232284498439.482,6277717440696.027,6318410224035.522,6355891943360.304,6391655687692.554,6425496041832.013,6457104501539.934,6487804913727.374,6518930454569.539,6551824842209.73
"The target value from 'unconditional_best' was used for 'conditional_worst' in 2030.
The target value from 'unconditional_best' was used for 'conditional_best' in 2030.
",RUS,RBY,conditional,worst,KYOTOGHG,IPCM0EL,MtCO2eq,AR4,3234.2753,3074.8204,2596.6969,2446.2778,2176.8621,2123.8377,2065.3343,1949.6359,1917.1921,1944.1321,1932.2815,1975.4682,1952.3387,1993.6219,2014.358,2029.5855,2083.9772,2085.2411,2113.4826,1989.6439,2087.2637,2152.3637,2187.0926,2119.7137,2118.0576,2121.8212,2125.2309,2182.8106,2230.2404,2263.8091,2296.3132,2347.0464215282063,2397.3577246534287,2448.080829748009,2499.9742241538074,2553.7338377425153,2609.0872703912105,2665.122528787841,2721.530740398007,2777.992233133435,2834.176497499999,2866.184297499999,2899.181797499999,2932.5517974999993,2965.668397499999,2997.8968974999993,3028.8048974999992,3057.9271974999992,3084.554797499999,3107.955397499999,3127.373397499999,3143.7264974999994,3158.8028974999993,3173.1119974999992,3187.1360974999993,3201.3352974999993,3215.264597499999,3228.4771974999994,3241.425297499999,3254.5710974999993,3268.3880974999993
,RUS,RBY,conditional,best,KYOTOGHG,IPCM0EL,MtCO2eq,AR4,3234.2753,3074.8204,2596.6969,2446.2778,2176.8621,2123.8377,2065.3343,1949.6359,1917.1921,1944.1321,1932.2815,1975.4682,1952.3387,1993.6219,2014.358,2029.5855,2083.9772,2085.2411,2113.4826,1989.6439,2087.2637,2152.3637,2187.0926,2119.7137,2118.0576,2121.8212,2125.2309,2182.8106,2230.2404,2263.8091,2296.3132,2347.0464215282063,2397.3577246534287,2448.080829748009,2499.9742241538074,2553.7338377425153,2609.0872703912105,2665.122528787841,2721.530740398007,2777.992233133435,2834.176497499999,2866.184297499999,2899.181797499999,2932.5517974999993,2965.668397499999,2997.8968974999993,3028.8048974999992,3057.9271974999992,3084.554797499999,3107.955397499999,3127.373397499999,3143.7264974999994,3158.8028974999993,3173.1119974999992,3187.1360974999993,3201.3352974999993,3215.264597499999,3228.4771974999994,3241.425297499999,3254.5710974999993,3268.3880974999993
,RUS,RBY,unconditional,worst,KYOTOGHG,IPCM0EL,MtCO2eq,AR4,3234.2753,3074.8204,2596.6969,2446.2778,2176.8621,2123.8377,2065.3343,1949.6359,1917.1921,1944.1321,1932.2815,1975.4682,1952.3387,1993.6219,2014.358,2029.5855,2083.9772,2085.2411,2113.4826,1989.6439,2087.2637,2152.3637,2187.0926,2119.7137,2118.0576,2121.8212,2125.2309,2182.8106,2230.2404,2263.8091,2296.3132,2361.4436706691363,2426.526156828395,2492.3926288881935,2559.8180376886735,2629.530398211138,2701.270547319318,2774.106788082496,2847.7179870983623,2921.764931346436,2995.8902624999996,3027.8980624999995,3060.8955624999994,3094.2655624999998,3127.3821624999996,3159.6106624999998,3190.5186624999997,3219.6409624999997,3246.2685624999995,3269.6691624999994,3289.0871624999995,3305.4402625,3320.5166624999997,3334.8257624999997,3348.8498624999997,3363.0490624999998,3376.9783624999995,3390.1909625,3403.1390624999995,3416.2848624999997,3430.1018624999997
,RUS,RBY,unconditional,best,KYOTOGHG,IPCM0EL,MtCO2eq,AR4,3234.2753,3074.8204,2596.6969,2446.2778,2176.8621,2123.8377,2065.3343,1949.6359,1917.1921,1944.1321,1932.2815,1975.4682,1952.3387,1993.6219,2014.358,2029.5855,2083.9772,2085.2411,2113.4826,1989.6439,2087.2637,2152.3637,2187.0926,2119.7137,2118.0576,2121.8212,2125.2309,2182.8106,2230.2404,2263.8091,2296.3132,2347.0464215282063,2397.3577246534287,2448.080829748009,2499.9742241538074,2553.7338377425153,2609.0872703912105,2665.122528787841,2721.530740398007,2777.992233133435,2834.176497499999,2866.184297499999,2899.181797499999,2932.5517974999993,2965.668397499999,2997.8968974999993,3028.8048974999992,3057.9271974999992,3084.554797499999,3107.955397499999,3127.373397499999,3143.7264974999994,3158.8028974999993,3173.1119974999992,3187.1360974999993,3201.3352974999993,3215.264597499999,3228.4771974999994,3241.425297499999,3254.5710974999993,3268.3880974999993
"No targets calculated, so the baseline emissions are put in as target pathways for all un/conditional best/worst pathways.
",RUS,baseline_emissions,conditional,worst,KYOTOGHG,IPCM0EL,MtCO2eq,AR4,3234.2753,3074.8204,2596.6969,2446.2778,2176.8621,2123.8377,2065.3343,1949.6359,1917.1921,1944.1321,1932.2815,1975.4682,1952.3387,1993.6219,2014.358,2029.5855,2083.9772,2085.2411,2113.4826,1989.6439,2087.2637,2152.3637,2187.0926,2119.7137,2118.0576,2121.8212,2125.2309,2182.8106,2230.2404,2263.8091,2296.3132,2327.4688,2357.694,2387.8249,2418.5976,2450.6644,2483.7349,2516.9239,2549.9392,2582.4877,2614.2754,2646.2832,2679.2807,2712.6507,2745.7673,2777.9958,2808.9038,2838.0261,2864.6537,2888.0543,2907.4723,2923.8254,2938.9018,2953.2109,2967.235,2981.4342,2995.3635,3008.5761,3021.5242,3034.67,3048.487
"No targets calculated, so the baseline emissions are put in as target pathways for all un/conditional best/worst pathways.
",RUS,baseline_emissions,conditional,best,KYOTOGHG,IPCM0EL,MtCO2eq,AR4,3234.2753,3074.8204,2596.6969,2446.2778,2176.8621,2123.8377,2065.3343,1949.6359,1917.1921,1944.1321,1932.2815,1975.4682,1952.3387,1993.6219,2014.358,2029.5855,2083.9772,2085.2411,2113.4826,1989.6439,2087.2637,2152.3637,2187.0926,2119.7137,2118.0576,2121.8212,2125.2309,2182.8106,2230.2404,2263.8091,2296.3132,2327.4688,2357.694,2387.8249,2418.5976,2450.6644,2483.7349,2516.9239,2549.9392,2582.4877,2614.2754,2646.2832,2679.2807,2712.6507,2745.7673,2777.9958,2808.9038,2838.0261,2864.6537,2888.0543,2907.4723,2923.8254,2938.9018,2953.2109,2967.235,2981.4342,2995.3635,3008.5761,3021.5242,3034.67,3048.487
"No targets calculated, so the baseline emissions are put in as target pathways for all un/conditional best/worst pathways.
",RUS,baseline_emissions,unconditional,worst,KYOTOGHG,IPCM0EL,MtCO2eq,AR4,3234.2753,3074.8204,2596.6969,2446.2778,2176.8621,2123.8377,2065.3343,1949.6359,1917.1921,1944.1321,1932.2815,1975.4682,1952.3387,1993.6219,2014.358,2029.5855,2083.9772,2085.2411,2113.4826,1989.6439,2087.2637,2152.3637,2187.0926,2119.7137,2118.0576,2121.8212,2125.2309,2182.8106,2230.2404,2263.8091,2296.3132,2327.4688,2357.694,2387.8249,2418.5976,2450.6644,2483.7349,2516.9239,2549.9392,2582.4877,2614.2754,2646.2832,2679.2807,2712.6507,2745.7673,2777.9958,2808.9038,2838.0261,2864.6537,2888.0543,2907.4723,2923.8254,2938.9018,2953.2109,2967.235,2981.4342,2995.3635,3008.5761,3021.5242,3034.67,3048.487
"No targets calculated, so the baseline emissions are put in as target pathways for all un/conditional best/worst pathways.
",RUS,baseline_emissions,unconditional,best,KYOTOGHG,IPCM0EL,MtCO2eq,AR4,3234.2753,3074.8204,2596.6969,2446.2778,2176.8621,2123.8377,2065.3343,1949.6359,1917.1921,1944.1321,1932.2815,1975.4682,1952.3387,1993.6219,2014.358,2029.5855,2083.9772,2085.2411,2113.4826,1989.6439,2087.2637,2152.3637,2187.0926,2119.7137,2118.0576,2121.8212,2125.2309,2182.8106,2230.2404,2263.8091,2296.3132,2327.4688,2357.694,2387.8249,2418.5976,2450.6644,2483.7349,2516.9239,2549.9392,2582.4877,2614.2754,2646.2832,2679.2807,2712.6507,2745.7673,2777.9958,2808.9038,2838.0261,2864.6537,2888.0543,2907.4723,2923.8254,2938.9018,2953.2109,2967.235,2981.4342,2995.3635,3008.5761,3021.5242,3034.67,3048.487
,RUS,,emi_bau,emi_bau,KYOTOGHG,IPCM0EL,MtCO2eq,AR4,3234.2753,3074.8204,2596.6969,2446.2778,2176.8621,2123.8377,2065.3343,1949.6359,1917.1921,1944.1321,1932.2815,1975.4682,1952.3387,1993.6219,2014.358,2029.5855,2083.9772,2085.2411,2113.4826,1989.6439,2087.2637,2152.3637,2187.0926,2119.7137,2118.0576,2121.8212,2125.2309,2182.8106,2230.2404,2263.8091,2296.3132,2327.4688,2357.694,2387.8249,2418.5976,2450.6644,2483.7349,2516.9239,2549.9392,2582.4877,2614.2754,2646.2832,2679.2807,2712.6507,2745.7673,2777.9958,2808.9038,2838.0261,2864.6537,2888.0543,2907.4723,2923.8254,2938.9018,2953.2109,2967.235,2981.4342,2995.3635,3008.5761,3021.5242,3034.67,3048.487
,RUS,,emi_cov,emi_cov,KYOTOGHG,IPCM0EL,MtCO2eq,AR4,3234.2753,3074.8204,2596.6969,2446.2778,2176.8621,2123.8377,2065.3343,1949.6359,1917.1921,1944.1321,1932.2815,1975.4682,1952.3387,1993.6219,2014.358,2029.5855,2083.9772,2085.2411,2113.4826,1989.6439,2087.2637,2152.3637,2187.0926,2119.7137,2118.0576,2121.8212,2125.2309,2182.8106,2230.2404,2263.8091,2296.3132,2327.4688,2357.694,2387.8249,2418.5976,2450.6644,2483.7349,2516.9239,2549.9392,2582.4877,2614.2754,2646.2832,2679.2807,2712.6507,2745.7673,2777.9958,2808.9038,2838.0261,2864.6537,2888.0543,2907.4723,2923.8254,2938.9018,2953.2109,2967.235,2981.4342,2995.3635,3008.5761,3021.5242,3034.67,3048.487
,RUS,,emi_ncov,emi_ncov,KYOTOGHG,IPCM0EL,MtCO2eq,AR4,0.0,0.0,0.0,0.0,0.0,0.0,0.0,0.0,0.0,0.0,0.0,0.0,0.0,0.0,0.0,0.0,0.0,0.0,0.0,0.0,0.0,0.0,0.0,0.0,0.0,0.0,0.0,0.0,0.0,0.0,0.0,0.0,0.0,0.0,0.0,0.0,0.0,0.0,0.0,0.0,0.0,0.0,0.0,0.0,0.0,0.0,0.0,0.0,0.0,0.0,0.0,0.0,0.0,0.0,0.0,0.0,0.0,0.0,0.0,0.0,0.0
,RUS,,pc_cov,pc_cov,KYOTOGHG,IPCM0EL,MtCO2eq/MtCO2eq,AR4,1.0,1.0,1.0,1.0,1.0,1.0,1.0,1.0,1.0,1.0,1.0,1.0,1.0,1.0,1.0,1.0,1.0,1.0,1.0,1.0,1.0,1.0,1.0,1.0,1.0,1.0,1.0,1.0,1.0,1.0,1.0,1.0,1.0,1.0,1.0,1.0,1.0,1.0,1.0,1.0,1.0,1.0,1.0,1.0,1.0,1.0,1.0,1.0,1.0,1.0,1.0,1.0,1.0,1.0,1.0,1.0,1.0,1.0,1.0,1.0,1.0
,RWA,,pop,pop,POP,DEMOGR,Pers,,7288882.0,7083935.0,6702244.0,6263757.0,5936261.0,5836495.0,6013107.0,6419901.0,6962802.0,7501234.0,7933681.0,8231156.0,8427060.0,8557161.0,8680524.0,8840215.0,9043337.0,9273757.0,9524534.0,9782770.0,10039338.0,10293331.0,10549673.0,10811538.0,11083630.0,11369071.0,11668827.0,11980961.0,12242420.5851,12566728.4158,12891983.768,13218356.5084,13547158.0252,13879447.8937,14216280.4135,14558706.9972,14905204.9369,15253645.306,15604176.3697,15956954.5408,16312143.1892,16670184.0276,17031739.5391,17397307.5253,17767383.5863,18142461.3195,18523317.5194,18909305.352,19298781.2405,19690101.5652,20081622.9455,20475339.6444,20873150.523,21273266.8902,21673896.5176,22073243.7646,22470224.2479,22864584.2846,23255776.6792,23643259.1768,24026493.0987
,RWA,,gdp,gdp,GDPPPP,ECO,2011GKD,,7218319824.2188,6356974609.375,6684543945.3125,6093076171.875,2822494873.0469,3494444824.2188,3989843261.7188,4773655761.7188,5143998535.1563,5284260742.1875,5913498046.875,6355401367.1875,7182016601.5625,7286337402.3438,8023327636.7188,9040803710.9375,10048136718.75,10721821289.0625,11162490234.375,12323892578.125,13311441406.25,15042185546.875,16199368164.0625,16981814453.125,18450541015.625,20459365234.375,21846919921.875,23335880859.375,24266384856.0523,25763732308.4446,27342246424.3586,29028801069.7,30819222592.7636,32695755066.1318,34640438802.135,36635054637.2194,38671046414.4974,40745865476.5619,42850445709.7106,44976145665.8706,47114698898.0665,49257863482.1526,51417513744.3908,53615790309.7066,55874823484.0958,58216768767.9645,60632730579.4096,63104710170.6903,65641506548.1796,68252262525.7026,70946498036.0694,73713518014.2804,76545005495.5361,79454805119.2996,82457381551.8529,85567881233.5079,88783359319.5847,92098692413.6874,95526457805.2187,99079428382.763,102770589879.9481
"The target value from 'conditional_best' was used for 'conditional_worst' in 2030.
",RWA,ABU,conditional,worst,KYOTOGHG,IPCM0EL,MtCO2eq,AR4,3.4251,3.4079,3.3394,3.2152,3.0724,3.0925,3.2989,3.6531,3.8789,4.2360000000000015,4.0827,4.3079,4.4232,4.7394,5.073,5.2999,5.6426,5.9006,6.1666,6.3573,6.6846,6.6531,6.8301,6.9995,7.0571,7.7004,7.7044,7.8617,7.8037,8.1698,8.5594,8.922983063786967,9.300693740256229,9.68924874048152,10.085532391823493,10.486690808939489,10.891573603880987,11.300396580556015,11.712031501179016,12.125562951742992,12.540000000000001,13.032608551989307,13.529360628407504,14.035435634790707,14.55601297667503,15.09636623060633,15.655271173457896,16.229620161908056,16.821579129181,17.433314008500925,18.067084904101772,18.722609302954297,19.39875715294153,20.097600216277918,20.821116084168157,21.571282347816947,22.345556389961104,23.141113080308198,23.95974166804344,24.803231402352026,25.673183190399666
,RWA,ABU,conditional,best,KYOTOGHG,IPCM0EL,MtCO2eq,AR4,3.4251,3.4079,3.3394,3.2152,3.0724,3.0925,3.2989,3.6531,3.8789,4.2360000000000015,4.0827,4.3079,4.4232,4.7394,5.073,5.2999,5.6426,5.9006,6.1666,6.3573,6.6846,6.6531,6.8301,6.9995,7.0571,7.7004,7.7044,7.8617,7.8037,8.1698,8.5594,8.922983063786967,9.300693740256229,9.68924874048152,10.085532391823493,10.486690808939489,10.891573603880987,11.300396580556015,11.712031501179016,12.125562951742992,12.540000000000001,13.032608551989307,13.529360628407504,14.035435634790707,14.55601297667503,15.09636623060633,15.655271173457896,16.229620161908056,16.821579129181,17.433314008500925,18.067084904101772,18.722609302954297,19.39875715294153,20.097600216277918,20.821116084168157,21.571282347816947,22.345556389961104,23.141113080308198,23.95974166804344,24.803231402352026,25.673183190399666
,RWA,ABU,unconditional,worst,KYOTOGHG,IPCM0EL,MtCO2eq,AR4,3.4251,3.4079,3.3394,3.2152,3.0724,3.0925,3.2989,3.6531,3.8789,4.2360000000000015,4.0827,4.3079,4.4232,4.7394,5.073,5.2999,5.6426,5.9006,6.1666,6.3573,6.6846,6.6531,6.8301,6.9995,7.0571,7.7004,7.7044,7.8617,7.8037,8.1698,8.5594,8.9753,9.4104,9.8617,10.3263,10.8015,11.2863,11.7811,12.2849,12.7969,13.3162,13.8393,14.3668,14.9042,15.457,16.0308,16.6243,17.2342,17.8628,18.5124,19.1854,19.8815,20.5995,21.3416,22.1099,22.9065,23.7287,24.5735,25.4428,26.3385,27.2623
,RWA,ABU,unconditional,best,KYOTOGHG,IPCM0EL,MtCO2eq,AR4,3.4251,3.4079,3.3394,3.2152,3.0724,3.0925,3.2989,3.6531,3.8789,4.2360000000000015,4.0827,4.3079,4.4232,4.7394,5.073,5.2999,5.6426,5.9006,6.1666,6.3573,6.6846,6.6531,6.8301,6.9995,7.0571,7.7004,7.7044,7.8617,7.8037,8.1698,8.5594,8.9753,9.4104,9.8617,10.3263,10.8015,11.2863,11.7811,12.2849,12.7969,13.3162,13.8393,14.3668,14.9042,15.457,16.0308,16.6243,17.2342,17.8628,18.5124,19.1854,19.8815,20.5995,21.3416,22.1099,22.9065,23.7287,24.5735,25.4428,26.3385,27.2623
"No targets calculated, so the baseline emissions are put in as target pathways for all un/conditional best/worst pathways.
",RWA,baseline_emissions,conditional,worst,KYOTOGHG,IPCM0EL,MtCO2eq,AR4,3.4251,3.4079,3.3394,3.2152,3.0724,3.0925,3.2989,3.6531,3.8789,4.2360000000000015,4.0827,4.3079,4.4232,4.7394,5.073,5.2999,5.6426,5.9006,6.1666,6.3573,6.6846,6.6531,6.8301,6.9995,7.0571,7.7004,7.7044,7.8617,7.8037,8.1698,8.5594,8.9753,9.4104,9.8617,10.3263,10.8015,11.2863,11.7811,12.2849,12.7969,13.3162,13.8393,14.3668,14.9042,15.457,16.0308,16.6243,17.2342,17.8628,18.5124,19.1854,19.8815,20.5995,21.3416,22.1099,22.9065,23.7287,24.5735,25.4428,26.3385,27.2623
"No targets calculated, so the baseline emissions are put in as target pathways for all un/conditional best/worst pathways.
",RWA,baseline_emissions,conditional,best,KYOTOGHG,IPCM0EL,MtCO2eq,AR4,3.4251,3.4079,3.3394,3.2152,3.0724,3.0925,3.2989,3.6531,3.8789,4.2360000000000015,4.0827,4.3079,4.4232,4.7394,5.073,5.2999,5.6426,5.9006,6.1666,6.3573,6.6846,6.6531,6.8301,6.9995,7.0571,7.7004,7.7044,7.8617,7.8037,8.1698,8.5594,8.9753,9.4104,9.8617,10.3263,10.8015,11.2863,11.7811,12.2849,12.7969,13.3162,13.8393,14.3668,14.9042,15.457,16.0308,16.6243,17.2342,17.8628,18.5124,19.1854,19.8815,20.5995,21.3416,22.1099,22.9065,23.7287,24.5735,25.4428,26.3385,27.2623
"No targets calculated, so the baseline emissions are put in as target pathways for all un/conditional best/worst pathways.
",RWA,baseline_emissions,unconditional,worst,KYOTOGHG,IPCM0EL,MtCO2eq,AR4,3.4251,3.4079,3.3394,3.2152,3.0724,3.0925,3.2989,3.6531,3.8789,4.2360000000000015,4.0827,4.3079,4.4232,4.7394,5.073,5.2999,5.6426,5.9006,6.1666,6.3573,6.6846,6.6531,6.8301,6.9995,7.0571,7.7004,7.7044,7.8617,7.8037,8.1698,8.5594,8.9753,9.4104,9.8617,10.3263,10.8015,11.2863,11.7811,12.2849,12.7969,13.3162,13.8393,14.3668,14.9042,15.457,16.0308,16.6243,17.2342,17.8628,18.5124,19.1854,19.8815,20.5995,21.3416,22.1099,22.9065,23.7287,24.5735,25.4428,26.3385,27.2623
"No targets calculated, so the baseline emissions are put in as target pathways for all un/conditional best/worst pathways.
",RWA,baseline_emissions,unconditional,best,KYOTOGHG,IPCM0EL,MtCO2eq,AR4,3.4251,3.4079,3.3394,3.2152,3.0724,3.0925,3.2989,3.6531,3.8789,4.2360000000000015,4.0827,4.3079,4.4232,4.7394,5.073,5.2999,5.6426,5.9006,6.1666,6.3573,6.6846,6.6531,6.8301,6.9995,7.0571,7.7004,7.7044,7.8617,7.8037,8.1698,8.5594,8.9753,9.4104,9.8617,10.3263,10.8015,11.2863,11.7811,12.2849,12.7969,13.3162,13.8393,14.3668,14.9042,15.457,16.0308,16.6243,17.2342,17.8628,18.5124,19.1854,19.8815,20.5995,21.3416,22.1099,22.9065,23.7287,24.5735,25.4428,26.3385,27.2623
,RWA,,emi_bau,emi_bau,KYOTOGHG,IPCM0EL,MtCO2eq,AR4,3.4251,3.4079,3.3394,3.2152,3.0724,3.0925,3.2989,3.6531,3.8789,4.2360000000000015,4.0827,4.3079,4.4232,4.7394,5.073,5.2999,5.6426,5.9006,6.1666,6.3573,6.6846,6.6531,6.8301,6.9995,7.0571,7.7004,7.7044,7.8617,7.8037,8.1698,8.5594,8.9753,9.4104,9.8617,10.3263,10.8015,11.2863,11.7811,12.2849,12.7969,13.3162,13.8393,14.3668,14.9042,15.457,16.0308,16.6243,17.2342,17.8628,18.5124,19.1854,19.8815,20.5995,21.3416,22.1099,22.9065,23.7287,24.5735,25.4428,26.3385,27.2623
,RWA,,emi_cov,emi_cov,KYOTOGHG,IPCM0EL,MtCO2eq,AR4,1.8681779778248997,1.8005311912257,1.7828669763904001,1.7277977570047998,1.6681706222055999,1.8861867135975001,1.9755455359431002,2.239522835913,2.3373684886654997,2.517327855552001,2.3748791215944,2.4447814510931,2.4834281010095993,2.5483341756564,2.7252705963930004,2.8023157227208,2.8939741939707995,2.9814443758026004,3.056735921349,3.1699888271946004,3.2766804837234,3.4364634566777994,3.5708994676835997,3.684210735292,3.8051758007046,3.9471954781644003,4.0777401233668,4.206764459051,4.132338912645,4.3586992132048,4.599589600260001,4.8567413337024,5.1257644587216,5.404804071212601,5.6920671029307,5.985884126943001,6.285636848238,6.591572597962201,6.903073047841801,7.2196435937979,7.540727724082401,7.864161410692801,8.190315624971198,8.522591020213799,8.864388280774001,9.2191698608328,9.5861320012689,9.963234270670402,10.351898800072,10.753547668375198,11.169664807529802,11.6000647019155,12.044005411476,12.502847200636799,12.9778884862269,13.470427726092,13.97879547404,14.5011368662265,15.038626646361198,15.592439593669502,16.1636268066377
,RWA,,emi_ncov,emi_ncov,KYOTOGHG,IPCM0EL,MtCO2eq,AR4,1.5569220221751003,1.6073688087743,1.5565330236095998,1.4874022429952,1.4042293777944002,1.2063132864024997,1.3233544640569,1.4135771640869996,1.5415315113345,1.7186721444480004,1.7078208784056002,1.8631185489069002,1.9397718989904,2.1910658243435996,2.347729403607,2.4975842772792,2.7486258060292004,2.9191556241973995,3.1098640786510003,3.1873111728053996,3.4079195162766003,3.216636543322201,3.2592005323164,3.3152892647080003,3.2519241992954,3.7532045218356,3.6266598766332,3.6549355409490003,3.6713610873549998,3.8111007867952,3.95981039974,4.1185586662976,4.2846355412784,4.4568959287874,4.6342328970693,4.815615873056999,5.000663151762001,5.1895274020377995,5.3818269521582,5.577256406202101,5.7754722759176,5.975138589307199,6.1764843750288,6.3816089797862,6.592611719225999,6.811630139167199,7.038167998731102,7.270965729329601,7.510901199927999,7.758852331624801,8.0157351924702,8.2814352980845,8.555494588523999,8.838752799363201,9.132011513773099,9.436072273908001,9.74990452596,10.0723631337735,10.4041733536388,10.746060406330498,11.098673193362298
,RWA,,pc_cov,pc_cov,KYOTOGHG,IPCM0EL,MtCO2eq/MtCO2eq,AR4,0.5454374989999999,0.528340383,0.533888416,0.537384224,0.542953594,0.609922947,0.598849779,0.61304723,0.602585395,0.5942700320000001,0.581693272,0.567511189,0.5614550779999999,0.537691306,0.537210841,0.528748792,0.512879558,0.505278171,0.495692265,0.498637602,0.490183479,0.5165206379999999,0.522818036,0.526353416,0.539198226,0.512596161,0.529274197,0.53509603,0.52953585,0.533513576,0.5373729,0.541123008,0.544691454,0.548060078,0.551220389,0.5541715620000001,0.55692626,0.5595040020000001,0.5619152820000001,0.564171291,0.566282252,0.568248496,0.5700862839999999,0.571824789,0.573486982,0.575091066,0.5766337229999999,0.578108312,0.57952274,0.5808834979999999,0.582196087,0.583460237,0.584674648,0.585843948,0.586971831,0.588061368,0.5891092,0.590112799,0.5910759289999999,0.592001807,0.592892999
,SAU,,pop,pop,POP,DEMOGR,Pers,,16233785.0,16772694.0,17282691.0,17763298.0,18214470.0,18638787.0,19033845.0,19407142.0,19783304.0,20194527.0,20663843.0,21202642.0,21805313.0,22456649.0,23132682.0,23816183.0,24498310.0,25184597.0,25888541.0,26630303.0,27421461.0,28267589.0,29154900.0,30052059.0,30916597.0,31717667.0,32443447.0,33101179.0,33987842.3291,34725589.6426,35456951.0631,36182001.1976,36904161.9231,37626877.2538,38353598.3598,39087790.9406,39824673.2146,40557863.7795,41288419.8058,42017362.5874,42745674.2618,43475398.8625,44207735.1223,44942375.5628,45679022.5768,46417388.4002,47156480.782,47895363.4756,48633839.9382,49371713.4287,50108786.9527,50847926.1305,51591188.2739,52337172.5867,53084490.3405,53831764.9309,54574928.5107,55311422.101,56042120.7969,56767870.3191,57489486.7225
,SAU,,gdp,gdp,GDPPPP,ECO,2011GKD,,265398843750.0,297349562500.0,320115625000.0,324120843750.0,314547250000.0,313062500000.0,317357968750.0,326749156250.0,298117531250.0,337385156250.0,402379812500.0,387138218750.0,430260437500.0,469519875000.0,560227812500.0,687160750000.0,795512750000.0,875420125000.0,1110611875000.0,929983000000.0,1138284750000.0,1475512000000.0,1544267875000.0,1522273125000.0,1492380375000.0,1278957250000.0,1219448125000.0,1285142500000.0,1507200175772.6982,1559550882507.701,1616264589265.252,1677448832414.7268,1741353220055.115,1808380765776.233,1878939309818.885,1953444464600.384,2032292523455.7927,2114585905447.852,2198801055609.229,2283415210043.269,2366910561862.421,2449512876444.071,2532514394575.322,2615999862174.42,2700052653892.602,2784754955255.828,2870428662237.1064,2956664736664.017,3042448344016.0083,3126764657922.108,3208596512860.177,3288207207798.564,3366116914776.9614,3441684050244.083,3514257164193.785,3583169584056.1733,3648861422871.412,3712180579378.005,3773051282222.172,3831390326947.864,3887106154419.991
"The target value from 'conditional_best' was used for 'conditional_worst' in 2030.
",SAU,ABU,conditional,worst,KYOTOGHG,IPCM0EL,MtCO2eq,AR4,227.3231,287.8565,301.0424,319.4833,336.4321,280.6274,304.1811,275.0428,267.0551,279.0331,344.7993,350.9693,377.3509,389.8137,446.815,454.8648,487.6878,455.1411,499.0274,525.3340000000002,576.0224,560.8988,615.0784,600.0305,653.7539,671.3241,682.7954,675.2517,783.0334,797.1791,813.4778,821.2085106680828,829.0895869324869,837.3618492151277,846.2294626805852,855.8646346294088,866.4209341457429,877.4647109113139,888.3187799190899,898.3727001505669,907.0794999999999,927.7335250973526,948.0410146611226,968.1116495492389,988.0483758301073,1007.947492247412,1027.9318868437279,1047.8312656554294,1067.3067900512447,1086.0310792885693,1103.686548682285,1120.5288578398279,1136.8187393269752,1152.2581131087827,1166.555896334225,1179.4257292514217,1190.9331229948136,1201.269450544582,1210.3434861153844,1218.067939837833,1224.3597201528908
,SAU,ABU,conditional,best,KYOTOGHG,IPCM0EL,MtCO2eq,AR4,227.3231,287.8565,301.0424,319.4833,336.4321,280.6274,304.1811,275.0428,267.0551,279.0331,344.7993,350.9693,377.3509,389.8137,446.815,454.8648,487.6878,455.1411,499.0274,525.3340000000002,576.0224,560.8988,615.0784,600.0305,653.7539,671.3241,682.7954,675.2517,783.0334,797.1791,813.4778,821.2085106680828,829.0895869324869,837.3618492151277,846.2294626805852,855.8646346294088,866.4209341457429,877.4647109113139,888.3187799190899,898.3727001505669,907.0794999999999,927.7335250973526,948.0410146611226,968.1116495492389,988.0483758301073,1007.947492247412,1027.9318868437279,1047.8312656554294,1067.3067900512447,1086.0310792885693,1103.686548682285,1120.5288578398279,1136.8187393269752,1152.2581131087827,1166.555896334225,1179.4257292514217,1190.9331229948136,1201.269450544582,1210.3434861153844,1218.067939837833,1224.3597201528908
,SAU,ABU,unconditional,worst,KYOTOGHG,IPCM0EL,MtCO2eq,AR4,227.3231,287.8565,301.0424,319.4833,336.4321,280.6274,304.1811,275.0428,267.0551,279.0331,344.7993,350.9693,377.3509,389.8137,446.815,454.8648,487.6878,455.1411,499.0274,525.3340000000002,576.0224,560.8988,615.0784,600.0305,653.7539,671.3241,682.7954,675.2517,783.0334,797.1791,813.4778,831.6332,850.4097,870.0818,890.8999,913.0937,936.8852,961.8649,987.3298,1012.6124,1037.0795,1060.6936,1083.9115,1106.8586,1129.6526,1152.4036,1175.2521,1198.0034,1220.2701,1241.6779,1261.8637,1281.1198,1299.7443,1317.3964,1333.7433,1348.4576,1361.6142,1373.4319,1383.8064,1392.6379,1399.8314
,SAU,ABU,unconditional,best,KYOTOGHG,IPCM0EL,MtCO2eq,AR4,227.3231,287.8565,301.0424,319.4833,336.4321,280.6274,304.1811,275.0428,267.0551,279.0331,344.7993,350.9693,377.3509,389.8137,446.815,454.8648,487.6878,455.1411,499.0274,525.3340000000002,576.0224,560.8988,615.0784,600.0305,653.7539,671.3241,682.7954,675.2517,783.0334,797.1791,813.4778,831.6332,850.4097,870.0818,890.8999,913.0937,936.8852,961.8649,987.3298,1012.6124,1037.0795,1060.6936,1083.9115,1106.8586,1129.6526,1152.4036,1175.2521,1198.0034,1220.2701,1241.6779,1261.8637,1281.1198,1299.7443,1317.3964,1333.7433,1348.4576,1361.6142,1373.4319,1383.8064,1392.6379,1399.8314
"No targets calculated, so the baseline emissions are put in as target pathways for all un/conditional best/worst pathways.
",SAU,baseline_emissions,conditional,worst,KYOTOGHG,IPCM0EL,MtCO2eq,AR4,227.3231,287.8565,301.0424,319.4833,336.4321,280.6274,304.1811,275.0428,267.0551,279.0331,344.7993,350.9693,377.3509,389.8137,446.815,454.8648,487.6878,455.1411,499.0274,525.3340000000002,576.0224,560.8988,615.0784,600.0305,653.7539,671.3241,682.7954,675.2517,783.0334,797.1791,813.4778,831.6332,850.4097,870.0818,890.8999,913.0937,936.8852,961.8649,987.3298,1012.6124,1037.0795,1060.6936,1083.9115,1106.8586,1129.6526,1152.4036,1175.2521,1198.0034,1220.2701,1241.6779,1261.8637,1281.1198,1299.7443,1317.3964,1333.7433,1348.4576,1361.6142,1373.4319,1383.8064,1392.6379,1399.8314
"No targets calculated, so the baseline emissions are put in as target pathways for all un/conditional best/worst pathways.
",SAU,baseline_emissions,conditional,best,KYOTOGHG,IPCM0EL,MtCO2eq,AR4,227.3231,287.8565,301.0424,319.4833,336.4321,280.6274,304.1811,275.0428,267.0551,279.0331,344.7993,350.9693,377.3509,389.8137,446.815,454.8648,487.6878,455.1411,499.0274,525.3340000000002,576.0224,560.8988,615.0784,600.0305,653.7539,671.3241,682.7954,675.2517,783.0334,797.1791,813.4778,831.6332,850.4097,870.0818,890.8999,913.0937,936.8852,961.8649,987.3298,1012.6124,1037.0795,1060.6936,1083.9115,1106.8586,1129.6526,1152.4036,1175.2521,1198.0034,1220.2701,1241.6779,1261.8637,1281.1198,1299.7443,1317.3964,1333.7433,1348.4576,1361.6142,1373.4319,1383.8064,1392.6379,1399.8314
"No targets calculated, so the baseline emissions are put in as target pathways for all un/conditional best/worst pathways.
",SAU,baseline_emissions,unconditional,worst,KYOTOGHG,IPCM0EL,MtCO2eq,AR4,227.3231,287.8565,301.0424,319.4833,336.4321,280.6274,304.1811,275.0428,267.0551,279.0331,344.7993,350.9693,377.3509,389.8137,446.815,454.8648,487.6878,455.1411,499.0274,525.3340000000002,576.0224,560.8988,615.0784,600.0305,653.7539,671.3241,682.7954,675.2517,783.0334,797.1791,813.4778,831.6332,850.4097,870.0818,890.8999,913.0937,936.8852,961.8649,987.3298,1012.6124,1037.0795,1060.6936,1083.9115,1106.8586,1129.6526,1152.4036,1175.2521,1198.0034,1220.2701,1241.6779,1261.8637,1281.1198,1299.7443,1317.3964,1333.7433,1348.4576,1361.6142,1373.4319,1383.8064,1392.6379,1399.8314
"No targets calculated, so the baseline emissions are put in as target pathways for all un/conditional best/worst pathways.
",SAU,baseline_emissions,unconditional,best,KYOTOGHG,IPCM0EL,MtCO2eq,AR4,227.3231,287.8565,301.0424,319.4833,336.4321,280.6274,304.1811,275.0428,267.0551,279.0331,344.7993,350.9693,377.3509,389.8137,446.815,454.8648,487.6878,455.1411,499.0274,525.3340000000002,576.0224,560.8988,615.0784,600.0305,653.7539,671.3241,682.7954,675.2517,783.0334,797.1791,813.4778,831.6332,850.4097,870.0818,890.8999,913.0937,936.8852,961.8649,987.3298,1012.6124,1037.0795,1060.6936,1083.9115,1106.8586,1129.6526,1152.4036,1175.2521,1198.0034,1220.2701,1241.6779,1261.8637,1281.1198,1299.7443,1317.3964,1333.7433,1348.4576,1361.6142,1373.4319,1383.8064,1392.6379,1399.8314
,SAU,,emi_bau,emi_bau,KYOTOGHG,IPCM0EL,MtCO2eq,AR4,227.3231,287.8565,301.0424,319.4833,336.4321,280.6274,304.1811,275.0428,267.0551,279.0331,344.7993,350.9693,377.3509,389.8137,446.815,454.8648,487.6878,455.1411,499.0274,525.3340000000002,576.0224,560.8988,615.0784,600.0305,653.7539,671.3241,682.7954,675.2517,783.0334,797.1791,813.4778,831.6332,850.4097,870.0818,890.8999,913.0937,936.8852,961.8649,987.3298,1012.6124,1037.0795,1060.6936,1083.9115,1106.8586,1129.6526,1152.4036,1175.2521,1198.0034,1220.2701,1241.6779,1261.8637,1281.1198,1299.7443,1317.3964,1333.7433,1348.4576,1361.6142,1373.4319,1383.8064,1392.6379,1399.8314
,SAU,,emi_cov,emi_cov,KYOTOGHG,IPCM0EL,MtCO2eq,AR4,202.73226157612973,262.945327677301,273.1560501444032,290.95085285630336,308.01380095569175,252.45361798283923,274.3950393906192,244.5986546212432,236.0925300793995,247.52908855968207,310.4901142685607,311.89629249860286,335.7133858573312,345.8791170025608,401.57909909704,408.68494866157926,440.352441735516,402.4547117851218,441.91019642585735,465.3444095085082,512.6388362994879,493.36958809307407,543.754788298112,523.0094395617754,573.7789713920077,589.5267412444308,600.1743202679083,596.7647106579957,687.5101626476488,699.7908734273703,713.9407304184798,729.70249673892,746.0034766947525,763.0819801829953,781.1553927354881,800.4231310969656,821.0779268894212,842.7642679959621,864.8718397853476,886.8211471179983,908.0624700222926,928.5632549358513,948.72007452852,968.641796233563,988.4306041123574,1008.1820802951945,1028.0182022235113,1047.7699388311169,1067.100966044062,1085.6863313185195,1103.2108073161075,1119.9281563184195,1136.097177362602,1151.4219986852552,1165.6137015752913,1178.3880468179232,1189.810062431684,1200.069700288091,1209.0764122818143,1216.7435553163,1222.9886540843247
,SAU,,emi_ncov,emi_ncov,KYOTOGHG,IPCM0EL,MtCO2eq,AR4,24.59083842387029,24.911172322698995,27.886349855596812,28.532447143696615,28.41829904430822,28.173782017160796,29.7860606093808,30.444145378756783,30.9625699206005,31.504011440317925,34.30918573143927,39.0730075013971,41.63751414266881,43.93458299743919,45.23590090296001,46.17985133842077,47.33535826448398,52.6863882148782,57.11720357414264,59.989590491491974,63.38356370051198,67.529211906926,71.32361170188798,77.02106043822457,79.97492860799234,81.79735875556926,82.62107973209166,78.48698934200432,95.52323735235115,97.38822657262956,99.53706958152024,101.93070326108003,104.40622330524748,106.99981981700473,109.7445072645119,112.67056890303446,115.80727311057889,119.100632004038,122.45796021465239,125.79125288200167,129.01702997770744,132.1303450641487,135.19142547148002,138.21680376643695,141.22199588764252,144.2215197048056,147.23389777648856,150.2334611688833,153.16913395593798,155.99156868148037,158.6528926838926,161.19164368158033,163.64712263739816,165.9744013147449,168.12959842470875,170.0695531820768,171.80413756831604,173.36219971190891,174.72998771818567,175.89434468370007,176.8427459156753
,SAU,,pc_cov,pc_cov,KYOTOGHG,IPCM0EL,MtCO2eq/MtCO2eq,AR4,0.891824287,0.913459754,0.907367368,0.9106918979999999,0.9155303579999999,0.899604308,0.902077872,0.8893112440000001,0.884059245,0.8870957909999999,0.9004951990000001,0.888671153,0.889658368,0.887293384,0.898759216,0.8984756540000001,0.90293922,0.884241638,0.8855429509999999,0.8858067620000001,0.88996337,0.879605355,0.88404143,0.8716380909999999,0.877668143,0.8781551879999999,0.8789958459999999,0.883766321,0.8780087320000001,0.877833944,0.877640091,0.8774331,0.877228325,0.8770232640000001,0.876816119,0.8766056879999999,0.8763911809999999,0.87617738,0.875970562,0.8757755159999999,0.875595815,0.8754302420000001,0.87527448,0.875126955,0.874986349,0.874851554,0.874721434,0.8745967990000001,0.8744793190000001,0.8743703429999999,0.874270975,0.874179102,0.874092833,0.8740133179999999,0.873941561,0.873878457,0.8738231890000001,0.8737744479999999,0.8737323459999999,0.873697,0.8736685390000001
,SDN,,pop,pop,POP,DEMOGR,Pers,,20147590.0,20891441.0,21696244.0,22527834.0,23338464.0,24094747.0,24782383.0,25413917.0,26015521.0,26626520.0,27275015.0,27971082.0,28704778.0,29460519.0,30214193.0,30949516.0,31661823.0,32360621.0,33060837.0,33783788.0,34545013.0,35349681.0,36193783.0,37072550.0,37977655.0,38902950.0,39847439.0,40813397.0,41536924.5015,42485341.8462,43443881.2302,44418631.6475,45412784.6377,46421923.61,47441629.5968,48467481.4199,49496461.0442,50526487.8649,51554544.0269,52577605.353,53592636.3758,54602847.203,55612654.5736,56620823.4779,57626122.5391,58627325.2726,59622699.3437,60611695.4815,61594867.0055,62572767.9524,63545952.7609,64517270.6199,65488836.762,66460112.807,67430572.7555,68399704.3511,69363651.0258,70318347.0842,71262954.531,72196603.2533,73118390.0534
,SDN,,gdp,gdp,GDPPPP,ECO,2011GKD,,24965212709.5099,26406323726.2174,25777322714.0606,25366357673.3437,27225044163.7066,27655114152.0533,28707727635.6574,29897599193.0694,30598913562.9462,36323067439.2355,40446219058.3536,40640629501.7591,42000416264.5702,46075316501.8641,50399444396.8147,58945443957.0981,69640672074.8284,71787250087.5983,70846218991.6278,82063417472.1206,96628178443.8012,118487321580.9146,122036661343.8726,119808956161.2218,128809764324.789,140951509246.159,149771905874.6283,147329602785.6112,168332586598.6848,181936184491.6207,194354779731.4967,205524209374.1907,216529748721.3311,227608768080.393,238994669250.4626,250919216250.3621,263267118469.2475,275780217853.1226,288476869782.6248,301376691133.5449,314500320181.4581,327799891598.5333,341311938760.5315,355184284280.4165,369564675972.9001,384601067433.0324,400274475670.9609,416485305585.7975,433262458028.3704,450637118848.4616,468643150207.2111,487262892264.9783,506476930070.1052,526321922229.1759,546839124637.7545,568074834758.2332,590060905204.5566,612805041492.1686,636322243138.3813,660628685923.7483,685741697386.7383
"No targets calculated, so the baseline emissions are put in as target pathways for all un/conditional best/worst pathways.
",SDN,baseline_emissions,conditional,worst,KYOTOGHG,IPCM0EL,MtCO2eq,AR4,50.3178,51.8317,56.1989,58.9266,64.678,66.1635,68.3518,71.3489,72.8086,75.5072,79.2048,81.6952,85.6645,88.6902,91.6213,93.40899999999999,93.9366,97.56299999999999,98.2953,100.1318,100.4232,98.3742,101.4502,103.2823,103.2116,104.829,106.4306,108.8499,115.8392,122.2201,127.5942,131.9201,135.868,139.6479,143.4481,147.4386,151.5596,155.6688,159.7969,163.972,168.21900000000005,172.4896,176.7645,181.1082,185.5832,190.2501,195.1083,200.122,205.2985,210.6459,216.1731,221.8875,227.7845,233.8576,240.1014,246.5116,253.0757,259.7777,266.6087,273.5594,280.6198
"No targets calculated, so the baseline emissions are put in as target pathways for all un/conditional best/worst pathways.
",SDN,baseline_emissions,conditional,best,KYOTOGHG,IPCM0EL,MtCO2eq,AR4,50.3178,51.8317,56.1989,58.9266,64.678,66.1635,68.3518,71.3489,72.8086,75.5072,79.2048,81.6952,85.6645,88.6902,91.6213,93.40899999999999,93.9366,97.56299999999999,98.2953,100.1318,100.4232,98.3742,101.4502,103.2823,103.2116,104.829,106.4306,108.8499,115.8392,122.2201,127.5942,131.9201,135.868,139.6479,143.4481,147.4386,151.5596,155.6688,159.7969,163.972,168.21900000000005,172.4896,176.7645,181.1082,185.5832,190.2501,195.1083,200.122,205.2985,210.6459,216.1731,221.8875,227.7845,233.8576,240.1014,246.5116,253.0757,259.7777,266.6087,273.5594,280.6198
"No targets calculated, so the baseline emissions are put in as target pathways for all un/conditional best/worst pathways.
",SDN,baseline_emissions,unconditional,worst,KYOTOGHG,IPCM0EL,MtCO2eq,AR4,50.3178,51.8317,56.1989,58.9266,64.678,66.1635,68.3518,71.3489,72.8086,75.5072,79.2048,81.6952,85.6645,88.6902,91.6213,93.40899999999999,93.9366,97.56299999999999,98.2953,100.1318,100.4232,98.3742,101.4502,103.2823,103.2116,104.829,106.4306,108.8499,115.8392,122.2201,127.5942,131.9201,135.868,139.6479,143.4481,147.4386,151.5596,155.6688,159.7969,163.972,168.21900000000005,172.4896,176.7645,181.1082,185.5832,190.2501,195.1083,200.122,205.2985,210.6459,216.1731,221.8875,227.7845,233.8576,240.1014,246.5116,253.0757,259.7777,266.6087,273.5594,280.6198
"No targets calculated, so the baseline emissions are put in as target pathways for all un/conditional best/worst pathways.
",SDN,baseline_emissions,unconditional,best,KYOTOGHG,IPCM0EL,MtCO2eq,AR4,50.3178,51.8317,56.1989,58.9266,64.678,66.1635,68.3518,71.3489,72.8086,75.5072,79.2048,81.6952,85.6645,88.6902,91.6213,93.40899999999999,93.9366,97.56299999999999,98.2953,100.1318,100.4232,98.3742,101.4502,103.2823,103.2116,104.829,106.4306,108.8499,115.8392,122.2201,127.5942,131.9201,135.868,139.6479,143.4481,147.4386,151.5596,155.6688,159.7969,163.972,168.21900000000005,172.4896,176.7645,181.1082,185.5832,190.2501,195.1083,200.122,205.2985,210.6459,216.1731,221.8875,227.7845,233.8576,240.1014,246.5116,253.0757,259.7777,266.6087,273.5594,280.6198
,SDN,,emi_bau,emi_bau,KYOTOGHG,IPCM0EL,MtCO2eq,AR4,50.3178,51.8317,56.1989,58.9266,64.678,66.1635,68.3518,71.3489,72.8086,75.5072,79.2048,81.6952,85.6645,88.6902,91.6213,93.40899999999999,93.9366,97.56299999999999,98.2953,100.1318,100.4232,98.3742,101.4502,103.2823,103.2116,104.829,106.4306,108.8499,115.8392,122.2201,127.5942,131.9201,135.868,139.6479,143.4481,147.4386,151.5596,155.6688,159.7969,163.972,168.21900000000005,172.4896,176.7645,181.1082,185.5832,190.2501,195.1083,200.122,205.2985,210.6459,216.1731,221.8875,227.7845,233.8576,240.1014,246.5116,253.0757,259.7777,266.6087,273.5594,280.6198
,SDN,,emi_cov,emi_cov,KYOTOGHG,IPCM0EL,MtCO2eq,AR4,10.320109026817198,10.093918700940598,9.6958347575603,8.5625911881774,10.653495303589999,10.687025991095998,10.8611459954844,11.8409639122845,11.176264625071001,11.7540249087488,12.731036199192001,13.6619718701896,15.8310822071855,16.4496869537316,18.742570788345,18.352319648617,19.3359170710548,21.247706539299,21.6063021799125,22.382362624177,22.444941200244,21.501083537472603,20.8791277313838,22.6143705803532,22.6156995762536,23.327928944127,23.2138795774592,24.212486961927905,25.9281933795344,27.6288495765949,29.061170532456604,30.21412222335,31.266328122967998,32.2737581846799,33.2865986953085,34.350158481541804,35.4484996068868,36.5436957014304,37.6439290842772,38.756689030388,39.88861193643301,41.0268248845376,42.166183714974,43.32387956169,44.516569670144,45.760405660263,47.0552274731862,48.391493415486,49.771149522066494,51.19635440522521,52.669480033556106,54.192498745274996,55.764184486037,57.382805092135996,59.0469209483076,60.7553864894728,62.5048697217954,64.2911064253822,66.1117247725777,67.9642457383612,69.846004437388
,SDN,,emi_ncov,emi_ncov,KYOTOGHG,IPCM0EL,MtCO2eq,AR4,39.9976909731828,41.7377812990594,46.5030652424397,50.3640088118226,54.02450469641,55.476474008904,57.4906540045156,59.5079360877155,61.632335374929,63.753175091251194,66.473763800808,68.0332281298104,69.83341779281452,72.2405130462684,72.87872921165501,75.056680351383,74.60068292894519,76.31529346070099,76.68899782008751,77.74943737582299,77.97825879975599,76.87311646252739,80.57107226861619,80.6679294196468,80.5959004237464,81.501071055873,83.2167204225408,84.6374130380721,89.9110066204656,94.5912504234051,98.53302946754339,101.70597777664999,104.60167187703199,107.37414181532009,110.16150130469151,113.0884415184582,116.11110039311318,119.1251042985696,122.15297091572279,125.215310969612,128.33038806356706,131.4627751154624,134.59831628502602,137.78432043831,141.066630329856,144.489694339737,148.05307252681382,151.73050658451402,155.5273504779335,159.4495455947748,163.50361996644392,167.695001254725,172.020315513963,176.474794907864,181.0544790516924,185.7562135105272,190.57083027820462,195.48659357461779,200.4969752274223,205.59515426163878,210.77379556261198
,SDN,,pc_cov,pc_cov,KYOTOGHG,IPCM0EL,MtCO2eq/MtCO2eq,AR4,0.20509857399999998,0.194744118,0.172527127,0.145309439,0.164715905,0.161524496,0.158900658,0.165958605,0.153501985,0.15566760400000001,0.160735665,0.167231023,0.18480329899999998,0.185473558,0.20456565,0.19647271300000002,0.205840078,0.217784473,0.219810125,0.223529015,0.223503545,0.21856425300000001,0.205806669,0.218956884,0.219119746,0.222533163,0.21811283199999998,0.22243922100000002,0.223829182,0.22605814899999999,0.22776247300000002,0.2290335,0.230122826,0.23110808100000002,0.232046285,0.232979413,0.233891483,0.234752858,0.235573588,0.236361629,0.237123107,0.237851006,0.23854441199999998,0.23921545,0.23987392,0.24052763,0.241174914,0.24180996300000002,0.242433089,0.243044628,0.243644931,0.244234122,0.244811146,0.245374985,0.24592493399999998,0.246460558,0.246980922,0.24748508600000002,0.247972871,0.248444198,0.24889906
,SEN,,pop,pop,POP,DEMOGR,Pers,,7526307.0,7755496.0,7990096.0,8226760.0,8461068.0,8690164.0,8912861.0,9130877.0,9347774.0,9568722.0,9797734.0,10036104.0,10283699.0,10541467.0,10810083.0,11090116.0,11382268.0,11687080.0,12004701.0,12335084.0,12678148.0,13033809.0,13401992.0,13782424.0,14174739.0,14578459.0,14993519.0,15419355.0,15756171.4825,16190118.5043,16630843.9997,17080818.0537,17542415.1907,18014177.0078,18494634.9204,18982310.0288,19476447.9772,19976269.8975,20480271.1814,20986971.706,21494914.6831,22005199.6602,22519788.8683,23038531.0321,23561268.614,24087838.309,24618021.1805,25151394.7194,25687486.448000006,26225824.2392,26765936.3315,27309418.6809,27857666.3932,28409902.1966,28965343.3462,29523202.1752,30081573.7443,30639054.6278,31195614.8589,31751234.7167,32305903.6006
,SEN,,gdp,gdp,GDPPPP,ECO,2011GKD,,18994554687.5,18828103515.625,19127011718.75,18597054687.5,18915171875.0,19202554687.5,20435277343.75,20803726562.5,21699746093.75,23701791015.625,23241291015.625,24319767578.125,24245857421.875,25559121093.75,26338595703.125,28197660156.25,28828957031.25,30568037109.375,31055320312.5,33805949218.75,35133750000.0,35940820312.5,36894667968.75,39021035156.25,41092703125.0,44218062500.0,46360394531.25,48699210937.5,50049494613.8388,52774475148.0139,55579638272.3878,58507925114.5594,61605970846.6907,64846155303.1537,68200679149.7065,71641487617.1454,75144892920.8153,78699549169.6967,82296061558.0481,85925440105.842,89579036290.1672,93234177992.7938,96908543221.9706,100654128523.8848,104522830113.7808,108566535904.1538,112771819135.8474,117101094157.4735,121570383547.1365,126196186808.2368,130995592956.812,135954974270.1958,141063009499.1864,146341501089.8836,151813328972.7469,157502612061.3917,163416387879.9305,169551323565.2126,175917276341.4768,182524451937.6472,189383414270.4494
"The target value from 'conditional_best' was used for 'conditional_worst' in 2025, 2030.
",SEN,ABS,conditional,worst,KYOTOGHG,IPCM0EL,MtCO2eq,AR4,14.008,14.5092,14.7427,15.1444,15.6257,15.3409,15.9786,15.3841,15.3753,16.472,17.4663,18.1294,18.1416,17.0155,18.2781,19.3753,19.4446,18.5642,19.8884,18.6986,22.6285,23.484,22.1589,23.3248,23.8494,23.5031,25.2989,25.886,26.686725,27.48745,28.288175,28.278167553992034,28.22352633098805,28.124251330988052,27.980342553992035,27.791800000000002,28.28733275320198,28.751989129802965,29.18576912980298,29.588672753201983,29.960700000000003,30.847476008367515,31.728554366136922,32.62086975703038,33.540565524409224,34.50370587759867,35.50720458919144,36.54061596642429,37.60860891742625,38.71585235032633,39.867015173253534,41.06170171602744,42.2980918958181,43.57903453792455,44.90722019957371,46.28573510817286,47.71188870649513,49.18045814815891,50.6909686289477,52.24254967446455,53.83448907838471
,SEN,ABS,conditional,best,KYOTOGHG,IPCM0EL,MtCO2eq,AR4,14.008,14.5092,14.7427,15.1444,15.6257,15.3409,15.9786,15.3841,15.3753,16.472,17.4663,18.1294,18.1416,17.0155,18.2781,19.3753,19.4446,18.5642,19.8884,18.6986,22.6285,23.484,22.1589,23.3248,23.8494,23.5031,25.2989,25.886,26.686725,27.48745,28.288175,28.278167553992034,28.22352633098805,28.124251330988052,27.980342553992035,27.791800000000002,28.28733275320198,28.751989129802965,29.18576912980298,29.588672753201983,29.960700000000003,30.847476008367515,31.728554366136922,32.62086975703038,33.540565524409224,34.50370587759867,35.50720458919144,36.54061596642429,37.60860891742625,38.71585235032633,39.867015173253534,41.06170171602744,42.2980918958181,43.57903453792455,44.90722019957371,46.28573510817286,47.71188870649513,49.18045814815891,50.6909686289477,52.24254967446455,53.83448907838471
"The target value from 'unconditional_best' was used for 'unconditional_worst' in 2025, 2030.
",SEN,ABS,unconditional,worst,KYOTOGHG,IPCM0EL,MtCO2eq,AR4,14.008,14.5092,14.7427,15.1444,15.6257,15.3409,15.9786,15.3841,15.3753,16.472,17.4663,18.1294,18.1416,17.0155,18.2781,19.3753,19.4446,18.5642,19.8884,18.6986,22.6285,23.484,22.1589,23.3248,23.8494,23.5031,25.2989,25.886,26.686725,27.48745,28.288175,28.87270468106454,29.445332021596812,30.006057021596813,30.55487968106454,31.091800000000003,32.07718365137221,33.05676547705831,34.030545477058325,34.99852365137221,35.9607,37.0250638501137,38.08258902476711,39.153601587133885,40.257477784351586,41.41349888195411,42.617960597400476,43.85832535901344,45.14019708140631,46.46917967919241,47.85087706698503,49.2848143367661,50.768806911652455,52.30627412937426,53.90044536445444,55.55502489943398,57.26678335978997,59.02945195968379,60.84246080949376,62.70476511158008,64.61551003151025
,SEN,ABS,unconditional,best,KYOTOGHG,IPCM0EL,MtCO2eq,AR4,14.008,14.5092,14.7427,15.1444,15.6257,15.3409,15.9786,15.3841,15.3753,16.472,17.4663,18.1294,18.1416,17.0155,18.2781,19.3753,19.4446,18.5642,19.8884,18.6986,22.6285,23.484,22.1589,23.3248,23.8494,23.5031,25.2989,25.886,26.686725,27.48745,28.288175,28.87270468106454,29.445332021596812,30.006057021596813,30.55487968106454,31.091800000000003,32.07718365137221,33.05676547705831,34.030545477058325,34.99852365137221,35.9607,37.0250638501137,38.08258902476711,39.153601587133885,40.257477784351586,41.41349888195411,42.617960597400476,43.85832535901344,45.14019708140631,46.46917967919241,47.85087706698503,49.2848143367661,50.768806911652455,52.30627412937426,53.90044536445444,55.55502489943398,57.26678335978997,59.02945195968379,60.84246080949376,62.70476511158008,64.61551003151025
"The target value from 'conditional_best' was used for 'conditional_worst' in 2025, 2030.
",SEN,ABU,conditional,worst,KYOTOGHG,IPCM0EL,MtCO2eq,AR4,14.008,14.5092,14.7427,15.1444,15.6257,15.3409,15.9786,15.3841,15.3753,16.472,17.4663,18.1294,18.1416,17.0155,18.2781,19.3753,19.4446,18.5642,19.8884,18.6986,22.6285,23.484,22.1589,23.3248,23.8494,23.5031,25.2989,25.886,26.686725,27.48745,28.288175,28.278167553992034,28.22352633098805,28.124251330988052,27.980342553992035,27.791800000000002,28.28733275320198,28.751989129802965,29.18576912980298,29.588672753201983,29.960700000000003,30.847476008367515,31.728554366136922,32.62086975703038,33.540565524409224,34.50370587759867,35.50720458919144,36.54061596642429,37.60860891742625,38.71585235032633,39.867015173253534,41.06170171602744,42.2980918958181,43.57903453792455,44.90722019957371,46.28573510817286,47.71188870649513,49.18045814815891,50.6909686289477,52.24254967446455,53.83448907838471
,SEN,ABU,conditional,best,KYOTOGHG,IPCM0EL,MtCO2eq,AR4,14.008,14.5092,14.7427,15.1444,15.6257,15.3409,15.9786,15.3841,15.3753,16.472,17.4663,18.1294,18.1416,17.0155,18.2781,19.3753,19.4446,18.5642,19.8884,18.6986,22.6285,23.484,22.1589,23.3248,23.8494,23.5031,25.2989,25.886,26.686725,27.48745,28.288175,28.278167553992034,28.22352633098805,28.124251330988052,27.980342553992035,27.791800000000002,28.28733275320198,28.751989129802965,29.18576912980298,29.588672753201983,29.960700000000003,30.847476008367515,31.728554366136922,32.62086975703038,33.540565524409224,34.50370587759867,35.50720458919144,36.54061596642429,37.60860891742625,38.71585235032633,39.867015173253534,41.06170171602744,42.2980918958181,43.57903453792455,44.90722019957371,46.28573510817286,47.71188870649513,49.18045814815891,50.6909686289477,52.24254967446455,53.83448907838471
"The target value from 'unconditional_best' was used for 'unconditional_worst' in 2025, 2030.
",SEN,ABU,unconditional,worst,KYOTOGHG,IPCM0EL,MtCO2eq,AR4,14.008,14.5092,14.7427,15.1444,15.6257,15.3409,15.9786,15.3841,15.3753,16.472,17.4663,18.1294,18.1416,17.0155,18.2781,19.3753,19.4446,18.5642,19.8884,18.6986,22.6285,23.484,22.1589,23.3248,23.8494,23.5031,25.2989,25.886,26.686725,27.48745,28.288175,28.87270468106454,29.445332021596812,30.006057021596813,30.55487968106454,31.091800000000003,32.07718365137221,33.05676547705831,34.030545477058325,34.99852365137221,35.9607,37.0250638501137,38.08258902476711,39.153601587133885,40.257477784351586,41.41349888195411,42.617960597400476,43.85832535901344,45.14019708140631,46.46917967919241,47.85087706698503,49.2848143367661,50.768806911652455,52.30627412937426,53.90044536445444,55.55502489943398,57.26678335978997,59.02945195968379,60.84246080949376,62.70476511158008,64.61551003151025
,SEN,ABU,unconditional,best,KYOTOGHG,IPCM0EL,MtCO2eq,AR4,14.008,14.5092,14.7427,15.1444,15.6257,15.3409,15.9786,15.3841,15.3753,16.472,17.4663,18.1294,18.1416,17.0155,18.2781,19.3753,19.4446,18.5642,19.8884,18.6986,22.6285,23.484,22.1589,23.3248,23.8494,23.5031,25.2989,25.886,26.686725,27.48745,28.288175,28.87270468106454,29.445332021596812,30.006057021596813,30.55487968106454,31.091800000000003,32.07718365137221,33.05676547705831,34.030545477058325,34.99852365137221,35.9607,37.0250638501137,38.08258902476711,39.153601587133885,40.257477784351586,41.41349888195411,42.617960597400476,43.85832535901344,45.14019708140631,46.46917967919241,47.85087706698503,49.2848143367661,50.768806911652455,52.30627412937426,53.90044536445444,55.55502489943398,57.26678335978997,59.02945195968379,60.84246080949376,62.70476511158008,64.61551003151025
"The target value from 'conditional_best' was used for 'conditional_worst' in 2025, 2030.
",SEN,RBU,conditional,worst,KYOTOGHG,IPCM0EL,MtCO2eq,AR4,14.008,14.5092,14.7427,15.1444,15.6257,15.3409,15.9786,15.3841,15.3753,16.472,17.4663,18.1294,18.1416,17.0155,18.2781,19.3753,19.4446,18.5642,19.8884,18.6986,22.6285,23.484,22.1589,23.3248,23.8494,23.5031,25.2989,25.886,26.686725,27.48745,28.288175,28.216233,28.096247499999997,27.928218499999996,27.712146,27.44803,27.99387604,28.512991359999997,29.005375960000013,29.471029840000003,29.909953,30.795227,31.674813000000004,32.565616999999996,33.483755,34.445264,35.447063,36.47872400000001,37.544908,38.650276,39.799489,40.992152000000004,42.226448000000005,43.505221,44.831157000000005,46.207337,47.631075,49.097157,50.605109000000006,52.154061999999996,53.743305
,SEN,RBU,conditional,best,KYOTOGHG,IPCM0EL,MtCO2eq,AR4,14.008,14.5092,14.7427,15.1444,15.6257,15.3409,15.9786,15.3841,15.3753,16.472,17.4663,18.1294,18.1416,17.0155,18.2781,19.3753,19.4446,18.5642,19.8884,18.6986,22.6285,23.484,22.1589,23.3248,23.8494,23.5031,25.2989,25.886,26.686725,27.48745,28.288175,28.216233,28.096247499999997,27.928218499999996,27.712146,27.44803,27.99387604,28.512991359999997,29.005375960000013,29.471029840000003,29.909953,30.795227,31.674813000000004,32.565616999999996,33.483755,34.445264,35.447063,36.47872400000001,37.544908,38.650276,39.799489,40.992152000000004,42.226448000000005,43.505221,44.831157000000005,46.207337,47.631075,49.097157,50.605109000000006,52.154061999999996,53.743305
"The target value from 'unconditional_best' was used for 'unconditional_worst' in 2025, 2030.
",SEN,RBU,unconditional,worst,KYOTOGHG,IPCM0EL,MtCO2eq,AR4,14.008,14.5092,14.7427,15.1444,15.6257,15.3409,15.9786,15.3841,15.3753,16.472,17.4663,18.1294,18.1416,17.0155,18.2781,19.3753,19.4446,18.5642,19.8884,18.6986,22.6285,23.484,22.1589,23.3248,23.8494,23.5031,25.2989,25.886,26.686725,27.48745,28.288175,28.856188799999998,29.411391,29.9537816,30.483360599999997,31.000128,32.00254564,33.000508159999995,33.99401556000001,34.98306784,35.967665,37.03223499999999,38.089965,39.16118499999999,40.265274999999995,41.421519999999994,42.626214999999995,43.86682,45.14893999999999,46.47817999999999,47.860144999999996,49.29436,50.77863999999999,52.31640499999999,53.91088499999999,55.56578499999999,57.27787499999999,59.04088499999999,60.85424499999999,62.716909999999984,64.628025
,SEN,RBU,unconditional,best,KYOTOGHG,IPCM0EL,MtCO2eq,AR4,14.008,14.5092,14.7427,15.1444,15.6257,15.3409,15.9786,15.3841,15.3753,16.472,17.4663,18.1294,18.1416,17.0155,18.2781,19.3753,19.4446,18.5642,19.8884,18.6986,22.6285,23.484,22.1589,23.3248,23.8494,23.5031,25.2989,25.886,26.686725,27.48745,28.288175,28.856188799999998,29.411391,29.9537816,30.483360599999997,31.000128,32.00254564,33.000508159999995,33.99401556000001,34.98306784,35.967665,37.03223499999999,38.089965,39.16118499999999,40.265274999999995,41.421519999999994,42.626214999999995,43.86682,45.14893999999999,46.47817999999999,47.860144999999996,49.29436,50.77863999999999,52.31640499999999,53.91088499999999,55.56578499999999,57.27787499999999,59.04088499999999,60.85424499999999,62.716909999999984,64.628025
"No targets calculated, so the baseline emissions are put in as target pathways for all un/conditional best/worst pathways.
",SEN,baseline_emissions,conditional,worst,KYOTOGHG,IPCM0EL,MtCO2eq,AR4,14.008,14.5092,14.7427,15.1444,15.6257,15.3409,15.9786,15.3841,15.3753,16.472,17.4663,18.1294,18.1416,17.0155,18.2781,19.3753,19.4446,18.5642,19.8884,18.6986,22.6285,23.484,22.1589,23.3248,23.8494,23.5031,25.2989,25.886,26.686725,27.48745,28.288175,29.0889,29.889625,30.69035,31.491075,32.2918,33.40558,34.51936,35.63314000000001,36.74692,37.8607,38.9813,40.0947,41.2223,42.3845,43.6016,44.8697,46.1756,47.5252,48.9244,50.3791,51.8888,53.4512,55.0699,56.7483,58.4903,60.2925,62.1483,64.0571,66.0178,68.0295
"No targets calculated, so the baseline emissions are put in as target pathways for all un/conditional best/worst pathways.
",SEN,baseline_emissions,conditional,best,KYOTOGHG,IPCM0EL,MtCO2eq,AR4,14.008,14.5092,14.7427,15.1444,15.6257,15.3409,15.9786,15.3841,15.3753,16.472,17.4663,18.1294,18.1416,17.0155,18.2781,19.3753,19.4446,18.5642,19.8884,18.6986,22.6285,23.484,22.1589,23.3248,23.8494,23.5031,25.2989,25.886,26.686725,27.48745,28.288175,29.0889,29.889625,30.69035,31.491075,32.2918,33.40558,34.51936,35.63314000000001,36.74692,37.8607,38.9813,40.0947,41.2223,42.3845,43.6016,44.8697,46.1756,47.5252,48.9244,50.3791,51.8888,53.4512,55.0699,56.7483,58.4903,60.2925,62.1483,64.0571,66.0178,68.0295
"No targets calculated, so the baseline emissions are put in as target pathways for all un/conditional best/worst pathways.
",SEN,baseline_emissions,unconditional,worst,KYOTOGHG,IPCM0EL,MtCO2eq,AR4,14.008,14.5092,14.7427,15.1444,15.6257,15.3409,15.9786,15.3841,15.3753,16.472,17.4663,18.1294,18.1416,17.0155,18.2781,19.3753,19.4446,18.5642,19.8884,18.6986,22.6285,23.484,22.1589,23.3248,23.8494,23.5031,25.2989,25.886,26.686725,27.48745,28.288175,29.0889,29.889625,30.69035,31.491075,32.2918,33.40558,34.51936,35.63314000000001,36.74692,37.8607,38.9813,40.0947,41.2223,42.3845,43.6016,44.8697,46.1756,47.5252,48.9244,50.3791,51.8888,53.4512,55.0699,56.7483,58.4903,60.2925,62.1483,64.0571,66.0178,68.0295
"No targets calculated, so the baseline emissions are put in as target pathways for all un/conditional best/worst pathways.
",SEN,baseline_emissions,unconditional,best,KYOTOGHG,IPCM0EL,MtCO2eq,AR4,14.008,14.5092,14.7427,15.1444,15.6257,15.3409,15.9786,15.3841,15.3753,16.472,17.4663,18.1294,18.1416,17.0155,18.2781,19.3753,19.4446,18.5642,19.8884,18.6986,22.6285,23.484,22.1589,23.3248,23.8494,23.5031,25.2989,25.886,26.686725,27.48745,28.288175,29.0889,29.889625,30.69035,31.491075,32.2918,33.40558,34.51936,35.63314000000001,36.74692,37.8607,38.9813,40.0947,41.2223,42.3845,43.6016,44.8697,46.1756,47.5252,48.9244,50.3791,51.8888,53.4512,55.0699,56.7483,58.4903,60.2925,62.1483,64.0571,66.0178,68.0295
,SEN,,emi_bau,emi_bau,KYOTOGHG,IPCM0EL,MtCO2eq,AR4,14.008,14.5092,14.7427,15.1444,15.6257,15.3409,15.9786,15.3841,15.3753,16.472,17.4663,18.1294,18.1416,17.0155,18.2781,19.3753,19.4446,18.5642,19.8884,18.6986,22.6285,23.484,22.1589,23.3248,23.8494,23.5031,25.2989,25.886,26.686725,27.48745,28.288175,29.0889,29.889625,30.69035,31.491075,32.2918,33.40558,34.51936,35.63314000000001,36.74692,37.8607,38.9813,40.0947,41.2223,42.3845,43.6016,44.8697,46.1756,47.5252,48.9244,50.3791,51.8888,53.4512,55.0699,56.7483,58.4903,60.2925,62.1483,64.0571,66.0178,68.0295
,SEN,,emi_cov,emi_cov,KYOTOGHG,IPCM0EL,MtCO2eq,AR4,14.008,14.5092,14.7427,15.1444,15.6257,15.3409,15.9786,15.3841,15.3753,16.472,17.4663,18.1294,18.1416,17.0155,18.2781,19.3753,19.4446,18.5642,19.8884,18.6986,22.6285,23.484,22.1589,23.3248,23.8494,23.5031,25.2989,25.886,26.686725,27.48745,28.288175,29.0889,29.88952226935887,30.69035,31.491075,32.2918,33.40558,34.51936,35.633039942142894,36.74692,37.8607,38.9812000129655,40.0947,41.2223,42.3845,43.6016,44.8697,46.1756,47.5252,48.92429999852639,50.3791,51.8888,53.4512,55.0699,56.7482000094954,58.4903,60.2925,62.1482000033853,64.05700000686691,66.0178,68.02939999663501
,SEN,,emi_ncov,emi_ncov,KYOTOGHG,IPCM0EL,MtCO2eq,AR4,0.0,0.0,0.0,0.0,0.0,0.0,0.0,0.0,0.0,0.0,0.0,0.0,0.0,0.0,0.0,0.0,0.0,0.0,0.0,0.0,0.0,0.0,0.0,0.0,0.0,0.0,0.0,0.0,0.0,0.0,0.0,0.0,0.00010273064112651058,0.0,0.0,0.0,0.0,0.0,0.00010005785711876295,0.0,0.0,9.99870344982228e-05,0.0,0.0,0.0,0.0,0.0,0.0,0.0,0.00010000147360168063,0.0,0.0,0.0,0.0,9.999050460092219e-05,0.0,0.0,9.999661470084002e-05,9.999313309537247e-05,0.0,0.00010000336499645579
,SEN,,pc_cov,pc_cov,KYOTOGHG,IPCM0EL,MtCO2eq/MtCO2eq,AR4,1.0,1.0,1.0,1.0,1.0,1.0,1.0,1.0,1.0,1.0,1.0,1.0,1.0,1.0,1.0,1.0,1.0,1.0,1.0,1.0,1.0,1.0,1.0,1.0,1.0,1.0,1.0,1.0,1.0,1.0,1.0,1.0,0.999996563,1.0,1.0,1.0,1.0,1.0,0.999997192,1.0,1.0,0.999997435,1.0,1.0,1.0,1.0,1.0,1.0,1.0,0.999997956,1.0,1.0,1.0,1.0,0.999998238,1.0,1.0,0.999998391,0.9999984390000001,1.0,0.99999853
,SGP,,pop,pop,POP,DEMOGR,Pers,,3012966.0,3101147.0,3199642.0,3305807.0,3415703.0,3525969.0,3638187.0,3752140.0,3860714.0,3954743.0,4028871.0,4077145.0,4104419.0,4129225.0,4177213.0,4265687.0,4402331.0,4578630.0,4775804.0,4966614.0,5131172.0,5263636.0,5369476.0,5453737.0,5525626.0,5592152.0,5653634.0,5708041.0,5851230.2457,5879578.1268,5908484.5026,5937884.2722,5966148.0876,5993854.3337,6021575.8949,6049881.1556,6078510.1209,6106274.7778,6132348.2711,6155903.3812,6176113.2722,6194903.139,6213846.3489999985,6231596.5305,6246815.7962,6258174.7127,6267573.2866,6276925.1295,6284932.5008,6290302.2737,6291746.0483,6290933.1523,6290310.0452,6289760.1186,6289169.3137,6288425.9623,6286294.9823,6282152.8042,6276804.462,6271051.5735,6265692.141
,SGP,,gdp,gdp,GDPPPP,ECO,2011GKD,,63308144531.25,68952875000.0,73160382812.5,81981015625.0,89099906250.0,97829679687.5,104677789062.5,118324148437.5,116351796875.0,127497453125.0,154822218750.0,155556578125.0,169452453125.0,179711421875.0,218651703125.0,257339031250.0,277759937500.0,303200906250.0,299372531250.0,298669312500.0,351738531250.0,373455937500.0,383272281250.0,391710437500.0,399634312500.0,412257750000.0,420634906250.0,441947343750.0,456984222151.6129,468169899251.7997,478535458808.2112,488642007545.3939,498931658271.9287,509322090600.7999,519717625754.2653,530014980002.2407,539830845531.6931,548773068252.0114,556720545788.8328,563549604336.8796,569133873279.0247,573865624670.3042,578200286193.9672,582110558020.6228,585576531288.5214,588584741847.4674,591189631937.6207,593471541110.0764,595456431837.3752,597165551477.9612,598615899651.0692,599812044161.2488,600782238143.2611,601570855871.95,602215832057.6887,602749306676.4442,603070801830.6697,603172364315.3553,603217300289.7891,603364330717.4496,603768351070.6476
"The target value from 'unconditional_best' was used for 'conditional_worst' in 2030.
The target value from 'unconditional_best' was used for 'conditional_best' in 2030.
",SGP,ABS,conditional,worst,KYOTOGHG,IPCM0EL,MtCO2eq,AR4,23.29300000000001,23.8091,25.2879,26.7786,32.1349,26.8191,32.7693,41.5391,38.9712,42.8843,48.2191,50.8403,43.8219,32.3135,30.6527,32.8078,34.0703,25.7827,39.344,55.0432,55.4668,55.7404,57.2115,82.3806,83.6782,88.6778,94.6946,99.6566,101.85799999999999,102.1308,102.515,98.79317784851794,95.09968454472997,91.44206658939358,87.81608242510647,84.21053131970638,80.55786748158059,76.8031476523228,72.94961804997628,68.99902115946796,64.95282027142858,64.95282027142858,64.95282027142858,64.95282027142858,64.95282027142858,64.95282027142858,64.95282027142858,64.95282027142858,64.95282027142858,64.95282027142858,64.95282027142858,64.95282027142858,64.95282027142858,64.95282027142858,64.95282027142858,64.95282027142858,64.95282027142858,64.95282027142858,64.95282027142858,64.95282027142858,64.95282027142858
,SGP,ABS,conditional,best,KYOTOGHG,IPCM0EL,MtCO2eq,AR4,23.29300000000001,23.8091,25.2879,26.7786,32.1349,26.8191,32.7693,41.5391,38.9712,42.8843,48.2191,50.8403,43.8219,32.3135,30.6527,32.8078,34.0703,25.7827,39.344,55.0432,55.4668,55.7404,57.2115,82.3806,83.6782,88.6778,94.6946,99.6566,101.85799999999999,102.1308,102.515,98.79317784851794,95.09968454472997,91.44206658939358,87.81608242510647,84.21053131970638,80.55786748158059,76.8031476523228,72.94961804997628,68.99902115946796,64.95282027142858,64.95282027142858,64.95282027142858,64.95282027142858,64.95282027142858,64.95282027142858,64.95282027142858,64.95282027142858,64.95282027142858,64.95282027142858,64.95282027142858,64.95282027142858,64.95282027142858,64.95282027142858,64.95282027142858,64.95282027142858,64.95282027142858,64.95282027142858,64.95282027142858,64.95282027142858,64.95282027142858
"The target value from 'unconditional_best' was used for 'unconditional_worst' in 2030.
",SGP,ABS,unconditional,worst,KYOTOGHG,IPCM0EL,MtCO2eq,AR4,23.29300000000001,23.8091,25.2879,26.7786,32.1349,26.8191,32.7693,41.5391,38.9712,42.8843,48.2191,50.8403,43.8219,32.3135,30.6527,32.8078,34.0703,25.7827,39.344,55.0432,55.4668,55.7404,57.2115,82.3806,83.6782,88.6778,94.6946,99.6566,101.85799999999999,102.1308,102.515,98.79317784851794,95.09968454472997,91.44206658939358,87.81608242510647,84.21053131970638,80.55786748158059,76.8031476523228,72.94961804997628,68.99902115946796,64.95282027142858,64.95282027142858,64.95282027142858,64.95282027142858,64.95282027142858,64.95282027142858,64.95282027142858,64.95282027142858,64.95282027142858,64.95282027142858,64.95282027142858,64.95282027142858,64.95282027142858,64.95282027142858,64.95282027142858,64.95282027142858,64.95282027142858,64.95282027142858,64.95282027142858,64.95282027142858,64.95282027142858
,SGP,ABS,unconditional,best,KYOTOGHG,IPCM0EL,MtCO2eq,AR4,23.29300000000001,23.8091,25.2879,26.7786,32.1349,26.8191,32.7693,41.5391,38.9712,42.8843,48.2191,50.8403,43.8219,32.3135,30.6527,32.8078,34.0703,25.7827,39.344,55.0432,55.4668,55.7404,57.2115,82.3806,83.6782,88.6778,94.6946,99.6566,101.85799999999999,102.1308,102.515,98.79317784851794,95.09968454472997,91.44206658939358,87.81608242510647,84.21053131970638,80.55786748158059,76.8031476523228,72.94961804997628,68.99902115946796,64.95282027142858,64.95282027142858,64.95282027142858,64.95282027142858,64.95282027142858,64.95282027142858,64.95282027142858,64.95282027142858,64.95282027142858,64.95282027142858,64.95282027142858,64.95282027142858,64.95282027142858,64.95282027142858,64.95282027142858,64.95282027142858,64.95282027142858,64.95282027142858,64.95282027142858,64.95282027142858,64.95282027142858
"The target value from 'unconditional_best' was used for 'conditional_worst' in 2030.
The target value from 'unconditional_best' was used for 'conditional_best' in 2030.
",SGP,REI,conditional,worst,KYOTOGHG,IPCM0EL,MtCO2eq,AR4,23.29300000000001,23.8091,25.2879,26.7786,32.1349,26.8191,32.7693,41.5391,38.9712,42.8843,48.2191,50.8403,43.8219,32.3135,30.6527,32.8078,34.0703,25.7827,39.344,55.0432,55.4668,55.7404,57.2115,82.3806,83.6782,88.6778,94.6946,99.6566,101.85799999999999,102.1308,102.515,99.28857463001219,96.09583522532772,92.94566588268819,89.83532617272677,86.75511168155032,83.63685760063439,80.42363471910295,77.1179769286229,73.7207263258859,70.23223129771429,70.23223129771429,70.23223129771429,70.23223129771429,70.23223129771429,70.23223129771429,70.23223129771429,70.23223129771429,70.23223129771429,70.23223129771429,70.23223129771429,70.23223129771429,70.23223129771429,70.23223129771429,70.23223129771429,70.23223129771429,70.23223129771429,70.23223129771429,70.23223129771429,70.23223129771429,70.23223129771429
,SGP,REI,conditional,best,KYOTOGHG,IPCM0EL,MtCO2eq,AR4,23.29300000000001,23.8091,25.2879,26.7786,32.1349,26.8191,32.7693,41.5391,38.9712,42.8843,48.2191,50.8403,43.8219,32.3135,30.6527,32.8078,34.0703,25.7827,39.344,55.0432,55.4668,55.7404,57.2115,82.3806,83.6782,88.6778,94.6946,99.6566,101.85799999999999,102.1308,102.515,99.28857463001219,96.09583522532772,92.94566588268819,89.83532617272677,86.75511168155032,83.63685760063439,80.42363471910295,77.1179769286229,73.7207263258859,70.23223129771429,70.23223129771429,70.23223129771429,70.23223129771429,70.23223129771429,70.23223129771429,70.23223129771429,70.23223129771429,70.23223129771429,70.23223129771429,70.23223129771429,70.23223129771429,70.23223129771429,70.23223129771429,70.23223129771429,70.23223129771429,70.23223129771429,70.23223129771429,70.23223129771429,70.23223129771429,70.23223129771429
"The target value from 'unconditional_best' was used for 'unconditional_worst' in 2030.
",SGP,REI,unconditional,worst,KYOTOGHG,IPCM0EL,MtCO2eq,AR4,23.29300000000001,23.8091,25.2879,26.7786,32.1349,26.8191,32.7693,41.5391,38.9712,42.8843,48.2191,50.8403,43.8219,32.3135,30.6527,32.8078,34.0703,25.7827,39.344,55.0432,55.4668,55.7404,57.2115,82.3806,83.6782,88.6778,94.6946,99.6566,101.85799999999999,102.1308,102.515,99.28857463001219,96.09583522532772,92.94566588268819,89.83532617272677,86.75511168155032,83.63685760063439,80.42363471910295,77.1179769286229,73.7207263258859,70.23223129771429,70.23223129771429,70.23223129771429,70.23223129771429,70.23223129771429,70.23223129771429,70.23223129771429,70.23223129771429,70.23223129771429,70.23223129771429,70.23223129771429,70.23223129771429,70.23223129771429,70.23223129771429,70.23223129771429,70.23223129771429,70.23223129771429,70.23223129771429,70.23223129771429,70.23223129771429,70.23223129771429
,SGP,REI,unconditional,best,KYOTOGHG,IPCM0EL,MtCO2eq,AR4,23.29300000000001,23.8091,25.2879,26.7786,32.1349,26.8191,32.7693,41.5391,38.9712,42.8843,48.2191,50.8403,43.8219,32.3135,30.6527,32.8078,34.0703,25.7827,39.344,55.0432,55.4668,55.7404,57.2115,82.3806,83.6782,88.6778,94.6946,99.6566,101.85799999999999,102.1308,102.515,99.28857463001219,96.09583522532772,92.94566588268819,89.83532617272677,86.75511168155032,83.63685760063439,80.42363471910295,77.1179769286229,73.7207263258859,70.23223129771429,70.23223129771429,70.23223129771429,70.23223129771429,70.23223129771429,70.23223129771429,70.23223129771429,70.23223129771429,70.23223129771429,70.23223129771429,70.23223129771429,70.23223129771429,70.23223129771429,70.23223129771429,70.23223129771429,70.23223129771429,70.23223129771429,70.23223129771429,70.23223129771429,70.23223129771429,70.23223129771429
"No targets calculated, so the baseline emissions are put in as target pathways for all un/conditional best/worst pathways.
",SGP,baseline_emissions,conditional,worst,KYOTOGHG,IPCM0EL,MtCO2eq,AR4,23.29300000000001,23.8091,25.2879,26.7786,32.1349,26.8191,32.7693,41.5391,38.9712,42.8843,48.2191,50.8403,43.8219,32.3135,30.6527,32.8078,34.0703,25.7827,39.344,55.0432,55.4668,55.7404,57.2115,82.3806,83.6782,88.6778,94.6946,99.6566,101.85799999999999,102.1308,102.515,102.9981,103.555,104.2046,104.9554,105.8089,106.6923,107.5338,108.3306,109.0768,109.7644,110.4157,111.0505,111.6577,112.2285,112.7558,113.2444,113.7043,114.1365,114.5417,114.9201,115.273,115.6049,115.9201,116.2219,116.5126,116.758,116.9437,117.1007,117.2588,117.4472
"No targets calculated, so the baseline emissions are put in as target pathways for all un/conditional best/worst pathways.
",SGP,baseline_emissions,conditional,best,KYOTOGHG,IPCM0EL,MtCO2eq,AR4,23.29300000000001,23.8091,25.2879,26.7786,32.1349,26.8191,32.7693,41.5391,38.9712,42.8843,48.2191,50.8403,43.8219,32.3135,30.6527,32.8078,34.0703,25.7827,39.344,55.0432,55.4668,55.7404,57.2115,82.3806,83.6782,88.6778,94.6946,99.6566,101.85799999999999,102.1308,102.515,102.9981,103.555,104.2046,104.9554,105.8089,106.6923,107.5338,108.3306,109.0768,109.7644,110.4157,111.0505,111.6577,112.2285,112.7558,113.2444,113.7043,114.1365,114.5417,114.9201,115.273,115.6049,115.9201,116.2219,116.5126,116.758,116.9437,117.1007,117.2588,117.4472
"No targets calculated, so the baseline emissions are put in as target pathways for all un/conditional best/worst pathways.
",SGP,baseline_emissions,unconditional,worst,KYOTOGHG,IPCM0EL,MtCO2eq,AR4,23.29300000000001,23.8091,25.2879,26.7786,32.1349,26.8191,32.7693,41.5391,38.9712,42.8843,48.2191,50.8403,43.8219,32.3135,30.6527,32.8078,34.0703,25.7827,39.344,55.0432,55.4668,55.7404,57.2115,82.3806,83.6782,88.6778,94.6946,99.6566,101.85799999999999,102.1308,102.515,102.9981,103.555,104.2046,104.9554,105.8089,106.6923,107.5338,108.3306,109.0768,109.7644,110.4157,111.0505,111.6577,112.2285,112.7558,113.2444,113.7043,114.1365,114.5417,114.9201,115.273,115.6049,115.9201,116.2219,116.5126,116.758,116.9437,117.1007,117.2588,117.4472
"No targets calculated, so the baseline emissions are put in as target pathways for all un/conditional best/worst pathways.
",SGP,baseline_emissions,unconditional,best,KYOTOGHG,IPCM0EL,MtCO2eq,AR4,23.29300000000001,23.8091,25.2879,26.7786,32.1349,26.8191,32.7693,41.5391,38.9712,42.8843,48.2191,50.8403,43.8219,32.3135,30.6527,32.8078,34.0703,25.7827,39.344,55.0432,55.4668,55.7404,57.2115,82.3806,83.6782,88.6778,94.6946,99.6566,101.85799999999999,102.1308,102.515,102.9981,103.555,104.2046,104.9554,105.8089,106.6923,107.5338,108.3306,109.0768,109.7644,110.4157,111.0505,111.6577,112.2285,112.7558,113.2444,113.7043,114.1365,114.5417,114.9201,115.273,115.6049,115.9201,116.2219,116.5126,116.758,116.9437,117.1007,117.2588,117.4472
,SGP,,emi_bau,emi_bau,KYOTOGHG,IPCM0EL,MtCO2eq,AR4,23.29300000000001,23.8091,25.2879,26.7786,32.1349,26.8191,32.7693,41.5391,38.9712,42.8843,48.2191,50.8403,43.8219,32.3135,30.6527,32.8078,34.0703,25.7827,39.344,55.0432,55.4668,55.7404,57.2115,82.3806,83.6782,88.6778,94.6946,99.6566,101.85799999999999,102.1308,102.515,102.9981,103.555,104.2046,104.9554,105.8089,106.6923,107.5338,108.3306,109.0768,109.7644,110.4157,111.0505,111.6577,112.2285,112.7558,113.2444,113.7043,114.1365,114.5417,114.9201,115.273,115.6049,115.9201,116.2219,116.5126,116.758,116.9437,117.1007,117.2588,117.4472
,SGP,,emi_cov,emi_cov,KYOTOGHG,IPCM0EL,MtCO2eq,AR4,23.29300000000001,23.8091,25.2879,26.7786,32.1349,26.8191,32.7693,41.5391,38.9712,42.8843,48.2191,50.8403,43.8219,32.3135,30.6527,32.8078,34.0703,25.7827,39.344,55.0432,55.4668,55.7404,57.2115,82.3806,83.6782,88.6778,94.6946,99.6566,101.85799999999999,102.1308,102.515,102.9981,103.555,104.2046,104.9554,105.8089,106.6923,107.5338,108.3306,109.0768,109.7644,110.4157,111.0505,111.6577,112.2285,112.7558,113.2444,113.7043,114.1365,114.5417,114.9201,115.273,115.6049,115.9201,116.2219,116.5126,116.758,116.9437,117.1007,117.2588,117.4472
,SGP,,emi_ncov,emi_ncov,KYOTOGHG,IPCM0EL,MtCO2eq,AR4,0.0,0.0,0.0,0.0,0.0,0.0,0.0,0.0,0.0,0.0,0.0,0.0,0.0,0.0,0.0,0.0,0.0,0.0,0.0,0.0,0.0,0.0,0.0,0.0,0.0,0.0,0.0,0.0,0.0,0.0,0.0,0.0,0.0,0.0,0.0,0.0,0.0,0.0,0.0,0.0,0.0,0.0,0.0,0.0,0.0,0.0,0.0,0.0,0.0,0.0,0.0,0.0,0.0,0.0,0.0,0.0,0.0,0.0,0.0,0.0,0.0
,SGP,,pc_cov,pc_cov,KYOTOGHG,IPCM0EL,MtCO2eq/MtCO2eq,AR4,1.0,1.0,1.0,1.0,1.0,1.0,1.0,1.0,1.0,1.0,1.0,1.0,1.0,1.0,1.0,1.0,1.0,1.0,1.0,1.0,1.0,1.0,1.0,1.0,1.0,1.0,1.0,1.0,1.0,1.0,1.0,1.0,1.0,1.0,1.0,1.0,1.0,1.0,1.0,1.0,1.0,1.0,1.0,1.0,1.0,1.0,1.0,1.0,1.0,1.0,1.0,1.0,1.0,1.0,1.0,1.0,1.0,1.0,1.0,1.0,1.0
,SGS,,pop,pop,POP,DEMOGR,Pers,,,,,,,,,,,,,,,,,,,,,,,,,,,,,,,,,,,,,,,,,,,,,,,,,,,,,,,,,,,,,,
,SGS,,gdp,gdp,GDPPPP,ECO,2011GKD,,,,,,,,,,,,,,,,,,,,,,,,,,,,,,,,,,,,,,,,,,,,,,,,,,,,,,,,,,,,,,
"No targets calculated, so the baseline emissions are put in as target pathways for all un/conditional best/worst pathways.
",SGS,baseline_emissions,conditional,worst,KYOTOGHG,IPCM0EL,MtCO2eq,AR4,,,,,,,,,,,,,,,,,,,,,,,,,,,,,,,,,,,,,,,,,,,,,,,,,,,,,,,,,,,,,
"No targets calculated, so the baseline emissions are put in as target pathways for all un/conditional best/worst pathways.
",SGS,baseline_emissions,conditional,best,KYOTOGHG,IPCM0EL,MtCO2eq,AR4,,,,,,,,,,,,,,,,,,,,,,,,,,,,,,,,,,,,,,,,,,,,,,,,,,,,,,,,,,,,,
"No targets calculated, so the baseline emissions are put in as target pathways for all un/conditional best/worst pathways.
",SGS,baseline_emissions,unconditional,worst,KYOTOGHG,IPCM0EL,MtCO2eq,AR4,,,,,,,,,,,,,,,,,,,,,,,,,,,,,,,,,,,,,,,,,,,,,,,,,,,,,,,,,,,,,
"No targets calculated, so the baseline emissions are put in as target pathways for all un/conditional best/worst pathways.
",SGS,baseline_emissions,unconditional,best,KYOTOGHG,IPCM0EL,MtCO2eq,AR4,,,,,,,,,,,,,,,,,,,,,,,,,,,,,,,,,,,,,,,,,,,,,,,,,,,,,,,,,,,,,
,SGS,,emi_bau,emi_bau,KYOTOGHG,IPCM0EL,MtCO2eq,AR4,,,,,,,,,,,,,,,,,,,,,,,,,,,,,,,,,,,,,,,,,,,,,,,,,,,,,,,,,,,,,
,SGS,,emi_cov,emi_cov,KYOTOGHG,IPCM0EL,MtCO2eq,AR4,,,,,,,,,,,,,,,,,,,,,,,,,,,,,,,,,,,,,,,,,,,,,,,,,,,,,,,,,,,,,
,SGS,,emi_ncov,emi_ncov,KYOTOGHG,IPCM0EL,MtCO2eq,AR4,,,,,,,,,,,,,,,,,,,,,,,,,,,,,,,,,,,,,,,,,,,,,,,,,,,,,,,,,,,,,
,SGS,,pc_cov,pc_cov,KYOTOGHG,IPCM0EL,MtCO2eq/MtCO2eq,AR4,0.0,0.0,0.0,0.0,0.0,0.0,0.0,0.0,0.0,0.0,0.0,0.0,0.0,0.0,0.0,0.0,0.0,0.0,0.0,0.0,0.0,0.0,0.0,0.0,0.0,0.0,0.0,0.0,0.0,0.0,0.0,0.0,0.0,0.0,0.0,0.0,0.0,0.0,0.0,0.0,0.0,0.0,0.0,0.0,0.0,0.0,0.0,0.0,0.0,0.0,0.0,0.0,0.0,0.0,0.0,0.0,0.0,0.0,0.0,0.0,0.0
,SHN,,pop,pop,POP,DEMOGR,Pers,,6647.0,6572.0,6486.0,6395.0,6314.0,6247.0,6206.0,6179.0,6157.0,6125.0,6049.0,5939.0,5801.0,5644.0,5490.0,5364.0,5263.0,5186.0,5143.0,5142.0,5183.0,5280.0,5414.0,5584.0,5739.0,5865.0,5956.0,6008.0,5761.0,5761.0,5761.0,5761.0,5761.0,5761.0,5761.0,5761.0,5761.0,5761.0,5761.0,5761.0,5761.0,5761.0,5761.0,5761.0,5761.0,5761.0,5761.0,5761.0,5761.0,5761.0,5761.0,5761.0,5761.0,5761.0,5761.0,5761.0,5761.0,5761.0,5761.0,5761.0,5761.0
,SHN,,gdp,gdp,GDPPPP,ECO,2011GKD,,,,,,,,,,,,,,,,,,,,,,,,,,,,,,,,,,,,,,,,,,,,,,,,,,,,,,,,,,,,,,
"No targets calculated, so the baseline emissions are put in as target pathways for all un/conditional best/worst pathways.
",SHN,baseline_emissions,conditional,worst,KYOTOGHG,IPCM0EL,MtCO2eq,AR4,0.010989,0.010411,0.010407,0.014118,0.013609999999999999,0.013654,0.013475,0.013375999999999999,0.013396000000000002,0.013394999999999999,0.013653,0.013507,0.013529,0.013547,0.013749,0.013789,0.013729,0.013838999999999999,0.014021,0.014016999999999998,0.014046000000000001,0.014061,0.014047,0.014169999999999999,0.014221000000000001,0.014253,0.014294,0.01435,0.0142225,0.0142225,0.0142225,0.0142225,0.0142225,0.0142225,0.0142225,0.0142225,0.0142225,0.0142225,0.0142225,0.0142225,0.0142225,0.0142225,0.0142225,0.0142225,0.0142225,0.0142225,0.0142225,0.0142225,0.0142225,0.0142225,0.0142225,0.0142225,0.0142225,0.0142225,0.0142225,0.0142225,0.0142225,0.0142225,0.0142225,0.0142225,0.0142225
"No targets calculated, so the baseline emissions are put in as target pathways for all un/conditional best/worst pathways.
",SHN,baseline_emissions,conditional,best,KYOTOGHG,IPCM0EL,MtCO2eq,AR4,0.010989,0.010411,0.010407,0.014118,0.013609999999999999,0.013654,0.013475,0.013375999999999999,0.013396000000000002,0.013394999999999999,0.013653,0.013507,0.013529,0.013547,0.013749,0.013789,0.013729,0.013838999999999999,0.014021,0.014016999999999998,0.014046000000000001,0.014061,0.014047,0.014169999999999999,0.014221000000000001,0.014253,0.014294,0.01435,0.0142225,0.0142225,0.0142225,0.0142225,0.0142225,0.0142225,0.0142225,0.0142225,0.0142225,0.0142225,0.0142225,0.0142225,0.0142225,0.0142225,0.0142225,0.0142225,0.0142225,0.0142225,0.0142225,0.0142225,0.0142225,0.0142225,0.0142225,0.0142225,0.0142225,0.0142225,0.0142225,0.0142225,0.0142225,0.0142225,0.0142225,0.0142225,0.0142225
"No targets calculated, so the baseline emissions are put in as target pathways for all un/conditional best/worst pathways.
",SHN,baseline_emissions,unconditional,worst,KYOTOGHG,IPCM0EL,MtCO2eq,AR4,0.010989,0.010411,0.010407,0.014118,0.013609999999999999,0.013654,0.013475,0.013375999999999999,0.013396000000000002,0.013394999999999999,0.013653,0.013507,0.013529,0.013547,0.013749,0.013789,0.013729,0.013838999999999999,0.014021,0.014016999999999998,0.014046000000000001,0.014061,0.014047,0.014169999999999999,0.014221000000000001,0.014253,0.014294,0.01435,0.0142225,0.0142225,0.0142225,0.0142225,0.0142225,0.0142225,0.0142225,0.0142225,0.0142225,0.0142225,0.0142225,0.0142225,0.0142225,0.0142225,0.0142225,0.0142225,0.0142225,0.0142225,0.0142225,0.0142225,0.0142225,0.0142225,0.0142225,0.0142225,0.0142225,0.0142225,0.0142225,0.0142225,0.0142225,0.0142225,0.0142225,0.0142225,0.0142225
"No targets calculated, so the baseline emissions are put in as target pathways for all un/conditional best/worst pathways.
",SHN,baseline_emissions,unconditional,best,KYOTOGHG,IPCM0EL,MtCO2eq,AR4,0.010989,0.010411,0.010407,0.014118,0.013609999999999999,0.013654,0.013475,0.013375999999999999,0.013396000000000002,0.013394999999999999,0.013653,0.013507,0.013529,0.013547,0.013749,0.013789,0.013729,0.013838999999999999,0.014021,0.014016999999999998,0.014046000000000001,0.014061,0.014047,0.014169999999999999,0.014221000000000001,0.014253,0.014294,0.01435,0.0142225,0.0142225,0.0142225,0.0142225,0.0142225,0.0142225,0.0142225,0.0142225,0.0142225,0.0142225,0.0142225,0.0142225,0.0142225,0.0142225,0.0142225,0.0142225,0.0142225,0.0142225,0.0142225,0.0142225,0.0142225,0.0142225,0.0142225,0.0142225,0.0142225,0.0142225,0.0142225,0.0142225,0.0142225,0.0142225,0.0142225,0.0142225,0.0142225
,SHN,,emi_bau,emi_bau,KYOTOGHG,IPCM0EL,MtCO2eq,AR4,0.010989,0.010411,0.010407,0.014118,0.013609999999999999,0.013654,0.013475,0.013375999999999999,0.013396000000000002,0.013394999999999999,0.013653,0.013507,0.013529,0.013547,0.013749,0.013789,0.013729,0.013838999999999999,0.014021,0.014016999999999998,0.014046000000000001,0.014061,0.014047,0.014169999999999999,0.014221000000000001,0.014253,0.014294,0.01435,0.0142225,0.0142225,0.0142225,0.0142225,0.0142225,0.0142225,0.0142225,0.0142225,0.0142225,0.0142225,0.0142225,0.0142225,0.0142225,0.0142225,0.0142225,0.0142225,0.0142225,0.0142225,0.0142225,0.0142225,0.0142225,0.0142225,0.0142225,0.0142225,0.0142225,0.0142225,0.0142225,0.0142225,0.0142225,0.0142225,0.0142225,0.0142225,0.0142225
,SHN,,emi_cov,emi_cov,KYOTOGHG,IPCM0EL,MtCO2eq,AR4,0.0,0.0,0.0,0.0,0.0,0.0,0.0,0.0,0.0,0.0,0.0,0.0,0.0,0.0,0.0,0.0,0.0,0.0,0.0,0.0,0.0,0.0,0.0,0.0,0.0,0.0,0.0,0.0,0.0,0.0,0.0,0.0,0.0,0.0,0.0,0.0,0.0,0.0,0.0,0.0,0.0,0.0,0.0,0.0,0.0,0.0,0.0,0.0,0.0,0.0,0.0,0.0,0.0,0.0,0.0,0.0,0.0,0.0,0.0,0.0,0.0
,SHN,,emi_ncov,emi_ncov,KYOTOGHG,IPCM0EL,MtCO2eq,AR4,0.010989,0.010411,0.010407,0.014118,0.013609999999999999,0.013654,0.013475,0.013375999999999999,0.013396000000000002,0.013394999999999999,0.013653,0.013507,0.013529,0.013547,0.013749,0.013789,0.013729,0.013838999999999999,0.014021,0.014016999999999998,0.014046000000000001,0.014061,0.014047,0.014169999999999999,0.014221000000000001,0.014253,0.014294,0.01435,0.0142225,0.0142225,0.0142225,0.0142225,0.0142225,0.0142225,0.0142225,0.0142225,0.0142225,0.0142225,0.0142225,0.0142225,0.0142225,0.0142225,0.0142225,0.0142225,0.0142225,0.0142225,0.0142225,0.0142225,0.0142225,0.0142225,0.0142225,0.0142225,0.0142225,0.0142225,0.0142225,0.0142225,0.0142225,0.0142225,0.0142225,0.0142225,0.0142225
,SHN,,pc_cov,pc_cov,KYOTOGHG,IPCM0EL,MtCO2eq/MtCO2eq,AR4,0.0,0.0,0.0,0.0,0.0,0.0,0.0,0.0,0.0,0.0,0.0,0.0,0.0,0.0,0.0,0.0,0.0,0.0,0.0,0.0,0.0,0.0,0.0,0.0,0.0,0.0,0.0,0.0,0.0,0.0,0.0,0.0,0.0,0.0,0.0,0.0,0.0,0.0,0.0,0.0,0.0,0.0,0.0,0.0,0.0,0.0,0.0,0.0,0.0,0.0,0.0,0.0,0.0,0.0,0.0,0.0,0.0,0.0,0.0,0.0,0.0
,SLB,,pop,pop,POP,DEMOGR,Pers,,311866.0,320780.0,329995.0,339504.0,349281.0,359281.0,369523.0,379999.0,390693.0,401586.0,412660.0,423944.0,435432.0,447017.0,458539.0,469918.0,481078.0,492132.0,503360.0,515181.0,527861.0,541521.0,556063.0,571336.0,587079.0,603118.0,619438.0,636039.0,645927.606,660017.1385,674221.6778,688555.0565,703018.7886,717633.9249,732423.0164,747410.1806,762537.2506,777685.0829,792787.7491,807779.59,822595.2473,837386.0564,852289.1025,867215.8620000002,882074.9875,896772.2874,911364.9316,925952.4763,940501.2979,954976.5143,969342.0025,983631.8839,997887.914,1012084.0223,1026193.4925,1040188.9777,1054040.0332,1067743.0576,1081311.0086,1094757.4871,1108096.7148
,SLB,,gdp,gdp,GDPPPP,ECO,2011GKD,,587250773.0671,622510359.0829,701509708.3537,729404950.2859,796465127.5788,861963170.4698,875799229.4643,863190578.9369999,878588745.6535,874348670.3739,749601122.1998,689793713.6789,670479472.3006,714060650.2729,749037989.7030001,789644786.509,844498646.0577,906315957.6211,970721218.7838,924725083.6369,987690030.3415,1118021978.5645,1168952288.0424,1204229508.162,1231325764.4591,1262629023.0447,1306273136.5519,1352441259.3827,1417573136.2153,1471984466.6179,1531958949.6318,1600345370.1479,1676667528.9098,1759654597.8717,1848082765.4118,1940777924.1151,2036133611.4327,2132926472.5866,2230588771.1403,2328542395.1574,2426197153.2193,2524218371.5160003,2623767123.4811,2724967768.5675,2827915696.0661,2932672954.1312,3039000892.271,3146981471.9528,3257148758.6947,3370063145.9056,3486314292.1017,3605461223.5612,3727067619.6672,3851793496.3469,3980354769.9886,4113530007.4396,4250693328.8554,4390916617.9331,4534618691.4888,4682276676.6947,4834431487.2229
"The target value from 'conditional_best' was used for 'conditional_worst' in 2025, 2030.
",SLB,ABU,conditional,worst,KYOTOGHG,IPCM0EL,MtCO2eq,AR4,0.25366,0.25674,0.25418,0.25656999999999996,0.25275,0.26288,0.26671999999999996,0.26846,0.26863000000000004,0.27986,0.29011,0.29657,0.30304000000000003,0.31208,0.31984,0.31767,0.32671999999999995,0.3503,0.3631,0.37385,0.38082,0.38401,0.38761,0.3977,0.4024,0.41621,0.4492600000000001,0.4613,0.4482100000000001,0.45278,0.46008000000000004,0.4694502907945496,0.4807636294649321,0.4937421633020767,0.5081792641909194,0.5238695286104033,0.5408094282559537,0.5584602964125392,0.5768398811335694,0.595975744902999,0.6158953411724533,0.6370837213940236,0.6589240517762576,0.681406454286418,0.7045506849899795,0.7283666219196794,0.7527752408136189,0.7777864197045354,0.8035186949852771,0.8301202371469037,0.8577095825822632,0.886178072931245,0.9154170498337384,0.9455746837808032,0.9768189013289743,1.009337385100261,1.0428239160798056,1.0771994700057101,1.1122664862232272,1.1483213057144777,1.1853639284794608
,SLB,ABU,conditional,best,KYOTOGHG,IPCM0EL,MtCO2eq,AR4,0.25366,0.25674,0.25418,0.25656999999999996,0.25275,0.26288,0.26671999999999996,0.26846,0.26863000000000004,0.27986,0.29011,0.29657,0.30304000000000003,0.31208,0.31984,0.31767,0.32671999999999995,0.3503,0.3631,0.37385,0.38082,0.38401,0.38761,0.3977,0.4024,0.41621,0.4492600000000001,0.4613,0.4482100000000001,0.45278,0.46008000000000004,0.4694502907945496,0.4807636294649321,0.4937421633020767,0.5081792641909194,0.5238695286104033,0.5408094282559537,0.5584602964125392,0.5768398811335694,0.595975744902999,0.6158953411724533,0.6370837213940236,0.6589240517762576,0.681406454286418,0.7045506849899795,0.7283666219196794,0.7527752408136189,0.7777864197045354,0.8035186949852771,0.8301202371469037,0.8577095825822632,0.886178072931245,0.9154170498337384,0.9455746837808032,0.9768189013289743,1.009337385100261,1.0428239160798056,1.0771994700057101,1.1122664862232272,1.1483213057144777,1.1853639284794608
"The target value from 'unconditional_best' was used for 'unconditional_worst' in 2025, 2030.
",SLB,ABU,unconditional,worst,KYOTOGHG,IPCM0EL,MtCO2eq,AR4,0.25366,0.25674,0.25418,0.25656999999999996,0.25275,0.26288,0.26671999999999996,0.26846,0.26863000000000004,0.27986,0.29011,0.29657,0.30304000000000003,0.31208,0.31984,0.31767,0.32671999999999995,0.3503,0.3631,0.37385,0.38082,0.38401,0.38761,0.3977,0.4024,0.41621,0.4492600000000001,0.4613,0.4482100000000001,0.45278,0.46008000000000004,0.46985225604227454,0.481588198114837,0.4950143593301721,0.509927813445991,0.5261261748652312,0.5436506137960068,0.5619234459743039,0.580964662295885,0.6008042229039214,0.6214720909793209,0.642852325705073,0.664890413807002,0.6875763878097114,0.7109301826639945,0.7349617658452479,0.7595913975502984,0.7848290452545428,0.8107943186627405,0.837636729905841,0.8654758886886035,0.8942021527816654,0.9237058799556637,0.9541365823415475,0.9856637070210598,1.0184766360267363,1.0522663776212815,1.0869531920015227,1.1223377296595272,1.1587190148571942,1.1960970475945227
,SLB,ABU,unconditional,best,KYOTOGHG,IPCM0EL,MtCO2eq,AR4,0.25366,0.25674,0.25418,0.25656999999999996,0.25275,0.26288,0.26671999999999996,0.26846,0.26863000000000004,0.27986,0.29011,0.29657,0.30304000000000003,0.31208,0.31984,0.31767,0.32671999999999995,0.3503,0.3631,0.37385,0.38082,0.38401,0.38761,0.3977,0.4024,0.41621,0.4492600000000001,0.4613,0.4482100000000001,0.45278,0.46008000000000004,0.46985225604227454,0.481588198114837,0.4950143593301721,0.509927813445991,0.5261261748652312,0.5436506137960068,0.5619234459743039,0.580964662295885,0.6008042229039214,0.6214720909793209,0.642852325705073,0.664890413807002,0.6875763878097114,0.7109301826639945,0.7349617658452479,0.7595913975502984,0.7848290452545428,0.8107943186627405,0.837636729905841,0.8654758886886035,0.8942021527816654,0.9237058799556637,0.9541365823415475,0.9856637070210598,1.0184766360267363,1.0522663776212815,1.0869531920015227,1.1223377296595272,1.1587190148571942,1.1960970475945227
"The target value from 'conditional_best' was used for 'conditional_worst' in 2025, 2030, 2050.
",SLB,RBU,conditional,worst,KYOTOGHG,IPCM0EL,MtCO2eq,AR4,0.25366,0.25674,0.25418,0.25656999999999996,0.25275,0.26288,0.26671999999999996,0.26846,0.26863000000000004,0.27986,0.29011,0.29657,0.30304000000000003,0.31208,0.31984,0.31767,0.32671999999999995,0.3503,0.3631,0.37385,0.38082,0.38401,0.38761,0.3977,0.4024,0.41621,0.4492600000000001,0.4613,0.4482100000000001,0.45278,0.46008000000000004,0.4472578522249974,0.43523932304052904,0.4235044192141772,0.41164213281292683,0.39928044120316486,0.3953171392812759,0.39076225813612614,0.38555786482606974,0.3796497945150421,0.37298008705377206,0.3851015950376741,0.3975692399545518,0.4103748931965152,0.4235282842061346,0.4370331273635474,0.45083984910679165,0.4649523729689408,0.4794394121636689,0.4943868004158102,0.5098620950938662,0.5257975233358877,0.5421257966340931,0.5589319231096215,0.5763119062518477,0.5943726348378884,0.6129298655582852,0.6319340028349779,0.6512663966267046,0.6710979218035866,0.6914252759508468
,SLB,RBU,conditional,best,KYOTOGHG,IPCM0EL,MtCO2eq,AR4,0.25366,0.25674,0.25418,0.25656999999999996,0.25275,0.26288,0.26671999999999996,0.26846,0.26863000000000004,0.27986,0.29011,0.29657,0.30304000000000003,0.31208,0.31984,0.31767,0.32671999999999995,0.3503,0.3631,0.37385,0.38082,0.38401,0.38761,0.3977,0.4024,0.41621,0.4492600000000001,0.4613,0.4482100000000001,0.45278,0.46008000000000004,0.4472578522249974,0.43523932304052904,0.4235044192141772,0.41164213281292683,0.39928044120316486,0.3953171392812759,0.39076225813612614,0.38555786482606974,0.3796497945150421,0.37298008705377206,0.3851015950376741,0.3975692399545518,0.4103748931965152,0.4235282842061346,0.4370331273635474,0.45083984910679165,0.4649523729689408,0.4794394121636689,0.4943868004158102,0.5098620950938662,0.5257975233358877,0.5421257966340931,0.5589319231096215,0.5763119062518477,0.5943726348378884,0.6129298655582852,0.6319340028349779,0.6512663966267046,0.6710979218035866,0.6914252759508468
"The target value from 'unconditional_best' was used for 'unconditional_worst' in 2025, 2030.
",SLB,RBU,unconditional,worst,KYOTOGHG,IPCM0EL,MtCO2eq,AR4,0.25366,0.25674,0.25418,0.25656999999999996,0.25275,0.26288,0.26671999999999996,0.26846,0.26863000000000004,0.27986,0.29011,0.29657,0.30304000000000003,0.31208,0.31984,0.31767,0.32671999999999995,0.3503,0.3631,0.37385,0.38082,0.38401,0.38761,0.3977,0.4024,0.41621,0.4492600000000001,0.4613,0.4482100000000001,0.45278,0.46008000000000004,0.45998682321110995,0.4613508102402351,0.4637908529840788,0.4670131701390786,0.4707413072014066,0.4689999829852871,0.46675809859328726,0.4639597660888435,0.46055418489162453,0.4564867247025146,0.47219103944969815,0.4883785638814104,0.5050419766387949,0.5221959204395646,0.539847716642576,0.5579387943769772,0.5764764750016246,0.5955486148227962,0.6152650342233396,0.6357135895095323,0.6568137457339533,0.678484967949181,0.7008370765380627,0.7239945346011589,0.7480964479567432,0.7729158544802641,0.7983941833008695,0.8243850072414296,0.8511079670676395,0.8785630627794988
,SLB,RBU,unconditional,best,KYOTOGHG,IPCM0EL,MtCO2eq,AR4,0.25366,0.25674,0.25418,0.25656999999999996,0.25275,0.26288,0.26671999999999996,0.26846,0.26863000000000004,0.27986,0.29011,0.29657,0.30304000000000003,0.31208,0.31984,0.31767,0.32671999999999995,0.3503,0.3631,0.37385,0.38082,0.38401,0.38761,0.3977,0.4024,0.41621,0.4492600000000001,0.4613,0.4482100000000001,0.45278,0.46008000000000004,0.45998682321110995,0.4613508102402351,0.4637908529840788,0.4670131701390786,0.4707413072014066,0.4689999829852871,0.46675809859328726,0.4639597660888435,0.46055418489162453,0.4564867247025146,0.47219103944969815,0.4883785638814104,0.5050419766387949,0.5221959204395646,0.539847716642576,0.5579387943769772,0.5764764750016246,0.5955486148227962,0.6152650342233396,0.6357135895095323,0.6568137457339533,0.678484967949181,0.7008370765380627,0.7239945346011589,0.7480964479567432,0.7729158544802641,0.7983941833008695,0.8243850072414296,0.8511079670676395,0.8785630627794988
"No targets calculated, so the baseline emissions are put in as target pathways for all un/conditional best/worst pathways.
",SLB,baseline_emissions,conditional,worst,KYOTOGHG,IPCM0EL,MtCO2eq,AR4,0.25366,0.25674,0.25418,0.25656999999999996,0.25275,0.26288,0.26671999999999996,0.26846,0.26863000000000004,0.27986,0.29011,0.29657,0.30304000000000003,0.31208,0.31984,0.31767,0.32671999999999995,0.3503,0.3631,0.37385,0.38082,0.38401,0.38761,0.3977,0.4024,0.41621,0.4492600000000001,0.4613,0.4482100000000001,0.45278,0.46008000000000004,0.47017,0.48223999999999995,0.49601999999999996,0.51131,0.52791,0.54548,0.5638,0.5828899999999999,0.60278,0.6235,0.64495,0.66706,0.68982,0.71325,0.73736,0.76207,0.7873899999999999,0.8134399999999999,0.8403700000000001,0.8683,0.89712,0.9267200000000001,0.95725,0.98888,1.0218,1.0557,1.0905,1.126,1.1625,1.2
"No targets calculated, so the baseline emissions are put in as target pathways for all un/conditional best/worst pathways.
",SLB,baseline_emissions,conditional,best,KYOTOGHG,IPCM0EL,MtCO2eq,AR4,0.25366,0.25674,0.25418,0.25656999999999996,0.25275,0.26288,0.26671999999999996,0.26846,0.26863000000000004,0.27986,0.29011,0.29657,0.30304000000000003,0.31208,0.31984,0.31767,0.32671999999999995,0.3503,0.3631,0.37385,0.38082,0.38401,0.38761,0.3977,0.4024,0.41621,0.4492600000000001,0.4613,0.4482100000000001,0.45278,0.46008000000000004,0.47017,0.48223999999999995,0.49601999999999996,0.51131,0.52791,0.54548,0.5638,0.5828899999999999,0.60278,0.6235,0.64495,0.66706,0.68982,0.71325,0.73736,0.76207,0.7873899999999999,0.8134399999999999,0.8403700000000001,0.8683,0.89712,0.9267200000000001,0.95725,0.98888,1.0218,1.0557,1.0905,1.126,1.1625,1.2
"No targets calculated, so the baseline emissions are put in as target pathways for all un/conditional best/worst pathways.
",SLB,baseline_emissions,unconditional,worst,KYOTOGHG,IPCM0EL,MtCO2eq,AR4,0.25366,0.25674,0.25418,0.25656999999999996,0.25275,0.26288,0.26671999999999996,0.26846,0.26863000000000004,0.27986,0.29011,0.29657,0.30304000000000003,0.31208,0.31984,0.31767,0.32671999999999995,0.3503,0.3631,0.37385,0.38082,0.38401,0.38761,0.3977,0.4024,0.41621,0.4492600000000001,0.4613,0.4482100000000001,0.45278,0.46008000000000004,0.47017,0.48223999999999995,0.49601999999999996,0.51131,0.52791,0.54548,0.5638,0.5828899999999999,0.60278,0.6235,0.64495,0.66706,0.68982,0.71325,0.73736,0.76207,0.7873899999999999,0.8134399999999999,0.8403700000000001,0.8683,0.89712,0.9267200000000001,0.95725,0.98888,1.0218,1.0557,1.0905,1.126,1.1625,1.2
"No targets calculated, so the baseline emissions are put in as target pathways for all un/conditional best/worst pathways.
",SLB,baseline_emissions,unconditional,best,KYOTOGHG,IPCM0EL,MtCO2eq,AR4,0.25366,0.25674,0.25418,0.25656999999999996,0.25275,0.26288,0.26671999999999996,0.26846,0.26863000000000004,0.27986,0.29011,0.29657,0.30304000000000003,0.31208,0.31984,0.31767,0.32671999999999995,0.3503,0.3631,0.37385,0.38082,0.38401,0.38761,0.3977,0.4024,0.41621,0.4492600000000001,0.4613,0.4482100000000001,0.45278,0.46008000000000004,0.47017,0.48223999999999995,0.49601999999999996,0.51131,0.52791,0.54548,0.5638,0.5828899999999999,0.60278,0.6235,0.64495,0.66706,0.68982,0.71325,0.73736,0.76207,0.7873899999999999,0.8134399999999999,0.8403700000000001,0.8683,0.89712,0.9267200000000001,0.95725,0.98888,1.0218,1.0557,1.0905,1.126,1.1625,1.2
,SLB,,emi_bau,emi_bau,KYOTOGHG,IPCM0EL,MtCO2eq,AR4,0.25366,0.25674,0.25418,0.25656999999999996,0.25275,0.26288,0.26671999999999996,0.26846,0.26863000000000004,0.27986,0.29011,0.29657,0.30304000000000003,0.31208,0.31984,0.31767,0.32671999999999995,0.3503,0.3631,0.37385,0.38082,0.38401,0.38761,0.3977,0.4024,0.41621,0.4492600000000001,0.4613,0.4482100000000001,0.45278,0.46008000000000004,0.47017,0.48223999999999995,0.49601999999999996,0.51131,0.52791,0.54548,0.5638,0.5828899999999999,0.60278,0.6235,0.64495,0.66706,0.68982,0.71325,0.73736,0.76207,0.7873899999999999,0.8134399999999999,0.8403700000000001,0.8683,0.89712,0.9267200000000001,0.95725,0.98888,1.0218,1.0557,1.0905,1.126,1.1625,1.2
,SLB,,emi_cov,emi_cov,KYOTOGHG,IPCM0EL,MtCO2eq,AR4,0.1466699420703,0.14667079972974004,0.14300101272396,0.14299821652425995,0.13933275623925,0.14299918401904,0.14300107236224,0.14300266339579998,0.14299909495598,0.15033284705445998,0.15033046642026002,0.15766691662122,0.15766937556160002,0.16133403243223998,0.16133292550384,0.16133279314784998,0.16500207054272,0.1796700000678,0.1869992791674,0.1943372970328,0.19799973993425998,0.19800046403181,0.19800086855975002,0.20167131839990002,0.2016673437384,0.21093162154035,0.23966010651352004,0.24716074995919995,0.23667528431204002,0.23963343013699998,0.24435869579496003,0.25088991876576,0.25870278964287996,0.26762253754824,0.27751970315637003,0.2882648278929,0.29963782990076,0.3114963043816,0.32385319786974,0.33672792807203994,0.35013991442250003,0.36402442810440006,0.3783361567113,0.39306862854132,0.40823478928125,0.42384111188744,0.43983581213724005,0.45622536346730996,0.47308744054527996,0.49051913939361,0.5085981349081,0.52725322497456,0.54641320613888,0.56617517210975,0.58664916579056,0.607958171301,0.6299015282019,0.6524274511964999,0.675406482262,0.6990328108875,0.7233064344
,SLB,,emi_ncov,emi_ncov,KYOTOGHG,IPCM0EL,MtCO2eq,AR4,0.10699005792969998,0.11006920027026,0.11117898727603999,0.11357178347574,0.11341724376074998,0.11988081598096,0.12371892763775998,0.1254573366042,0.12563090504402002,0.12952715294554001,0.13977953357973996,0.13890308337878,0.14537062443840001,0.15074596756776004,0.15850707449616,0.15633720685215002,0.16171792945727995,0.1706299999322,0.17610072083259998,0.1795127029672,0.18282026006574,0.18600953596819003,0.18960913144025,0.19602868160009998,0.20073265626159997,0.20527837845965002,0.20959989348648006,0.21413925004080003,0.2115347156879601,0.21314656986300004,0.21572130420504002,0.21928008123423998,0.22353721035712,0.22839746245175999,0.23379029684363,0.2396451721071,0.24584217009923998,0.2523036956184,0.2590368021302599,0.26605207192796004,0.2733600855775,0.28092557189559997,0.2887238432887,0.29675137145867997,0.30501521071875004,0.31351888811256,0.32223418786276,0.33116463653268996,0.34035255945472,0.34985086060639004,0.3597018650919,0.3698667750254401,0.3803067938611201,0.39107482789025005,0.40223083420943995,0.413841828699,0.42579847179810004,0.43807254880350005,0.45059351773799994,0.46346718911250007,0.4766935656
,SLB,,pc_cov,pc_cov,KYOTOGHG,IPCM0EL,MtCO2eq/MtCO2eq,AR4,0.578214705,0.571281451,0.5625974220000001,0.5573458179999999,0.551267087,0.543971333,0.536146792,0.53267773,0.532327346,0.537171611,0.5181843660000001,0.531634746,0.52029229,0.5169637029999999,0.504417601,0.507862855,0.5050259260000001,0.512903226,0.515007654,0.519826928,0.519929993,0.515612781,0.510824975,0.507094087,0.501161391,0.506791335,0.533455252,0.5357917839999999,0.5280455239999999,0.52924915,0.531122187,0.533615328,0.536460662,0.539539812,0.542762127,0.54604919,0.549310387,0.552494332,0.555599166,0.5586249179999999,0.561571635,0.564422712,0.567169605,0.569813326,0.572358625,0.574808929,0.577159332,0.579414729,0.581588612,0.583694253,0.585740107,0.5877176129999999,0.5896206039999999,0.591460091,0.5932460620000001,0.594987445,0.596667167,0.598282853,0.599828137,0.601318547,0.602755362
,SLE,,pop,pop,POP,DEMOGR,Pers,,4319762.0,4348660.0,4347724.0,4328957.0,4309775.0,4303957.0,4312666.0,4335301.0,4381483.0,4462378.0,4584571.0,4754072.0,4965766.0,5201070.0,5433991.0,5645624.0,5829237.0,5989633.0,6133603.0,6272734.0,6415634.0,6563240.0,6712584.0,6863981.0,7017148.0,7171914.0,7328834.0,7488423.0,7635578.4061,7799134.0655,7963300.3356,8128475.3988,8294988.3717,8463019.4606,8632750.3847,8804365.2357,8977339.0361,9150647.0141,9323721.7111,9495990.2284,9666873.8528,9837115.1501,10007528.4735,10177639.4286,10346975.2788,10515064.9988,10681624.9578,10846734.9183,11010470.4268,11172907.13,11334120.7238,11494772.5498,11655263.7454,11815281.8822,11974517.6289,12132664.9304,12288841.0287,12442490.4393,12593794.767,12742927.264,12890052.4981
,SLE,,gdp,gdp,GDPPPP,ECO,2011GKD,,5885104980.4688,6096151855.4688,5737044921.875,6350273437.5,7129010742.1875,6732373046.875,5731331054.6875,5089203125.0,4466662109.375,3286494384.7656,3821286621.0938,4280883789.0625,4998563964.8438,5157821289.0625,5266060546.875,5344560546.875,5607255859.375,5993345703.125,6446189941.4063,6911155273.4375,7149301269.5313,7655438476.5625,8999900390.625,10375961914.0625,9497855468.75,9039928710.9375,10003766601.5625,10475390625.0,11144004817.2049,11594372509.2079,12113332590.5492,12712925175.4645,13362638205.673,14053845051.3291,14777952860.6546,15526350131.5255,16297151183.3222,17090743675.4319,17901960989.5651,18725738242.5862,19557116913.11,20393784945.0841,21241954402.7719,22109523801.1951,23004389247.0194,23934458794.7273,24896196601.2174,25883388867.2284,26900032377.1881,27950247409.7042,29038298305.0827,30160911058.1938,31315018678.3051,32505496578.4079,33737473900.5398,35016365004.7588,36344594415.9175,37721112626.325,39146412503.942,40621057358.6611,42145679099.7106
"The target value from 'conditional_best' was used for 'conditional_worst' in 2035.
",SLE,ABS,conditional,worst,KYOTOGHG,IPCM0EL,MtCO2eq,AR4,3.7769999999999997,3.8026,3.6956,3.7622,3.7519,3.5283,3.2982,3.3375,3.2447,3.0863,3.1135,3.5119,3.9073,4.275,4.7392,5.0207,5.9229,5.3011,5.1863,5.4019,5.598,6.1459,6.8423,7.0544,7.1121,6.9027,7.636,7.3684,6.842807310043828,6.317214620087656,5.791621930131482,5.874348562973737,5.954674206857235,6.032598861781979,6.108122527747967,6.181245204755202,6.27038766109533,6.356783888234266,6.44043388617201,6.5213376549085655,6.59949519444393,6.800009389553768,6.995138723266397,7.188250236587659,7.382225798262261,7.58,7.860794850961081,8.147831513984277,8.442583750250925,8.746612012776554,9.061303370908298,9.38639774914357,9.720768153637824,10.065368194567217,10.420978098439507,10.788204708094073,11.166614564359929,11.554647214221548,11.951522431171174,12.356546680535223,12.769026427640137
,SLE,ABS,conditional,best,KYOTOGHG,IPCM0EL,MtCO2eq,AR4,3.7769999999999997,3.8026,3.6956,3.7622,3.7519,3.5283,3.2982,3.3375,3.2447,3.0863,3.1135,3.5119,3.9073,4.275,4.7392,5.0207,5.9229,5.3011,5.1863,5.4019,5.598,6.1459,6.8423,7.0544,7.1121,6.9027,7.636,7.3684,6.842807310043828,6.317214620087656,5.791621930131482,5.874348562973737,5.954674206857235,6.032598861781979,6.108122527747967,6.181245204755202,6.27038766109533,6.356783888234266,6.44043388617201,6.5213376549085655,6.59949519444393,6.800009389553768,6.995138723266397,7.188250236587659,7.382225798262261,7.58,7.860794850961081,8.147831513984277,8.442583750250925,8.746612012776554,9.061303370908298,9.38639774914357,9.720768153637824,10.065368194567217,10.420978098439507,10.788204708094073,11.166614564359929,11.554647214221548,11.951522431171174,12.356546680535223,12.769026427640137
,SLE,ABS,unconditional,worst,KYOTOGHG,IPCM0EL,MtCO2eq,AR4,3.7769999999999997,3.8026,3.6956,3.7622,3.7519,3.5283,3.2982,3.3375,3.2447,3.0863,3.1135,3.5119,3.9073,4.275,4.7392,5.0207,5.9229,5.3011,5.1863,5.4019,5.598,6.1459,6.8423,7.0544,7.1121,6.9027,7.636,7.3684,6.842807310043828,6.317214620087656,5.791621930131482,5.926932967399682,6.062244004667879,6.197555041936079,6.332866079204277,6.468177116472478,6.6229446427596335,6.777712169046787,6.932479695333942,7.087247221621097,7.242014747908253,7.535414747908252,7.828614747908253,8.125414747908252,8.429214747908254,8.743614747908254,9.067514747908255,9.398614747908253,9.738614747908253,10.089314747908254,10.452314747908254,10.827314747908254,11.213014747908254,11.610514747908256,12.020714747908256,12.444314747908257,12.880814747908255,13.328414747908251,13.786214747908256,14.253414747908252,14.729214747908252
,SLE,ABS,unconditional,best,KYOTOGHG,IPCM0EL,MtCO2eq,AR4,3.7769999999999997,3.8026,3.6956,3.7622,3.7519,3.5283,3.2982,3.3375,3.2447,3.0863,3.1135,3.5119,3.9073,4.275,4.7392,5.0207,5.9229,5.3011,5.1863,5.4019,5.598,6.1459,6.8423,7.0544,7.1121,6.9027,7.636,7.3684,6.842807310043828,6.317214620087656,5.791621930131482,5.926932967399682,6.062244004667879,6.197555041936079,6.332866079204277,6.468177116472478,6.6229446427596335,6.777712169046787,6.932479695333942,7.087247221621097,7.242014747908253,7.535414747908252,7.828614747908253,8.125414747908252,8.429214747908254,8.743614747908254,9.067514747908255,9.398614747908253,9.738614747908253,10.089314747908254,10.452314747908254,10.827314747908254,11.213014747908254,11.610514747908256,12.020714747908256,12.444314747908257,12.880814747908255,13.328414747908251,13.786214747908256,14.253414747908252,14.729214747908252
"No targets calculated, so the baseline emissions are put in as target pathways for all un/conditional best/worst pathways.
",SLE,baseline_emissions,conditional,worst,KYOTOGHG,IPCM0EL,MtCO2eq,AR4,3.7769999999999997,3.8026,3.6956,3.7622,3.7519,3.5283,3.2982,3.3375,3.2447,3.0863,3.1135,3.5119,3.9073,4.275,4.7392,5.0207,5.9229,5.3011,5.1863,5.4019,5.598,6.1459,6.8423,7.0544,7.1121,6.9027,7.636,7.3684,6.842807310043828,6.317214620087656,5.791621930131482,5.926932967399682,6.062244004667879,6.197555041936079,6.332866079204277,6.468177116472478,6.6229446427596335,6.777712169046787,6.932479695333942,7.087247221621097,7.242014747908253,7.535414747908252,7.828614747908253,8.125414747908252,8.429214747908254,8.743614747908254,9.067514747908255,9.398614747908253,9.738614747908253,10.089314747908254,10.452314747908254,10.827314747908254,11.213014747908254,11.610514747908256,12.020714747908256,12.444314747908257,12.880814747908255,13.328414747908251,13.786214747908256,14.253414747908252,14.729214747908252
"No targets calculated, so the baseline emissions are put in as target pathways for all un/conditional best/worst pathways.
",SLE,baseline_emissions,conditional,best,KYOTOGHG,IPCM0EL,MtCO2eq,AR4,3.7769999999999997,3.8026,3.6956,3.7622,3.7519,3.5283,3.2982,3.3375,3.2447,3.0863,3.1135,3.5119,3.9073,4.275,4.7392,5.0207,5.9229,5.3011,5.1863,5.4019,5.598,6.1459,6.8423,7.0544,7.1121,6.9027,7.636,7.3684,6.842807310043828,6.317214620087656,5.791621930131482,5.926932967399682,6.062244004667879,6.197555041936079,6.332866079204277,6.468177116472478,6.6229446427596335,6.777712169046787,6.932479695333942,7.087247221621097,7.242014747908253,7.535414747908252,7.828614747908253,8.125414747908252,8.429214747908254,8.743614747908254,9.067514747908255,9.398614747908253,9.738614747908253,10.089314747908254,10.452314747908254,10.827314747908254,11.213014747908254,11.610514747908256,12.020714747908256,12.444314747908257,12.880814747908255,13.328414747908251,13.786214747908256,14.253414747908252,14.729214747908252
"No targets calculated, so the baseline emissions are put in as target pathways for all un/conditional best/worst pathways.
",SLE,baseline_emissions,unconditional,worst,KYOTOGHG,IPCM0EL,MtCO2eq,AR4,3.7769999999999997,3.8026,3.6956,3.7622,3.7519,3.5283,3.2982,3.3375,3.2447,3.0863,3.1135,3.5119,3.9073,4.275,4.7392,5.0207,5.9229,5.3011,5.1863,5.4019,5.598,6.1459,6.8423,7.0544,7.1121,6.9027,7.636,7.3684,6.842807310043828,6.317214620087656,5.791621930131482,5.926932967399682,6.062244004667879,6.197555041936079,6.332866079204277,6.468177116472478,6.6229446427596335,6.777712169046787,6.932479695333942,7.087247221621097,7.242014747908253,7.535414747908252,7.828614747908253,8.125414747908252,8.429214747908254,8.743614747908254,9.067514747908255,9.398614747908253,9.738614747908253,10.089314747908254,10.452314747908254,10.827314747908254,11.213014747908254,11.610514747908256,12.020714747908256,12.444314747908257,12.880814747908255,13.328414747908251,13.786214747908256,14.253414747908252,14.729214747908252
"No targets calculated, so the baseline emissions are put in as target pathways for all un/conditional best/worst pathways.
",SLE,baseline_emissions,unconditional,best,KYOTOGHG,IPCM0EL,MtCO2eq,AR4,3.7769999999999997,3.8026,3.6956,3.7622,3.7519,3.5283,3.2982,3.3375,3.2447,3.0863,3.1135,3.5119,3.9073,4.275,4.7392,5.0207,5.9229,5.3011,5.1863,5.4019,5.598,6.1459,6.8423,7.0544,7.1121,6.9027,7.636,7.3684,6.842807310043828,6.317214620087656,5.791621930131482,5.926932967399682,6.062244004667879,6.197555041936079,6.332866079204277,6.468177116472478,6.6229446427596335,6.777712169046787,6.932479695333942,7.087247221621097,7.242014747908253,7.535414747908252,7.828614747908253,8.125414747908252,8.429214747908254,8.743614747908254,9.067514747908255,9.398614747908253,9.738614747908253,10.089314747908254,10.452314747908254,10.827314747908254,11.213014747908254,11.610514747908256,12.020714747908256,12.444314747908257,12.880814747908255,13.328414747908251,13.786214747908256,14.253414747908252,14.729214747908252
,SLE,,emi_bau,emi_bau,KYOTOGHG,IPCM0EL,MtCO2eq,AR4,3.7769999999999997,3.8026,3.6956,3.7622,3.7519,3.5283,3.2982,3.3375,3.2447,3.0863,3.1135,3.5119,3.9073,4.275,4.7392,5.0207,5.9229,5.3011,5.1863,5.4019,5.598,6.1459,6.8423,7.0544,7.1121,6.9027,7.636,7.3684,6.842807310043828,6.317214620087656,5.791621930131482,5.926932967399682,6.062244004667879,6.197555041936079,6.332866079204277,6.468177116472478,6.6229446427596335,6.777712169046787,6.932479695333942,7.087247221621097,7.242014747908253,7.535414747908252,7.828614747908253,8.125414747908252,8.429214747908254,8.743614747908254,9.067514747908255,9.398614747908253,9.738614747908253,10.089314747908254,10.452314747908254,10.827314747908254,11.213014747908254,11.610514747908256,12.020714747908256,12.444314747908257,12.880814747908255,13.328414747908251,13.786214747908256,14.253414747908252,14.729214747908252
,SLE,,emi_cov,emi_cov,KYOTOGHG,IPCM0EL,MtCO2eq,AR4,3.7769985458549997,3.8025961935974,3.6955944713824,3.762178028752,3.751854151782,3.5282244202857007,3.298087811727,3.337417410225,3.2446081814794003,3.0862116145406002,3.1134284735645004,3.5115756549636,3.9062699927397007,4.272995114775,4.7357592081024,5.0152492870864,5.9170236303024,5.294143207437,5.178262656046201,5.3930005372089,5.588238336353999,6.1361973017307,6.831820059628,7.043142038236801,7.100065131967201,6.8898869873735995,7.622408981404001,7.3540320105251995,6.8288753269893485,6.303210511325197,5.77763094686945,5.9114277255063215,6.04512804681242,6.178731629440949,6.3122369389386535,6.445571781804265,6.598262259287941,6.750783037611564,6.903201434942573,7.05531171001637,7.207517432382636,7.497406635863421,7.786838237768122,8.079532870946261,8.378949367930225,8.688606429163787,9.00747213161162,9.333029484852235,9.667259907911715,10.011885310806907,10.368425274569779,10.73634983179305,11.11458023270734,11.504210883495459,11.905827511989438,12.320508164461474,12.747517842582562,13.185055091927804,13.632376335178842,14.088521867357546,14.552770111452881
,SLE,,emi_ncov,emi_ncov,KYOTOGHG,IPCM0EL,MtCO2eq,AR4,1.4541449999684319e-06,3.806402599579628e-06,5.528617599962038e-06,2.197124800013057e-05,4.584821800002711e-05,7.557971429968397e-05,0.00011218827299999456,8.258977499969593e-05,9.181852059976202e-05,8.838545939990661e-05,7.152643549994304e-05,0.00032434503639966505,0.0010300072602997712,0.0020048852250003912,0.0034407918975999513,0.0054507129135999725,0.005876369697600167,0.006956792562999855,0.008037343953799575,0.008899462791100068,0.009761663646000321,0.009702698269300354,0.010479940371999626,0.011257961763199573,0.012034868032799562,0.012813012626400475,0.013591018595999527,0.014367989474800464,0.013931983054478717,0.014004108762458743,0.0139909832620327,0.015505241893360453,0.0171159578554591,0.01882341249512995,0.02062914026562386,0.02260533466821261,0.024682383471692347,0.02692913143522351,0.029278260391369555,0.03193551160472709,0.03449731552561676,0.038008112044830795,0.0417765101401309,0.04588187696199049,0.05026537997802873,0.05500831874446552,0.06004261629663647,0.06558526305601792,0.07135483999653797,0.07742943710134792,0.08388947333847538,0.09096491611520487,0.09843451520091366,0.10630386441279731,0.11488723591881847,0.1238065834467826,0.13329690532569394,0.14335965598044675,0.15383841272941318,0.16489288055070614,0.17644463645537073
,SLE,,pc_cov,pc_cov,KYOTOGHG,IPCM0EL,MtCO2eq/MtCO2eq,AR4,0.999999615,0.9999989990000001,0.999998504,0.99999416,0.99998778,0.9999785790000001,0.999965985,0.9999752540000001,0.9999717020000001,0.999971362,0.999977027,0.9999076440000001,0.9997363890000001,0.9995310209999999,0.999273972,0.998914352,0.999007856,0.99868767,0.9984502740000001,0.998352531,0.9982562229999999,0.9984212729999999,0.99846836,0.9984041220000001,0.9983078320000001,0.9981437679999999,0.9982201390000001,0.9980500529999999,0.997963996,0.997783183,0.997584272,0.997383935,0.99717663,0.9969627679999999,0.996742527,0.996505146,0.9962732009999999,0.9960268109999999,0.995776654,0.995493947,0.995236503,0.9949560690000001,0.994663614,0.994353288,0.9940367659999999,0.9937087440000001,0.9933782720000001,0.993021816,0.9926729990000001,0.9923255999999999,0.9919740770000001,0.9915985709999999,0.991221405,0.9908441729999999,0.990442562,0.990051153,0.9896515159999999,0.9892440579999999,0.9888411420000001,0.988431342,0.988020771
,SLV,,pop,pop,POP,DEMOGR,Pers,,5270079.0,5342198.0,5416323.0,5490477.0,5561919.0,5628600.0,5689938.0,5746284.0,5797765.0,5844846.0,5887936.0,5927006.0,5962136.0,5994077.0,6023797.0,6052123.0,6079399.0,6105810.0,6131764.0,6157686.0,6183875.0,6210568.0,6237923.0,6266070.0,6295128.0,6325124.0,6356143.0,6388126.0,6439311.864,6498129.6995,6557860.775,6619916.8355,6685296.3716,6752699.5125,6820824.9189,6888368.791,6954828.9517,7020475.7935,7085161.8577,7148739.5156,7211060.8898,7272299.3756,7332839.3626,7392849.8841,7452500.7997,7511962.7746,7571285.425,7630404.1574,7689319.0838,7748030.5165,7806538.9273,7864932.5033,7923246.478999998,7981402.1665,8039321.0885,8096924.9574,8154152.8301,8210896.9794,8267008.5187,8322337.8836,8376734.8817
,SLV,,gdp,gdp,GDPPPP,ECO,2011GKD,,12599092773.4375,13256350585.9375,14276467773.4375,15789945312.5,17260210937.5,19215093750.0,19933046875.0,21259353515.625,22446654296.875,23494833984.375,24233515625.0,25553814453.125,26680767578.125,27692871093.75,28540187500.0,30919164062.5,32710203125.0,34025636718.75,35346058593.75,35367675781.25,36985246093.75,39380156250.0,40369062500.0,40892429687.5,41723808593.75,42698648437.5,43878742187.5,44407847656.25,46323653802.6163,47700141823.9242,49041502190.2204,50376124190.4212,51758188868.2128,53175629748.8576,54616459858.0448,56068758596.1328,57513957182.6054,58942735942.6827,60357100671.8026,61759070939.9108,63150677269.3658,64521094192.0506,65867937371.0255,67205918957.4578,68549751061.8634,69914114822.6999,71304004407.0829,72717371159.3528,74158326278.1032,75631057352.4078,77139850473.3422,78677665026.8972,80233976596.1071,81807954807.0753,83398808955.1513,85005794647.8333,86634385436.2034,88287864928.3085,89962242078.2384,91653524136.1905,93357712737.2126
"The target value from 'conditional_best' was used for 'conditional_worst' in 2025.
",SLV,RBU,conditional,worst,KYOTOGHG,IPCM0EL,MtCO2eq,AR4,7.152,7.9463,8.1918,8.5232,9.394,9.5044,9.5497,10.6102,10.4879,10.4863,10.3346,10.8991,11.0329,11.411,11.4271,11.7057,12.2061,12.3905,12.0561,11.7162,11.5247,11.4296,11.6748,10.727,10.9584,12.5605,12.7023,12.7628,11.8768,12.1407,12.408,11.679869602626184,10.922027973962399,10.128194135416425,9.293068305772747,8.412271465602906,8.608687131962157,8.804679749193863,9.000370188477325,9.195758449812542,9.390904968789163,9.584782340383155,9.777692742542762,9.971328371778158,10.167502295778812,10.367967146644546,10.572964666733952,10.781588322202301,10.994079855408186,11.21074144429985,11.431693960056595,11.656333046781928,11.883752170631114,12.114072202783452,12.347232707649296,12.58329412081829,12.822981669366225,13.06677883801029,13.314141706443648,13.564526354359455,13.817449297040518
,SLV,RBU,conditional,best,KYOTOGHG,IPCM0EL,MtCO2eq,AR4,7.152,7.9463,8.1918,8.5232,9.394,9.5044,9.5497,10.6102,10.4879,10.4863,10.3346,10.8991,11.0329,11.411,11.4271,11.7057,12.2061,12.3905,12.0561,11.7162,11.5247,11.4296,11.6748,10.727,10.9584,12.5605,12.7023,12.7628,11.8768,12.1407,12.408,11.679869602626184,10.922027973962399,10.128194135416425,9.293068305772747,8.412271465602906,8.608687131962157,8.804679749193863,9.000370188477325,9.195758449812542,9.390904968789163,9.584782340383155,9.777692742542762,9.971328371778158,10.167502295778812,10.367967146644546,10.572964666733952,10.781588322202301,10.994079855408186,11.21074144429985,11.431693960056595,11.656333046781928,11.883752170631114,12.114072202783452,12.347232707649296,12.58329412081829,12.822981669366225,13.06677883801029,13.314141706443648,13.564526354359455,13.817449297040518
"The target value from 'unconditional_best' was used for 'unconditional_worst' in 2025.
",SLV,RBU,unconditional,worst,KYOTOGHG,IPCM0EL,MtCO2eq,AR4,7.152,7.9463,8.1918,8.5232,9.394,9.5044,9.5497,10.6102,10.4879,10.4863,10.3346,10.8991,11.0329,11.411,11.4271,11.7057,12.2061,12.3905,12.0561,11.7162,11.5247,11.4296,11.6748,10.727,10.9584,12.5605,12.7023,12.7628,11.8768,12.1407,12.408,11.92666396263614,11.426980111512627,10.903449675887796,10.351313804353218,9.766483400290715,9.994518165086216,10.222061778080617,10.44925456835995,10.676096535924211,10.902657845316417,11.12774569930533,11.351710920606017,11.576518116422871,11.804272223046315,12.037008012223755,12.275006142127241,12.51721414461157,12.763912677848795,13.015452564553986,13.271974133813169,13.532775740196206,13.796804915557887,14.064201988984241,14.334896795932254,14.608959500944938,14.887232078538462,15.170275845056937,15.45745931961324,15.748151021320243,16.041789633833833
,SLV,RBU,unconditional,best,KYOTOGHG,IPCM0EL,MtCO2eq,AR4,7.152,7.9463,8.1918,8.5232,9.394,9.5044,9.5497,10.6102,10.4879,10.4863,10.3346,10.8991,11.0329,11.411,11.4271,11.7057,12.2061,12.3905,12.0561,11.7162,11.5247,11.4296,11.6748,10.727,10.9584,12.5605,12.7023,12.7628,11.8768,12.1407,12.408,11.92666396263614,11.426980111512627,10.903449675887796,10.351313804353218,9.766483400290715,9.994518165086216,10.222061778080617,10.44925456835995,10.676096535924211,10.902657845316417,11.12774569930533,11.351710920606017,11.576518116422871,11.804272223046315,12.037008012223755,12.275006142127241,12.51721414461157,12.763912677848795,13.015452564553986,13.271974133813169,13.532775740196206,13.796804915557887,14.064201988984241,14.334896795932254,14.608959500944938,14.887232078538462,15.170275845056937,15.45745931961324,15.748151021320243,16.041789633833833
"No targets calculated, so the baseline emissions are put in as target pathways for all un/conditional best/worst pathways.
",SLV,baseline_emissions,conditional,worst,KYOTOGHG,IPCM0EL,MtCO2eq,AR4,7.152,7.9463,8.1918,8.5232,9.394,9.5044,9.5497,10.6102,10.4879,10.4863,10.3346,10.8991,11.0329,11.411,11.4271,11.7057,12.2061,12.3905,12.0561,11.7162,11.5247,11.4296,11.6748,10.727,10.9584,12.5605,12.7023,12.7628,11.8768,12.1407,12.408,12.6835,12.9755,13.2809,13.5966,13.9194,14.2444,14.5687,14.8925,15.2158,15.5387,15.8595,16.1787,16.4991,16.8237,17.1554,17.4946,17.8398,18.1914,18.5499,18.9155,19.2872,19.6635,20.0446,20.4304,20.820999999999998,21.2176,21.621,22.0303,22.4446,22.8631
"No targets calculated, so the baseline emissions are put in as target pathways for all un/conditional best/worst pathways.
",SLV,baseline_emissions,conditional,best,KYOTOGHG,IPCM0EL,MtCO2eq,AR4,7.152,7.9463,8.1918,8.5232,9.394,9.5044,9.5497,10.6102,10.4879,10.4863,10.3346,10.8991,11.0329,11.411,11.4271,11.7057,12.2061,12.3905,12.0561,11.7162,11.5247,11.4296,11.6748,10.727,10.9584,12.5605,12.7023,12.7628,11.8768,12.1407,12.408,12.6835,12.9755,13.2809,13.5966,13.9194,14.2444,14.5687,14.8925,15.2158,15.5387,15.8595,16.1787,16.4991,16.8237,17.1554,17.4946,17.8398,18.1914,18.5499,18.9155,19.2872,19.6635,20.0446,20.4304,20.820999999999998,21.2176,21.621,22.0303,22.4446,22.8631
"No targets calculated, so the baseline emissions are put in as target pathways for all un/conditional best/worst pathways.
",SLV,baseline_emissions,unconditional,worst,KYOTOGHG,IPCM0EL,MtCO2eq,AR4,7.152,7.9463,8.1918,8.5232,9.394,9.5044,9.5497,10.6102,10.4879,10.4863,10.3346,10.8991,11.0329,11.411,11.4271,11.7057,12.2061,12.3905,12.0561,11.7162,11.5247,11.4296,11.6748,10.727,10.9584,12.5605,12.7023,12.7628,11.8768,12.1407,12.408,12.6835,12.9755,13.2809,13.5966,13.9194,14.2444,14.5687,14.8925,15.2158,15.5387,15.8595,16.1787,16.4991,16.8237,17.1554,17.4946,17.8398,18.1914,18.5499,18.9155,19.2872,19.6635,20.0446,20.4304,20.820999999999998,21.2176,21.621,22.0303,22.4446,22.8631
"No targets calculated, so the baseline emissions are put in as target pathways for all un/conditional best/worst pathways.
",SLV,baseline_emissions,unconditional,best,KYOTOGHG,IPCM0EL,MtCO2eq,AR4,7.152,7.9463,8.1918,8.5232,9.394,9.5044,9.5497,10.6102,10.4879,10.4863,10.3346,10.8991,11.0329,11.411,11.4271,11.7057,12.2061,12.3905,12.0561,11.7162,11.5247,11.4296,11.6748,10.727,10.9584,12.5605,12.7023,12.7628,11.8768,12.1407,12.408,12.6835,12.9755,13.2809,13.5966,13.9194,14.2444,14.5687,14.8925,15.2158,15.5387,15.8595,16.1787,16.4991,16.8237,17.1554,17.4946,17.8398,18.1914,18.5499,18.9155,19.2872,19.6635,20.0446,20.4304,20.820999999999998,21.2176,21.621,22.0303,22.4446,22.8631
,SLV,,emi_bau,emi_bau,KYOTOGHG,IPCM0EL,MtCO2eq,AR4,7.152,7.9463,8.1918,8.5232,9.394,9.5044,9.5497,10.6102,10.4879,10.4863,10.3346,10.8991,11.0329,11.411,11.4271,11.7057,12.2061,12.3905,12.0561,11.7162,11.5247,11.4296,11.6748,10.727,10.9584,12.5605,12.7023,12.7628,11.8768,12.1407,12.408,12.6835,12.9755,13.2809,13.5966,13.9194,14.2444,14.5687,14.8925,15.2158,15.5387,15.8595,16.1787,16.4991,16.8237,17.1554,17.4946,17.8398,18.1914,18.5499,18.9155,19.2872,19.6635,20.0446,20.4304,20.820999999999998,21.2176,21.621,22.0303,22.4446,22.8631
,SLV,,emi_cov,emi_cov,KYOTOGHG,IPCM0EL,MtCO2eq,AR4,2.597302182528,3.2510732153719997,3.5579374408602003,3.8187078418607996,4.623919480334,5.0433573904152,4.5569402087488,5.4356408131864,5.757996987610199,5.6671986905776,5.697761996404,5.8525805274021,5.8695021711247,6.359500856734,6.2426901158662,6.410760014862901,6.722815423247701,6.7545070875989985,6.327383034266701,6.1879953749238,6.062844739682499,6.235809995251201,6.2225019874008005,5.917053597882001,6.053007324196799,7.635725777874999,7.9369934637942,7.861257202072801,6.8313103896544,7.115128743723001,7.402603729751998,7.6988976274225,8.012936890971499,8.341387548330301,8.6809156108044,9.0280795645854,9.3776095659076,9.7263867292928,10.074626163385,10.4223278474364,10.769599349031699,11.114612349978001,11.4579045885075,11.8024873953435,12.151587211086598,12.5083228945138,12.8731246804172,13.244379304186799,13.622516994171601,14.0080754817612,14.401269846842002,14.801024629249598,15.205726582001999,15.615590845598797,16.0305098527856,16.450591127131,16.8771252856608,17.310972673605,17.7511653924503,18.1967354753366,18.646822561867502
,SLV,,emi_ncov,emi_ncov,KYOTOGHG,IPCM0EL,MtCO2eq,AR4,4.554697817472,4.695226784628,4.633862559139801,4.704492158139199,4.770080519666,4.4610426095848,4.992759791251199,5.1745591868136005,4.7299030123898005,4.8191013094224,4.636838003596,5.0465194725979,5.1633978288753,5.051499143266,5.1844098841337996,5.294939985137099,5.483284576752299,5.635992912401001,5.7287169657333,5.5282046250762,5.4618552603175,5.1937900047487995,5.452298012599199,4.809946402117999,4.9053926758032,4.924774222125,4.7653065362058,4.901542797927199,5.0454896103456,5.025571256277,5.005396270248001,4.9846023725775,4.962563109028501,4.9395124516696995,4.9156843891956,4.891320435414599,4.8667904340924,4.8423132707072005,4.817873836615,4.793472152563601,4.769100650968301,4.744887650021999,4.720795411492499,4.696612604656499,4.672112788913401,4.647077105486201,4.621475319582799,4.595420695813202,4.5688830058284005,4.541824518238801,4.514230153158,4.4861753707504,4.457773417998,4.429009154401202,4.3998901472144,4.370408872869,4.3404747143392,4.310027326394999,4.279134607549701,4.247864524663401,4.216277438132499
,SLV,,pc_cov,pc_cov,KYOTOGHG,IPCM0EL,MtCO2eq/MtCO2eq,AR4,0.363157464,0.40913044,0.434329139,0.448036869,0.492220511,0.530633958,0.477181504,0.512303332,0.549013338,0.540438352,0.55132874,0.536978331,0.531999943,0.557313194,0.546305722,0.547661397,0.5507750570000001,0.5451359579999999,0.524828347,0.528157199,0.526073975,0.545584272,0.532985746,0.551603766,0.552362327,0.60791575,0.624846954,0.6159508260000001,0.575181058,0.58605589,0.5965992689999999,0.607001035,0.617543593,0.6280739670000001,0.638462234,0.6485968910000001,0.658336579,0.667622144,0.676489922,0.6849674579999999,0.6930823909999999,0.7008173240000001,0.708209225,0.715341285,0.7222898179999999,0.729118697,0.7358341820000001,0.7424062659999999,0.748843794,0.755156388,0.761347564,0.767401418,0.773297052,0.7790422779999999,0.784640039,0.790096111,0.795430458,0.800655505,0.8057614009999999,0.810740021,0.815585925
,SMR,,pop,pop,POP,DEMOGR,Pers,,24125.0,24460.0,24822.0,25209.0,25582.0,25928.0,26252.0,26562.0,26840.0,27145.0,27462.0,27812.0,28175.0,28562.0,28940.0,29324.0,29700.0,30063.0,30434.0,30816.0,31229.0,31661.0,32105.0,32553.0,32948.0,33272.0,33504.0,33671.0,33008.833333333336,33008.833333333336,33008.833333333336,33008.833333333336,33008.833333333336,33008.833333333336,33008.833333333336,33008.833333333336,33008.833333333336,33008.833333333336,33008.833333333336,33008.833333333336,33008.833333333336,33008.833333333336,33008.833333333336,33008.833333333336,33008.833333333336,33008.833333333336,33008.833333333336,33008.833333333336,33008.833333333336,33008.833333333336,33008.833333333336,33008.833333333336,33008.833333333336,33008.833333333336,33008.833333333336,33008.833333333336,33008.833333333336,33008.833333333336,33008.833333333336,33008.833333333336,33008.833333333336
,SMR,,gdp,gdp,GDPPPP,ECO,2011GKD,,1700230025.5685,1728781119.9512,1750889589.2802,1753453933.2048,1795901575.82,1849617001.0852,1887602371.3159,1732368993.4065,1862521068.0406,2030073164.1214,2074953189.8573,2190145255.9129,2197625260.2022,2282897309.1004,2387617369.1509,2444465401.7497,2538713455.7952,2719729559.5967,2764609585.3326,2410057382.0189,2297857317.6791,2080937193.2888,1923857103.2131,1865513069.7564,1848723452.1286,1859815792.8414,1900731740.2839,1929242716.3881,1887980645.7685835,1887980645.7685835,1887980645.7685835,1887980645.7685835,1887980645.7685835,1887980645.7685835,1887980645.7685835,1887980645.7685835,1887980645.7685835,1887980645.7685835,1887980645.7685835,1887980645.7685835,1887980645.7685835,1887980645.7685835,1887980645.7685835,1887980645.7685835,1887980645.7685835,1887980645.7685835,1887980645.7685835,1887980645.7685835,1887980645.7685835,1887980645.7685835,1887980645.7685835,1887980645.7685835,1887980645.7685835,1887980645.7685835,1887980645.7685835,1887980645.7685835,1887980645.7685835,1887980645.7685835,1887980645.7685835,1887980645.7685835,1887980645.7685835
"The target value from 'unconditional_best' was used for 'conditional_worst' in 2030.
The target value from 'unconditional_best' was used for 'conditional_best' in 2030.
",SMR,ABS,conditional,worst,KYOTOGHG,IPCM0EL,MtCO2eq,AR4,0.21669000000000002,0.22200999999999999,0.22228,0.22095,0.22191999999999998,0.23656,0.23925,0.24511,0.25354,0.25859,0.26746,0.26839,0.27199,0.28015999999999996,0.28374,0.28472,0.28376,0.28261,0.27624,0.25393000000000004,0.26002,0.25623,0.24316999999999997,0.22299000000000002,0.21033000000000002,0.23451999999999998,0.23117,0.22784000000000001,0.22833666666666666,0.22833666666666666,0.22833666666666666,0.22287566751344487,0.21741466836022302,0.21195366920700123,0.20649267005377941,0.2010316709005576,0.19557067174733578,0.190109672594114,0.18464867344089217,0.17918767428767035,0.17372667513444856,0.17372667513444856,0.17372667513444856,0.17372667513444856,0.17372667513444856,0.17372667513444856,0.17372667513444856,0.17372667513444856,0.17372667513444856,0.17372667513444856,0.17372667513444856,0.17372667513444856,0.17372667513444856,0.17372667513444856,0.17372667513444856,0.17372667513444856,0.17372667513444856,0.17372667513444856,0.17372667513444856,0.17372667513444856,0.17372667513444856
,SMR,ABS,conditional,best,KYOTOGHG,IPCM0EL,MtCO2eq,AR4,0.21669000000000002,0.22200999999999999,0.22228,0.22095,0.22191999999999998,0.23656,0.23925,0.24511,0.25354,0.25859,0.26746,0.26839,0.27199,0.28015999999999996,0.28374,0.28472,0.28376,0.28261,0.27624,0.25393000000000004,0.26002,0.25623,0.24316999999999997,0.22299000000000002,0.21033000000000002,0.23451999999999998,0.23117,0.22784000000000001,0.22833666666666666,0.22833666666666666,0.22833666666666666,0.22287566751344487,0.21741466836022302,0.21195366920700123,0.20649267005377941,0.2010316709005576,0.19557067174733578,0.190109672594114,0.18464867344089217,0.17918767428767035,0.17372667513444856,0.17372667513444856,0.17372667513444856,0.17372667513444856,0.17372667513444856,0.17372667513444856,0.17372667513444856,0.17372667513444856,0.17372667513444856,0.17372667513444856,0.17372667513444856,0.17372667513444856,0.17372667513444856,0.17372667513444856,0.17372667513444856,0.17372667513444856,0.17372667513444856,0.17372667513444856,0.17372667513444856,0.17372667513444856,0.17372667513444856
"The target value from 'unconditional_best' was used for 'unconditional_worst' in 2030.
",SMR,ABS,unconditional,worst,KYOTOGHG,IPCM0EL,MtCO2eq,AR4,0.21669000000000002,0.22200999999999999,0.22228,0.22095,0.22191999999999998,0.23656,0.23925,0.24511,0.25354,0.25859,0.26746,0.26839,0.27199,0.28015999999999996,0.28374,0.28472,0.28376,0.28261,0.27624,0.25393000000000004,0.26002,0.25623,0.24316999999999997,0.22299000000000002,0.21033000000000002,0.23451999999999998,0.23117,0.22784000000000001,0.22833666666666666,0.22833666666666666,0.22833666666666666,0.22287566751344487,0.21741466836022302,0.21195366920700123,0.20649267005377941,0.2010316709005576,0.19557067174733578,0.190109672594114,0.18464867344089217,0.17918767428767035,0.17372667513444856,0.17372667513444856,0.17372667513444856,0.17372667513444856,0.17372667513444856,0.17372667513444856,0.17372667513444856,0.17372667513444856,0.17372667513444856,0.17372667513444856,0.17372667513444856,0.17372667513444856,0.17372667513444856,0.17372667513444856,0.17372667513444856,0.17372667513444856,0.17372667513444856,0.17372667513444856,0.17372667513444856,0.17372667513444856,0.17372667513444856
,SMR,ABS,unconditional,best,KYOTOGHG,IPCM0EL,MtCO2eq,AR4,0.21669000000000002,0.22200999999999999,0.22228,0.22095,0.22191999999999998,0.23656,0.23925,0.24511,0.25354,0.25859,0.26746,0.26839,0.27199,0.28015999999999996,0.28374,0.28472,0.28376,0.28261,0.27624,0.25393000000000004,0.26002,0.25623,0.24316999999999997,0.22299000000000002,0.21033000000000002,0.23451999999999998,0.23117,0.22784000000000001,0.22833666666666666,0.22833666666666666,0.22833666666666666,0.22287566751344487,0.21741466836022302,0.21195366920700123,0.20649267005377941,0.2010316709005576,0.19557067174733578,0.190109672594114,0.18464867344089217,0.17918767428767035,0.17372667513444856,0.17372667513444856,0.17372667513444856,0.17372667513444856,0.17372667513444856,0.17372667513444856,0.17372667513444856,0.17372667513444856,0.17372667513444856,0.17372667513444856,0.17372667513444856,0.17372667513444856,0.17372667513444856,0.17372667513444856,0.17372667513444856,0.17372667513444856,0.17372667513444856,0.17372667513444856,0.17372667513444856,0.17372667513444856,0.17372667513444856
"The target value from 'unconditional_best' was used for 'conditional_worst' in 2030.
The target value from 'unconditional_best' was used for 'conditional_best' in 2030.
",SMR,RBY,conditional,worst,KYOTOGHG,IPCM0EL,MtCO2eq,AR4,0.21669000000000002,0.22200999999999999,0.22228,0.22095,0.22191999999999998,0.23656,0.23925,0.24511,0.25354,0.25859,0.26746,0.26839,0.27199,0.28015999999999996,0.28374,0.28472,0.28376,0.28261,0.27624,0.25393000000000004,0.26002,0.25623,0.24316999999999997,0.22299000000000002,0.21033000000000002,0.23451999999999998,0.23117,0.22784000000000001,0.22833666666666666,0.22833666666666666,0.22833666666666666,0.22152443439180605,0.21471220211694547,0.20789996984208486,0.20108773756722428,0.19427550529236368,0.18746327301750307,0.1806510407426425,0.17383880846778188,0.16702657619292127,0.1602143439180607,0.1602143439180607,0.1602143439180607,0.1602143439180607,0.1602143439180607,0.1602143439180607,0.1602143439180607,0.1602143439180607,0.1602143439180607,0.1602143439180607,0.1602143439180607,0.1602143439180607,0.1602143439180607,0.1602143439180607,0.1602143439180607,0.1602143439180607,0.1602143439180607,0.1602143439180607,0.1602143439180607,0.1602143439180607,0.1602143439180607
,SMR,RBY,conditional,best,KYOTOGHG,IPCM0EL,MtCO2eq,AR4,0.21669000000000002,0.22200999999999999,0.22228,0.22095,0.22191999999999998,0.23656,0.23925,0.24511,0.25354,0.25859,0.26746,0.26839,0.27199,0.28015999999999996,0.28374,0.28472,0.28376,0.28261,0.27624,0.25393000000000004,0.26002,0.25623,0.24316999999999997,0.22299000000000002,0.21033000000000002,0.23451999999999998,0.23117,0.22784000000000001,0.22833666666666666,0.22833666666666666,0.22833666666666666,0.22152443439180605,0.21471220211694547,0.20789996984208486,0.20108773756722428,0.19427550529236368,0.18746327301750307,0.1806510407426425,0.17383880846778188,0.16702657619292127,0.1602143439180607,0.1602143439180607,0.1602143439180607,0.1602143439180607,0.1602143439180607,0.1602143439180607,0.1602143439180607,0.1602143439180607,0.1602143439180607,0.1602143439180607,0.1602143439180607,0.1602143439180607,0.1602143439180607,0.1602143439180607,0.1602143439180607,0.1602143439180607,0.1602143439180607,0.1602143439180607,0.1602143439180607,0.1602143439180607,0.1602143439180607
"The target value from 'unconditional_best' was used for 'unconditional_worst' in 2030.
",SMR,RBY,unconditional,worst,KYOTOGHG,IPCM0EL,MtCO2eq,AR4,0.21669000000000002,0.22200999999999999,0.22228,0.22095,0.22191999999999998,0.23656,0.23925,0.24511,0.25354,0.25859,0.26746,0.26839,0.27199,0.28015999999999996,0.28374,0.28472,0.28376,0.28261,0.27624,0.25393000000000004,0.26002,0.25623,0.24316999999999997,0.22299000000000002,0.21033000000000002,0.23451999999999998,0.23117,0.22784000000000001,0.22833666666666666,0.22833666666666666,0.22833666666666666,0.22152443439180605,0.21471220211694547,0.20789996984208486,0.20108773756722428,0.19427550529236368,0.18746327301750307,0.1806510407426425,0.17383880846778188,0.16702657619292127,0.1602143439180607,0.1602143439180607,0.1602143439180607,0.1602143439180607,0.1602143439180607,0.1602143439180607,0.1602143439180607,0.1602143439180607,0.1602143439180607,0.1602143439180607,0.1602143439180607,0.1602143439180607,0.1602143439180607,0.1602143439180607,0.1602143439180607,0.1602143439180607,0.1602143439180607,0.1602143439180607,0.1602143439180607,0.1602143439180607,0.1602143439180607
,SMR,RBY,unconditional,best,KYOTOGHG,IPCM0EL,MtCO2eq,AR4,0.21669000000000002,0.22200999999999999,0.22228,0.22095,0.22191999999999998,0.23656,0.23925,0.24511,0.25354,0.25859,0.26746,0.26839,0.27199,0.28015999999999996,0.28374,0.28472,0.28376,0.28261,0.27624,0.25393000000000004,0.26002,0.25623,0.24316999999999997,0.22299000000000002,0.21033000000000002,0.23451999999999998,0.23117,0.22784000000000001,0.22833666666666666,0.22833666666666666,0.22833666666666666,0.22152443439180605,0.21471220211694547,0.20789996984208486,0.20108773756722428,0.19427550529236368,0.18746327301750307,0.1806510407426425,0.17383880846778188,0.16702657619292127,0.1602143439180607,0.1602143439180607,0.1602143439180607,0.1602143439180607,0.1602143439180607,0.1602143439180607,0.1602143439180607,0.1602143439180607,0.1602143439180607,0.1602143439180607,0.1602143439180607,0.1602143439180607,0.1602143439180607,0.1602143439180607,0.1602143439180607,0.1602143439180607,0.1602143439180607,0.1602143439180607,0.1602143439180607,0.1602143439180607,0.1602143439180607
"No targets calculated, so the baseline emissions are put in as target pathways for all un/conditional best/worst pathways.
",SMR,baseline_emissions,conditional,worst,KYOTOGHG,IPCM0EL,MtCO2eq,AR4,0.21669000000000002,0.22200999999999999,0.22228,0.22095,0.22191999999999998,0.23656,0.23925,0.24511,0.25354,0.25859,0.26746,0.26839,0.27199,0.28015999999999996,0.28374,0.28472,0.28376,0.28261,0.27624,0.25393000000000004,0.26002,0.25623,0.24316999999999997,0.22299000000000002,0.21033000000000002,0.23451999999999998,0.23117,0.22784000000000001,0.22833666666666666,0.22833666666666666,0.22833666666666666,0.22833666666666666,0.22833666666666666,0.22833666666666666,0.22833666666666666,0.22833666666666666,0.22833666666666666,0.22833666666666666,0.22833666666666666,0.22833666666666666,0.22833666666666666,0.22833666666666666,0.22833666666666666,0.22833666666666666,0.22833666666666666,0.22833666666666666,0.22833666666666666,0.22833666666666666,0.22833666666666666,0.22833666666666666,0.22833666666666666,0.22833666666666666,0.22833666666666666,0.22833666666666666,0.22833666666666666,0.22833666666666666,0.22833666666666666,0.22833666666666666,0.22833666666666666,0.22833666666666666,0.22833666666666666
"No targets calculated, so the baseline emissions are put in as target pathways for all un/conditional best/worst pathways.
",SMR,baseline_emissions,conditional,best,KYOTOGHG,IPCM0EL,MtCO2eq,AR4,0.21669000000000002,0.22200999999999999,0.22228,0.22095,0.22191999999999998,0.23656,0.23925,0.24511,0.25354,0.25859,0.26746,0.26839,0.27199,0.28015999999999996,0.28374,0.28472,0.28376,0.28261,0.27624,0.25393000000000004,0.26002,0.25623,0.24316999999999997,0.22299000000000002,0.21033000000000002,0.23451999999999998,0.23117,0.22784000000000001,0.22833666666666666,0.22833666666666666,0.22833666666666666,0.22833666666666666,0.22833666666666666,0.22833666666666666,0.22833666666666666,0.22833666666666666,0.22833666666666666,0.22833666666666666,0.22833666666666666,0.22833666666666666,0.22833666666666666,0.22833666666666666,0.22833666666666666,0.22833666666666666,0.22833666666666666,0.22833666666666666,0.22833666666666666,0.22833666666666666,0.22833666666666666,0.22833666666666666,0.22833666666666666,0.22833666666666666,0.22833666666666666,0.22833666666666666,0.22833666666666666,0.22833666666666666,0.22833666666666666,0.22833666666666666,0.22833666666666666,0.22833666666666666,0.22833666666666666
"No targets calculated, so the baseline emissions are put in as target pathways for all un/conditional best/worst pathways.
",SMR,baseline_emissions,unconditional,worst,KYOTOGHG,IPCM0EL,MtCO2eq,AR4,0.21669000000000002,0.22200999999999999,0.22228,0.22095,0.22191999999999998,0.23656,0.23925,0.24511,0.25354,0.25859,0.26746,0.26839,0.27199,0.28015999999999996,0.28374,0.28472,0.28376,0.28261,0.27624,0.25393000000000004,0.26002,0.25623,0.24316999999999997,0.22299000000000002,0.21033000000000002,0.23451999999999998,0.23117,0.22784000000000001,0.22833666666666666,0.22833666666666666,0.22833666666666666,0.22833666666666666,0.22833666666666666,0.22833666666666666,0.22833666666666666,0.22833666666666666,0.22833666666666666,0.22833666666666666,0.22833666666666666,0.22833666666666666,0.22833666666666666,0.22833666666666666,0.22833666666666666,0.22833666666666666,0.22833666666666666,0.22833666666666666,0.22833666666666666,0.22833666666666666,0.22833666666666666,0.22833666666666666,0.22833666666666666,0.22833666666666666,0.22833666666666666,0.22833666666666666,0.22833666666666666,0.22833666666666666,0.22833666666666666,0.22833666666666666,0.22833666666666666,0.22833666666666666,0.22833666666666666
"No targets calculated, so the baseline emissions are put in as target pathways for all un/conditional best/worst pathways.
",SMR,baseline_emissions,unconditional,best,KYOTOGHG,IPCM0EL,MtCO2eq,AR4,0.21669000000000002,0.22200999999999999,0.22228,0.22095,0.22191999999999998,0.23656,0.23925,0.24511,0.25354,0.25859,0.26746,0.26839,0.27199,0.28015999999999996,0.28374,0.28472,0.28376,0.28261,0.27624,0.25393000000000004,0.26002,0.25623,0.24316999999999997,0.22299000000000002,0.21033000000000002,0.23451999999999998,0.23117,0.22784000000000001,0.22833666666666666,0.22833666666666666,0.22833666666666666,0.22833666666666666,0.22833666666666666,0.22833666666666666,0.22833666666666666,0.22833666666666666,0.22833666666666666,0.22833666666666666,0.22833666666666666,0.22833666666666666,0.22833666666666666,0.22833666666666666,0.22833666666666666,0.22833666666666666,0.22833666666666666,0.22833666666666666,0.22833666666666666,0.22833666666666666,0.22833666666666666,0.22833666666666666,0.22833666666666666,0.22833666666666666,0.22833666666666666,0.22833666666666666,0.22833666666666666,0.22833666666666666,0.22833666666666666,0.22833666666666666,0.22833666666666666,0.22833666666666666,0.22833666666666666
,SMR,,emi_bau,emi_bau,KYOTOGHG,IPCM0EL,MtCO2eq,AR4,0.21669000000000002,0.22200999999999999,0.22228,0.22095,0.22191999999999998,0.23656,0.23925,0.24511,0.25354,0.25859,0.26746,0.26839,0.27199,0.28015999999999996,0.28374,0.28472,0.28376,0.28261,0.27624,0.25393000000000004,0.26002,0.25623,0.24316999999999997,0.22299000000000002,0.21033000000000002,0.23451999999999998,0.23117,0.22784000000000001,0.22833666666666666,0.22833666666666666,0.22833666666666666,0.22833666666666666,0.22833666666666666,0.22833666666666666,0.22833666666666666,0.22833666666666666,0.22833666666666666,0.22833666666666666,0.22833666666666666,0.22833666666666666,0.22833666666666666,0.22833666666666666,0.22833666666666666,0.22833666666666666,0.22833666666666666,0.22833666666666666,0.22833666666666666,0.22833666666666666,0.22833666666666666,0.22833666666666666,0.22833666666666666,0.22833666666666666,0.22833666666666666,0.22833666666666666,0.22833666666666666,0.22833666666666666,0.22833666666666666,0.22833666666666666,0.22833666666666666,0.22833666666666666,0.22833666666666666
,SMR,,emi_cov,emi_cov,KYOTOGHG,IPCM0EL,MtCO2eq,AR4,0.21669000000000002,0.22200999999999999,0.22228,0.22095,0.22191999999999998,0.23656,0.23925,0.24511,0.25354,0.25859,0.26746,0.26839,0.27199,0.28015999999999996,0.28374,0.28472,0.28376,0.28261,0.27624,0.25393000000000004,0.26002,0.25623,0.24316999999999997,0.22299000000000002,0.21033000000000002,0.23451999999999998,0.23117,0.22784000000000001,0.22833666666666666,0.22833666666666666,0.22833666666666666,0.22833666666666666,0.22833666666666666,0.22833666666666666,0.22833666666666666,0.22833666666666666,0.22833666666666666,0.22833666666666666,0.22833666666666666,0.22833666666666666,0.22833666666666666,0.22833666666666666,0.22833666666666666,0.22833666666666666,0.22833666666666666,0.22833666666666666,0.22833666666666666,0.22833666666666666,0.22833666666666666,0.22833666666666666,0.22833666666666666,0.22833666666666666,0.22833666666666666,0.22833666666666666,0.22833666666666666,0.22833666666666666,0.22833666666666666,0.22833666666666666,0.22833666666666666,0.22833666666666666,0.22833666666666666
,SMR,,emi_ncov,emi_ncov,KYOTOGHG,IPCM0EL,MtCO2eq,AR4,0.0,0.0,0.0,0.0,0.0,0.0,0.0,0.0,0.0,0.0,0.0,0.0,0.0,0.0,0.0,0.0,0.0,0.0,0.0,0.0,0.0,0.0,0.0,0.0,0.0,0.0,0.0,0.0,0.0,0.0,0.0,0.0,0.0,0.0,0.0,0.0,0.0,0.0,0.0,0.0,0.0,0.0,0.0,0.0,0.0,0.0,0.0,0.0,0.0,0.0,0.0,0.0,0.0,0.0,0.0,0.0,0.0,0.0,0.0,0.0,0.0
,SMR,,pc_cov,pc_cov,KYOTOGHG,IPCM0EL,MtCO2eq/MtCO2eq,AR4,1.0,1.0,1.0,1.0,1.0,1.0,1.0,1.0,1.0,1.0,1.0,1.0,1.0,1.0,1.0,1.0,1.0,1.0,1.0,1.0,1.0,1.0,1.0,1.0,1.0,1.0,1.0,1.0,1.0,1.0,1.0,1.0,1.0,1.0,1.0,1.0,1.0,1.0,1.0,1.0,1.0,1.0,1.0,1.0,1.0,1.0,1.0,1.0,1.0,1.0,1.0,1.0,1.0,1.0,1.0,1.0,1.0,1.0,1.0,1.0,1.0
,SOM,,pop,pop,POP,DEMOGR,Pers,,7225092.0,7274030.0,7295384.0,7315865.0,7372598.0,7491637.0,7682686.0,7936127.0,8235064.0,8553601.0,8872254.0,9186725.0,9501342.0,9815412.0,10130243.0,10446863.0,10763905.0,11080121.0,11397188.0,11717692.0,12043883.0,12376301.0,12715503.0,13063701.0,13423568.0,13797201.0,14185636.0,14589179.0,14860275.5158,15224714.6301,15602644.27,15998556.2292,16413429.522,16843858.0477,17286431.2177,17737730.1893,18198966.5123,18671132.319,19150486.2365,19633310.5078,20115913.1984,20600294.6355,21089848.5317,21582987.0762,22078116.0588,22573634.9507,23069891.0871,23567407.8936,24064844.8657,24560862.0933,25054120.4132,25545679.6092,26037421.5419,26529236.7653,27021011.7889,27512630.3501,28002384.9292,28488545.9199,28970967.6051,29449509.1916,29924033.0455
,SOM,,gdp,gdp,GDPPPP,ECO,2011GKD,,12063721205.978998,11302780278.3667,10197857807.6665,10249087160.0356,10362729527.8129,10611047976.5267,10917246777.6133,10970940533.0863,11040758754.6088,11335703876.5532,11620960777.7876,11848391836.6491,12444946089.0486,13053407674.124,13753744579.7035,14474066347.023,15262467560.9336,16258494371.0463,17216655264.7227,16459031255.8975,16923313813.3244,17387596370.7512,17851878928.1781,18316161485.6049,18780444043.0318,19244726600.4587,19709009157.8855,20173291715.3124,21022541421.3051,22190224090.5215,23417260006.1903,24758624797.6947,26273611294.1113,27922343635.4885,29665136827.5372,31462206491.1939,33323227500.4818,35267192431.7168,37268429384.8556,39301766054.2132,41342553125.227005,43368281711.8016,45401502804.7507,47485456859.7807,49663330118.0026,51978327424.2722,54426422029.8821,56985497016.3166,59672025731.501,62502989719.502,65495986544.0363,68660019754.5403,71998256639.7656,75520845874.6869,79239097741.8754,83165662321.7127,87332696912.2598,91758789544.9775,96437635969.1418,101363317624.8157,106530294650.5762
"No targets calculated, so the baseline emissions are put in as target pathways for all un/conditional best/worst pathways.
",SOM,baseline_emissions,conditional,worst,KYOTOGHG,IPCM0EL,MtCO2eq,AR4,25.3478,22.385,20.4426,22.3541,24.1996,24.772,25.3043,25.8507,25.8106,26.0342,26.3579,26.9567,27.3914,27.6597,28.3286,28.8688,27.6341,26.5438,26.6379,26.7072,26.9663,27.1629,27.4867,27.8209,27.993000000000002,28.2664,27.9324,28.0901,27.8663,28.6512,29.4812,30.4027,31.4609,32.6084,33.8025,35.0043,36.2279,37.4949,38.7814,40.066,41.3294,42.5463,43.7308,44.9213,46.1543,47.4639,48.847,50.2868,51.7941,53.3798,55.0544,56.826,58.6951,60.6611,62.7238,64.8836,67.1551,69.544,72.0382,74.6258,77.2954
"No targets calculated, so the baseline emissions are put in as target pathways for all un/conditional best/worst pathways.
",SOM,baseline_emissions,conditional,best,KYOTOGHG,IPCM0EL,MtCO2eq,AR4,25.3478,22.385,20.4426,22.3541,24.1996,24.772,25.3043,25.8507,25.8106,26.0342,26.3579,26.9567,27.3914,27.6597,28.3286,28.8688,27.6341,26.5438,26.6379,26.7072,26.9663,27.1629,27.4867,27.8209,27.993000000000002,28.2664,27.9324,28.0901,27.8663,28.6512,29.4812,30.4027,31.4609,32.6084,33.8025,35.0043,36.2279,37.4949,38.7814,40.066,41.3294,42.5463,43.7308,44.9213,46.1543,47.4639,48.847,50.2868,51.7941,53.3798,55.0544,56.826,58.6951,60.6611,62.7238,64.8836,67.1551,69.544,72.0382,74.6258,77.2954
"No targets calculated, so the baseline emissions are put in as target pathways for all un/conditional best/worst pathways.
",SOM,baseline_emissions,unconditional,worst,KYOTOGHG,IPCM0EL,MtCO2eq,AR4,25.3478,22.385,20.4426,22.3541,24.1996,24.772,25.3043,25.8507,25.8106,26.0342,26.3579,26.9567,27.3914,27.6597,28.3286,28.8688,27.6341,26.5438,26.6379,26.7072,26.9663,27.1629,27.4867,27.8209,27.993000000000002,28.2664,27.9324,28.0901,27.8663,28.6512,29.4812,30.4027,31.4609,32.6084,33.8025,35.0043,36.2279,37.4949,38.7814,40.066,41.3294,42.5463,43.7308,44.9213,46.1543,47.4639,48.847,50.2868,51.7941,53.3798,55.0544,56.826,58.6951,60.6611,62.7238,64.8836,67.1551,69.544,72.0382,74.6258,77.2954
"No targets calculated, so the baseline emissions are put in as target pathways for all un/conditional best/worst pathways.
",SOM,baseline_emissions,unconditional,best,KYOTOGHG,IPCM0EL,MtCO2eq,AR4,25.3478,22.385,20.4426,22.3541,24.1996,24.772,25.3043,25.8507,25.8106,26.0342,26.3579,26.9567,27.3914,27.6597,28.3286,28.8688,27.6341,26.5438,26.6379,26.7072,26.9663,27.1629,27.4867,27.8209,27.993000000000002,28.2664,27.9324,28.0901,27.8663,28.6512,29.4812,30.4027,31.4609,32.6084,33.8025,35.0043,36.2279,37.4949,38.7814,40.066,41.3294,42.5463,43.7308,44.9213,46.1543,47.4639,48.847,50.2868,51.7941,53.3798,55.0544,56.826,58.6951,60.6611,62.7238,64.8836,67.1551,69.544,72.0382,74.6258,77.2954
,SOM,,emi_bau,emi_bau,KYOTOGHG,IPCM0EL,MtCO2eq,AR4,25.3478,22.385,20.4426,22.3541,24.1996,24.772,25.3043,25.8507,25.8106,26.0342,26.3579,26.9567,27.3914,27.6597,28.3286,28.8688,27.6341,26.5438,26.6379,26.7072,26.9663,27.1629,27.4867,27.8209,27.993000000000002,28.2664,27.9324,28.0901,27.8663,28.6512,29.4812,30.4027,31.4609,32.6084,33.8025,35.0043,36.2279,37.4949,38.7814,40.066,41.3294,42.5463,43.7308,44.9213,46.1543,47.4639,48.847,50.2868,51.7941,53.3798,55.0544,56.826,58.6951,60.6611,62.7238,64.8836,67.1551,69.544,72.0382,74.6258,77.2954
,SOM,,emi_cov,emi_cov,KYOTOGHG,IPCM0EL,MtCO2eq,AR4,25.2553191600472,22.30606283433,20.354004633564,22.264890889569298,24.105244912614,24.678355746088002,25.216923088102202,25.757051625585902,25.7139442844458,25.931639414604803,26.249703403574202,26.8430459971177,27.2749388341812,27.5389722691056,28.208680503624002,28.7466925684944,27.5086687924659,26.4146643599124,26.504136746271897,26.5703503308672,26.8255836982836,27.019046612582102,27.343488603253096,27.671579025639303,27.840458808834,28.1106372396072,27.7734156505704,27.9278950096946,27.7132497254459,28.4865539309184,29.304291838866803,30.212177984139498,31.2547445560641,32.3852918924304,33.56175075282,34.7457958348182,35.9513188582359,37.1996007411618,38.4670945148812,39.732716347844004,40.9774513937376,42.176373451223405,43.3433741055204,44.516286145181205,45.73107033059021,47.02132281698611,48.383989496023005,49.802518453861204,51.2875502317953,52.8498237801608,54.499683922513604,56.245111046586,58.086597685352594,60.023552809577595,62.05577936158279,64.18367134429641,66.42161312721692,68.775220497112,71.23257224437381,73.781944139986,76.412104497638
,SOM,,emi_ncov,emi_ncov,KYOTOGHG,IPCM0EL,MtCO2eq,AR4,0.09248083995279889,0.07893716567000035,0.08859536643600045,0.08920911043070061,0.09435508738599989,0.0936442539119983,0.08737691189779899,0.0936483744140978,0.09665571555420044,0.1025605853951973,0.10819659642580057,0.11365400288230278,0.11646116581880007,0.1207277308944023,0.11991949637599882,0.12210743150560192,0.12543120753409812,0.12913564008760167,0.1337632537281005,0.13684966913280092,0.14071630171639826,0.14385338741789755,0.14321139674690214,0.1493209743606978,0.15254119116600184,0.15576276039279965,0.15898434942960293,0.16220499030540267,0.1530502745541008,0.16464606908159862,0.17690816113319976,0.19052201586050094,0.206155443935899,0.22310810756960336,0.2407492471800021,0.25850416518179853,0.276581141764101,0.29529925883819913,0.3143054851187997,0.3332836521559964,0.3519486062623961,0.3699265487766004,0.38742589447960346,0.4050138548187993,0.4232296694097956,0.4425771830138967,0.4630105039769966,0.484281546138798,0.5065497682047002,0.5299762198392031,0.5547160774863973,0.5808889534140044,0.6085023146474052,0.6375471904224017,0.668020638417207,0.6999286557035931,0.7334868727830949,0.7687795028880007,0.805627755626197,0.8438558600140014,0.8832955023619972
,SOM,,pc_cov,pc_cov,KYOTOGHG,IPCM0EL,MtCO2eq/MtCO2eq,AR4,0.996351524,0.996473658,0.99566614,0.996009273,0.996100965,0.9962197540000001,0.996546954,0.9963773370000001,0.996255193,0.9960605440000001,0.995895098,0.9957838309999999,0.995748258,0.9956352479999999,0.99576684,0.9957702629999999,0.9954609990000001,0.9951349979999999,0.994978461,0.994875926,0.9947817720000001,0.9947040490000001,0.9947897929999999,0.9946327770000001,0.9945507379999999,0.994489473,0.9943082459999999,0.9942255459999999,0.994507693,0.994253432,0.993999289,0.993733385,0.993447249,0.9931579559999999,0.9928777679999999,0.992615074,0.992365521,0.992124282,0.991895458,0.9916816340000001,0.9914843040000001,0.991305318,0.9911406629999999,0.990983924,0.9908301140000001,0.9906754990000001,0.9905212090000001,0.990369609,0.990219933,0.9900715959999999,0.989924219,0.9897777609999999,0.9896328259999999,0.989490016,0.9893498059999999,0.9892125490000001,0.9890777190000001,0.988945423,0.988816659,0.98869217,0.98857247
,SRB,,pop,pop,POP,DEMOGR,Pers,,9517675.0,9602887.0,9701151.0,9795256.0,9861627.0,9884147.0,9856065.0,9784696.0,9685414.0,9580809.0,9487616.0,9410768.0,9346465.0,9292234.0,9242645.0,9193825.0,9145914.0,9101185.0,9060103.0,9023357.0,8991254.0,8963769.0,8940113.0,8918904.0,8898289.0,8876777.0,8853963.0,8829628.0,8814396.1974,8806356.8327,8796474.64,8786508.3865,8778617.0638,8773003.5106,8769874.2327,8769439.5555,8771526.4288,8775357.087000001,8780238.5567,8785478.0949,8790382.3002,8793379.5802,8793881.5533,8792669.5949,8790526.1416,8788235.1051,8785216.5418,8780863.1663,8775920.3613,8771134.6038,8767253.6345,8763647.6547,8759464.4156,8755117.8842,8751019.8658,8747579.3129,8745032.2205,8743339.2337,8742493.7919,8742489.2238,8743318.4456
,SRB,,gdp,gdp,GDPPPP,ECO,2011GKD,,83946046875.0,74171421875.0,53284722656.25,37033960937.5,37959488281.25,39922960937.5,39707542968.75,44596128906.25,47867585937.5,44108203125.0,48538054687.5,45991503906.25,50141359375.0,54591667968.75,56480488281.25,63484019531.25,73654093750.0,77963328125.0,87045250000.0,87416687500.0,88031406250.0,92968828125.0,93496492187.5,96260273437.5,94290882812.5,97965117187.5,101289429687.5,103890203125.0,105857349629.9414,108278780240.7689,110617325226.0141,112973244829.1274,115448171062.6519,117975001618.1676,120486863825.4473,122916892007.7041,125276633859.3057,127593989281.6753,129826498938.4669,131931694360.2262,133867116107.5443,135642265379.2346,137307634719.7797,138882192029.9655,140384831403.0452,141834389404.8838,143224003071.7789,144543243582.0931,145805571651.0827,147024455703.2853,148213360115.6416,149353615615.5044,150443608173.0567,151522394389.9631,152629062729.5582,153802823842.066,155018467816.6807,156234580166.4565,157466197591.9876,158728267421.0856,160035620148.1609
"The target value from 'unconditional_best' was used for 'conditional_worst' in 2030.
The target value from 'unconditional_best' was used for 'conditional_best' in 2030.
",SRB,RBY,conditional,worst,KYOTOGHG,IPCM0EL,MtCO2eq,AR4,78.6808,56.2957,62.1089,55.3315,53.87300000000001,56.8415,64.596,68.7248,71.0592,53.6326,57.809,61.1553,64.6392,67.4508,73.7409,70.3815,74.5845,73.9118,73.3633,68.1673,68.2937,72.3617,67.8743,68.6994,61.3571,72.109,75.1394,76.3387,73.4038,74.456,75.3807,75.60291477959531,75.86731097683297,76.13329733738149,76.36400312657408,76.52521683207657,76.63411902718978,76.71669586291846,76.75503826994719,76.73256854147931,76.63428341428572,77.19561181629635,77.69991319437055,78.16069154777654,78.5909034163526,79.00350533993712,79.39667245376411,79.76657254182507,80.1223299279498,80.47288644949154,80.8273664302801,81.16989354685158,81.49344206985704,81.81972789001145,82.17046689802979,82.56701001167382,82.996035718152,83.4356456402728,83.89414291272132,84.37964818370611,84.90037334467401
,SRB,RBY,conditional,best,KYOTOGHG,IPCM0EL,MtCO2eq,AR4,78.6808,56.2957,62.1089,55.3315,53.87300000000001,56.8415,64.596,68.7248,71.0592,53.6326,57.809,61.1553,64.6392,67.4508,73.7409,70.3815,74.5845,73.9118,73.3633,68.1673,68.2937,72.3617,67.8743,68.6994,61.3571,72.109,75.1394,76.3387,73.4038,74.456,75.3807,75.60291477959531,75.86731097683297,76.13329733738149,76.36400312657408,76.52521683207657,76.63411902718978,76.71669586291846,76.75503826994719,76.73256854147931,76.63428341428572,77.19561181629635,77.69991319437055,78.16069154777654,78.5909034163526,79.00350533993712,79.39667245376411,79.76657254182507,80.1223299279498,80.47288644949154,80.8273664302801,81.16989354685158,81.49344206985704,81.81972789001145,82.17046689802979,82.56701001167382,82.996035718152,83.4356456402728,83.89414291272132,84.37964818370611,84.90037334467401
"The target value from 'unconditional_best' was used for 'unconditional_worst' in 2030.
",SRB,RBY,unconditional,worst,KYOTOGHG,IPCM0EL,MtCO2eq,AR4,78.6808,56.2957,62.1089,55.3315,53.87300000000001,56.8415,64.596,68.7248,71.0592,53.6326,57.809,61.1553,64.6392,67.4508,73.7409,70.3815,74.5845,73.9118,73.3633,68.1673,68.2937,72.3617,67.8743,68.6994,61.3571,72.109,75.1394,76.3387,73.4038,74.456,75.3807,75.60291477959531,75.86731097683297,76.13329733738149,76.36400312657408,76.52521683207657,76.63411902718978,76.71669586291846,76.75503826994719,76.73256854147931,76.63428341428572,77.19561181629635,77.69991319437055,78.16069154777654,78.5909034163526,79.00350533993712,79.39667245376411,79.76657254182507,80.1223299279498,80.47288644949154,80.8273664302801,81.16989354685158,81.49344206985704,81.81972789001145,82.17046689802979,82.56701001167382,82.996035718152,83.4356456402728,83.89414291272132,84.37964818370611,84.90037334467401
,SRB,RBY,unconditional,best,KYOTOGHG,IPCM0EL,MtCO2eq,AR4,78.6808,56.2957,62.1089,55.3315,53.87300000000001,56.8415,64.596,68.7248,71.0592,53.6326,57.809,61.1553,64.6392,67.4508,73.7409,70.3815,74.5845,73.9118,73.3633,68.1673,68.2937,72.3617,67.8743,68.6994,61.3571,72.109,75.1394,76.3387,73.4038,74.456,75.3807,75.60291477959531,75.86731097683297,76.13329733738149,76.36400312657408,76.52521683207657,76.63411902718978,76.71669586291846,76.75503826994719,76.73256854147931,76.63428341428572,77.19561181629635,77.69991319437055,78.16069154777654,78.5909034163526,79.00350533993712,79.39667245376411,79.76657254182507,80.1223299279498,80.47288644949154,80.8273664302801,81.16989354685158,81.49344206985704,81.81972789001145,82.17046689802979,82.56701001167382,82.996035718152,83.4356456402728,83.89414291272132,84.37964818370611,84.90037334467401
"No targets calculated, so the baseline emissions are put in as target pathways for all un/conditional best/worst pathways.
",SRB,baseline_emissions,conditional,worst,KYOTOGHG,IPCM0EL,MtCO2eq,AR4,78.6808,56.2957,62.1089,55.3315,53.87300000000001,56.8415,64.596,68.7248,71.0592,53.6326,57.809,61.1553,64.6392,67.4508,73.7409,70.3815,74.5845,73.9118,73.3633,68.1673,68.2937,72.3617,67.8743,68.6994,61.3571,72.109,75.1394,76.3387,73.4038,74.456,75.3807,76.2708,77.2197,78.1873,79.1359,80.0292,80.8838,81.7263,82.5371,83.2973,83.98899999999998,84.6042,85.1569,85.6619,86.1334,86.5856,87.0165,87.4219,87.8118,88.196,88.5845,88.9599,89.3145,89.6721,90.0565,90.4911,90.9613,91.4431,91.9456,92.4777,93.0484
"No targets calculated, so the baseline emissions are put in as target pathways for all un/conditional best/worst pathways.
",SRB,baseline_emissions,conditional,best,KYOTOGHG,IPCM0EL,MtCO2eq,AR4,78.6808,56.2957,62.1089,55.3315,53.87300000000001,56.8415,64.596,68.7248,71.0592,53.6326,57.809,61.1553,64.6392,67.4508,73.7409,70.3815,74.5845,73.9118,73.3633,68.1673,68.2937,72.3617,67.8743,68.6994,61.3571,72.109,75.1394,76.3387,73.4038,74.456,75.3807,76.2708,77.2197,78.1873,79.1359,80.0292,80.8838,81.7263,82.5371,83.2973,83.98899999999998,84.6042,85.1569,85.6619,86.1334,86.5856,87.0165,87.4219,87.8118,88.196,88.5845,88.9599,89.3145,89.6721,90.0565,90.4911,90.9613,91.4431,91.9456,92.4777,93.0484
"No targets calculated, so the baseline emissions are put in as target pathways for all un/conditional best/worst pathways.
",SRB,baseline_emissions,unconditional,worst,KYOTOGHG,IPCM0EL,MtCO2eq,AR4,78.6808,56.2957,62.1089,55.3315,53.87300000000001,56.8415,64.596,68.7248,71.0592,53.6326,57.809,61.1553,64.6392,67.4508,73.7409,70.3815,74.5845,73.9118,73.3633,68.1673,68.2937,72.3617,67.8743,68.6994,61.3571,72.109,75.1394,76.3387,73.4038,74.456,75.3807,76.2708,77.2197,78.1873,79.1359,80.0292,80.8838,81.7263,82.5371,83.2973,83.98899999999998,84.6042,85.1569,85.6619,86.1334,86.5856,87.0165,87.4219,87.8118,88.196,88.5845,88.9599,89.3145,89.6721,90.0565,90.4911,90.9613,91.4431,91.9456,92.4777,93.0484
"No targets calculated, so the baseline emissions are put in as target pathways for all un/conditional best/worst pathways.
",SRB,baseline_emissions,unconditional,best,KYOTOGHG,IPCM0EL,MtCO2eq,AR4,78.6808,56.2957,62.1089,55.3315,53.87300000000001,56.8415,64.596,68.7248,71.0592,53.6326,57.809,61.1553,64.6392,67.4508,73.7409,70.3815,74.5845,73.9118,73.3633,68.1673,68.2937,72.3617,67.8743,68.6994,61.3571,72.109,75.1394,76.3387,73.4038,74.456,75.3807,76.2708,77.2197,78.1873,79.1359,80.0292,80.8838,81.7263,82.5371,83.2973,83.98899999999998,84.6042,85.1569,85.6619,86.1334,86.5856,87.0165,87.4219,87.8118,88.196,88.5845,88.9599,89.3145,89.6721,90.0565,90.4911,90.9613,91.4431,91.9456,92.4777,93.0484
,SRB,,emi_bau,emi_bau,KYOTOGHG,IPCM0EL,MtCO2eq,AR4,78.6808,56.2957,62.1089,55.3315,53.87300000000001,56.8415,64.596,68.7248,71.0592,53.6326,57.809,61.1553,64.6392,67.4508,73.7409,70.3815,74.5845,73.9118,73.3633,68.1673,68.2937,72.3617,67.8743,68.6994,61.3571,72.109,75.1394,76.3387,73.4038,74.456,75.3807,76.2708,77.2197,78.1873,79.1359,80.0292,80.8838,81.7263,82.5371,83.2973,83.98899999999998,84.6042,85.1569,85.6619,86.1334,86.5856,87.0165,87.4219,87.8118,88.196,88.5845,88.9599,89.3145,89.6721,90.0565,90.4911,90.9613,91.4431,91.9456,92.4777,93.0484
,SRB,,emi_cov,emi_cov,KYOTOGHG,IPCM0EL,MtCO2eq,AR4,78.6808,56.2957,62.1089,55.3315,53.87300000000001,56.8415,64.596,68.7248,71.0592,53.6326,57.809,61.1553,64.6392,67.4508,73.7409,70.3815,74.5845,73.9118,73.3633,68.1673,68.2937,72.3617,67.8743,68.6994,61.3571,72.109,75.1394,76.3387,73.4038,74.456,75.3807,76.2708,77.2197,78.18719999844329,79.1359,80.0290999635,80.8838,81.7263,82.5369999650348,83.2973,83.98899999999998,84.6042,85.1569,85.6618000325627,86.1334,86.5856,87.0165,87.4219,87.8118,88.196,88.5845,88.9599,89.3145,89.6721,90.0565,90.4910000073345,90.9613,91.4431,91.9454999631872,92.4776000316063,93.0484
,SRB,,emi_ncov,emi_ncov,KYOTOGHG,IPCM0EL,MtCO2eq,AR4,0.0,0.0,0.0,0.0,0.0,0.0,0.0,0.0,0.0,0.0,0.0,0.0,0.0,0.0,0.0,0.0,0.0,0.0,0.0,0.0,0.0,0.0,0.0,0.0,0.0,0.0,0.0,0.0,0.0,0.0,0.0,0.0,0.0,0.00010000155670161693,0.0,0.00010003649999621285,0.0,0.0,0.00010003496520232675,0.0,0.0,0.0,0.0,9.996743730682144e-05,0.0,0.0,0.0,0.0,0.0,0.0,0.0,0.0,0.0,0.0,0.0,9.99926654950893e-05,0.0,0.0,0.0001000368127983851,9.996839369614971e-05,0.0
,SRB,,pc_cov,pc_cov,KYOTOGHG,IPCM0EL,MtCO2eq/MtCO2eq,AR4,1.0,1.0,1.0,1.0,1.0,1.0,1.0,1.0,1.0,1.0,1.0,1.0,1.0,1.0,1.0,1.0,1.0,1.0,1.0,1.0,1.0,1.0,1.0,1.0,1.0,1.0,1.0,1.0,1.0,1.0,1.0,1.0,1.0,0.999998721,1.0,0.99999875,1.0,1.0,0.999998788,1.0,1.0,1.0,1.0,0.9999988329999999,1.0,1.0,1.0,1.0,1.0,1.0,1.0,1.0,1.0,1.0,1.0,0.999998895,1.0,1.0,0.999998912,0.999998919,1.0
,SSD,,pop,pop,POP,DEMOGR,Pers,,5492623.0,5420171.0,5305457.0,5185699.0,5111365.0,5118083.0,5221926.0,5411655.0,5661942.0,5933882.0,6199394.0,6447793.0,6688226.0,6935676.0,7213351.0,7535932.0,7907406.0,8315139.0,8736939.0,9142259.0,9508364.0,9830699.0,10113649.0,10355035.0,10554880.0,10715658.0,10832518.0,10910763.0,10580417.166666666,10580417.166666666,10580417.166666666,10580417.166666666,10580417.166666666,10580417.166666666,10580417.166666666,10580417.166666666,10580417.166666666,10580417.166666666,10580417.166666666,10580417.166666666,10580417.166666666,10580417.166666666,10580417.166666666,10580417.166666666,10580417.166666666,10580417.166666666,10580417.166666666,10580417.166666666,10580417.166666666,10580417.166666666,10580417.166666666,10580417.166666666,10580417.166666666,10580417.166666666,10580417.166666666,10580417.166666666,10580417.166666666,10580417.166666666,10580417.166666666,10580417.166666666,10580417.166666666
,SSD,,gdp,gdp,GDPPPP,ECO,2011GKD,,5646209165.4901,5972135258.1576,5829878457.8144,5736933342.2813,6157299586.2934,6254565535.4467,6492627833.0926,6761732838.1806,6920344249.5538,8214936467.0145,9147441097.8964,9191409560.7409,9498943110.4298,10420535060.6359,11398493103.1853,13331282605.4019,15750148237.6716,16235624912.4017,17414335695.8721,20523223152.8794,24638454368.6988,29388490919.0854,16235635531.1274,17272950088.7782,18696313800.211,17397272003.841,15681437875.3717,22175397214.3888,21618610067.7749,23365692342.8624,24960587149.0621,26395054170.5932,27808473096.4166,29231328909.9965,30693596927.3756,32225042127.8244,33810857973.8169,35417889754.0879,37048494812.659,38705192504.796,40390633362.0518,42098670138.1974,43833994740.017,45615591723.5816,47462436038.7755,49393529063.4315,51406432850.9592,53488356606.0987,55643012006.0558,57874404185.78201,60186881993.427,62578177411.8779,65045797018.5724,67594448803.4333,70229431176.8114,72956690027.1814,75780316120.6535,78701299060.828,81721565205.0582,84843191975.7814,88068404713.35
"No targets calculated, so the baseline emissions are put in as target pathways for all un/conditional best/worst pathways.
",SSD,baseline_emissions,conditional,worst,KYOTOGHG,IPCM0EL,MtCO2eq,AR4,40.6882,41.2526,42.9231,44.2522,45.8605,46.3762,45.6788,47.07899999999999,50.3475,51.2043,54.9822,48.4428,57.0866,54.9563,54.4951,57.6779,51.4096,58.2318,56.9491,58.3757,52.5506,55.8907,55.5017,55.3063,56.5974,57.9685,59.2735,57.9272,53.0477,55.9822,58.4551,60.4426,62.2444,63.958999999999996,65.6749,67.4721,69.3229,71.1612,73.0025,74.8604,76.7475,78.6427,80.5346,82.4482,84.4074,86.4355,88.5338,90.6895,92.9044,95.1805,97.5205,99.9258,102.3928,104.9176,107.4966,110.1267,112.8018,115.5162,118.2677,121.0542,123.8731
"No targets calculated, so the baseline emissions are put in as target pathways for all un/conditional best/worst pathways.
",SSD,baseline_emissions,conditional,best,KYOTOGHG,IPCM0EL,MtCO2eq,AR4,40.6882,41.2526,42.9231,44.2522,45.8605,46.3762,45.6788,47.07899999999999,50.3475,51.2043,54.9822,48.4428,57.0866,54.9563,54.4951,57.6779,51.4096,58.2318,56.9491,58.3757,52.5506,55.8907,55.5017,55.3063,56.5974,57.9685,59.2735,57.9272,53.0477,55.9822,58.4551,60.4426,62.2444,63.958999999999996,65.6749,67.4721,69.3229,71.1612,73.0025,74.8604,76.7475,78.6427,80.5346,82.4482,84.4074,86.4355,88.5338,90.6895,92.9044,95.1805,97.5205,99.9258,102.3928,104.9176,107.4966,110.1267,112.8018,115.5162,118.2677,121.0542,123.8731
"No targets calculated, so the baseline emissions are put in as target pathways for all un/conditional best/worst pathways.
",SSD,baseline_emissions,unconditional,worst,KYOTOGHG,IPCM0EL,MtCO2eq,AR4,40.6882,41.2526,42.9231,44.2522,45.8605,46.3762,45.6788,47.07899999999999,50.3475,51.2043,54.9822,48.4428,57.0866,54.9563,54.4951,57.6779,51.4096,58.2318,56.9491,58.3757,52.5506,55.8907,55.5017,55.3063,56.5974,57.9685,59.2735,57.9272,53.0477,55.9822,58.4551,60.4426,62.2444,63.958999999999996,65.6749,67.4721,69.3229,71.1612,73.0025,74.8604,76.7475,78.6427,80.5346,82.4482,84.4074,86.4355,88.5338,90.6895,92.9044,95.1805,97.5205,99.9258,102.3928,104.9176,107.4966,110.1267,112.8018,115.5162,118.2677,121.0542,123.8731
"No targets calculated, so the baseline emissions are put in as target pathways for all un/conditional best/worst pathways.
",SSD,baseline_emissions,unconditional,best,KYOTOGHG,IPCM0EL,MtCO2eq,AR4,40.6882,41.2526,42.9231,44.2522,45.8605,46.3762,45.6788,47.07899999999999,50.3475,51.2043,54.9822,48.4428,57.0866,54.9563,54.4951,57.6779,51.4096,58.2318,56.9491,58.3757,52.5506,55.8907,55.5017,55.3063,56.5974,57.9685,59.2735,57.9272,53.0477,55.9822,58.4551,60.4426,62.2444,63.958999999999996,65.6749,67.4721,69.3229,71.1612,73.0025,74.8604,76.7475,78.6427,80.5346,82.4482,84.4074,86.4355,88.5338,90.6895,92.9044,95.1805,97.5205,99.9258,102.3928,104.9176,107.4966,110.1267,112.8018,115.5162,118.2677,121.0542,123.8731
,SSD,,emi_bau,emi_bau,KYOTOGHG,IPCM0EL,MtCO2eq,AR4,40.6882,41.2526,42.9231,44.2522,45.8605,46.3762,45.6788,47.07899999999999,50.3475,51.2043,54.9822,48.4428,57.0866,54.9563,54.4951,57.6779,51.4096,58.2318,56.9491,58.3757,52.5506,55.8907,55.5017,55.3063,56.5974,57.9685,59.2735,57.9272,53.0477,55.9822,58.4551,60.4426,62.2444,63.958999999999996,65.6749,67.4721,69.3229,71.1612,73.0025,74.8604,76.7475,78.6427,80.5346,82.4482,84.4074,86.4355,88.5338,90.6895,92.9044,95.1805,97.5205,99.9258,102.3928,104.9176,107.4966,110.1267,112.8018,115.5162,118.2677,121.0542,123.8731
,SSD,,emi_cov,emi_cov,KYOTOGHG,IPCM0EL,MtCO2eq,AR4,0.4934696225914,0.461770053672,0.40859022551819996,0.2782596479402,0.403329614513,0.4028697247666,0.41774934444080003,0.5213590133489999,0.45570962188499997,0.49837974699660004,0.5711401384416,0.6431296162536,0.8136292212238,0.9066005068938999,1.1672010105558,1.1502985065152,1.2633021870304,1.4872946769648,1.5468017376357,1.6132017867469002,1.6069972954494,1.5009001477214001,1.4621000426745998,1.6281009416259,1.686702131424,1.7668006370604998,1.756301782092,1.867797106264,1.5198613772587999,1.6429101272398,1.7466031395747001,1.8299425083607999,1.9054951620391998,1.9773913656139999,2.0493420404158,2.1247017592959,2.2023090889566,2.2793922212292,2.356601148755,2.4345061722856,2.5136355782025,2.593104621348,2.6724353617432,2.7526759572824,2.8348286063328,2.9198704513535003,3.0078558204448003,3.0982481515644995,3.1911227885108,3.2865636288999998,3.384683976905,3.4855424070948,3.5889880539328,3.6948573094703994,3.8029993427861997,3.9132840059459997,4.0254556381692,4.1392752447509995,4.2546504675042005,4.371493291245599,4.4896946654417
,SSD,,emi_ncov,emi_ncov,KYOTOGHG,IPCM0EL,MtCO2eq,AR4,40.194730377408604,40.790829946328,42.514509774481795,43.9739403520598,45.457170385487004,45.9733302752334,45.2610506555592,46.557640986650995,49.891790378115,50.705920253003406,54.4110598615584,47.7996703837464,56.2729707787762,54.0496994931061,53.3278989894442,56.5276014934848,50.1462978129696,56.7445053230352,55.402298262364305,56.7624982132531,50.94360270455061,54.3897998522786,54.0395999573254,53.6781990583741,54.910697868576,56.2016993629395,57.517198217907996,56.059402893736,51.5278386227412,54.3392898727602,56.708496860425306,58.6126574916392,60.3389048379608,61.98160863438599,63.62555795958419,65.3473982407041,67.12059091104341,68.88180777877079,70.645898851245,72.4258938277144,74.2338644217975,76.049595378652,77.8621646382568,79.69552404271761,81.57257139366719,83.5156295486465,85.5259441795552,87.5912518484355,89.7132772114892,91.8939363711,94.135816023095,96.4402575929052,98.8038119460672,101.22274269052959,103.6936006572138,106.213415994054,108.7763443618308,111.376924755249,114.01304953249581,116.6827067087544,119.38340533455829
,SSD,,pc_cov,pc_cov,KYOTOGHG,IPCM0EL,MtCO2eq/MtCO2eq,AR4,0.012128077,0.01119372,0.009519122,0.006288040999999999,0.008794706,0.008686993,0.009145366,0.011074131000000001,0.009051286,0.009733162,0.010387728,0.013276062,0.014252543000000001,0.016496753,0.021418457999999998,0.019943488,0.024573274,0.025540936,0.027161127,0.027634817000000002,0.030579999,0.026854202,0.026343337999999997,0.029437893,0.02980176,0.030478632999999998,0.029630472,0.03224387,0.028650843999999998,0.029347009,0.029879397000000002,0.030275708,0.030613117999999998,0.030916546,0.031204342000000003,0.031490079,0.031768854,0.032031391,0.032281102,0.032520613999999996,0.032752019,0.03297324,0.033183692,0.033386732,0.033585072,0.033780917,0.033974096,0.034163251,0.034348457,0.0345298,0.03470741,0.034881306,0.035051176,0.035216753999999996,0.035377857,0.03553438,0.035686094,0.035832855,0.035974746,0.036111868,0.036244307
,STP,,pop,pop,POP,DEMOGR,Pers,,119209.0,121956.0,124576.0,127062.0,129427.0,131678.0,133806.0,135832.0,137848.0,139959.0,142262.0,144755.0,147447.0,150415.0,153737.0,157472.0,161681.0,166300.0,171120.0,175876.0,180371.0,184524.0,188404.0,192087.0,195727.0,199432.0,203227.0,207089.0,197661.0,197661.0,197661.0,197661.0,197661.0,197661.0,197661.0,197661.0,197661.0,197661.0,197661.0,197661.0,197661.0,197661.0,197661.0,197661.0,197661.0,197661.0,197661.0,197661.0,197661.0,197661.0,197661.0,197661.0,197661.0,197661.0,197661.0,197661.0,197661.0,197661.0,197661.0,197661.0,197661.0
,STP,,gdp,gdp,GDPPPP,ECO,2011GKD,,185820129.3945,183025070.1904,181298431.3965,183009460.4492,180646347.0459,174462570.1904,183429473.877,184236236.5723,197395996.0938,196454620.3613,210002044.6777,259487152.0996,269249755.8594,281155609.1309,302446044.9219,326208770.75200003,350152343.75,366311462.4023,401446929.9316,421278076.1719,455612274.1699,531802185.0586,553665710.4492,602457153.3203,625763549.8047,610192565.918,710638427.7344,725275146.4844,637998758.9518332,637998758.9518332,637998758.9518332,637998758.9518332,637998758.9518332,637998758.9518332,637998758.9518332,637998758.9518332,637998758.9518332,637998758.9518332,637998758.9518332,637998758.9518332,637998758.9518332,637998758.9518332,637998758.9518332,637998758.9518332,637998758.9518332,637998758.9518332,637998758.9518332,637998758.9518332,637998758.9518332,637998758.9518332,637998758.9518332,637998758.9518332,637998758.9518332,637998758.9518332,637998758.9518332,637998758.9518332,637998758.9518332,637998758.9518332,637998758.9518332,637998758.9518332,637998758.9518332
"The target value from 'conditional_best' was used for 'conditional_worst' in 2030.
",STP,ABS,conditional,worst,KYOTOGHG,IPCM0EL,MtCO2eq,AR4,0.08446000000000001,0.086116,0.08693200000000001,0.087274,0.08707999999999999,0.088012,0.08867699999999999,0.090135,0.090033,0.091489,0.10538,0.10853,0.11807999999999999,0.12991,0.13655,0.14264000000000002,0.14753,0.1512,0.15437,0.16374,0.17232,0.17764000000000002,0.19045,0.19515,0.19763,0.21689,0.22409,0.2268300000000001,0.22784307692307695,0.2288561538461539,0.22986923076923085,0.2253988528846154,0.22088035384615387,0.2163137336538462,0.21169899230769235,0.20703612980769234,0.2023251461538462,0.19756604134615383,0.19275881538461534,0.18790346826923082,0.183,0.183,0.183,0.183,0.183,0.183,0.183,0.183,0.183,0.183,0.183,0.183,0.183,0.183,0.183,0.183,0.183,0.183,0.183,0.183,0.183
,STP,ABS,conditional,best,KYOTOGHG,IPCM0EL,MtCO2eq,AR4,0.08446000000000001,0.086116,0.08693200000000001,0.087274,0.08707999999999999,0.088012,0.08867699999999999,0.090135,0.090033,0.091489,0.10538,0.10853,0.11807999999999999,0.12991,0.13655,0.14264000000000002,0.14753,0.1512,0.15437,0.16374,0.17232,0.17764000000000002,0.19045,0.19515,0.19763,0.21689,0.22409,0.2268300000000001,0.22784307692307695,0.2288561538461539,0.22986923076923085,0.2253988528846154,0.22088035384615387,0.2163137336538462,0.21169899230769235,0.20703612980769234,0.2023251461538462,0.19756604134615383,0.19275881538461534,0.18790346826923082,0.183,0.183,0.183,0.183,0.183,0.183,0.183,0.183,0.183,0.183,0.183,0.183,0.183,0.183,0.183,0.183,0.183,0.183,0.183,0.183,0.183
,STP,ABS,unconditional,worst,KYOTOGHG,IPCM0EL,MtCO2eq,AR4,0.08446000000000001,0.086116,0.08693200000000001,0.087274,0.08707999999999999,0.088012,0.08867699999999999,0.090135,0.090033,0.091489,0.10538,0.10853,0.11807999999999999,0.12991,0.13655,0.14264000000000002,0.14753,0.1512,0.15437,0.16374,0.17232,0.17764000000000002,0.19045,0.19515,0.19763,0.21689,0.22409,0.2268300000000001,0.22784307692307695,0.2288561538461539,0.22986923076923085,0.2308823076923077,0.23189538461538464,0.2329084615384616,0.2339215384615385,0.2349346153846154,0.23594769230769236,0.2369607692307692,0.2379738461538461,0.2389869230769231,0.24,0.24,0.24,0.24,0.24,0.24,0.24,0.24,0.24,0.24,0.24,0.24,0.24,0.24,0.24,0.24,0.24,0.24,0.24,0.24,0.24
,STP,ABS,unconditional,best,KYOTOGHG,IPCM0EL,MtCO2eq,AR4,0.08446000000000001,0.086116,0.08693200000000001,0.087274,0.08707999999999999,0.088012,0.08867699999999999,0.090135,0.090033,0.091489,0.10538,0.10853,0.11807999999999999,0.12991,0.13655,0.14264000000000002,0.14753,0.1512,0.15437,0.16374,0.17232,0.17764000000000002,0.19045,0.19515,0.19763,0.21689,0.22409,0.2268300000000001,0.22784307692307695,0.2288561538461539,0.22986923076923085,0.2308823076923077,0.23189538461538464,0.2329084615384616,0.2339215384615385,0.2349346153846154,0.23594769230769236,0.2369607692307692,0.2379738461538461,0.2389869230769231,0.24,0.24,0.24,0.24,0.24,0.24,0.24,0.24,0.24,0.24,0.24,0.24,0.24,0.24,0.24,0.24,0.24,0.24,0.24,0.24,0.24
"The target value from 'conditional_best' was used for 'conditional_worst' in 2030.
",STP,ABU,conditional,worst,KYOTOGHG,IPCM0EL,MtCO2eq,AR4,0.08446000000000001,0.086116,0.08693200000000001,0.087274,0.08707999999999999,0.088012,0.08867699999999999,0.090135,0.090033,0.091489,0.10538,0.10853,0.11807999999999999,0.12991,0.13655,0.14264000000000002,0.14753,0.1512,0.15437,0.16374,0.17232,0.17764000000000002,0.19045,0.19515,0.19763,0.21689,0.22409,0.2268300000000001,0.22784307692307695,0.2288561538461539,0.22986923076923085,0.2253988528846154,0.22088035384615387,0.2163137336538462,0.21169899230769235,0.20703612980769234,0.2023251461538462,0.19756604134615383,0.19275881538461534,0.18790346826923082,0.183,0.183,0.183,0.183,0.183,0.183,0.183,0.183,0.183,0.183,0.183,0.183,0.183,0.183,0.183,0.183,0.183,0.183,0.183,0.183,0.183
,STP,ABU,conditional,best,KYOTOGHG,IPCM0EL,MtCO2eq,AR4,0.08446000000000001,0.086116,0.08693200000000001,0.087274,0.08707999999999999,0.088012,0.08867699999999999,0.090135,0.090033,0.091489,0.10538,0.10853,0.11807999999999999,0.12991,0.13655,0.14264000000000002,0.14753,0.1512,0.15437,0.16374,0.17232,0.17764000000000002,0.19045,0.19515,0.19763,0.21689,0.22409,0.2268300000000001,0.22784307692307695,0.2288561538461539,0.22986923076923085,0.2253988528846154,0.22088035384615387,0.2163137336538462,0.21169899230769235,0.20703612980769234,0.2023251461538462,0.19756604134615383,0.19275881538461534,0.18790346826923082,0.183,0.183,0.183,0.183,0.183,0.183,0.183,0.183,0.183,0.183,0.183,0.183,0.183,0.183,0.183,0.183,0.183,0.183,0.183,0.183,0.183
,STP,ABU,unconditional,worst,KYOTOGHG,IPCM0EL,MtCO2eq,AR4,0.08446000000000001,0.086116,0.08693200000000001,0.087274,0.08707999999999999,0.088012,0.08867699999999999,0.090135,0.090033,0.091489,0.10538,0.10853,0.11807999999999999,0.12991,0.13655,0.14264000000000002,0.14753,0.1512,0.15437,0.16374,0.17232,0.17764000000000002,0.19045,0.19515,0.19763,0.21689,0.22409,0.2268300000000001,0.22784307692307695,0.2288561538461539,0.22986923076923085,0.2308823076923077,0.23189538461538464,0.2329084615384616,0.2339215384615385,0.2349346153846154,0.23594769230769236,0.2369607692307692,0.2379738461538461,0.2389869230769231,0.24,0.24,0.24,0.24,0.24,0.24,0.24,0.24,0.24,0.24,0.24,0.24,0.24,0.24,0.24,0.24,0.24,0.24,0.24,0.24,0.24
,STP,ABU,unconditional,best,KYOTOGHG,IPCM0EL,MtCO2eq,AR4,0.08446000000000001,0.086116,0.08693200000000001,0.087274,0.08707999999999999,0.088012,0.08867699999999999,0.090135,0.090033,0.091489,0.10538,0.10853,0.11807999999999999,0.12991,0.13655,0.14264000000000002,0.14753,0.1512,0.15437,0.16374,0.17232,0.17764000000000002,0.19045,0.19515,0.19763,0.21689,0.22409,0.2268300000000001,0.22784307692307695,0.2288561538461539,0.22986923076923085,0.2308823076923077,0.23189538461538464,0.2329084615384616,0.2339215384615385,0.2349346153846154,0.23594769230769236,0.2369607692307692,0.2379738461538461,0.2389869230769231,0.24,0.24,0.24,0.24,0.24,0.24,0.24,0.24,0.24,0.24,0.24,0.24,0.24,0.24,0.24,0.24,0.24,0.24,0.24,0.24,0.24
"The target value from 'conditional_best' was used for 'conditional_worst' in 2030.
",STP,RBU,conditional,worst,KYOTOGHG,IPCM0EL,MtCO2eq,AR4,0.08446000000000001,0.086116,0.08693200000000001,0.087274,0.08707999999999999,0.088012,0.08867699999999999,0.090135,0.090033,0.091489,0.10538,0.10853,0.11807999999999999,0.12991,0.13655,0.14264000000000002,0.14753,0.1512,0.15437,0.16374,0.17232,0.17764000000000002,0.19045,0.19515,0.19763,0.21689,0.22409,0.2268300000000001,0.22784307692307695,0.2288561538461539,0.22986923076923085,0.22534115888316944,0.22076445953801888,0.21613913273377905,0.21146517847044985,0.20674259674803142,0.2019713875665237,0.19715155092592662,0.19228308682624035,0.18736599526746486,0.18240027624959998,0.18240027624959998,0.18240027624959998,0.18240027624959998,0.18240027624959998,0.18240027624959998,0.18240027624959998,0.18240027624959998,0.18240027624959998,0.18240027624959998,0.18240027624959998,0.18240027624959998,0.18240027624959998,0.18240027624959998,0.18240027624959998,0.18240027624959998,0.18240027624959998,0.18240027624959998,0.18240027624959998,0.18240027624959998,0.18240027624959998
,STP,RBU,conditional,best,KYOTOGHG,IPCM0EL,MtCO2eq,AR4,0.08446000000000001,0.086116,0.08693200000000001,0.087274,0.08707999999999999,0.088012,0.08867699999999999,0.090135,0.090033,0.091489,0.10538,0.10853,0.11807999999999999,0.12991,0.13655,0.14264000000000002,0.14753,0.1512,0.15437,0.16374,0.17232,0.17764000000000002,0.19045,0.19515,0.19763,0.21689,0.22409,0.2268300000000001,0.22784307692307695,0.2288561538461539,0.22986923076923085,0.22534115888316944,0.22076445953801888,0.21613913273377905,0.21146517847044985,0.20674259674803142,0.2019713875665237,0.19715155092592662,0.19228308682624035,0.18736599526746486,0.18240027624959998,0.18240027624959998,0.18240027624959998,0.18240027624959998,0.18240027624959998,0.18240027624959998,0.18240027624959998,0.18240027624959998,0.18240027624959998,0.18240027624959998,0.18240027624959998,0.18240027624959998,0.18240027624959998,0.18240027624959998,0.18240027624959998,0.18240027624959998,0.18240027624959998,0.18240027624959998,0.18240027624959998,0.18240027624959998,0.18240027624959998
,STP,RBU,unconditional,worst,KYOTOGHG,IPCM0EL,MtCO2eq,AR4,0.08446000000000001,0.086116,0.08693200000000001,0.087274,0.08707999999999999,0.088012,0.08867699999999999,0.090135,0.090033,0.091489,0.10538,0.10853,0.11807999999999999,0.12991,0.13655,0.14264000000000002,0.14753,0.1512,0.15437,0.16374,0.17232,0.17764000000000002,0.19045,0.19515,0.19763,0.21689,0.22409,0.2268300000000001,0.22784307692307695,0.2288561538461539,0.22986923076923085,0.2308823076923077,0.23189538461538464,0.2329084615384616,0.2339215384615385,0.2349346153846154,0.23594769230769236,0.2369607692307692,0.2379738461538461,0.2389869230769231,0.24,0.24,0.24,0.24,0.24,0.24,0.24,0.24,0.24,0.24,0.24,0.24,0.24,0.24,0.24,0.24,0.24,0.24,0.24,0.24,0.24
,STP,RBU,unconditional,best,KYOTOGHG,IPCM0EL,MtCO2eq,AR4,0.08446000000000001,0.086116,0.08693200000000001,0.087274,0.08707999999999999,0.088012,0.08867699999999999,0.090135,0.090033,0.091489,0.10538,0.10853,0.11807999999999999,0.12991,0.13655,0.14264000000000002,0.14753,0.1512,0.15437,0.16374,0.17232,0.17764000000000002,0.19045,0.19515,0.19763,0.21689,0.22409,0.2268300000000001,0.22784307692307695,0.2288561538461539,0.22986923076923085,0.2308823076923077,0.23189538461538464,0.2329084615384616,0.2339215384615385,0.2349346153846154,0.23594769230769236,0.2369607692307692,0.2379738461538461,0.2389869230769231,0.24,0.24,0.24,0.24,0.24,0.24,0.24,0.24,0.24,0.24,0.24,0.24,0.24,0.24,0.24,0.24,0.24,0.24,0.24,0.24,0.24
"No targets calculated, so the baseline emissions are put in as target pathways for all un/conditional best/worst pathways.
",STP,baseline_emissions,conditional,worst,KYOTOGHG,IPCM0EL,MtCO2eq,AR4,0.08446000000000001,0.086116,0.08693200000000001,0.087274,0.08707999999999999,0.088012,0.08867699999999999,0.090135,0.090033,0.091489,0.10538,0.10853,0.11807999999999999,0.12991,0.13655,0.14264000000000002,0.14753,0.1512,0.15437,0.16374,0.17232,0.17764000000000002,0.19045,0.19515,0.19763,0.21689,0.22409,0.2268300000000001,0.22784307692307695,0.2288561538461539,0.22986923076923085,0.2308823076923077,0.23189538461538464,0.2329084615384616,0.2339215384615385,0.2349346153846154,0.23594769230769236,0.2369607692307692,0.2379738461538461,0.2389869230769231,0.24,0.24,0.24,0.24,0.24,0.24,0.24,0.24,0.24,0.24,0.24,0.24,0.24,0.24,0.24,0.24,0.24,0.24,0.24,0.24,0.24
"No targets calculated, so the baseline emissions are put in as target pathways for all un/conditional best/worst pathways.
",STP,baseline_emissions,conditional,best,KYOTOGHG,IPCM0EL,MtCO2eq,AR4,0.08446000000000001,0.086116,0.08693200000000001,0.087274,0.08707999999999999,0.088012,0.08867699999999999,0.090135,0.090033,0.091489,0.10538,0.10853,0.11807999999999999,0.12991,0.13655,0.14264000000000002,0.14753,0.1512,0.15437,0.16374,0.17232,0.17764000000000002,0.19045,0.19515,0.19763,0.21689,0.22409,0.2268300000000001,0.22784307692307695,0.2288561538461539,0.22986923076923085,0.2308823076923077,0.23189538461538464,0.2329084615384616,0.2339215384615385,0.2349346153846154,0.23594769230769236,0.2369607692307692,0.2379738461538461,0.2389869230769231,0.24,0.24,0.24,0.24,0.24,0.24,0.24,0.24,0.24,0.24,0.24,0.24,0.24,0.24,0.24,0.24,0.24,0.24,0.24,0.24,0.24
"No targets calculated, so the baseline emissions are put in as target pathways for all un/conditional best/worst pathways.
",STP,baseline_emissions,unconditional,worst,KYOTOGHG,IPCM0EL,MtCO2eq,AR4,0.08446000000000001,0.086116,0.08693200000000001,0.087274,0.08707999999999999,0.088012,0.08867699999999999,0.090135,0.090033,0.091489,0.10538,0.10853,0.11807999999999999,0.12991,0.13655,0.14264000000000002,0.14753,0.1512,0.15437,0.16374,0.17232,0.17764000000000002,0.19045,0.19515,0.19763,0.21689,0.22409,0.2268300000000001,0.22784307692307695,0.2288561538461539,0.22986923076923085,0.2308823076923077,0.23189538461538464,0.2329084615384616,0.2339215384615385,0.2349346153846154,0.23594769230769236,0.2369607692307692,0.2379738461538461,0.2389869230769231,0.24,0.24,0.24,0.24,0.24,0.24,0.24,0.24,0.24,0.24,0.24,0.24,0.24,0.24,0.24,0.24,0.24,0.24,0.24,0.24,0.24
"No targets calculated, so the baseline emissions are put in as target pathways for all un/conditional best/worst pathways.
",STP,baseline_emissions,unconditional,best,KYOTOGHG,IPCM0EL,MtCO2eq,AR4,0.08446000000000001,0.086116,0.08693200000000001,0.087274,0.08707999999999999,0.088012,0.08867699999999999,0.090135,0.090033,0.091489,0.10538,0.10853,0.11807999999999999,0.12991,0.13655,0.14264000000000002,0.14753,0.1512,0.15437,0.16374,0.17232,0.17764000000000002,0.19045,0.19515,0.19763,0.21689,0.22409,0.2268300000000001,0.22784307692307695,0.2288561538461539,0.22986923076923085,0.2308823076923077,0.23189538461538464,0.2329084615384616,0.2339215384615385,0.2349346153846154,0.23594769230769236,0.2369607692307692,0.2379738461538461,0.2389869230769231,0.24,0.24,0.24,0.24,0.24,0.24,0.24,0.24,0.24,0.24,0.24,0.24,0.24,0.24,0.24,0.24,0.24,0.24,0.24,0.24,0.24
,STP,,emi_bau,emi_bau,KYOTOGHG,IPCM0EL,MtCO2eq,AR4,0.08446000000000001,0.086116,0.08693200000000001,0.087274,0.08707999999999999,0.088012,0.08867699999999999,0.090135,0.090033,0.091489,0.10538,0.10853,0.11807999999999999,0.12991,0.13655,0.14264000000000002,0.14753,0.1512,0.15437,0.16374,0.17232,0.17764000000000002,0.19045,0.19515,0.19763,0.21689,0.22409,0.2268300000000001,0.22784307692307695,0.2288561538461539,0.22986923076923085,0.2308823076923077,0.23189538461538464,0.2329084615384616,0.2339215384615385,0.2349346153846154,0.23594769230769236,0.2369607692307692,0.2379738461538461,0.2389869230769231,0.24,0.24,0.24,0.24,0.24,0.24,0.24,0.24,0.24,0.24,0.24,0.24,0.24,0.24,0.24,0.24,0.24,0.24,0.24,0.24,0.24
,STP,,emi_cov,emi_cov,KYOTOGHG,IPCM0EL,MtCO2eq,AR4,0.08446000000000001,0.086116,0.08693200000000001,0.087274,0.08707999999999999,0.088012,0.08867699999999999,0.090135,0.090033,0.091489,0.10538,0.10853,0.11807999999999999,0.12991,0.13655,0.14264000000000002,0.14753,0.1512,0.15437,0.16374,0.17232,0.17764000000000002,0.19045,0.19515,0.19763,0.21689,0.22409,0.2268300000000001,0.22784198418768004,0.22885505625204008,0.2298681283164001,0.23088120038076002,0.23189427244512004,0.23290734450948009,0.23392041657384005,0.23493348863820004,0.23594656070256007,0.23695963276691998,0.23797270483127997,0.23898577689564005,0.23999884896,0.23999884896,0.23999884896,0.23999884896,0.23999884896,0.23999884896,0.23999884896,0.23999884896,0.23999884896,0.23999884896,0.23999884896,0.23999884896,0.23999884896,0.23999884896,0.23999884896,0.23999884896,0.23999884896,0.23999884896,0.23999884896,0.23999884896,0.23999884896
,STP,,emi_ncov,emi_ncov,KYOTOGHG,IPCM0EL,MtCO2eq,AR4,0.0,0.0,0.0,0.0,0.0,0.0,0.0,0.0,0.0,0.0,0.0,0.0,0.0,0.0,0.0,0.0,0.0,0.0,0.0,0.0,0.0,0.0,0.0,0.0,0.0,0.0,0.0,0.0,1.092735396904414e-06,1.097594113827408e-06,1.1024528307504022e-06,1.1073115476733957e-06,1.1121702645963898e-06,1.1170289815193837e-06,1.1218876984423776e-06,1.1267464153653715e-06,1.1316051322883657e-06,1.1364638492113592e-06,1.1413225661343529e-06,1.1461812830573472e-06,1.1510399999803411e-06,1.1510399999803411e-06,1.1510399999803411e-06,1.1510399999803411e-06,1.1510399999803411e-06,1.1510399999803411e-06,1.1510399999803411e-06,1.1510399999803411e-06,1.1510399999803411e-06,1.1510399999803411e-06,1.1510399999803411e-06,1.1510399999803411e-06,1.1510399999803411e-06,1.1510399999803411e-06,1.1510399999803411e-06,1.1510399999803411e-06,1.1510399999803411e-06,1.1510399999803411e-06,1.1510399999803411e-06,1.1510399999803411e-06,1.1510399999803411e-06
,STP,,pc_cov,pc_cov,KYOTOGHG,IPCM0EL,MtCO2eq/MtCO2eq,AR4,1.0,1.0,1.0,1.0,1.0,1.0,1.0,1.0,1.0,1.0,1.0,1.0,1.0,1.0,1.0,1.0,1.0,1.0,1.0,1.0,1.0,1.0,1.0,1.0,1.0,1.0,1.0,1.0,0.9999952040000001,0.9999952040000001,0.9999952040000001,0.9999952040000001,0.9999952040000001,0.9999952040000001,0.9999952040000001,0.9999952040000001,0.9999952040000001,0.9999952040000001,0.9999952040000001,0.9999952040000001,0.9999952040000001,0.9999952040000001,0.9999952040000001,0.9999952040000001,0.9999952040000001,0.9999952040000001,0.9999952040000001,0.9999952040000001,0.9999952040000001,0.9999952040000001,0.9999952040000001,0.9999952040000001,0.9999952040000001,0.9999952040000001,0.9999952040000001,0.9999952040000001,0.9999952040000001,0.9999952040000001,0.9999952040000001,0.9999952040000001,0.9999952040000001
,SUR,,pop,pop,POP,DEMOGR,Pers,,405168.0,413005.0,420655.0,428030.0,435105.0,441851.0,448213.0,454161.0,459831.0,465385.0,470949.0,476579.0,482235.0,487942.0,493679.0,499464.0,505295.0,511181.0,517123.0,523111.0,529131.0,535179.0,541245.0,547291.0,553273.0,559143.0,564888.0,570496.0,577138.8794,583425.5894,589779.069,596268.2815,602936.2832,609742.709,616647.2082,623609.4383,630617.7523,637644.1109,644623.4859,651490.7406,658180.6502,664724.2237,671192.6327,677580.8215,683883.7131,690096.2081,696207.5499,702228.9139,708188.1377,714113.1371,720031.91,725928.8375,731788.6562,737640.0494,743511.8244,749432.9133,755384.6642,761332.5773,767281.9298,773238.0378,779206.2693
,SUR,,gdp,gdp,GDPPPP,ECO,2011GKD,,2646561279.2969,2728461425.7813,2803726806.6406,2607662597.6563,2603545166.0156,2475547119.1406,2899719238.2813,3146385009.7656,3342625976.5625,2872825195.3125,3306862304.6875,3527922119.1406,3755477294.9219,4172011718.75,4539975585.9375,4884631835.9375,5266711914.0625,5590149902.3438,6099001953.125,6435309082.0313,7153442382.8125,7802296875.0,7989936523.4375,8206952148.4375,8218612304.6875,7916360351.5625,7443213378.9063,7393280761.7188,8676963461.7816,9093160017.8477,9509677285.9948,9933716846.5544,10373418883.7895,10824853803.5706,11284152655.5716,11747493166.6271,12212275638.6872,12677583703.514,13142152140.2518,13604722779.9673,14064044170.5836,14518299374.712,14968054870.865,15415605583.8689,15863201765.9542,16313047700.0282,16764725485.0124,17218305852.883,17676737152.763,18143030396.3304,18620261907.4857,19107180161.0571,19599918047.5967,20097700526.087,20599780179.6668,21105437755.4963,21615023416.5491,22129700288.272003,22649990613.7141,23176418036.1784,23709507470.428
"No targets calculated, so the baseline emissions are put in as target pathways for all un/conditional best/worst pathways.
",SUR,baseline_emissions,conditional,worst,KYOTOGHG,IPCM0EL,MtCO2eq,AR4,3.0181,3.3546,3.4706,3.333,3.3093,3.3645,3.4371,3.4005,3.3576,3.0982,3.0779,3.2627,2.3011,2.3488,2.4026,2.3665,2.5557,2.5359,2.7884,2.9204,3.3192,2.9199,3.1653,2.8281,2.9569,3.3012,3.4379,3.4589999999999996,3.7236,3.8415,3.9604,4.0828,4.2104,4.3416,4.4748,4.6084,4.7415,4.8735,5.004,5.1324,5.2581,5.381,5.5017,5.6208,5.7392,5.8574,5.9749,6.0916,6.2084,6.3259,6.4451,6.5657,6.6867,6.808,6.9294,7.0507,7.1722,7.2942,7.4169,7.5406,7.6655
"No targets calculated, so the baseline emissions are put in as target pathways for all un/conditional best/worst pathways.
",SUR,baseline_emissions,conditional,best,KYOTOGHG,IPCM0EL,MtCO2eq,AR4,3.0181,3.3546,3.4706,3.333,3.3093,3.3645,3.4371,3.4005,3.3576,3.0982,3.0779,3.2627,2.3011,2.3488,2.4026,2.3665,2.5557,2.5359,2.7884,2.9204,3.3192,2.9199,3.1653,2.8281,2.9569,3.3012,3.4379,3.4589999999999996,3.7236,3.8415,3.9604,4.0828,4.2104,4.3416,4.4748,4.6084,4.7415,4.8735,5.004,5.1324,5.2581,5.381,5.5017,5.6208,5.7392,5.8574,5.9749,6.0916,6.2084,6.3259,6.4451,6.5657,6.6867,6.808,6.9294,7.0507,7.1722,7.2942,7.4169,7.5406,7.6655
"No targets calculated, so the baseline emissions are put in as target pathways for all un/conditional best/worst pathways.
",SUR,baseline_emissions,unconditional,worst,KYOTOGHG,IPCM0EL,MtCO2eq,AR4,3.0181,3.3546,3.4706,3.333,3.3093,3.3645,3.4371,3.4005,3.3576,3.0982,3.0779,3.2627,2.3011,2.3488,2.4026,2.3665,2.5557,2.5359,2.7884,2.9204,3.3192,2.9199,3.1653,2.8281,2.9569,3.3012,3.4379,3.4589999999999996,3.7236,3.8415,3.9604,4.0828,4.2104,4.3416,4.4748,4.6084,4.7415,4.8735,5.004,5.1324,5.2581,5.381,5.5017,5.6208,5.7392,5.8574,5.9749,6.0916,6.2084,6.3259,6.4451,6.5657,6.6867,6.808,6.9294,7.0507,7.1722,7.2942,7.4169,7.5406,7.6655
"No targets calculated, so the baseline emissions are put in as target pathways for all un/conditional best/worst pathways.
",SUR,baseline_emissions,unconditional,best,KYOTOGHG,IPCM0EL,MtCO2eq,AR4,3.0181,3.3546,3.4706,3.333,3.3093,3.3645,3.4371,3.4005,3.3576,3.0982,3.0779,3.2627,2.3011,2.3488,2.4026,2.3665,2.5557,2.5359,2.7884,2.9204,3.3192,2.9199,3.1653,2.8281,2.9569,3.3012,3.4379,3.4589999999999996,3.7236,3.8415,3.9604,4.0828,4.2104,4.3416,4.4748,4.6084,4.7415,4.8735,5.004,5.1324,5.2581,5.381,5.5017,5.6208,5.7392,5.8574,5.9749,6.0916,6.2084,6.3259,6.4451,6.5657,6.6867,6.808,6.9294,7.0507,7.1722,7.2942,7.4169,7.5406,7.6655
,SUR,,emi_bau,emi_bau,KYOTOGHG,IPCM0EL,MtCO2eq,AR4,3.0181,3.3546,3.4706,3.333,3.3093,3.3645,3.4371,3.4005,3.3576,3.0982,3.0779,3.2627,2.3011,2.3488,2.4026,2.3665,2.5557,2.5359,2.7884,2.9204,3.3192,2.9199,3.1653,2.8281,2.9569,3.3012,3.4379,3.4589999999999996,3.7236,3.8415,3.9604,4.0828,4.2104,4.3416,4.4748,4.6084,4.7415,4.8735,5.004,5.1324,5.2581,5.381,5.5017,5.6208,5.7392,5.8574,5.9749,6.0916,6.2084,6.3259,6.4451,6.5657,6.6867,6.808,6.9294,7.0507,7.1722,7.2942,7.4169,7.5406,7.6655
,SUR,,emi_cov,emi_cov,KYOTOGHG,IPCM0EL,MtCO2eq,AR4,1.7825872329602999,2.0653205873297997,2.0790144700122,2.052655183953,2.0545923010464,2.073313519518,2.0879724226608003,2.1084628558755,2.1120390787968,2.1354243056356,2.2179631182380004,2.3909057736893002,1.5836972685614001,1.5553454292416002,1.5773185093632,1.6141736524599999,1.7684773333205996,1.7854995182591997,1.9644627191332003,2.0312240393171996,2.4322955272704,1.9927044423600002,2.2601682749601,1.9134821402631,1.9880734832262,2.3444322486228,2.460802717761,2.48689606092,2.7595093153164,2.8719446716545,2.9853336784,3.1020604621592,3.2237462236592,3.3488651262887994,3.4758913312332003,3.6032989966619997,3.7302298312155004,3.8561116586670003,3.9805630048799996,4.1030116896132,4.222885513872599,4.340089119957001,4.455194701175099,4.5687744356256,4.6816866172896,4.794408068396,4.9064619649573995,5.0177529421167995,5.129139280997601,5.2411931762491,5.354868275286901,5.4698784916763,5.585270159470199,5.7009479270479995,5.8167210605604,5.9323988234276,6.048267324079401,6.1646126457972,6.2816255188731,6.399592044875599,6.5187029568204995
,SUR,,emi_ncov,emi_ncov,KYOTOGHG,IPCM0EL,MtCO2eq,AR4,1.2355127670397001,1.2892794126702,1.3915855299877997,1.280344816047,1.2547076989536,1.2911864804820001,1.3491275773392,1.2920371441245,1.2455609212032002,0.9627756943643999,0.8599368817619999,0.8717942263106999,0.7174027314385999,0.7934545707584,0.8252814906368001,0.7523263475399998,0.7872226666794001,0.7504004817408002,0.8239372808668001,0.8891759606828001,0.8869044727295998,0.9271955576399998,0.9051317250398997,0.9146178597369002,0.9688265167738002,0.9567677513772,0.9770972822389999,0.9721039390799999,0.9640906846835997,0.9695553283455,0.9750663215999998,0.9807395378407995,0.9866537763408001,0.9927348737112001,0.9989086687667998,1.005101003338,1.0112701687844998,1.0173883413329996,1.0234369951200002,1.0293883103867998,1.0352144861274002,1.0409108800429998,1.0465052988249002,1.0520255643743996,1.0575133827104004,1.0629919316040002,1.0684380350426002,1.0738470578832002,1.0792607190023995,1.0847068237508999,1.0902317247130995,1.0958215083236997,1.1014298405298006,1.1070520729520006,1.1126789394396002,1.1183011765724002,1.1239326759205996,1.1295873542028005,1.1352744811268995,1.141007955124401,1.1467970431795005
,SUR,,pc_cov,pc_cov,KYOTOGHG,IPCM0EL,MtCO2eq/MtCO2eq,AR4,0.5906322629999999,0.615668213,0.5990360370000001,0.615858141,0.620854048,0.616232284,0.607480848,0.620044951,0.629032368,0.689246758,0.72060922,0.732799759,0.688234874,0.662187257,0.656504832,0.68209324,0.6919737579999999,0.7040890879999999,0.704512523,0.6955293929999999,0.732795712,0.6824564000000001,0.7140455170000001,0.6765963509999999,0.672350598,0.710175769,0.71578659,0.71896388,0.7410863990000001,0.747610223,0.753796,0.7597875140000001,0.765662698,0.771343543,0.776770209,0.781898055,0.7867193570000001,0.7912407220000001,0.79547622,0.799433343,0.803120046,0.806558097,0.809785103,0.812833482,0.815738538,0.81852154,0.821178926,0.8237167479999999,0.8261612140000001,0.828529249,0.8308433190000001,0.833099059,0.8352805059999999,0.8373895309999999,0.839426366,0.841391468,0.8432931770000001,0.8451389659999999,0.846934099,0.8486847259999999,0.8503950109999999
,SVK,,pop,pop,POP,DEMOGR,Pers,,5288454.0,5309235.0,5329033.0,5347214.0,5362896.0,5375470.0,5384788.0,5391204.0,5395254.0,5397708.0,5399211.0,5399992.0,5400122.0,5399834.0,5399380.0,5398963.0,5398673.0,5398692.0,5399371.0,5401153.0,5404294.0,5408937.0,5414889.0,5421725.0,5428803.0,5435611.0,5442003.0,5447900.0,5446773.7401,5446375.7709,5443244.1651,5436892.1482,5427864.5529,5417212.1049,5405982.8376,5395224.3094,5383403.3984,5368793.2147,5352152.2145,5334240.7675,5315822.0366,5295279.6114,5271169.5642,5244513.4708,5216327.366,5187620.3869,5158094.5981,5127122.4713,5095211.1969,5062864.9036,5030584.5665,4998202.232,4965153.9407,4931346.3496,4896688.7849,4861093.3308,4824960.9169,4788697.1876,4752224.2183,4715464.9072,4678342.8329
,SVK,,gdp,gdp,GDPPPP,ECO,2011GKD,,85154812500.0,67572890625.0,63038828125.0,63079457031.25,66219687500.0,69427015625.0,70429023437.5,73275765625.0,73471421875.0,71812539062.5,75273164062.5,78470570312.5,81981859375.0,86451210937.5,90056234375.0,98400812500.0,108504406250.0,120709226562.5,132481140625.0,128175476562.5,139243421875.0,142078703125.0,145582171875.0,147757140625.0,150680625000.0,156045468750.0,160188562500.0,165269796875.0,169519824451.5505,174154970997.6751,178476024650.6467,182565914273.6688,186574368207.0814,190527063551.3712,194449337601.4607,198366337698.9965,202260845563.2691,206084788527.4616,209816957156.1401,213436135685.5322,216921105566.7086,220312350411.3058,223638320905.3352,226859539180.9327,229936265450.3806,232828549974.5208,235577764183.129,238220535707.4651,240709839975.7738,242998869327.8759,245041033207.6468,246882446871.7278,248597131885.7242,250180645407.7801,251628651888.9493,252936827507.9818,254139758339.5167,255255896960.4711,256256658639.4718,257113456456.6625,257797734746.1634
"The target value from 'unconditional_best' was used for 'conditional_worst' in 2030.
The target value from 'unconditional_best' was used for 'conditional_best' in 2030.
",SVK,RBY,conditional,worst,KYOTOGHG,IPCM0EL,MtCO2eq,AR4,73.6361,64.2001,58.788999999999994,55.2466,52.9204,53.5039,53.425,53.3241,52.745,51.4002,49.4723,51.7889,50.4158,50.684,51.4369,51.43,51.3174,49.5365,50.0174,45.6866,46.5343,45.8122,43.2923,42.9867,40.9327,41.9279,42.4383,43.5708,42.6049,43.6795,44.7044,44.58605560245995,44.39919166326281,44.155048635139174,43.86386229169341,43.53512750099285,43.16866901784634,42.75818774786677,42.30263055898495,41.8012757153544,41.253772500000004,41.99739667900212,42.73836614092294,43.47023371570787,44.18632468612393,44.87988848587866,45.55972360587009,46.233642499223194,46.893681014694074,47.53141990668201,48.138515778645804,48.720429762866964,49.2875531804923,49.839127540927166,50.374470202636374,50.892822675025236,51.40093552438623,51.90237365651424,52.391372542889876,52.861788409696395,53.30762918123602
,SVK,RBY,conditional,best,KYOTOGHG,IPCM0EL,MtCO2eq,AR4,73.6361,64.2001,58.788999999999994,55.2466,52.9204,53.5039,53.425,53.3241,52.745,51.4002,49.4723,51.7889,50.4158,50.684,51.4369,51.43,51.3174,49.5365,50.0174,45.6866,46.5343,45.8122,43.2923,42.9867,40.9327,41.9279,42.4383,43.5708,42.6049,43.6795,44.7044,44.58605560245995,44.39919166326281,44.155048635139174,43.86386229169341,43.53512750099285,43.16866901784634,42.75818774786677,42.30263055898495,41.8012757153544,41.253772500000004,41.99739667900212,42.73836614092294,43.47023371570787,44.18632468612393,44.87988848587866,45.55972360587009,46.233642499223194,46.893681014694074,47.53141990668201,48.138515778645804,48.720429762866964,49.2875531804923,49.839127540927166,50.374470202636374,50.892822675025236,51.40093552438623,51.90237365651424,52.391372542889876,52.861788409696395,53.30762918123602
"The target value from 'unconditional_best' was used for 'unconditional_worst' in 2030.
",SVK,RBY,unconditional,worst,KYOTOGHG,IPCM0EL,MtCO2eq,AR4,73.6361,64.2001,58.788999999999994,55.2466,52.9204,53.5039,53.425,53.3241,52.745,51.4002,49.4723,51.7889,50.4158,50.684,51.4369,51.43,51.3174,49.5365,50.0174,45.6866,46.5343,45.8122,43.2923,42.9867,40.9327,41.9279,42.4383,43.5708,42.6049,43.6795,44.7044,44.58605560245995,44.39919166326281,44.155048635139174,43.86386229169341,43.53512750099285,43.16866901784634,42.75818774786677,42.30263055898495,41.8012757153544,41.253772500000004,41.99739667900212,42.73836614092294,43.47023371570787,44.18632468612393,44.87988848587866,45.55972360587009,46.233642499223194,46.893681014694074,47.53141990668201,48.138515778645804,48.720429762866964,49.2875531804923,49.839127540927166,50.374470202636374,50.892822675025236,51.40093552438623,51.90237365651424,52.391372542889876,52.861788409696395,53.30762918123602
,SVK,RBY,unconditional,best,KYOTOGHG,IPCM0EL,MtCO2eq,AR4,73.6361,64.2001,58.788999999999994,55.2466,52.9204,53.5039,53.425,53.3241,52.745,51.4002,49.4723,51.7889,50.4158,50.684,51.4369,51.43,51.3174,49.5365,50.0174,45.6866,46.5343,45.8122,43.2923,42.9867,40.9327,41.9279,42.4383,43.5708,42.6049,43.6795,44.7044,44.58605560245995,44.39919166326281,44.155048635139174,43.86386229169341,43.53512750099285,43.16866901784634,42.75818774786677,42.30263055898495,41.8012757153544,41.253772500000004,41.99739667900212,42.73836614092294,43.47023371570787,44.18632468612393,44.87988848587866,45.55972360587009,46.233642499223194,46.893681014694074,47.53141990668201,48.138515778645804,48.720429762866964,49.2875531804923,49.839127540927166,50.374470202636374,50.892822675025236,51.40093552438623,51.90237365651424,52.391372542889876,52.861788409696395,53.30762918123602
"No targets calculated, so the baseline emissions are put in as target pathways for all un/conditional best/worst pathways.
",SVK,baseline_emissions,conditional,worst,KYOTOGHG,IPCM0EL,MtCO2eq,AR4,73.6361,64.2001,58.788999999999994,55.2466,52.9204,53.5039,53.425,53.3241,52.745,51.4002,49.4723,51.7889,50.4158,50.684,51.4369,51.43,51.3174,49.5365,50.0174,45.6866,46.5343,45.8122,43.2923,42.9867,40.9327,41.9279,42.4383,43.5708,42.6049,43.6795,44.7044,45.6895,46.6526,47.6041,48.5544,49.5142,50.4841,51.4574,52.4331,53.4105,54.3893,55.3697,56.3466,57.3115,58.2556,59.17,60.0663,60.9548,61.825,62.6658,63.4662,64.2334,64.9811,65.7083,66.4141,67.0975,67.7674,68.4285,69.0732,69.6934,70.2812
"No targets calculated, so the baseline emissions are put in as target pathways for all un/conditional best/worst pathways.
",SVK,baseline_emissions,conditional,best,KYOTOGHG,IPCM0EL,MtCO2eq,AR4,73.6361,64.2001,58.788999999999994,55.2466,52.9204,53.5039,53.425,53.3241,52.745,51.4002,49.4723,51.7889,50.4158,50.684,51.4369,51.43,51.3174,49.5365,50.0174,45.6866,46.5343,45.8122,43.2923,42.9867,40.9327,41.9279,42.4383,43.5708,42.6049,43.6795,44.7044,45.6895,46.6526,47.6041,48.5544,49.5142,50.4841,51.4574,52.4331,53.4105,54.3893,55.3697,56.3466,57.3115,58.2556,59.17,60.0663,60.9548,61.825,62.6658,63.4662,64.2334,64.9811,65.7083,66.4141,67.0975,67.7674,68.4285,69.0732,69.6934,70.2812
"No targets calculated, so the baseline emissions are put in as target pathways for all un/conditional best/worst pathways.
",SVK,baseline_emissions,unconditional,worst,KYOTOGHG,IPCM0EL,MtCO2eq,AR4,73.6361,64.2001,58.788999999999994,55.2466,52.9204,53.5039,53.425,53.3241,52.745,51.4002,49.4723,51.7889,50.4158,50.684,51.4369,51.43,51.3174,49.5365,50.0174,45.6866,46.5343,45.8122,43.2923,42.9867,40.9327,41.9279,42.4383,43.5708,42.6049,43.6795,44.7044,45.6895,46.6526,47.6041,48.5544,49.5142,50.4841,51.4574,52.4331,53.4105,54.3893,55.3697,56.3466,57.3115,58.2556,59.17,60.0663,60.9548,61.825,62.6658,63.4662,64.2334,64.9811,65.7083,66.4141,67.0975,67.7674,68.4285,69.0732,69.6934,70.2812
"No targets calculated, so the baseline emissions are put in as target pathways for all un/conditional best/worst pathways.
",SVK,baseline_emissions,unconditional,best,KYOTOGHG,IPCM0EL,MtCO2eq,AR4,73.6361,64.2001,58.788999999999994,55.2466,52.9204,53.5039,53.425,53.3241,52.745,51.4002,49.4723,51.7889,50.4158,50.684,51.4369,51.43,51.3174,49.5365,50.0174,45.6866,46.5343,45.8122,43.2923,42.9867,40.9327,41.9279,42.4383,43.5708,42.6049,43.6795,44.7044,45.6895,46.6526,47.6041,48.5544,49.5142,50.4841,51.4574,52.4331,53.4105,54.3893,55.3697,56.3466,57.3115,58.2556,59.17,60.0663,60.9548,61.825,62.6658,63.4662,64.2334,64.9811,65.7083,66.4141,67.0975,67.7674,68.4285,69.0732,69.6934,70.2812
,SVK,,emi_bau,emi_bau,KYOTOGHG,IPCM0EL,MtCO2eq,AR4,73.6361,64.2001,58.788999999999994,55.2466,52.9204,53.5039,53.425,53.3241,52.745,51.4002,49.4723,51.7889,50.4158,50.684,51.4369,51.43,51.3174,49.5365,50.0174,45.6866,46.5343,45.8122,43.2923,42.9867,40.9327,41.9279,42.4383,43.5708,42.6049,43.6795,44.7044,45.6895,46.6526,47.6041,48.5544,49.5142,50.4841,51.4574,52.4331,53.4105,54.3893,55.3697,56.3466,57.3115,58.2556,59.17,60.0663,60.9548,61.825,62.6658,63.4662,64.2334,64.9811,65.7083,66.4141,67.0975,67.7674,68.4285,69.0732,69.6934,70.2812
,SVK,,emi_cov,emi_cov,KYOTOGHG,IPCM0EL,MtCO2eq,AR4,73.6361,64.2001,58.788999999999994,55.2466,52.9204,53.5039,53.425,53.3241,52.745,51.4002,49.4723,51.7889,50.4158,50.684,51.4369,51.43,51.3174,49.5365,50.0174,45.6866,46.5343,45.8122,43.2923,42.9867,40.9327,41.9279,42.4383,43.5708,42.6049,43.6795,44.7044,45.6895,46.6526,47.6041,48.5544,49.5142,50.4841,51.4574,52.4331,53.4105,54.3893,55.3697,56.3466,57.3115,58.2556,59.17,60.0663,60.9548,61.825,62.6658,63.4662,64.2334,64.9811,65.7083,66.4141,67.0975,67.7674,68.4285,69.0732,69.6934,70.2812
,SVK,,emi_ncov,emi_ncov,KYOTOGHG,IPCM0EL,MtCO2eq,AR4,0.0,0.0,0.0,0.0,0.0,0.0,0.0,0.0,0.0,0.0,0.0,0.0,0.0,0.0,0.0,0.0,0.0,0.0,0.0,0.0,0.0,0.0,0.0,0.0,0.0,0.0,0.0,0.0,0.0,0.0,0.0,0.0,0.0,0.0,0.0,0.0,0.0,0.0,0.0,0.0,0.0,0.0,0.0,0.0,0.0,0.0,0.0,0.0,0.0,0.0,0.0,0.0,0.0,0.0,0.0,0.0,0.0,0.0,0.0,0.0,0.0
,SVK,,pc_cov,pc_cov,KYOTOGHG,IPCM0EL,MtCO2eq/MtCO2eq,AR4,1.0,1.0,1.0,1.0,1.0,1.0,1.0,1.0,1.0,1.0,1.0,1.0,1.0,1.0,1.0,1.0,1.0,1.0,1.0,1.0,1.0,1.0,1.0,1.0,1.0,1.0,1.0,1.0,1.0,1.0,1.0,1.0,1.0,1.0,1.0,1.0,1.0,1.0,1.0,1.0,1.0,1.0,1.0,1.0,1.0,1.0,1.0,1.0,1.0,1.0,1.0,1.0,1.0,1.0,1.0,1.0,1.0,1.0,1.0,1.0,1.0
,SVN,,pop,pop,POP,DEMOGR,Pers,,2006405.0,2007770.0,2005354.0,2000556.0,1995335.0,1991131.0,1988565.0,1987455.0,1987385.0,1987632.0,1987717.0,1987461.0,1987267.0,1987862.0,1990222.0,1994976.0,2002430.0,2012118.0,2023052.0,2033804.0,2043337.0,2051287.0,2057823.0,2063110.0,2067488.0,2071199.0,2074210.0,2076394.0,2084111.3712,2083618.1525,2082294.2816,2079487.3459,2075080.1421,2069739.5583,2064130.6729,2058918.1388,2053697.7125,2047779.2937,2041399.6123,2034796.2493,2028207.8636,2021196.3927,2013334.1205,2004874.775,1996070.042,1987169.4419,1978169.9687,1968949.0457,1959574.6873,1950114.1389,1940633.8565,1931099.5151,1921379.8449,1911395.766,1901068.8399,1890321.3181,1879277.9594,1868120.141,1856855.8108,1845493.1252,1834040.4181
,SVN,,gdp,gdp,GDPPPP,ECO,2011GKD,,37832343750.0,33085183593.75,31268439453.125,33209531250.0,35331136718.75,38116386718.75,39468738281.25,40396222656.25,40781554687.5,42327203125.0,43746722656.25,44726792968.75,46321792968.75,47302707031.25,50184574218.75,53341835937.5,55796898437.5,59259171875.0,62589734375.0,57695449218.75,58379785156.25,59912597656.25,59541195312.5,59878644531.25,61043636718.75,63179718750.0,65154406250.0,69943992187.5,66624983663.3338,67790355445.825,68834329898.9286,69788182236.0027,70724567417.5862,71653351722.9647,72584400360.4134,73527621213.2859,74468787936.9148,75388607045.0893,76289438272.838,77173637794.5431,78043554513.2277,78908307576.896,79769170047.3457,80616697668.6575,81441418803.6806,82233834852.7507,83002730149.3547,83754251880.9811,84474951087.4816,85151416871.4677,85770282619.9673,86338253374.5953,86873230172.4972,87378687567.3047,87858107089.813,88314971386.5525,88749692063.1165,89158050025.9678,89536579816.364,89881812509.2507,90190280181.1788
"The target value from 'unconditional_best' was used for 'conditional_worst' in 2030.
The target value from 'unconditional_best' was used for 'conditional_best' in 2030.
",SVN,RBY,conditional,worst,KYOTOGHG,IPCM0EL,MtCO2eq,AR4,20.434,18.9465,19.6111,19.5493,19.938,19.7506,20.4499,20.5928,20.2483,19.5278,19.7682,20.7023,20.8814,20.5971,20.9207,21.2158,21.4075,21.5473,22.2766,20.2918,20.3152,20.3341,19.7615,19.0477,17.3111,17.5025,18.3612,18.1307,16.7904,17.074,17.3386,16.938511113535913,16.51574229991622,16.074448951074608,15.618095611652093,15.149555978997036,14.66659799602667,14.166365681768584,13.64989861485283,13.118289545644386,12.5720875,12.756384013176708,12.942951119944917,13.130653523508872,13.318166710940204,13.504229241354745,13.690544059946118,13.878435679642703,14.065948867074034,14.251128388869658,14.432019011659115,14.608557663398201,14.78269957745737,14.955012402234496,15.126126858171665,15.296799809799378,15.467094329161839,15.636253551728549,15.80358368501322,15.968580152662183,16.130549162189144
,SVN,RBY,conditional,best,KYOTOGHG,IPCM0EL,MtCO2eq,AR4,20.434,18.9465,19.6111,19.5493,19.938,19.7506,20.4499,20.5928,20.2483,19.5278,19.7682,20.7023,20.8814,20.5971,20.9207,21.2158,21.4075,21.5473,22.2766,20.2918,20.3152,20.3341,19.7615,19.0477,17.3111,17.5025,18.3612,18.1307,16.7904,17.074,17.3386,16.938511113535913,16.51574229991622,16.074448951074608,15.618095611652093,15.149555978997036,14.66659799602667,14.166365681768584,13.64989861485283,13.118289545644386,12.5720875,12.756384013176708,12.942951119944917,13.130653523508872,13.318166710940204,13.504229241354745,13.690544059946118,13.878435679642703,14.065948867074034,14.251128388869658,14.432019011659115,14.608557663398201,14.78269957745737,14.955012402234496,15.126126858171665,15.296799809799378,15.467094329161839,15.636253551728549,15.80358368501322,15.968580152662183,16.130549162189144
"The target value from 'unconditional_best' was used for 'unconditional_worst' in 2030.
",SVN,RBY,unconditional,worst,KYOTOGHG,IPCM0EL,MtCO2eq,AR4,20.434,18.9465,19.6111,19.5493,19.938,19.7506,20.4499,20.5928,20.2483,19.5278,19.7682,20.7023,20.8814,20.5971,20.9207,21.2158,21.4075,21.5473,22.2766,20.2918,20.3152,20.3341,19.7615,19.0477,17.3111,17.5025,18.3612,18.1307,16.7904,17.074,17.3386,16.938511113535913,16.51574229991622,16.074448951074608,15.618095611652093,15.149555978997036,14.66659799602667,14.166365681768584,13.64989861485283,13.118289545644386,12.5720875,12.756384013176708,12.942951119944917,13.130653523508872,13.318166710940204,13.504229241354745,13.690544059946118,13.878435679642703,14.065948867074034,14.251128388869658,14.432019011659115,14.608557663398201,14.78269957745737,14.955012402234496,15.126126858171665,15.296799809799378,15.467094329161839,15.636253551728549,15.80358368501322,15.968580152662183,16.130549162189144
,SVN,RBY,unconditional,best,KYOTOGHG,IPCM0EL,MtCO2eq,AR4,20.434,18.9465,19.6111,19.5493,19.938,19.7506,20.4499,20.5928,20.2483,19.5278,19.7682,20.7023,20.8814,20.5971,20.9207,21.2158,21.4075,21.5473,22.2766,20.2918,20.3152,20.3341,19.7615,19.0477,17.3111,17.5025,18.3612,18.1307,16.7904,17.074,17.3386,16.938511113535913,16.51574229991622,16.074448951074608,15.618095611652093,15.149555978997036,14.66659799602667,14.166365681768584,13.64989861485283,13.118289545644386,12.5720875,12.756384013176708,12.942951119944917,13.130653523508872,13.318166710940204,13.504229241354745,13.690544059946118,13.878435679642703,14.065948867074034,14.251128388869658,14.432019011659115,14.608557663398201,14.78269957745737,14.955012402234496,15.126126858171665,15.296799809799378,15.467094329161839,15.636253551728549,15.80358368501322,15.968580152662183,16.130549162189144
"No targets calculated, so the baseline emissions are put in as target pathways for all un/conditional best/worst pathways.
",SVN,baseline_emissions,conditional,worst,KYOTOGHG,IPCM0EL,MtCO2eq,AR4,20.434,18.9465,19.6111,19.5493,19.938,19.7506,20.4499,20.5928,20.2483,19.5278,19.7682,20.7023,20.8814,20.5971,20.9207,21.2158,21.4075,21.5473,22.2766,20.2918,20.3152,20.3341,19.7615,19.0477,17.3111,17.5025,18.3612,18.1307,16.7904,17.074,17.3386,17.588,17.8328,18.0771,18.3249,18.5802,18.8412,19.1049,19.3732,19.6485,19.9329,20.2251,20.5209,20.8185,21.1158,21.4108,21.7062,22.0041,22.3014,22.595,22.8818,23.1617,23.4378,23.711,23.9823,24.2529,24.5229,24.7911,25.0564,25.318,25.5748
"No targets calculated, so the baseline emissions are put in as target pathways for all un/conditional best/worst pathways.
",SVN,baseline_emissions,conditional,best,KYOTOGHG,IPCM0EL,MtCO2eq,AR4,20.434,18.9465,19.6111,19.5493,19.938,19.7506,20.4499,20.5928,20.2483,19.5278,19.7682,20.7023,20.8814,20.5971,20.9207,21.2158,21.4075,21.5473,22.2766,20.2918,20.3152,20.3341,19.7615,19.0477,17.3111,17.5025,18.3612,18.1307,16.7904,17.074,17.3386,17.588,17.8328,18.0771,18.3249,18.5802,18.8412,19.1049,19.3732,19.6485,19.9329,20.2251,20.5209,20.8185,21.1158,21.4108,21.7062,22.0041,22.3014,22.595,22.8818,23.1617,23.4378,23.711,23.9823,24.2529,24.5229,24.7911,25.0564,25.318,25.5748
"No targets calculated, so the baseline emissions are put in as target pathways for all un/conditional best/worst pathways.
",SVN,baseline_emissions,unconditional,worst,KYOTOGHG,IPCM0EL,MtCO2eq,AR4,20.434,18.9465,19.6111,19.5493,19.938,19.7506,20.4499,20.5928,20.2483,19.5278,19.7682,20.7023,20.8814,20.5971,20.9207,21.2158,21.4075,21.5473,22.2766,20.2918,20.3152,20.3341,19.7615,19.0477,17.3111,17.5025,18.3612,18.1307,16.7904,17.074,17.3386,17.588,17.8328,18.0771,18.3249,18.5802,18.8412,19.1049,19.3732,19.6485,19.9329,20.2251,20.5209,20.8185,21.1158,21.4108,21.7062,22.0041,22.3014,22.595,22.8818,23.1617,23.4378,23.711,23.9823,24.2529,24.5229,24.7911,25.0564,25.318,25.5748
"No targets calculated, so the baseline emissions are put in as target pathways for all un/conditional best/worst pathways.
",SVN,baseline_emissions,unconditional,best,KYOTOGHG,IPCM0EL,MtCO2eq,AR4,20.434,18.9465,19.6111,19.5493,19.938,19.7506,20.4499,20.5928,20.2483,19.5278,19.7682,20.7023,20.8814,20.5971,20.9207,21.2158,21.4075,21.5473,22.2766,20.2918,20.3152,20.3341,19.7615,19.0477,17.3111,17.5025,18.3612,18.1307,16.7904,17.074,17.3386,17.588,17.8328,18.0771,18.3249,18.5802,18.8412,19.1049,19.3732,19.6485,19.9329,20.2251,20.5209,20.8185,21.1158,21.4108,21.7062,22.0041,22.3014,22.595,22.8818,23.1617,23.4378,23.711,23.9823,24.2529,24.5229,24.7911,25.0564,25.318,25.5748
,SVN,,emi_bau,emi_bau,KYOTOGHG,IPCM0EL,MtCO2eq,AR4,20.434,18.9465,19.6111,19.5493,19.938,19.7506,20.4499,20.5928,20.2483,19.5278,19.7682,20.7023,20.8814,20.5971,20.9207,21.2158,21.4075,21.5473,22.2766,20.2918,20.3152,20.3341,19.7615,19.0477,17.3111,17.5025,18.3612,18.1307,16.7904,17.074,17.3386,17.588,17.8328,18.0771,18.3249,18.5802,18.8412,19.1049,19.3732,19.6485,19.9329,20.2251,20.5209,20.8185,21.1158,21.4108,21.7062,22.0041,22.3014,22.595,22.8818,23.1617,23.4378,23.711,23.9823,24.2529,24.5229,24.7911,25.0564,25.318,25.5748
,SVN,,emi_cov,emi_cov,KYOTOGHG,IPCM0EL,MtCO2eq,AR4,20.434,18.9465,19.6111,19.5493,19.938,19.7506,20.4499,20.5928,20.2483,19.5278,19.7682,20.7023,20.8814,20.5971,20.9207,21.2158,21.4075,21.5473,22.2766,20.2918,20.3152,20.3341,19.7615,19.0477,17.3111,17.5025,18.3612,18.1307,16.7904,17.074,17.3386,17.588,17.8328,18.0771,18.3249,18.5802,18.8412,19.1049,19.3732,19.6485,19.9329,20.2251,20.5209,20.8185,21.1158,21.4108,21.7062,22.0041,22.3014,22.595,22.8818,23.1617,23.4378,23.711,23.9823,24.2529,24.5229,24.7911,25.0564,25.318,25.5748
,SVN,,emi_ncov,emi_ncov,KYOTOGHG,IPCM0EL,MtCO2eq,AR4,0.0,0.0,0.0,0.0,0.0,0.0,0.0,0.0,0.0,0.0,0.0,0.0,0.0,0.0,0.0,0.0,0.0,0.0,0.0,0.0,0.0,0.0,0.0,0.0,0.0,0.0,0.0,0.0,0.0,0.0,0.0,0.0,0.0,0.0,0.0,0.0,0.0,0.0,0.0,0.0,0.0,0.0,0.0,0.0,0.0,0.0,0.0,0.0,0.0,0.0,0.0,0.0,0.0,0.0,0.0,0.0,0.0,0.0,0.0,0.0,0.0
,SVN,,pc_cov,pc_cov,KYOTOGHG,IPCM0EL,MtCO2eq/MtCO2eq,AR4,1.0,1.0,1.0,1.0,1.0,1.0,1.0,1.0,1.0,1.0,1.0,1.0,1.0,1.0,1.0,1.0,1.0,1.0,1.0,1.0,1.0,1.0,1.0,1.0,1.0,1.0,1.0,1.0,1.0,1.0,1.0,1.0,1.0,1.0,1.0,1.0,1.0,1.0,1.0,1.0,1.0,1.0,1.0,1.0,1.0,1.0,1.0,1.0,1.0,1.0,1.0,1.0,1.0,1.0,1.0,1.0,1.0,1.0,1.0,1.0,1.0
,SWE,,pop,pop,POP,DEMOGR,Pers,,8567384.0,8625137.0,8686738.0,8746776.0,8798234.0,8836420.0,8859191.0,8868853.0,8870848.0,8873100.0,8881640.0,8897793.0,8920710.0,8951436.0,8990654.0,9038623.0,9096165.0,9162939.0,9236428.0,9313087.0,9390168.0,9466710.0,9542812.0,9618016.0,9692131.0,9764950.0,9836007.0,9904896.0,9959694.1991,10000228.6206,10032437.1411,10060513.798,10088861.5559,10116119.9241,10140929.0892,10161927.6179,10180735.8478,10199217.7274,10216373.4388,10231200.5954,10242693.6644,10250538.8648,10255481.5637,10258104.2834,10258992.2463,10258733.8611,10257603.4154,10255779.6024,10253711.5315,10251850.1974,10250648.6443,10249697.3534,10248109.5289,10245622.0074,10241968.766,10236880.8332,10230782.0704,10224310.3875,10217515.5469,10210446.7881,10203152.6196
,SWE,,gdp,gdp,GDPPPP,ECO,2011GKD,,228907265625.0,227827078125.0,226795140625.0,218070750000.0,230655718750.0,245183843750.0,248183609375.0,260357265625.0,274499812500.0,293527250000.0,310137000000.0,306922156250.0,305906781250.0,310581875000.0,322682812500.0,331482562500.0,357216656250.0,387571687500.0,396456906250.0,374480468750.0,394843156250.0,413170531250.0,418419156250.0,417730718750.0,421277312500.0,445020812500.0,448559656250.0,468898406250.0,466775642942.2314,475795084078.9222,484303122553.0319,492582149475.5806,500818030565.5689,508974811270.5612,517016521202.7156,524907157655.0184,532561948021.1385,539932877533.3372,547039080936.4098,553899713391.5289,560533921247.5897,566936395841.0955,573126524342.5343,579160326425.2179,585093640646.3381,590982084563.3436,596822648063.1599,602569494101.2195,608213842454.9152,613747022866.2815,619160502886.4636,624493848651.0109,629778644118.8862,634995134732.7449,640124443743.9988,645148594073.1398,650099931666.1838,654946787689.7659,659575576092.0283,663872369565.1531,667722980348.4572
"The target value from 'unconditional_best' was used for 'conditional_worst' in 2030.
The target value from 'unconditional_best' was used for 'conditional_best' in 2030.
",SWE,RBY,conditional,worst,KYOTOGHG,IPCM0EL,MtCO2eq,AR4,74.1246,74.0762,73.5464,73.8028,76.28399999999998,76.10300000000002,79.689,74.9678,75.4982,72.5986,71.359,72.0986,72.7416,72.6942,71.741,69.1786,70.8578,68.5976,66.247,61.463,67.7752,62.972,59.5306,58.602,57.0901,55.9695,55.6493,55.2089,55.5655,57.5716,59.5742,59.45085183585058,59.19695590188078,58.81133825073956,58.29283883730694,57.64064200753864,56.84977477472147,55.91912354748075,54.85388086631337,53.658553315341116,52.33692249999999,53.7388294018764,55.14008385952986,56.5466883598116,57.96510210052891,59.40224099044524,60.85921418473958,62.3328899511417,63.823790245030004,65.33263275504974,66.86026565869076,68.40655846710845,69.96988006974543,71.5486646004666,73.14147668198142,74.74688093699939,76.36885727528056,78.00388249802097,79.6384510098053,81.2584047709953,82.84860707561828
,SWE,RBY,conditional,best,KYOTOGHG,IPCM0EL,MtCO2eq,AR4,74.1246,74.0762,73.5464,73.8028,76.28399999999998,76.10300000000002,79.689,74.9678,75.4982,72.5986,71.359,72.0986,72.7416,72.6942,71.741,69.1786,70.8578,68.5976,66.247,61.463,67.7752,62.972,59.5306,58.602,57.0901,55.9695,55.6493,55.2089,55.5655,57.5716,59.5742,59.45085183585058,59.19695590188078,58.81133825073956,58.29283883730694,57.64064200753864,56.84977477472147,55.91912354748075,54.85388086631337,53.658553315341116,52.33692249999999,53.7388294018764,55.14008385952986,56.5466883598116,57.96510210052891,59.40224099044524,60.85921418473958,62.3328899511417,63.823790245030004,65.33263275504974,66.86026565869076,68.40655846710845,69.96988006974543,71.5486646004666,73.14147668198142,74.74688093699939,76.36885727528056,78.00388249802097,79.6384510098053,81.2584047709953,82.84860707561828
"The target value from 'unconditional_best' was used for 'unconditional_worst' in 2030.
",SWE,RBY,unconditional,worst,KYOTOGHG,IPCM0EL,MtCO2eq,AR4,74.1246,74.0762,73.5464,73.8028,76.28399999999998,76.10300000000002,79.689,74.9678,75.4982,72.5986,71.359,72.0986,72.7416,72.6942,71.741,69.1786,70.8578,68.5976,66.247,61.463,67.7752,62.972,59.5306,58.602,57.0901,55.9695,55.6493,55.2089,55.5655,57.5716,59.5742,59.45085183585058,59.19695590188078,58.81133825073956,58.29283883730694,57.64064200753864,56.84977477472147,55.91912354748075,54.85388086631337,53.658553315341116,52.33692249999999,53.7388294018764,55.14008385952986,56.5466883598116,57.96510210052891,59.40224099044524,60.85921418473958,62.3328899511417,63.823790245030004,65.33263275504974,66.86026565869076,68.40655846710845,69.96988006974543,71.5486646004666,73.14147668198142,74.74688093699939,76.36885727528056,78.00388249802097,79.6384510098053,81.2584047709953,82.84860707561828
,SWE,RBY,unconditional,best,KYOTOGHG,IPCM0EL,MtCO2eq,AR4,74.1246,74.0762,73.5464,73.8028,76.28399999999998,76.10300000000002,79.689,74.9678,75.4982,72.5986,71.359,72.0986,72.7416,72.6942,71.741,69.1786,70.8578,68.5976,66.247,61.463,67.7752,62.972,59.5306,58.602,57.0901,55.9695,55.6493,55.2089,55.5655,57.5716,59.5742,59.45085183585058,59.19695590188078,58.81133825073956,58.29283883730694,57.64064200753864,56.84977477472147,55.91912354748075,54.85388086631337,53.658553315341116,52.33692249999999,53.7388294018764,55.14008385952986,56.5466883598116,57.96510210052891,59.40224099044524,60.85921418473958,62.3328899511417,63.823790245030004,65.33263275504974,66.86026565869076,68.40655846710845,69.96988006974543,71.5486646004666,73.14147668198142,74.74688093699939,76.36885727528056,78.00388249802097,79.6384510098053,81.2584047709953,82.84860707561828
"No targets calculated, so the baseline emissions are put in as target pathways for all un/conditional best/worst pathways.
",SWE,baseline_emissions,conditional,worst,KYOTOGHG,IPCM0EL,MtCO2eq,AR4,74.1246,74.0762,73.5464,73.8028,76.28399999999998,76.10300000000002,79.689,74.9678,75.4982,72.5986,71.359,72.0986,72.7416,72.6942,71.741,69.1786,70.8578,68.5976,66.247,61.463,67.7752,62.972,59.5306,58.602,57.0901,55.9695,55.6493,55.2089,55.5655,57.5716,59.5742,61.5915,63.6192,65.6572,67.7054,69.7641,71.8284,73.8976,75.9796,78.0829,80.2167,82.3654,84.5131,86.669,88.84299999999998,91.0457,93.2788,95.5375,97.8226,100.1352,102.4766,104.8466,107.2427,109.6625,112.1038,114.5644,117.0504,119.5564,122.0617,124.5446,126.9819
"No targets calculated, so the baseline emissions are put in as target pathways for all un/conditional best/worst pathways.
",SWE,baseline_emissions,conditional,best,KYOTOGHG,IPCM0EL,MtCO2eq,AR4,74.1246,74.0762,73.5464,73.8028,76.28399999999998,76.10300000000002,79.689,74.9678,75.4982,72.5986,71.359,72.0986,72.7416,72.6942,71.741,69.1786,70.8578,68.5976,66.247,61.463,67.7752,62.972,59.5306,58.602,57.0901,55.9695,55.6493,55.2089,55.5655,57.5716,59.5742,61.5915,63.6192,65.6572,67.7054,69.7641,71.8284,73.8976,75.9796,78.0829,80.2167,82.3654,84.5131,86.669,88.84299999999998,91.0457,93.2788,95.5375,97.8226,100.1352,102.4766,104.8466,107.2427,109.6625,112.1038,114.5644,117.0504,119.5564,122.0617,124.5446,126.9819
"No targets calculated, so the baseline emissions are put in as target pathways for all un/conditional best/worst pathways.
",SWE,baseline_emissions,unconditional,worst,KYOTOGHG,IPCM0EL,MtCO2eq,AR4,74.1246,74.0762,73.5464,73.8028,76.28399999999998,76.10300000000002,79.689,74.9678,75.4982,72.5986,71.359,72.0986,72.7416,72.6942,71.741,69.1786,70.8578,68.5976,66.247,61.463,67.7752,62.972,59.5306,58.602,57.0901,55.9695,55.6493,55.2089,55.5655,57.5716,59.5742,61.5915,63.6192,65.6572,67.7054,69.7641,71.8284,73.8976,75.9796,78.0829,80.2167,82.3654,84.5131,86.669,88.84299999999998,91.0457,93.2788,95.5375,97.8226,100.1352,102.4766,104.8466,107.2427,109.6625,112.1038,114.5644,117.0504,119.5564,122.0617,124.5446,126.9819
"No targets calculated, so the baseline emissions are put in as target pathways for all un/conditional best/worst pathways.
",SWE,baseline_emissions,unconditional,best,KYOTOGHG,IPCM0EL,MtCO2eq,AR4,74.1246,74.0762,73.5464,73.8028,76.28399999999998,76.10300000000002,79.689,74.9678,75.4982,72.5986,71.359,72.0986,72.7416,72.6942,71.741,69.1786,70.8578,68.5976,66.247,61.463,67.7752,62.972,59.5306,58.602,57.0901,55.9695,55.6493,55.2089,55.5655,57.5716,59.5742,61.5915,63.6192,65.6572,67.7054,69.7641,71.8284,73.8976,75.9796,78.0829,80.2167,82.3654,84.5131,86.669,88.84299999999998,91.0457,93.2788,95.5375,97.8226,100.1352,102.4766,104.8466,107.2427,109.6625,112.1038,114.5644,117.0504,119.5564,122.0617,124.5446,126.9819
,SWE,,emi_bau,emi_bau,KYOTOGHG,IPCM0EL,MtCO2eq,AR4,74.1246,74.0762,73.5464,73.8028,76.28399999999998,76.10300000000002,79.689,74.9678,75.4982,72.5986,71.359,72.0986,72.7416,72.6942,71.741,69.1786,70.8578,68.5976,66.247,61.463,67.7752,62.972,59.5306,58.602,57.0901,55.9695,55.6493,55.2089,55.5655,57.5716,59.5742,61.5915,63.6192,65.6572,67.7054,69.7641,71.8284,73.8976,75.9796,78.0829,80.2167,82.3654,84.5131,86.669,88.84299999999998,91.0457,93.2788,95.5375,97.8226,100.1352,102.4766,104.8466,107.2427,109.6625,112.1038,114.5644,117.0504,119.5564,122.0617,124.5446,126.9819
,SWE,,emi_cov,emi_cov,KYOTOGHG,IPCM0EL,MtCO2eq,AR4,74.1246,74.0762,73.5464,73.8028,76.28399999999998,76.10300000000002,79.689,74.9678,75.4982,72.5986,71.359,72.0986,72.7416,72.6942,71.741,69.1786,70.8578,68.5976,66.247,61.463,67.7752,62.972,59.5306,58.602,57.0901,55.9695,55.6493,55.2089,55.5655,57.5716,59.5742,61.5915,63.6192,65.6572,67.7054,69.7641,71.8284,73.8976,75.9796,78.0829,80.2167,82.3654,84.5131,86.669,88.84299999999998,91.0457,93.2788,95.5375,97.8226,100.1352,102.4766,104.8466,107.2427,109.6625,112.1038,114.5644,117.0504,119.5564,122.0617,124.5446,126.9819
,SWE,,emi_ncov,emi_ncov,KYOTOGHG,IPCM0EL,MtCO2eq,AR4,0.0,0.0,0.0,0.0,0.0,0.0,0.0,0.0,0.0,0.0,0.0,0.0,0.0,0.0,0.0,0.0,0.0,0.0,0.0,0.0,0.0,0.0,0.0,0.0,0.0,0.0,0.0,0.0,0.0,0.0,0.0,0.0,0.0,0.0,0.0,0.0,0.0,0.0,0.0,0.0,0.0,0.0,0.0,0.0,0.0,0.0,0.0,0.0,0.0,0.0,0.0,0.0,0.0,0.0,0.0,0.0,0.0,0.0,0.0,0.0,0.0
,SWE,,pc_cov,pc_cov,KYOTOGHG,IPCM0EL,MtCO2eq/MtCO2eq,AR4,1.0,1.0,1.0,1.0,1.0,1.0,1.0,1.0,1.0,1.0,1.0,1.0,1.0,1.0,1.0,1.0,1.0,1.0,1.0,1.0,1.0,1.0,1.0,1.0,1.0,1.0,1.0,1.0,1.0,1.0,1.0,1.0,1.0,1.0,1.0,1.0,1.0,1.0,1.0,1.0,1.0,1.0,1.0,1.0,1.0,1.0,1.0,1.0,1.0,1.0,1.0,1.0,1.0,1.0,1.0,1.0,1.0,1.0,1.0,1.0,1.0
,SWZ,,pop,pop,POP,DEMOGR,Pers,,822420.0,845266.0,866993.0,887706.0,907620.0,926841.0,945508.0,963426.0,979918.0,994108.0,1005435.0,1013609.0,1019059.0,1022802.0,1026286.0,1030579.0,1036092.0,1042652.0,1049945.0,1057467.0,1064837.0,1072033.0,1079288.0,1086843.0,1095019.0,1104044.0,1113997.0,1124805.0,1132659.3513,1143834.1799,1154711.4169,1165364.7431,1175818.2449,1186103.7459,1196255.0573,1206308.0413,1216121.8964,1225559.4882,1234659.9638,1243457.4582,1251981.2104,1260281.8234,1268410.2532,1276393.7437,1284260.8616,1292041.4502,1299639.8363,1307010.5085,1314259.445,1321492.5641,1328815.7055,1336395.7259,1344212.1845,1352090.949,1359859.1466,1367345.0478,1374417.3397,1381117.7283,1387532.7139,1393745.9651,1399838.3924
,SWZ,,gdp,gdp,GDPPPP,ECO,2011GKD,,4842355468.75,5094708007.8125,5354003906.25,5916747558.5938,6073488281.25,6957517089.8438,7427770996.0938,7295899902.3438,7035817871.0938,6869091308.5938,7384344726.5625,7216650390.625,7130226074.2188,7101905273.4375,7154886718.75,7711397460.9375,8063012207.0313,8158538085.9375,8024058105.4688,8395056640.625,8672824218.75,8872143554.6875,9294582031.25,9793083984.375,9968967773.4375,10304308593.75,10238426757.8125,10450807617.1875,10693100998.8071,10778055302.118,10885802306.8324,11036871245.0324,11241893986.6345,11483788874.5324,11745828827.6102,12011496742.5452,12276092422.9764,12545970752.478,12821117927.9208,13101307603.38,13386135929.0703,13676189511.8861,13973686549.9837,14280535380.6127,14598619242.9249,14929804729.3994,15272115213.5252,15623182953.7244,15984208348.9466,16356312184.4394,16740557666.6422,17135888680.1396,17540609809.1771,17954748914.1006,18378289016.2133,18811184527.6661,19252224528.6283,19701193634.5765,20159523903.899,20628647531.3214,21109998447.9241
"The target value from 'conditional_best' was used for 'conditional_worst' in 2030.
",SWZ,ABU,conditional,worst,KYOTOGHG,IPCM0EL,MtCO2eq,AR4,2.0874,2.0905,2.0785,1.7779,2.1335,2.1296,2.0580000000000003,2.8431,2.8074,2.8689,2.7637,2.667,2.6765,2.6417,2.6911,2.6757,2.5786,2.7349,2.699,2.5689,2.5096,2.5178,2.6891,2.6257,2.7216,2.7038,2.7041,2.8085,2.6659,2.6621,2.6663,2.597217135425134,2.5388680539749635,2.4866295724272476,2.43644529344822,2.3849782962119983,2.331347504470818,2.276811364005853,2.2210680214599257,2.164114696797269,2.1055,2.14370091042107,2.183202568688018,2.2244157372784916,2.2675457974313122,2.3130035116241263,2.36051503820517,2.4097380751097384,2.4609464639895955,2.514277125670623,2.5699354413916438,2.6279214111526583,2.6881665745407255,2.750465550317022,2.814544496829784,2.88026649325313,2.9470838562835318,3.014722744269225,3.0833200780360923,3.152807397171192,3.223184701674525
,SWZ,ABU,conditional,best,KYOTOGHG,IPCM0EL,MtCO2eq,AR4,2.0874,2.0905,2.0785,1.7779,2.1335,2.1296,2.0580000000000003,2.8431,2.8074,2.8689,2.7637,2.667,2.6765,2.6417,2.6911,2.6757,2.5786,2.7349,2.699,2.5689,2.5096,2.5178,2.6891,2.6257,2.7216,2.7038,2.7041,2.8085,2.6659,2.6621,2.6663,2.597217135425134,2.5388680539749635,2.4866295724272476,2.43644529344822,2.3849782962119983,2.331347504470818,2.276811364005853,2.2210680214599257,2.164114696797269,2.1055,2.14370091042107,2.183202568688018,2.2244157372784916,2.2675457974313122,2.3130035116241263,2.36051503820517,2.4097380751097384,2.4609464639895955,2.514277125670623,2.5699354413916438,2.6279214111526583,2.6881665745407255,2.750465550317022,2.814544496829784,2.88026649325313,2.9470838562835318,3.014722744269225,3.0833200780360923,3.152807397171192,3.223184701674525
,SWZ,ABU,unconditional,worst,KYOTOGHG,IPCM0EL,MtCO2eq,AR4,2.0874,2.0905,2.0785,1.7779,2.1335,2.1296,2.0580000000000003,2.8431,2.8074,2.8689,2.7637,2.667,2.6765,2.6417,2.6911,2.6757,2.5786,2.7349,2.699,2.5689,2.5096,2.5178,2.6891,2.6257,2.7216,2.7038,2.7041,2.8085,2.6659,2.6621,2.6663,2.6818,2.7098,2.7465,2.7882,2.8315,2.8755,2.9219,2.9706,3.0219,3.0755,3.1313,3.1889999999999996,3.2492,3.3122,3.3786,3.448,3.5199,3.5947,3.6726,3.7539,3.8386,3.9266,4.0176,4.1112,4.2072,4.3048,4.4036,4.5038,4.6053,4.7081
,SWZ,ABU,unconditional,best,KYOTOGHG,IPCM0EL,MtCO2eq,AR4,2.0874,2.0905,2.0785,1.7779,2.1335,2.1296,2.0580000000000003,2.8431,2.8074,2.8689,2.7637,2.667,2.6765,2.6417,2.6911,2.6757,2.5786,2.7349,2.699,2.5689,2.5096,2.5178,2.6891,2.6257,2.7216,2.7038,2.7041,2.8085,2.6659,2.6621,2.6663,2.6818,2.7098,2.7465,2.7882,2.8315,2.8755,2.9219,2.9706,3.0219,3.0755,3.1313,3.1889999999999996,3.2492,3.3122,3.3786,3.448,3.5199,3.5947,3.6726,3.7539,3.8386,3.9266,4.0176,4.1112,4.2072,4.3048,4.4036,4.5038,4.6053,4.7081
"No targets calculated, so the baseline emissions are put in as target pathways for all un/conditional best/worst pathways.
",SWZ,baseline_emissions,conditional,worst,KYOTOGHG,IPCM0EL,MtCO2eq,AR4,2.0874,2.0905,2.0785,1.7779,2.1335,2.1296,2.0580000000000003,2.8431,2.8074,2.8689,2.7637,2.667,2.6765,2.6417,2.6911,2.6757,2.5786,2.7349,2.699,2.5689,2.5096,2.5178,2.6891,2.6257,2.7216,2.7038,2.7041,2.8085,2.6659,2.6621,2.6663,2.6818,2.7098,2.7465,2.7882,2.8315,2.8755,2.9219,2.9706,3.0219,3.0755,3.1313,3.1889999999999996,3.2492,3.3122,3.3786,3.448,3.5199,3.5947,3.6726,3.7539,3.8386,3.9266,4.0176,4.1112,4.2072,4.3048,4.4036,4.5038,4.6053,4.7081
"No targets calculated, so the baseline emissions are put in as target pathways for all un/conditional best/worst pathways.
",SWZ,baseline_emissions,conditional,best,KYOTOGHG,IPCM0EL,MtCO2eq,AR4,2.0874,2.0905,2.0785,1.7779,2.1335,2.1296,2.0580000000000003,2.8431,2.8074,2.8689,2.7637,2.667,2.6765,2.6417,2.6911,2.6757,2.5786,2.7349,2.699,2.5689,2.5096,2.5178,2.6891,2.6257,2.7216,2.7038,2.7041,2.8085,2.6659,2.6621,2.6663,2.6818,2.7098,2.7465,2.7882,2.8315,2.8755,2.9219,2.9706,3.0219,3.0755,3.1313,3.1889999999999996,3.2492,3.3122,3.3786,3.448,3.5199,3.5947,3.6726,3.7539,3.8386,3.9266,4.0176,4.1112,4.2072,4.3048,4.4036,4.5038,4.6053,4.7081
"No targets calculated, so the baseline emissions are put in as target pathways for all un/conditional best/worst pathways.
",SWZ,baseline_emissions,unconditional,worst,KYOTOGHG,IPCM0EL,MtCO2eq,AR4,2.0874,2.0905,2.0785,1.7779,2.1335,2.1296,2.0580000000000003,2.8431,2.8074,2.8689,2.7637,2.667,2.6765,2.6417,2.6911,2.6757,2.5786,2.7349,2.699,2.5689,2.5096,2.5178,2.6891,2.6257,2.7216,2.7038,2.7041,2.8085,2.6659,2.6621,2.6663,2.6818,2.7098,2.7465,2.7882,2.8315,2.8755,2.9219,2.9706,3.0219,3.0755,3.1313,3.1889999999999996,3.2492,3.3122,3.3786,3.448,3.5199,3.5947,3.6726,3.7539,3.8386,3.9266,4.0176,4.1112,4.2072,4.3048,4.4036,4.5038,4.6053,4.7081
"No targets calculated, so the baseline emissions are put in as target pathways for all un/conditional best/worst pathways.
",SWZ,baseline_emissions,unconditional,best,KYOTOGHG,IPCM0EL,MtCO2eq,AR4,2.0874,2.0905,2.0785,1.7779,2.1335,2.1296,2.0580000000000003,2.8431,2.8074,2.8689,2.7637,2.667,2.6765,2.6417,2.6911,2.6757,2.5786,2.7349,2.699,2.5689,2.5096,2.5178,2.6891,2.6257,2.7216,2.7038,2.7041,2.8085,2.6659,2.6621,2.6663,2.6818,2.7098,2.7465,2.7882,2.8315,2.8755,2.9219,2.9706,3.0219,3.0755,3.1313,3.1889999999999996,3.2492,3.3122,3.3786,3.448,3.5199,3.5947,3.6726,3.7539,3.8386,3.9266,4.0176,4.1112,4.2072,4.3048,4.4036,4.5038,4.6053,4.7081
,SWZ,,emi_bau,emi_bau,KYOTOGHG,IPCM0EL,MtCO2eq,AR4,2.0874,2.0905,2.0785,1.7779,2.1335,2.1296,2.0580000000000003,2.8431,2.8074,2.8689,2.7637,2.667,2.6765,2.6417,2.6911,2.6757,2.5786,2.7349,2.699,2.5689,2.5096,2.5178,2.6891,2.6257,2.7216,2.7038,2.7041,2.8085,2.6659,2.6621,2.6663,2.6818,2.7098,2.7465,2.7882,2.8315,2.8755,2.9219,2.9706,3.0219,3.0755,3.1313,3.1889999999999996,3.2492,3.3122,3.3786,3.448,3.5199,3.5947,3.6726,3.7539,3.8386,3.9266,4.0176,4.1112,4.2072,4.3048,4.4036,4.5038,4.6053,4.7081
,SWZ,,emi_cov,emi_cov,KYOTOGHG,IPCM0EL,MtCO2eq,AR4,0.5312632117086,0.43085953399000004,0.36762216038050005,0.235307109585,0.592823565123,0.5630699114304,0.44766144082800013,1.3163624020638,1.3316514675318,1.3692357689151,1.3241593986104,1.2883964507609997,1.2646538004065,1.1812604110894003,1.2084592625852002,1.180610643267,1.183659438159,1.2554422826309002,1.2800669294799998,1.2332773193325002,1.2355591828944,1.2473119866392,1.4099059993422,1.3014331701987,1.420995695616,1.4561903733564001,1.4906960862304,1.578140889405,1.399183325776,1.3948861570504,1.3996356596313,1.4171635882733997,1.4488269439806,1.4903285572875,1.5374843393147999,1.586449457894,1.636206157863,1.6886768639641,1.7437484857896,1.8017602770531,1.862372986244,1.9254735291371,1.9907226593309997,2.0587988749616,2.1300414228029996,2.2051288091232,2.2836087001360004,2.3649156741068995,2.4495020664520997,2.537594042889,2.6295308584469996,2.725312510897,2.8248259135727998,2.9277318194207997,3.0335778924552,3.1421379716016005,3.2525073826536,3.3642337926719996,3.4775433739858,3.5923230383543996,3.7085727852553
,SWZ,,emi_ncov,emi_ncov,KYOTOGHG,IPCM0EL,MtCO2eq,AR4,1.5561367882914,1.6596404660100001,1.7108778396195,1.5425928904150001,1.5406764348770001,1.5665300885695999,1.6103385591720003,1.5267375979362,1.4757485324681998,1.4996642310849,1.4395406013896,1.378603549239,1.4118461995935,1.4604395889105999,1.4826407374148,1.495089356733,1.3949405618409998,1.4794577173691001,1.4189330705199998,1.3356226806675,1.2740408171056,1.2704880133607999,1.2791940006577998,1.3242668298012998,1.300604304384,1.2476096266436,1.2134039137696,1.230359110595,1.2667166742240001,1.2672138429496,1.2666643403687001,1.2646364117266002,1.2609730560194,1.2561714427125001,1.2507156606852,1.245050542106,1.2392938421370001,1.2332231360358998,1.2268515142104002,1.2201397229469,1.213127013756,1.2058264708629,1.198277340669,1.1904011250384,1.182158577197,1.1734711908767999,1.1643912998639998,1.1549843258931003,1.1451979335479003,1.1350059571110003,1.1243691415530002,1.113287489103,1.1017740864272003,1.0898681805792,1.0776221075448003,1.0650620283984,1.0522926173464,1.0393662073280001,1.0262566260142003,1.0129769616456001,0.9995272147447001
,SWZ,,pc_cov,pc_cov,KYOTOGHG,IPCM0EL,MtCO2eq/MtCO2eq,AR4,0.254509539,0.20610358,0.176868973,0.13235115,0.277864338,0.264401724,0.21752256600000003,0.463002498,0.474336207,0.477268559,0.47912559200000004,0.48308828299999995,0.472502821,0.44715918200000004,0.44905773200000004,0.44123431,0.459031815,0.45904504100000004,0.47427452,0.480079925,0.49233311399999996,0.495397564,0.524304042,0.495651891,0.52211776,0.538571778,0.551272544,0.56191593,0.52484464,0.523979624,0.524935551,0.5284374629999999,0.534661947,0.542628275,0.551425414,0.560285876,0.569016226,0.577937939,0.587002116,0.596234249,0.605551288,0.614911867,0.624246679,0.633632548,0.643089615,0.6526753120000001,0.6622995070000001,0.6718701309999999,0.6814204429999999,0.690953015,0.70047973,0.709975645,0.7194076079999999,0.728726558,0.737881371,0.746847778,0.755553657,0.76397352,0.772135391,0.780041048,0.787700513
,SXM,,pop,pop,POP,DEMOGR,Pers,,,,,,,,,,,,,,,,,,,,,,,,,,,,,,,,,,,,,,,,,,,,,,,,,,,,,,,,,,,,,,
,SXM,,gdp,gdp,GDPPPP,ECO,2011GKD,,,,,,,,,,,,,,,,,,,,,,,,,,,,,,,,,,,,,,,,,,,,,,,,,,,,,,,,,,,,,,
"No targets calculated, so the baseline emissions are put in as target pathways for all un/conditional best/worst pathways.
",SXM,baseline_emissions,conditional,worst,KYOTOGHG,IPCM0EL,MtCO2eq,AR4,,,,,,,,,,,,,,,,,,,,,,,,,,,,,,,,,,,,,,,,,,,,,,,,,,,,,,,,,,,,,
"No targets calculated, so the baseline emissions are put in as target pathways for all un/conditional best/worst pathways.
",SXM,baseline_emissions,conditional,best,KYOTOGHG,IPCM0EL,MtCO2eq,AR4,,,,,,,,,,,,,,,,,,,,,,,,,,,,,,,,,,,,,,,,,,,,,,,,,,,,,,,,,,,,,
"No targets calculated, so the baseline emissions are put in as target pathways for all un/conditional best/worst pathways.
",SXM,baseline_emissions,unconditional,worst,KYOTOGHG,IPCM0EL,MtCO2eq,AR4,,,,,,,,,,,,,,,,,,,,,,,,,,,,,,,,,,,,,,,,,,,,,,,,,,,,,,,,,,,,,
"No targets calculated, so the baseline emissions are put in as target pathways for all un/conditional best/worst pathways.
",SXM,baseline_emissions,unconditional,best,KYOTOGHG,IPCM0EL,MtCO2eq,AR4,,,,,,,,,,,,,,,,,,,,,,,,,,,,,,,,,,,,,,,,,,,,,,,,,,,,,,,,,,,,,
,SXM,,emi_bau,emi_bau,KYOTOGHG,IPCM0EL,MtCO2eq,AR4,,,,,,,,,,,,,,,,,,,,,,,,,,,,,,,,,,,,,,,,,,,,,,,,,,,,,,,,,,,,,
,SXM,,emi_cov,emi_cov,KYOTOGHG,IPCM0EL,MtCO2eq,AR4,,,,,,,,,,,,,,,,,,,,,,,,,,,,,,,,,,,,,,,,,,,,,,,,,,,,,,,,,,,,,
,SXM,,emi_ncov,emi_ncov,KYOTOGHG,IPCM0EL,MtCO2eq,AR4,,,,,,,,,,,,,,,,,,,,,,,,,,,,,,,,,,,,,,,,,,,,,,,,,,,,,,,,,,,,,
,SXM,,pc_cov,pc_cov,KYOTOGHG,IPCM0EL,MtCO2eq/MtCO2eq,AR4,0.0,0.0,0.0,0.0,0.0,0.0,0.0,0.0,0.0,0.0,0.0,0.0,0.0,0.0,0.0,0.0,0.0,0.0,0.0,0.0,0.0,0.0,0.0,0.0,0.0,0.0,0.0,0.0,0.0,0.0,0.0,0.0,0.0,0.0,0.0,0.0,0.0,0.0,0.0,0.0,0.0,0.0,0.0,0.0,0.0,0.0,0.0,0.0,0.0,0.0,0.0,0.0,0.0,0.0,0.0,0.0,0.0,0.0,0.0,0.0,0.0
,SYC,,pop,pop,POP,DEMOGR,Pers,,70570.0,71436.0,72655.0,74065.0,75440.0,76649.0,77594.0,78355.0,79064.0,79897.0,80996.0,82414.0,84077.0,85810.0,87393.0,88648.0,89526.0,90088.0,90449.0,90802.0,91264.0,91883.0,92603.0,93395.0,94215.0,94978.0,95710.0,96418.0,94553.16666666669,94553.16666666669,94553.16666666669,94553.16666666669,94553.16666666669,94553.16666666669,94553.16666666669,94553.16666666669,94553.16666666669,94553.16666666669,94553.16666666669,94553.16666666669,94553.16666666669,94553.16666666669,94553.16666666669,94553.16666666669,94553.16666666669,94553.16666666669,94553.16666666669,94553.16666666669,94553.16666666669,94553.16666666669,94553.16666666669,94553.16666666669,94553.16666666669,94553.16666666669,94553.16666666669,94553.16666666669,94553.16666666669,94553.16666666669,94553.16666666669,94553.16666666669,94553.16666666669
,SYC,,gdp,gdp,GDPPPP,ECO,2011GKD,,1038272460.9375,1050386230.4688,1117611938.4766,1263609985.3516,1291709838.8672,1200697143.5547,1251856079.1016,1409672119.1406,1428681030.2734,1471567016.6016,1563026123.0469,1473111450.1953,1621440185.5469,1519812011.7188,1311532958.9844,1544630126.9531,1737026245.1172,1895168334.9609,1661239013.6719,1519107788.0859,1748541748.0469,1963758178.7109,2053092773.4375,2534139892.5781,2470968017.5781,2668251220.7031,2649401367.1875,2740977539.0625,2519471801.7578,2519471801.7578,2519471801.7578,2519471801.7578,2519471801.7578,2519471801.7578,2519471801.7578,2519471801.7578,2519471801.7578,2519471801.7578,2519471801.7578,2519471801.7578,2519471801.7578,2519471801.7578,2519471801.7578,2519471801.7578,2519471801.7578,2519471801.7578,2519471801.7578,2519471801.7578,2519471801.7578,2519471801.7578,2519471801.7578,2519471801.7578,2519471801.7578,2519471801.7578,2519471801.7578,2519471801.7578,2519471801.7578,2519471801.7578,2519471801.7578,2519471801.7578,2519471801.7578
"The target value from 'conditional_best' was used for 'conditional_worst' in 2030.
",SYC,ABS,conditional,worst,KYOTOGHG,IPCM0EL,MtCO2eq,AR4,0.22438000000000002,0.25228,0.24835,0.26041,0.2686,0.26713000000000003,0.30177,0.41444,0.49936,0.5775100000000001,0.6531600000000001,0.71537,0.62935,0.64557,0.83339,0.78656,0.8295600000000001,0.74712,0.80798,0.63954,0.5603899999999999,0.45973,0.5575899999999999,0.53188,0.62808,0.57121,0.55925,0.54755,0.5659266666666666,0.5659266666666666,0.5659266666666666,0.5471266666666665,0.5283266666666666,0.5095266666666666,0.4907266666666666,0.47192666666666655,0.45312666666666657,0.4343266666666666,0.4155266666666666,0.39672666666666656,0.3779266666666666,0.3779266666666666,0.3779266666666666,0.3779266666666666,0.3779266666666666,0.3779266666666666,0.3779266666666666,0.3779266666666666,0.3779266666666666,0.3779266666666666,0.3779266666666666,0.3779266666666666,0.3779266666666666,0.3779266666666666,0.3779266666666666,0.3779266666666666,0.3779266666666666,0.3779266666666666,0.3779266666666666,0.3779266666666666,0.3779266666666666
,SYC,ABS,conditional,best,KYOTOGHG,IPCM0EL,MtCO2eq,AR4,0.22438000000000002,0.25228,0.24835,0.26041,0.2686,0.26713000000000003,0.30177,0.41444,0.49936,0.5775100000000001,0.6531600000000001,0.71537,0.62935,0.64557,0.83339,0.78656,0.8295600000000001,0.74712,0.80798,0.63954,0.5603899999999999,0.45973,0.5575899999999999,0.53188,0.62808,0.57121,0.55925,0.54755,0.5659266666666666,0.5659266666666666,0.5659266666666666,0.5471266666666665,0.5283266666666666,0.5095266666666666,0.4907266666666666,0.47192666666666655,0.45312666666666657,0.4343266666666666,0.4155266666666666,0.39672666666666656,0.3779266666666666,0.3779266666666666,0.3779266666666666,0.3779266666666666,0.3779266666666666,0.3779266666666666,0.3779266666666666,0.3779266666666666,0.3779266666666666,0.3779266666666666,0.3779266666666666,0.3779266666666666,0.3779266666666666,0.3779266666666666,0.3779266666666666,0.3779266666666666,0.3779266666666666,0.3779266666666666,0.3779266666666666,0.3779266666666666,0.3779266666666666
,SYC,ABS,unconditional,worst,KYOTOGHG,IPCM0EL,MtCO2eq,AR4,0.22438000000000002,0.25228,0.24835,0.26041,0.2686,0.26713000000000003,0.30177,0.41444,0.49936,0.5775100000000001,0.6531600000000001,0.71537,0.62935,0.64557,0.83339,0.78656,0.8295600000000001,0.74712,0.80798,0.63954,0.5603899999999999,0.45973,0.5575899999999999,0.53188,0.62808,0.57121,0.55925,0.54755,0.5659266666666666,0.5659266666666666,0.5659266666666666,0.5659266666666666,0.5659266666666666,0.5659266666666666,0.5659266666666666,0.5659266666666666,0.5659266666666666,0.5659266666666666,0.5659266666666666,0.5659266666666666,0.5659266666666666,0.5659266666666666,0.5659266666666666,0.5659266666666666,0.5659266666666666,0.5659266666666666,0.5659266666666666,0.5659266666666666,0.5659266666666666,0.5659266666666666,0.5659266666666666,0.5659266666666666,0.5659266666666666,0.5659266666666666,0.5659266666666666,0.5659266666666666,0.5659266666666666,0.5659266666666666,0.5659266666666666,0.5659266666666666,0.5659266666666666
,SYC,ABS,unconditional,best,KYOTOGHG,IPCM0EL,MtCO2eq,AR4,0.22438000000000002,0.25228,0.24835,0.26041,0.2686,0.26713000000000003,0.30177,0.41444,0.49936,0.5775100000000001,0.6531600000000001,0.71537,0.62935,0.64557,0.83339,0.78656,0.8295600000000001,0.74712,0.80798,0.63954,0.5603899999999999,0.45973,0.5575899999999999,0.53188,0.62808,0.57121,0.55925,0.54755,0.5659266666666666,0.5659266666666666,0.5659266666666666,0.5659266666666666,0.5659266666666666,0.5659266666666666,0.5659266666666666,0.5659266666666666,0.5659266666666666,0.5659266666666666,0.5659266666666666,0.5659266666666666,0.5659266666666666,0.5659266666666666,0.5659266666666666,0.5659266666666666,0.5659266666666666,0.5659266666666666,0.5659266666666666,0.5659266666666666,0.5659266666666666,0.5659266666666666,0.5659266666666666,0.5659266666666666,0.5659266666666666,0.5659266666666666,0.5659266666666666,0.5659266666666666,0.5659266666666666,0.5659266666666666,0.5659266666666666,0.5659266666666666,0.5659266666666666
"The target value from 'conditional_best' was used for 'conditional_worst' in 2025, 2030.
",SYC,ABU,conditional,worst,KYOTOGHG,IPCM0EL,MtCO2eq,AR4,0.22438000000000002,0.25228,0.24835,0.26041,0.2686,0.26713000000000003,0.30177,0.41444,0.49936,0.5775100000000001,0.6531600000000001,0.71537,0.62935,0.64557,0.83339,0.78656,0.8295600000000001,0.74712,0.80798,0.63954,0.5603899999999999,0.45973,0.5575899999999999,0.53188,0.62808,0.57121,0.55925,0.54755,0.5659266666666666,0.5659266666666666,0.5659266666666666,0.5414266666666666,0.5169266666666665,0.4924266666666666,0.4679266666666666,0.44342666666666664,0.4303266666666666,0.4172266666666666,0.4041266666666666,0.3910266666666666,0.3779266666666666,0.3779266666666666,0.3779266666666666,0.3779266666666666,0.3779266666666666,0.3779266666666666,0.3779266666666666,0.3779266666666666,0.3779266666666666,0.3779266666666666,0.3779266666666666,0.3779266666666666,0.3779266666666666,0.3779266666666666,0.3779266666666666,0.3779266666666666,0.3779266666666666,0.3779266666666666,0.3779266666666666,0.3779266666666666,0.3779266666666666
,SYC,ABU,conditional,best,KYOTOGHG,IPCM0EL,MtCO2eq,AR4,0.22438000000000002,0.25228,0.24835,0.26041,0.2686,0.26713000000000003,0.30177,0.41444,0.49936,0.5775100000000001,0.6531600000000001,0.71537,0.62935,0.64557,0.83339,0.78656,0.8295600000000001,0.74712,0.80798,0.63954,0.5603899999999999,0.45973,0.5575899999999999,0.53188,0.62808,0.57121,0.55925,0.54755,0.5659266666666666,0.5659266666666666,0.5659266666666666,0.5414266666666666,0.5169266666666665,0.4924266666666666,0.4679266666666666,0.44342666666666664,0.4303266666666666,0.4172266666666666,0.4041266666666666,0.3910266666666666,0.3779266666666666,0.3779266666666666,0.3779266666666666,0.3779266666666666,0.3779266666666666,0.3779266666666666,0.3779266666666666,0.3779266666666666,0.3779266666666666,0.3779266666666666,0.3779266666666666,0.3779266666666666,0.3779266666666666,0.3779266666666666,0.3779266666666666,0.3779266666666666,0.3779266666666666,0.3779266666666666,0.3779266666666666,0.3779266666666666,0.3779266666666666
,SYC,ABU,unconditional,worst,KYOTOGHG,IPCM0EL,MtCO2eq,AR4,0.22438000000000002,0.25228,0.24835,0.26041,0.2686,0.26713000000000003,0.30177,0.41444,0.49936,0.5775100000000001,0.6531600000000001,0.71537,0.62935,0.64557,0.83339,0.78656,0.8295600000000001,0.74712,0.80798,0.63954,0.5603899999999999,0.45973,0.5575899999999999,0.53188,0.62808,0.57121,0.55925,0.54755,0.5659266666666666,0.5659266666666666,0.5659266666666666,0.5659266666666666,0.5659266666666666,0.5659266666666666,0.5659266666666666,0.5659266666666666,0.5659266666666666,0.5659266666666666,0.5659266666666666,0.5659266666666666,0.5659266666666666,0.5659266666666666,0.5659266666666666,0.5659266666666666,0.5659266666666666,0.5659266666666666,0.5659266666666666,0.5659266666666666,0.5659266666666666,0.5659266666666666,0.5659266666666666,0.5659266666666666,0.5659266666666666,0.5659266666666666,0.5659266666666666,0.5659266666666666,0.5659266666666666,0.5659266666666666,0.5659266666666666,0.5659266666666666,0.5659266666666666
,SYC,ABU,unconditional,best,KYOTOGHG,IPCM0EL,MtCO2eq,AR4,0.22438000000000002,0.25228,0.24835,0.26041,0.2686,0.26713000000000003,0.30177,0.41444,0.49936,0.5775100000000001,0.6531600000000001,0.71537,0.62935,0.64557,0.83339,0.78656,0.8295600000000001,0.74712,0.80798,0.63954,0.5603899999999999,0.45973,0.5575899999999999,0.53188,0.62808,0.57121,0.55925,0.54755,0.5659266666666666,0.5659266666666666,0.5659266666666666,0.5659266666666666,0.5659266666666666,0.5659266666666666,0.5659266666666666,0.5659266666666666,0.5659266666666666,0.5659266666666666,0.5659266666666666,0.5659266666666666,0.5659266666666666,0.5659266666666666,0.5659266666666666,0.5659266666666666,0.5659266666666666,0.5659266666666666,0.5659266666666666,0.5659266666666666,0.5659266666666666,0.5659266666666666,0.5659266666666666,0.5659266666666666,0.5659266666666666,0.5659266666666666,0.5659266666666666,0.5659266666666666,0.5659266666666666,0.5659266666666666,0.5659266666666666,0.5659266666666666,0.5659266666666666
"The target value from 'conditional_best' was used for 'conditional_worst' in 2025, 2030.
",SYC,RBU,conditional,worst,KYOTOGHG,IPCM0EL,MtCO2eq,AR4,0.22438000000000002,0.25228,0.24835,0.26041,0.2686,0.26713000000000003,0.30177,0.41444,0.49936,0.5775100000000001,0.6531600000000001,0.71537,0.62935,0.64557,0.83339,0.78656,0.8295600000000001,0.74712,0.80798,0.63954,0.5603899999999999,0.45973,0.5575899999999999,0.53188,0.62808,0.57121,0.55925,0.54755,0.5659266666666666,0.5659266666666666,0.5659266666666666,0.4527413333333333,0.3395559999999999,0.22637066666666658,0.11318533333333329,0.0,0.0814070173194918,0.1628140346389836,0.24422105195847543,0.3256280692779672,0.4070350865974591,0.4070350865974591,0.4070350865974591,0.4070350865974591,0.4070350865974591,0.4070350865974591,0.4070350865974591,0.4070350865974591,0.4070350865974591,0.4070350865974591,0.4070350865974591,0.4070350865974591,0.4070350865974591,0.4070350865974591,0.4070350865974591,0.4070350865974591,0.4070350865974591,0.4070350865974591,0.4070350865974591,0.4070350865974591,0.4070350865974591
,SYC,RBU,conditional,best,KYOTOGHG,IPCM0EL,MtCO2eq,AR4,0.22438000000000002,0.25228,0.24835,0.26041,0.2686,0.26713000000000003,0.30177,0.41444,0.49936,0.5775100000000001,0.6531600000000001,0.71537,0.62935,0.64557,0.83339,0.78656,0.8295600000000001,0.74712,0.80798,0.63954,0.5603899999999999,0.45973,0.5575899999999999,0.53188,0.62808,0.57121,0.55925,0.54755,0.5659266666666666,0.5659266666666666,0.5659266666666666,0.4527413333333333,0.3395559999999999,0.22637066666666658,0.11318533333333329,0.0,0.0814070173194918,0.1628140346389836,0.24422105195847543,0.3256280692779672,0.4070350865974591,0.4070350865974591,0.4070350865974591,0.4070350865974591,0.4070350865974591,0.4070350865974591,0.4070350865974591,0.4070350865974591,0.4070350865974591,0.4070350865974591,0.4070350865974591,0.4070350865974591,0.4070350865974591,0.4070350865974591,0.4070350865974591,0.4070350865974591,0.4070350865974591,0.4070350865974591,0.4070350865974591,0.4070350865974591,0.4070350865974591
,SYC,RBU,unconditional,worst,KYOTOGHG,IPCM0EL,MtCO2eq,AR4,0.22438000000000002,0.25228,0.24835,0.26041,0.2686,0.26713000000000003,0.30177,0.41444,0.49936,0.5775100000000001,0.6531600000000001,0.71537,0.62935,0.64557,0.83339,0.78656,0.8295600000000001,0.74712,0.80798,0.63954,0.5603899999999999,0.45973,0.5575899999999999,0.53188,0.62808,0.57121,0.55925,0.54755,0.5659266666666666,0.5659266666666666,0.5659266666666666,0.5659266666666666,0.5659266666666666,0.5659266666666666,0.5659266666666666,0.5659266666666666,0.5659266666666666,0.5659266666666666,0.5659266666666666,0.5659266666666666,0.5659266666666666,0.5659266666666666,0.5659266666666666,0.5659266666666666,0.5659266666666666,0.5659266666666666,0.5659266666666666,0.5659266666666666,0.5659266666666666,0.5659266666666666,0.5659266666666666,0.5659266666666666,0.5659266666666666,0.5659266666666666,0.5659266666666666,0.5659266666666666,0.5659266666666666,0.5659266666666666,0.5659266666666666,0.5659266666666666,0.5659266666666666
,SYC,RBU,unconditional,best,KYOTOGHG,IPCM0EL,MtCO2eq,AR4,0.22438000000000002,0.25228,0.24835,0.26041,0.2686,0.26713000000000003,0.30177,0.41444,0.49936,0.5775100000000001,0.6531600000000001,0.71537,0.62935,0.64557,0.83339,0.78656,0.8295600000000001,0.74712,0.80798,0.63954,0.5603899999999999,0.45973,0.5575899999999999,0.53188,0.62808,0.57121,0.55925,0.54755,0.5659266666666666,0.5659266666666666,0.5659266666666666,0.5659266666666666,0.5659266666666666,0.5659266666666666,0.5659266666666666,0.5659266666666666,0.5659266666666666,0.5659266666666666,0.5659266666666666,0.5659266666666666,0.5659266666666666,0.5659266666666666,0.5659266666666666,0.5659266666666666,0.5659266666666666,0.5659266666666666,0.5659266666666666,0.5659266666666666,0.5659266666666666,0.5659266666666666,0.5659266666666666,0.5659266666666666,0.5659266666666666,0.5659266666666666,0.5659266666666666,0.5659266666666666,0.5659266666666666,0.5659266666666666,0.5659266666666666,0.5659266666666666,0.5659266666666666
"No targets calculated, so the baseline emissions are put in as target pathways for all un/conditional best/worst pathways.
",SYC,baseline_emissions,conditional,worst,KYOTOGHG,IPCM0EL,MtCO2eq,AR4,0.22438000000000002,0.25228,0.24835,0.26041,0.2686,0.26713000000000003,0.30177,0.41444,0.49936,0.5775100000000001,0.6531600000000001,0.71537,0.62935,0.64557,0.83339,0.78656,0.8295600000000001,0.74712,0.80798,0.63954,0.5603899999999999,0.45973,0.5575899999999999,0.53188,0.62808,0.57121,0.55925,0.54755,0.5659266666666666,0.5659266666666666,0.5659266666666666,0.5659266666666666,0.5659266666666666,0.5659266666666666,0.5659266666666666,0.5659266666666666,0.5659266666666666,0.5659266666666666,0.5659266666666666,0.5659266666666666,0.5659266666666666,0.5659266666666666,0.5659266666666666,0.5659266666666666,0.5659266666666666,0.5659266666666666,0.5659266666666666,0.5659266666666666,0.5659266666666666,0.5659266666666666,0.5659266666666666,0.5659266666666666,0.5659266666666666,0.5659266666666666,0.5659266666666666,0.5659266666666666,0.5659266666666666,0.5659266666666666,0.5659266666666666,0.5659266666666666,0.5659266666666666
"No targets calculated, so the baseline emissions are put in as target pathways for all un/conditional best/worst pathways.
",SYC,baseline_emissions,conditional,best,KYOTOGHG,IPCM0EL,MtCO2eq,AR4,0.22438000000000002,0.25228,0.24835,0.26041,0.2686,0.26713000000000003,0.30177,0.41444,0.49936,0.5775100000000001,0.6531600000000001,0.71537,0.62935,0.64557,0.83339,0.78656,0.8295600000000001,0.74712,0.80798,0.63954,0.5603899999999999,0.45973,0.5575899999999999,0.53188,0.62808,0.57121,0.55925,0.54755,0.5659266666666666,0.5659266666666666,0.5659266666666666,0.5659266666666666,0.5659266666666666,0.5659266666666666,0.5659266666666666,0.5659266666666666,0.5659266666666666,0.5659266666666666,0.5659266666666666,0.5659266666666666,0.5659266666666666,0.5659266666666666,0.5659266666666666,0.5659266666666666,0.5659266666666666,0.5659266666666666,0.5659266666666666,0.5659266666666666,0.5659266666666666,0.5659266666666666,0.5659266666666666,0.5659266666666666,0.5659266666666666,0.5659266666666666,0.5659266666666666,0.5659266666666666,0.5659266666666666,0.5659266666666666,0.5659266666666666,0.5659266666666666,0.5659266666666666
"No targets calculated, so the baseline emissions are put in as target pathways for all un/conditional best/worst pathways.
",SYC,baseline_emissions,unconditional,worst,KYOTOGHG,IPCM0EL,MtCO2eq,AR4,0.22438000000000002,0.25228,0.24835,0.26041,0.2686,0.26713000000000003,0.30177,0.41444,0.49936,0.5775100000000001,0.6531600000000001,0.71537,0.62935,0.64557,0.83339,0.78656,0.8295600000000001,0.74712,0.80798,0.63954,0.5603899999999999,0.45973,0.5575899999999999,0.53188,0.62808,0.57121,0.55925,0.54755,0.5659266666666666,0.5659266666666666,0.5659266666666666,0.5659266666666666,0.5659266666666666,0.5659266666666666,0.5659266666666666,0.5659266666666666,0.5659266666666666,0.5659266666666666,0.5659266666666666,0.5659266666666666,0.5659266666666666,0.5659266666666666,0.5659266666666666,0.5659266666666666,0.5659266666666666,0.5659266666666666,0.5659266666666666,0.5659266666666666,0.5659266666666666,0.5659266666666666,0.5659266666666666,0.5659266666666666,0.5659266666666666,0.5659266666666666,0.5659266666666666,0.5659266666666666,0.5659266666666666,0.5659266666666666,0.5659266666666666,0.5659266666666666,0.5659266666666666
"No targets calculated, so the baseline emissions are put in as target pathways for all un/conditional best/worst pathways.
",SYC,baseline_emissions,unconditional,best,KYOTOGHG,IPCM0EL,MtCO2eq,AR4,0.22438000000000002,0.25228,0.24835,0.26041,0.2686,0.26713000000000003,0.30177,0.41444,0.49936,0.5775100000000001,0.6531600000000001,0.71537,0.62935,0.64557,0.83339,0.78656,0.8295600000000001,0.74712,0.80798,0.63954,0.5603899999999999,0.45973,0.5575899999999999,0.53188,0.62808,0.57121,0.55925,0.54755,0.5659266666666666,0.5659266666666666,0.5659266666666666,0.5659266666666666,0.5659266666666666,0.5659266666666666,0.5659266666666666,0.5659266666666666,0.5659266666666666,0.5659266666666666,0.5659266666666666,0.5659266666666666,0.5659266666666666,0.5659266666666666,0.5659266666666666,0.5659266666666666,0.5659266666666666,0.5659266666666666,0.5659266666666666,0.5659266666666666,0.5659266666666666,0.5659266666666666,0.5659266666666666,0.5659266666666666,0.5659266666666666,0.5659266666666666,0.5659266666666666,0.5659266666666666,0.5659266666666666,0.5659266666666666,0.5659266666666666,0.5659266666666666,0.5659266666666666
,SYC,,emi_bau,emi_bau,KYOTOGHG,IPCM0EL,MtCO2eq,AR4,0.22438000000000002,0.25228,0.24835,0.26041,0.2686,0.26713000000000003,0.30177,0.41444,0.49936,0.5775100000000001,0.6531600000000001,0.71537,0.62935,0.64557,0.83339,0.78656,0.8295600000000001,0.74712,0.80798,0.63954,0.5603899999999999,0.45973,0.5575899999999999,0.53188,0.62808,0.57121,0.55925,0.54755,0.5659266666666666,0.5659266666666666,0.5659266666666666,0.5659266666666666,0.5659266666666666,0.5659266666666666,0.5659266666666666,0.5659266666666666,0.5659266666666666,0.5659266666666666,0.5659266666666666,0.5659266666666666,0.5659266666666666,0.5659266666666666,0.5659266666666666,0.5659266666666666,0.5659266666666666,0.5659266666666666,0.5659266666666666,0.5659266666666666,0.5659266666666666,0.5659266666666666,0.5659266666666666,0.5659266666666666,0.5659266666666666,0.5659266666666666,0.5659266666666666,0.5659266666666666,0.5659266666666666,0.5659266666666666,0.5659266666666666,0.5659266666666666,0.5659266666666666
,SYC,,emi_cov,emi_cov,KYOTOGHG,IPCM0EL,MtCO2eq,AR4,0.20394634368342004,0.2296162193304,0.227327723837,0.23893112279,0.2549834997388,0.25255313502697,0.28780485844005,0.39875452064292,0.48490186363312,0.56293481301518,0.6364218638418001,0.70042320014789,0.6120299550738499,0.6273948294479699,0.8180165280083199,0.7712604955904,0.81419680264536,0.73054117111008,0.79147187055518,0.6232556730985199,0.54399066073994,0.44240128033858,0.5410175180010699,0.51466814459732,0.61020577966728,0.5527327731008,0.540497640608,0.5282848890997999,0.5479020002386465,0.5479020002386465,0.5479020002386465,0.5479020002386465,0.5479020002386465,0.5479020002386465,0.5479020002386465,0.5479020002386465,0.5479020002386465,0.5479020002386465,0.5479020002386465,0.5479020002386465,0.5479020002386465,0.5479020002386465,0.5479020002386465,0.5479020002386465,0.5479020002386465,0.5479020002386465,0.5479020002386465,0.5479020002386465,0.5479020002386465,0.5479020002386465,0.5479020002386465,0.5479020002386465,0.5479020002386465,0.5479020002386465,0.5479020002386465,0.5479020002386465,0.5479020002386465,0.5479020002386465,0.5479020002386465,0.5479020002386465,0.5479020002386465
,SYC,,emi_ncov,emi_ncov,KYOTOGHG,IPCM0EL,MtCO2eq,AR4,0.02043365631657999,0.022663780669600002,0.021022276162999988,0.021478877209999976,0.013616500261200001,0.014576864973029995,0.013965141559950009,0.01568547935708,0.014458136366880014,0.01457518698482003,0.01673813615819998,0.01494679985210999,0.01732004492615001,0.01817517055203006,0.015373471991680031,0.015299504409600019,0.015363197354640073,0.016578828889919992,0.01650812944482003,0.01628432690148005,0.01639933926006002,0.017328719661420005,0.01657248199893001,0.017211855402679988,0.01787422033272001,0.018477226899199978,0.018752359392000036,0.01926511090020006,0.018024666428020027,0.018024666428020027,0.018024666428020027,0.018024666428020027,0.018024666428020027,0.018024666428020027,0.018024666428020027,0.018024666428020027,0.018024666428020027,0.018024666428020027,0.018024666428020027,0.018024666428020027,0.018024666428020027,0.018024666428020027,0.018024666428020027,0.018024666428020027,0.018024666428020027,0.018024666428020027,0.018024666428020027,0.018024666428020027,0.018024666428020027,0.018024666428020027,0.018024666428020027,0.018024666428020027,0.018024666428020027,0.018024666428020027,0.018024666428020027,0.018024666428020027,0.018024666428020027,0.018024666428020027,0.018024666428020027,0.018024666428020027,0.018024666428020027
,SYC,,pc_cov,pc_cov,KYOTOGHG,IPCM0EL,MtCO2eq/MtCO2eq,AR4,0.9089328090000001,0.91016418,0.91535222,0.9175190000000001,0.949305658,0.945431569,0.953722565,0.962152593,0.971046667,0.974762018,0.974373605,0.979106197,0.972479471,0.9718463209999999,0.981553088,0.98054884,0.9814803059999999,0.977809684,0.979568641,0.9745374379999999,0.970735846,0.962306746,0.970278373,0.967639589,0.971541491,0.96765248,0.9664687359999999,0.9648157959999999,0.968150173,0.968150173,0.968150173,0.968150173,0.968150173,0.968150173,0.968150173,0.968150173,0.968150173,0.968150173,0.968150173,0.968150173,0.968150173,0.968150173,0.968150173,0.968150173,0.968150173,0.968150173,0.968150173,0.968150173,0.968150173,0.968150173,0.968150173,0.968150173,0.968150173,0.968150173,0.968150173,0.968150173,0.968150173,0.968150173,0.968150173,0.968150173,0.968150173
,SYR,,pop,pop,POP,DEMOGR,Pers,,12446171.0,12815401.0,13187663.0,13565072.0,13950476.0,14345492.0,14754142.0,15175316.0,15599591.0,16013985.0,16410848.0,16766561.0,17084632.0,17415214.0,17827825.0,18361176.0,19059258.0,19878254.0,20664038.0,21205873.0,21362529.0,21081815.0,20438856.0,19578461.0,18710711.0,17997408.0,17465575.0,17095678.0,17970595.9955,18319116.9739,18673428.1721,19036876.4875,19411138.2729,19793418.9618,20180931.1148,20570892.6028,20962681.9598,21356061.9327,21748817.5985,22138718.1997,22523516.961,22904929.0458,23285488.24,23664166.4347,24039940.3985,24411792.0367,24778312.748000003,25139685.8294,25497285.5574,25852486.4373,26206662.858000007,26559961.5595,26912483.3643,27265540.0025,27620452.9485,27978553.9446,28337675.0856,28695149.3005,29051551.7375,29407436.9364,29763339.8104
,SYR,,gdp,gdp,GDPPPP,ECO,2011GKD,,13881068359.375,12808966796.875,13236924804.6875,12609417968.75,12162757812.5,12997916015.625,13006595703.125,14989353515.625,17377847656.25,18798361328.125,23381630859.375,27086314453.125,34049070312.5,42471503906.25,60009148437.5,93375906250.0,91064796875.0,97516968750.0,103970460937.5,106708273437.5,117000132812.5,116965882812.5,97870976562.5,81280945312.5,82947375000.0,81307000000.0,79915500000.0,82263976562.5,86484610712.5926,93931806324.9008,100705794978.511,106774145151.13,112751355066.4417,118763821503.1572,124935652862.8436,131389934436.8843,138087153637.7743,144890455183.5306,151777463962.1929,158726793032.1675,165717904460.6813,172749203733.9151,179856264200.9839,187074872293.883,194440836112.5078,201990042849.7257,209676429463.5965,217456238018.1823,225369460670.1751,233456771354.307,241759591223.7041,250239942954.6647,258855218808.6355,267641513534.5209,276636248814.3045,285878290152.5892,295386146756.6845,305137876603.6259,315113034561.3987,325291367180.6439,335652733938.1863
"No targets calculated, so the baseline emissions are put in as target pathways for all un/conditional best/worst pathways.
",SYR,baseline_emissions,conditional,worst,KYOTOGHG,IPCM0EL,MtCO2eq,AR4,64.7697,73.3481,77.4074,83.2075,85.3377,78.37100000000002,77.9482,73.8534,81.6586,82.1243,79.585,72.9885,61.8759,77.453,73.8097,73.9481,76.916,90.1298,89.8707,85.0788,83.9362,79.1034,65.1785,54.9099,48.3947,64.0542,61.7123,60.6047,52.0822,55.7166,58.8864,61.5749,64.1268,66.6288,69.1615,71.7999,74.5276,77.2742,80.032,82.7933,85.5514,88.2935,91.0267,93.7741,96.5581,99.4008,102.2808,105.1766,108.109,111.0984,114.1646,117.3027,120.4989,123.76,127.0926,130.5038,133.9886,137.5235,141.0877,144.6607,148.222
"No targets calculated, so the baseline emissions are put in as target pathways for all un/conditional best/worst pathways.
",SYR,baseline_emissions,conditional,best,KYOTOGHG,IPCM0EL,MtCO2eq,AR4,64.7697,73.3481,77.4074,83.2075,85.3377,78.37100000000002,77.9482,73.8534,81.6586,82.1243,79.585,72.9885,61.8759,77.453,73.8097,73.9481,76.916,90.1298,89.8707,85.0788,83.9362,79.1034,65.1785,54.9099,48.3947,64.0542,61.7123,60.6047,52.0822,55.7166,58.8864,61.5749,64.1268,66.6288,69.1615,71.7999,74.5276,77.2742,80.032,82.7933,85.5514,88.2935,91.0267,93.7741,96.5581,99.4008,102.2808,105.1766,108.109,111.0984,114.1646,117.3027,120.4989,123.76,127.0926,130.5038,133.9886,137.5235,141.0877,144.6607,148.222
"No targets calculated, so the baseline emissions are put in as target pathways for all un/conditional best/worst pathways.
",SYR,baseline_emissions,unconditional,worst,KYOTOGHG,IPCM0EL,MtCO2eq,AR4,64.7697,73.3481,77.4074,83.2075,85.3377,78.37100000000002,77.9482,73.8534,81.6586,82.1243,79.585,72.9885,61.8759,77.453,73.8097,73.9481,76.916,90.1298,89.8707,85.0788,83.9362,79.1034,65.1785,54.9099,48.3947,64.0542,61.7123,60.6047,52.0822,55.7166,58.8864,61.5749,64.1268,66.6288,69.1615,71.7999,74.5276,77.2742,80.032,82.7933,85.5514,88.2935,91.0267,93.7741,96.5581,99.4008,102.2808,105.1766,108.109,111.0984,114.1646,117.3027,120.4989,123.76,127.0926,130.5038,133.9886,137.5235,141.0877,144.6607,148.222
"No targets calculated, so the baseline emissions are put in as target pathways for all un/conditional best/worst pathways.
",SYR,baseline_emissions,unconditional,best,KYOTOGHG,IPCM0EL,MtCO2eq,AR4,64.7697,73.3481,77.4074,83.2075,85.3377,78.37100000000002,77.9482,73.8534,81.6586,82.1243,79.585,72.9885,61.8759,77.453,73.8097,73.9481,76.916,90.1298,89.8707,85.0788,83.9362,79.1034,65.1785,54.9099,48.3947,64.0542,61.7123,60.6047,52.0822,55.7166,58.8864,61.5749,64.1268,66.6288,69.1615,71.7999,74.5276,77.2742,80.032,82.7933,85.5514,88.2935,91.0267,93.7741,96.5581,99.4008,102.2808,105.1766,108.109,111.0984,114.1646,117.3027,120.4989,123.76,127.0926,130.5038,133.9886,137.5235,141.0877,144.6607,148.222
,SYR,,emi_bau,emi_bau,KYOTOGHG,IPCM0EL,MtCO2eq,AR4,64.7697,73.3481,77.4074,83.2075,85.3377,78.37100000000002,77.9482,73.8534,81.6586,82.1243,79.585,72.9885,61.8759,77.453,73.8097,73.9481,76.916,90.1298,89.8707,85.0788,83.9362,79.1034,65.1785,54.9099,48.3947,64.0542,61.7123,60.6047,52.0822,55.7166,58.8864,61.5749,64.1268,66.6288,69.1615,71.7999,74.5276,77.2742,80.032,82.7933,85.5514,88.2935,91.0267,93.7741,96.5581,99.4008,102.2808,105.1766,108.109,111.0984,114.1646,117.3027,120.4989,123.76,127.0926,130.5038,133.9886,137.5235,141.0877,144.6607,148.222
,SYR,,emi_cov,emi_cov,KYOTOGHG,IPCM0EL,MtCO2eq,AR4,64.7697,73.3481,77.4074,83.2075,85.3377,78.37100000000002,77.9482,73.8534,81.6586,82.1243,79.585,72.9885,61.8759,77.453,73.8097,73.9481,76.916,90.1298,89.8707,85.0788,83.9362,79.1034,65.1785,54.9099,48.3947,64.0542,61.7123,60.6047,52.0822,55.7166,58.8864,61.5749,64.1268,66.6288,69.161399992471,71.7999,74.5276,77.2742,80.032,82.7931999856936,85.5514,88.2935,91.0265999616567,93.7741,96.5581,99.4008,102.2808,105.1766,108.109,111.09830001144,114.1646,117.3027,120.4989,123.76,127.0926,130.5038,133.9886,137.5235,141.0877,144.6606000394563,148.222
,SYR,,emi_ncov,emi_ncov,KYOTOGHG,IPCM0EL,MtCO2eq,AR4,0.0,0.0,0.0,0.0,0.0,0.0,0.0,0.0,0.0,0.0,0.0,0.0,0.0,0.0,0.0,0.0,0.0,0.0,0.0,0.0,0.0,0.0,0.0,0.0,0.0,0.0,0.0,0.0,0.0,0.0,0.0,0.0,0.0,0.0,0.0001000075289972705,0.0,0.0,0.0,0.0,0.00010001430639331641,0.0,0.0,0.0001000383433004007,0.0,0.0,0.0,0.0,0.0,0.0,9.998855999670804e-05,0.0,0.0,0.0,0.0,0.0,0.0,0.0,0.0,0.0,9.996054368352145e-05,0.0
,SYR,,pc_cov,pc_cov,KYOTOGHG,IPCM0EL,MtCO2eq/MtCO2eq,AR4,1.0,1.0,1.0,1.0,1.0,1.0,1.0,1.0,1.0,1.0,1.0,1.0,1.0,1.0,1.0,1.0,1.0,1.0,1.0,1.0,1.0,1.0,1.0,1.0,1.0,1.0,1.0,1.0,1.0,1.0,1.0,1.0,1.0,1.0,0.999998554,1.0,1.0,1.0,1.0,0.9999987920000001,1.0,1.0,0.999998901,1.0,1.0,1.0,1.0,1.0,1.0,0.9999991,1.0,1.0,1.0,1.0,1.0,1.0,1.0,1.0,1.0,0.9999993090000001,1.0
,TCA,,pop,pop,POP,DEMOGR,Pers,,12111.0,12811.0,13632.0,14526.0,15407.0,16216.0,16926.0,17567.0,18232.0,19065.0,20164.0,21573.0,23232.0,25011.0,26700.0,28180.0,29391.0,30385.0,31202.0,31934.0,32660.0,33377.0,34066.0,34731.0,35369.0,35981.0,36559.0,37115.0,35636.833333333336,35636.833333333336,35636.833333333336,35636.833333333336,35636.833333333336,35636.833333333336,35636.833333333336,35636.833333333336,35636.833333333336,35636.833333333336,35636.833333333336,35636.833333333336,35636.833333333336,35636.833333333336,35636.833333333336,35636.833333333336,35636.833333333336,35636.833333333336,35636.833333333336,35636.833333333336,35636.833333333336,35636.833333333336,35636.833333333336,35636.833333333336,35636.833333333336,35636.833333333336,35636.833333333336,35636.833333333336,35636.833333333336,35636.833333333336,35636.833333333336,35636.833333333336,35636.833333333336
,TCA,,gdp,gdp,GDPPPP,ECO,2011GKD,,140773773.1934,155242965.6982,169299209.5947,190489959.7168,215161682.1289,230192443.8477,246183532.7148,264235961.9141,289962921.1426,315795501.709,335723754.8828,358184204.1016,416803497.3145,456370513.916,511837188.7207,595462402.3438,695437500.0,728451354.9805,795457275.3906,635894592.2852,654288757.3242,683448242.1875,662628234.8633,685163146.9727,740278869.6289,766474670.4102,799335876.4648,834387207.0313,748044667.5618666,748044667.5618666,748044667.5618666,748044667.5618666,748044667.5618666,748044667.5618666,748044667.5618666,748044667.5618666,748044667.5618666,748044667.5618666,748044667.5618666,748044667.5618666,748044667.5618666,748044667.5618666,748044667.5618666,748044667.5618666,748044667.5618666,748044667.5618666,748044667.5618666,748044667.5618666,748044667.5618666,748044667.5618666,748044667.5618666,748044667.5618666,748044667.5618666,748044667.5618666,748044667.5618666,748044667.5618666,748044667.5618666,748044667.5618666,748044667.5618666,748044667.5618666,748044667.5618666
"No targets calculated, so the baseline emissions are put in as target pathways for all un/conditional best/worst pathways.
",TCA,baseline_emissions,conditional,worst,KYOTOGHG,IPCM0EL,MtCO2eq,AR4,0.033746,0.034151999999999995,0.038201,0.045951,0.050076,0.054212,0.054524,0.062238999999999996,0.066386,0.074188,0.078477,0.082816,0.10923,0.11391,0.11485999999999999,0.134,0.15667,0.17962,0.1948,0.19545,0.20686,0.20736999999999997,0.21514,0.21641999999999997,0.22448,0.22954000000000002,0.23635,0.2359,0.226305,0.226305,0.226305,0.226305,0.226305,0.226305,0.226305,0.226305,0.226305,0.226305,0.226305,0.226305,0.226305,0.226305,0.226305,0.226305,0.226305,0.226305,0.226305,0.226305,0.226305,0.226305,0.226305,0.226305,0.226305,0.226305,0.226305,0.226305,0.226305,0.226305,0.226305,0.226305,0.226305
"No targets calculated, so the baseline emissions are put in as target pathways for all un/conditional best/worst pathways.
",TCA,baseline_emissions,conditional,best,KYOTOGHG,IPCM0EL,MtCO2eq,AR4,0.033746,0.034151999999999995,0.038201,0.045951,0.050076,0.054212,0.054524,0.062238999999999996,0.066386,0.074188,0.078477,0.082816,0.10923,0.11391,0.11485999999999999,0.134,0.15667,0.17962,0.1948,0.19545,0.20686,0.20736999999999997,0.21514,0.21641999999999997,0.22448,0.22954000000000002,0.23635,0.2359,0.226305,0.226305,0.226305,0.226305,0.226305,0.226305,0.226305,0.226305,0.226305,0.226305,0.226305,0.226305,0.226305,0.226305,0.226305,0.226305,0.226305,0.226305,0.226305,0.226305,0.226305,0.226305,0.226305,0.226305,0.226305,0.226305,0.226305,0.226305,0.226305,0.226305,0.226305,0.226305,0.226305
"No targets calculated, so the baseline emissions are put in as target pathways for all un/conditional best/worst pathways.
",TCA,baseline_emissions,unconditional,worst,KYOTOGHG,IPCM0EL,MtCO2eq,AR4,0.033746,0.034151999999999995,0.038201,0.045951,0.050076,0.054212,0.054524,0.062238999999999996,0.066386,0.074188,0.078477,0.082816,0.10923,0.11391,0.11485999999999999,0.134,0.15667,0.17962,0.1948,0.19545,0.20686,0.20736999999999997,0.21514,0.21641999999999997,0.22448,0.22954000000000002,0.23635,0.2359,0.226305,0.226305,0.226305,0.226305,0.226305,0.226305,0.226305,0.226305,0.226305,0.226305,0.226305,0.226305,0.226305,0.226305,0.226305,0.226305,0.226305,0.226305,0.226305,0.226305,0.226305,0.226305,0.226305,0.226305,0.226305,0.226305,0.226305,0.226305,0.226305,0.226305,0.226305,0.226305,0.226305
"No targets calculated, so the baseline emissions are put in as target pathways for all un/conditional best/worst pathways.
",TCA,baseline_emissions,unconditional,best,KYOTOGHG,IPCM0EL,MtCO2eq,AR4,0.033746,0.034151999999999995,0.038201,0.045951,0.050076,0.054212,0.054524,0.062238999999999996,0.066386,0.074188,0.078477,0.082816,0.10923,0.11391,0.11485999999999999,0.134,0.15667,0.17962,0.1948,0.19545,0.20686,0.20736999999999997,0.21514,0.21641999999999997,0.22448,0.22954000000000002,0.23635,0.2359,0.226305,0.226305,0.226305,0.226305,0.226305,0.226305,0.226305,0.226305,0.226305,0.226305,0.226305,0.226305,0.226305,0.226305,0.226305,0.226305,0.226305,0.226305,0.226305,0.226305,0.226305,0.226305,0.226305,0.226305,0.226305,0.226305,0.226305,0.226305,0.226305,0.226305,0.226305,0.226305,0.226305
,TCA,,emi_bau,emi_bau,KYOTOGHG,IPCM0EL,MtCO2eq,AR4,0.033746,0.034151999999999995,0.038201,0.045951,0.050076,0.054212,0.054524,0.062238999999999996,0.066386,0.074188,0.078477,0.082816,0.10923,0.11391,0.11485999999999999,0.134,0.15667,0.17962,0.1948,0.19545,0.20686,0.20736999999999997,0.21514,0.21641999999999997,0.22448,0.22954000000000002,0.23635,0.2359,0.226305,0.226305,0.226305,0.226305,0.226305,0.226305,0.226305,0.226305,0.226305,0.226305,0.226305,0.226305,0.226305,0.226305,0.226305,0.226305,0.226305,0.226305,0.226305,0.226305,0.226305,0.226305,0.226305,0.226305,0.226305,0.226305,0.226305,0.226305,0.226305,0.226305,0.226305,0.226305,0.226305
,TCA,,emi_cov,emi_cov,KYOTOGHG,IPCM0EL,MtCO2eq,AR4,0.0,0.0,0.0,0.0,0.0,0.0,0.0,0.0,0.0,0.0,0.0,0.0,0.0,0.0,0.0,0.0,0.0,0.0,0.0,0.0,0.0,0.0,0.0,0.0,0.0,0.0,0.0,0.0,0.0,0.0,0.0,0.0,0.0,0.0,0.0,0.0,0.0,0.0,0.0,0.0,0.0,0.0,0.0,0.0,0.0,0.0,0.0,0.0,0.0,0.0,0.0,0.0,0.0,0.0,0.0,0.0,0.0,0.0,0.0,0.0,0.0
,TCA,,emi_ncov,emi_ncov,KYOTOGHG,IPCM0EL,MtCO2eq,AR4,0.033746,0.034151999999999995,0.038201,0.045951,0.050076,0.054212,0.054524,0.062238999999999996,0.066386,0.074188,0.078477,0.082816,0.10923,0.11391,0.11485999999999999,0.134,0.15667,0.17962,0.1948,0.19545,0.20686,0.20736999999999997,0.21514,0.21641999999999997,0.22448,0.22954000000000002,0.23635,0.2359,0.226305,0.226305,0.226305,0.226305,0.226305,0.226305,0.226305,0.226305,0.226305,0.226305,0.226305,0.226305,0.226305,0.226305,0.226305,0.226305,0.226305,0.226305,0.226305,0.226305,0.226305,0.226305,0.226305,0.226305,0.226305,0.226305,0.226305,0.226305,0.226305,0.226305,0.226305,0.226305,0.226305
,TCA,,pc_cov,pc_cov,KYOTOGHG,IPCM0EL,MtCO2eq/MtCO2eq,AR4,0.0,0.0,0.0,0.0,0.0,0.0,0.0,0.0,0.0,0.0,0.0,0.0,0.0,0.0,0.0,0.0,0.0,0.0,0.0,0.0,0.0,0.0,0.0,0.0,0.0,0.0,0.0,0.0,0.0,0.0,0.0,0.0,0.0,0.0,0.0,0.0,0.0,0.0,0.0,0.0,0.0,0.0,0.0,0.0,0.0,0.0,0.0,0.0,0.0,0.0,0.0,0.0,0.0,0.0,0.0,0.0,0.0,0.0,0.0,0.0,0.0
,TCD,,pop,pop,POP,DEMOGR,Pers,,5963252.0,6157079.0,6356748.0,6563922.0,6781053.0,7010145.0,7250975.0,7503493.0,7770048.0,8053536.0,8355654.0,8678051.0,9019233.0,9373916.0,9734767.0,10096633.0,10457124.0,10818024.0,11183588.0,11560147.0,11952136.0,12360990.0,12784750.0,13220433.0,13663566.0,14110975.0,14561660.0,15016753.0,15357431.5213,15772233.6579,16195499.5826,16629737.384,17075929.3314,17532579.0275,17998180.9028,18471219.7954,18951459.006,19438232.3155,19929390.5553,20422808.6201,20916384.8695,21412063.3419,21912194.5595,22415298.5437,22919889.1564,23424474.3264,23928488.6853,24432359.5481,24936080.2871,25439644.8852,25943047.8343,26448207.6263,26956142.1666,27465491.8907,27974893.0812,28482978.5634,28988122.107,29489367.8411,29986357.2253,30478736.6922,30966155.7728
,TCD,,gdp,gdp,GDPPPP,ECO,2011GKD,,6668797363.2813,6935951171.875,7002289062.5,6904564941.4063,7228833984.375,7470031738.2813,7426503906.25,8308935546.875,8195191406.25,8392511718.75,8063051269.5313,8372931640.625,6491581542.9688,7674696289.0625,11552659179.6875,14721032226.5625,15438041015.625,17073841796.875,17917566406.25,16720898437.5,22141746093.75,23979998046.875,24577072265.625,25240056640.625,21337250000.0,23358115234.375,21473847656.25,20298062500.0,24236204538.3191,24984733913.0967,25874415191.6276,26953107452.2917,28197058993.658,29574382101.8686,31053608367.3609,32603406927.8269,34230160927.963,35951702582.7729,37753926947.6101,39622923547.7646,41545069576.6432,43525317884.6259,45584674666.3906,47733896929.4095,49983828107.9566,52345425701.9123,54825596737.3705,57422362777.0699,60133832455.18401,62958677397.6608,65896198535.9929,68947574582.45099,72118034956.6,75414161933.705,78843541584.5929,82414850103.9725,86143011925.5727,90033754154.0183,94083017934.6285,98286993315.6035,102642105102.0936
"The target value from 'conditional_best' was used for 'conditional_worst' in 2030.
",TCD,ABS,conditional,worst,KYOTOGHG,IPCM0EL,MtCO2eq,AR4,16.5997,16.7773,17.0425,17.2367,17.4262,17.727999999999994,18.3647,18.8459,18.8164,19.9303,21.7822,20.3948,22.728,23.6454,23.7841,24.4325,23.9378,25.3637,25.4214,24.0745,25.9608,27.094,27.3342,27.1378,26.6963,67.2703,72.2774,76.4111,74.07538846153847,71.73967692307693,69.40396538461539,65.11579764698413,60.9636219536128,56.94743830450143,53.06724669964997,49.32304713905846,45.71483962272689,42.24262415065525,38.906400722843564,35.70616933929182,32.64193,33.92338175752523,35.23758401081724,36.58843562841975,37.979693701838464,39.415327988136,40.905900876639784,42.452759249210324,44.04675848689976,45.68017174113973,47.346548156703456,49.049219493982754,50.79229728707827,52.57195355596529,54.384856540251945,56.228454253255094,58.10593667832871,60.01453916323266,61.94355754160167,63.88292564374112,65.82307351958929
,TCD,ABS,conditional,best,KYOTOGHG,IPCM0EL,MtCO2eq,AR4,16.5997,16.7773,17.0425,17.2367,17.4262,17.727999999999994,18.3647,18.8459,18.8164,19.9303,21.7822,20.3948,22.728,23.6454,23.7841,24.4325,23.9378,25.3637,25.4214,24.0745,25.9608,27.094,27.3342,27.1378,26.6963,67.2703,72.2774,76.4111,74.07538846153847,71.73967692307693,69.40396538461539,65.11579764698413,60.9636219536128,56.94743830450143,53.06724669964997,49.32304713905846,45.71483962272689,42.24262415065525,38.906400722843564,35.70616933929182,32.64193,33.92338175752523,35.23758401081724,36.58843562841975,37.979693701838464,39.415327988136,40.905900876639784,42.452759249210324,44.04675848689976,45.68017174113973,47.346548156703456,49.049219493982754,50.79229728707827,52.57195355596529,54.384856540251945,56.228454253255094,58.10593667832871,60.01453916323266,61.94355754160167,63.88292564374112,65.82307351958929
"The target value from 'unconditional_best' was used for 'unconditional_worst' in 2030.
",TCD,ABS,unconditional,worst,KYOTOGHG,IPCM0EL,MtCO2eq,AR4,16.5997,16.7773,17.0425,17.2367,17.4262,17.727999999999994,18.3647,18.8459,18.8164,19.9303,21.7822,20.3948,22.728,23.6454,23.7841,24.4325,23.9378,25.3637,25.4214,24.0745,25.9608,27.094,27.3342,27.1378,26.6963,67.2703,72.2774,76.4111,74.07538846153847,71.73967692307693,69.40396538461539,66.30936214560406,63.26761706227045,60.278730134614584,57.34270136263644,54.459530746336036,51.629218285713364,48.85176398076842,46.12716783150121,43.455429837911744,40.83655,42.439704861516056,44.083832093780565,45.77380935997794,47.51433695372214,49.310381222982684,51.1751562007499,53.110346897942,55.104512977272066,57.14798779715659,59.23270104214513,61.36282089714063,63.54349107968297,65.76992261137299,68.03794730730768,70.3443725152209,72.69318905044537,75.08093820635939,77.49422858040238,79.92046693308014,82.34768081839475
,TCD,ABS,unconditional,best,KYOTOGHG,IPCM0EL,MtCO2eq,AR4,16.5997,16.7773,17.0425,17.2367,17.4262,17.727999999999994,18.3647,18.8459,18.8164,19.9303,21.7822,20.3948,22.728,23.6454,23.7841,24.4325,23.9378,25.3637,25.4214,24.0745,25.9608,27.094,27.3342,27.1378,26.6963,67.2703,72.2774,76.4111,74.07538846153847,71.73967692307693,69.40396538461539,66.30936214560406,63.26761706227045,60.278730134614584,57.34270136263644,54.459530746336036,51.629218285713364,48.85176398076842,46.12716783150121,43.455429837911744,40.83655,42.439704861516056,44.083832093780565,45.77380935997794,47.51433695372214,49.310381222982684,51.1751562007499,53.110346897942,55.104512977272066,57.14798779715659,59.23270104214513,61.36282089714063,63.54349107968297,65.76992261137299,68.03794730730768,70.3443725152209,72.69318905044537,75.08093820635939,77.49422858040238,79.92046693308014,82.34768081839475
"The target value from 'conditional_best' was used for 'conditional_worst' in 2030.
",TCD,ABU,conditional,worst,KYOTOGHG,IPCM0EL,MtCO2eq,AR4,16.5997,16.7773,17.0425,17.2367,17.4262,17.727999999999994,18.3647,18.8459,18.8164,19.9303,21.7822,20.3948,22.728,23.6454,23.7841,24.4325,23.9378,25.3637,25.4214,24.0745,25.9608,27.094,27.3342,27.1378,26.6963,67.2703,72.2774,76.4111,74.07538846153847,71.73967692307693,69.40396538461539,65.11580056002829,60.96362757680243,56.94744643493782,53.06725713443441,49.32305967529226,45.71485405751134,42.242640281091646,38.9064183460332,35.70618825233599,32.64195,33.92340254268208,35.23760560119747,36.588458046478756,37.97971697233362,39.41535213825702,40.90592594004803,42.45278526039242,44.04678547473932,45.680199729786075,47.34657716635341,49.04924954687454,50.79232840796928,52.57198576726748,54.38488986233587,56.22848870492769,58.10597228035144,60.01457593467306,61.94359549496873,63.882964785376224,65.8231138499702
,TCD,ABU,conditional,best,KYOTOGHG,IPCM0EL,MtCO2eq,AR4,16.5997,16.7773,17.0425,17.2367,17.4262,17.727999999999994,18.3647,18.8459,18.8164,19.9303,21.7822,20.3948,22.728,23.6454,23.7841,24.4325,23.9378,25.3637,25.4214,24.0745,25.9608,27.094,27.3342,27.1378,26.6963,67.2703,72.2774,76.4111,74.07538846153847,71.73967692307693,69.40396538461539,65.11580056002829,60.96362757680243,56.94744643493782,53.06725713443441,49.32305967529226,45.71485405751134,42.242640281091646,38.9064183460332,35.70618825233599,32.64195,33.92340254268208,35.23760560119747,36.588458046478756,37.97971697233362,39.41535213825702,40.90592594004803,42.45278526039242,44.04678547473932,45.680199729786075,47.34657716635341,49.04924954687454,50.79232840796928,52.57198576726748,54.38488986233587,56.22848870492769,58.10597228035144,60.01457593467306,61.94359549496873,63.882964785376224,65.8231138499702
"The target value from 'unconditional_best' was used for 'unconditional_worst' in 2030.
",TCD,ABU,unconditional,worst,KYOTOGHG,IPCM0EL,MtCO2eq,AR4,16.5997,16.7773,17.0425,17.2367,17.4262,17.727999999999994,18.3647,18.8459,18.8164,19.9303,21.7822,20.3948,22.728,23.6454,23.7841,24.4325,23.9378,25.3637,25.4214,24.0745,25.9608,27.094,27.3342,27.1378,26.6963,67.2703,72.2774,76.4111,74.07538846153847,71.73967692307693,69.40396538461539,66.30936214560406,63.26761706227045,60.278730134614584,57.34270136263644,54.459530746336036,51.629218285713364,48.85176398076842,46.12716783150121,43.455429837911744,40.83655,42.439704861516056,44.083832093780565,45.77380935997794,47.51433695372214,49.310381222982684,51.1751562007499,53.110346897942,55.104512977272066,57.14798779715659,59.23270104214513,61.36282089714063,63.54349107968297,65.76992261137299,68.03794730730768,70.3443725152209,72.69318905044537,75.08093820635939,77.49422858040238,79.92046693308014,82.34768081839475
,TCD,ABU,unconditional,best,KYOTOGHG,IPCM0EL,MtCO2eq,AR4,16.5997,16.7773,17.0425,17.2367,17.4262,17.727999999999994,18.3647,18.8459,18.8164,19.9303,21.7822,20.3948,22.728,23.6454,23.7841,24.4325,23.9378,25.3637,25.4214,24.0745,25.9608,27.094,27.3342,27.1378,26.6963,67.2703,72.2774,76.4111,74.07538846153847,71.73967692307693,69.40396538461539,66.30936214560406,63.26761706227045,60.278730134614584,57.34270136263644,54.459530746336036,51.629218285713364,48.85176398076842,46.12716783150121,43.455429837911744,40.83655,42.439704861516056,44.083832093780565,45.77380935997794,47.51433695372214,49.310381222982684,51.1751562007499,53.110346897942,55.104512977272066,57.14798779715659,59.23270104214513,61.36282089714063,63.54349107968297,65.76992261137299,68.03794730730768,70.3443725152209,72.69318905044537,75.08093820635939,77.49422858040238,79.92046693308014,82.34768081839475
"The target value from 'conditional_best' was used for 'conditional_worst' in 2030.
",TCD,RBU,conditional,worst,KYOTOGHG,IPCM0EL,MtCO2eq,AR4,16.5997,16.7773,17.0425,17.2367,17.4262,17.727999999999994,18.3647,18.8459,18.8164,19.9303,21.7822,20.3948,22.728,23.6454,23.7841,24.4325,23.9378,25.3637,25.4214,24.0745,25.9608,27.094,27.3342,27.1378,26.6963,67.2703,72.2774,76.4111,74.07538846153847,71.73967692307693,69.40396538461539,65.12151309931377,60.9746547668596,56.96339038725287,53.08771996049355,49.34764348658168,45.74316096551724,42.27427239730023,38.94097778193066,35.74327711940854,32.68117040973383,33.96416266109687,35.27994477914849,36.63242031944688,38.02535089007536,39.46271102032949,40.95507579708507,42.50379372135308,44.099709181006176,45.73508603866546,47.40346568422562,49.10818388334541,50.8533571127953,52.63515279075453,54.4502351515643,56.29604914067743,58.17578857627793,60.08668548260631,62.01802282531202,63.95972233368121,65.90220255316203
,TCD,RBU,conditional,best,KYOTOGHG,IPCM0EL,MtCO2eq,AR4,16.5997,16.7773,17.0425,17.2367,17.4262,17.727999999999994,18.3647,18.8459,18.8164,19.9303,21.7822,20.3948,22.728,23.6454,23.7841,24.4325,23.9378,25.3637,25.4214,24.0745,25.9608,27.094,27.3342,27.1378,26.6963,67.2703,72.2774,76.4111,74.07538846153847,71.73967692307693,69.40396538461539,65.12151309931377,60.9746547668596,56.96339038725287,53.08771996049355,49.34764348658168,45.74316096551724,42.27427239730023,38.94097778193066,35.74327711940854,32.68117040973383,33.96416266109687,35.27994477914849,36.63242031944688,38.02535089007536,39.46271102032949,40.95507579708507,42.50379372135308,44.099709181006176,45.73508603866546,47.40346568422562,49.10818388334541,50.8533571127953,52.63515279075453,54.4502351515643,56.29604914067743,58.17578857627793,60.08668548260631,62.01802282531202,63.95972233368121,65.90220255316203
"The target value from 'unconditional_best' was used for 'unconditional_worst' in 2030.
",TCD,RBU,unconditional,worst,KYOTOGHG,IPCM0EL,MtCO2eq,AR4,16.5997,16.7773,17.0425,17.2367,17.4262,17.727999999999994,18.3647,18.8459,18.8164,19.9303,21.7822,20.3948,22.728,23.6454,23.7841,24.4325,23.9378,25.3637,25.4214,24.0745,25.9608,27.094,27.3342,27.1378,26.6963,67.2703,72.2774,76.4111,74.07538846153847,71.73967692307693,69.40396538461539,66.31230297195135,63.27329388118339,60.286938112311525,57.35323566533573,54.47218654025602,51.643790737072386,48.86804825578484,46.14495909639338,43.47452325889801,40.85674074329871,42.46068824984175,44.10562838503017,45.79644122370274,47.53782938343134,49.3347616676881,51.20045864285436,53.1366061529653,55.131758204308255,57.17624337583917,59.26198736191581,61.39316040830939,63.574908775759006,65.80244111805933,68.07158718943907,70.37915275909467,72.72913061553062,75.11806034204301,77.53254391498373,79.95998186840544,82.38839583679488
,TCD,RBU,unconditional,best,KYOTOGHG,IPCM0EL,MtCO2eq,AR4,16.5997,16.7773,17.0425,17.2367,17.4262,17.727999999999994,18.3647,18.8459,18.8164,19.9303,21.7822,20.3948,22.728,23.6454,23.7841,24.4325,23.9378,25.3637,25.4214,24.0745,25.9608,27.094,27.3342,27.1378,26.6963,67.2703,72.2774,76.4111,74.07538846153847,71.73967692307693,69.40396538461539,66.31230297195135,63.27329388118339,60.286938112311525,57.35323566533573,54.47218654025602,51.643790737072386,48.86804825578484,46.14495909639338,43.47452325889801,40.85674074329871,42.46068824984175,44.10562838503017,45.79644122370274,47.53782938343134,49.3347616676881,51.20045864285436,53.1366061529653,55.131758204308255,57.17624337583917,59.26198736191581,61.39316040830939,63.574908775759006,65.80244111805933,68.07158718943907,70.37915275909467,72.72913061553062,75.11806034204301,77.53254391498373,79.95998186840544,82.38839583679488
"No targets calculated, so the baseline emissions are put in as target pathways for all un/conditional best/worst pathways.
",TCD,baseline_emissions,conditional,worst,KYOTOGHG,IPCM0EL,MtCO2eq,AR4,16.5997,16.7773,17.0425,17.2367,17.4262,17.727999999999994,18.3647,18.8459,18.8164,19.9303,21.7822,20.3948,22.728,23.6454,23.7841,24.4325,23.9378,25.3637,25.4214,24.0745,25.9608,27.094,27.3342,27.1378,26.6963,67.2703,72.2774,76.4111,74.07538846153847,71.73967692307693,69.40396538461539,67.06825384615385,64.73254230769231,62.39683076923079,60.06111923076924,57.7254076923077,55.38969615384616,53.053984615384614,50.718273076923076,48.382561538461545,46.04685,47.85455000000001,49.70844999999999,51.61405,53.57665000000001,55.601850000000006,57.70455000000001,59.88665000000001,62.135250000000006,64.43945,66.79015000000001,69.19205,71.65095,74.16145,76.71885,79.31954999999998,81.96805,84.66045,87.38165000000002,90.11745000000002,92.85435
"No targets calculated, so the baseline emissions are put in as target pathways for all un/conditional best/worst pathways.
",TCD,baseline_emissions,conditional,best,KYOTOGHG,IPCM0EL,MtCO2eq,AR4,16.5997,16.7773,17.0425,17.2367,17.4262,17.727999999999994,18.3647,18.8459,18.8164,19.9303,21.7822,20.3948,22.728,23.6454,23.7841,24.4325,23.9378,25.3637,25.4214,24.0745,25.9608,27.094,27.3342,27.1378,26.6963,67.2703,72.2774,76.4111,74.07538846153847,71.73967692307693,69.40396538461539,67.06825384615385,64.73254230769231,62.39683076923079,60.06111923076924,57.7254076923077,55.38969615384616,53.053984615384614,50.718273076923076,48.382561538461545,46.04685,47.85455000000001,49.70844999999999,51.61405,53.57665000000001,55.601850000000006,57.70455000000001,59.88665000000001,62.135250000000006,64.43945,66.79015000000001,69.19205,71.65095,74.16145,76.71885,79.31954999999998,81.96805,84.66045,87.38165000000002,90.11745000000002,92.85435
"No targets calculated, so the baseline emissions are put in as target pathways for all un/conditional best/worst pathways.
",TCD,baseline_emissions,unconditional,worst,KYOTOGHG,IPCM0EL,MtCO2eq,AR4,16.5997,16.7773,17.0425,17.2367,17.4262,17.727999999999994,18.3647,18.8459,18.8164,19.9303,21.7822,20.3948,22.728,23.6454,23.7841,24.4325,23.9378,25.3637,25.4214,24.0745,25.9608,27.094,27.3342,27.1378,26.6963,67.2703,72.2774,76.4111,74.07538846153847,71.73967692307693,69.40396538461539,67.06825384615385,64.73254230769231,62.39683076923079,60.06111923076924,57.7254076923077,55.38969615384616,53.053984615384614,50.718273076923076,48.382561538461545,46.04685,47.85455000000001,49.70844999999999,51.61405,53.57665000000001,55.601850000000006,57.70455000000001,59.88665000000001,62.135250000000006,64.43945,66.79015000000001,69.19205,71.65095,74.16145,76.71885,79.31954999999998,81.96805,84.66045,87.38165000000002,90.11745000000002,92.85435
"No targets calculated, so the baseline emissions are put in as target pathways for all un/conditional best/worst pathways.
",TCD,baseline_emissions,unconditional,best,KYOTOGHG,IPCM0EL,MtCO2eq,AR4,16.5997,16.7773,17.0425,17.2367,17.4262,17.727999999999994,18.3647,18.8459,18.8164,19.9303,21.7822,20.3948,22.728,23.6454,23.7841,24.4325,23.9378,25.3637,25.4214,24.0745,25.9608,27.094,27.3342,27.1378,26.6963,67.2703,72.2774,76.4111,74.07538846153847,71.73967692307693,69.40396538461539,67.06825384615385,64.73254230769231,62.39683076923079,60.06111923076924,57.7254076923077,55.38969615384616,53.053984615384614,50.718273076923076,48.382561538461545,46.04685,47.85455000000001,49.70844999999999,51.61405,53.57665000000001,55.601850000000006,57.70455000000001,59.88665000000001,62.135250000000006,64.43945,66.79015000000001,69.19205,71.65095,74.16145,76.71885,79.31954999999998,81.96805,84.66045,87.38165000000002,90.11745000000002,92.85435
,TCD,,emi_bau,emi_bau,KYOTOGHG,IPCM0EL,MtCO2eq,AR4,16.5997,16.7773,17.0425,17.2367,17.4262,17.727999999999994,18.3647,18.8459,18.8164,19.9303,21.7822,20.3948,22.728,23.6454,23.7841,24.4325,23.9378,25.3637,25.4214,24.0745,25.9608,27.094,27.3342,27.1378,26.6963,67.2703,72.2774,76.4111,74.07538846153847,71.73967692307693,69.40396538461539,67.06825384615385,64.73254230769231,62.39683076923079,60.06111923076924,57.7254076923077,55.38969615384616,53.053984615384614,50.718273076923076,48.382561538461545,46.04685,47.85455000000001,49.70844999999999,51.61405,53.57665000000001,55.601850000000006,57.70455000000001,59.88665000000001,62.135250000000006,64.43945,66.79015000000001,69.19205,71.65095,74.16145,76.71885,79.31954999999998,81.96805,84.66045,87.38165000000002,90.11745000000002,92.85435
,TCD,,emi_cov,emi_cov,KYOTOGHG,IPCM0EL,MtCO2eq,AR4,16.533375284461098,16.7093208634404,16.9716740968,17.165172452329198,17.346629531132002,17.647808083391997,18.282326240032,18.758741368604603,18.7266804129924,19.836728736272498,21.6852424614584,20.2936217847012,22.624646556432005,23.538371650603196,23.680160034305498,24.326872609727502,23.8299681822874,25.252827379189302,25.3071303494148,23.958301729406,25.842066074532,26.915559376598,27.1601814351798,26.944734716385398,26.4928825232456,67.06475936548681,72.0697362604674,76.2013140126499,73.86262468627594,71.53323617439504,69.20469494012998,66.87699262393062,64.54971695853439,62.22262817724771,59.89554015464573,57.56831792404321,55.24097243791615,52.91353405915652,50.585944842130445,48.25816527963769,45.93017041328579,47.735025796065216,49.5860694861873,51.488794055741,53.44849277801726,55.470759075106805,57.570473651188664,59.749536700152454,61.99506815372101,64.29618389731684,66.64379601702237,69.04259807806609,71.4983827723536,74.00575686093755,76.56002571610381,79.15759320118212,81.8029530684759,84.49220945200244,87.21027859350808,89.94297522716911,92.67681220423695
,TCD,,emi_ncov,emi_ncov,KYOTOGHG,IPCM0EL,MtCO2eq,AR4,0.06632471553889989,0.06797913655960038,0.07082590320000037,0.07152754767080036,0.07957046886799994,0.08019191660799813,0.0823737599679991,0.0871586313953986,0.08971958700760094,0.09357126372750033,0.09695753854159943,0.1011782152987995,0.10335344356799821,0.10702834939680107,0.1039399656944998,0.1056273902724982,0.10783181771260175,0.11087262081069972,0.11426965058519901,0.11619827059400019,0.11873392546800121,0.17844062340200048,0.17401856482019856,0.19306528361460035,0.20341747675440036,0.20554063451320126,0.2076637395326014,0.20978598735009915,0.2127637752625355,0.2064407486818915,0.19927044448541398,0.19126122222323022,0.1828253491579205,0.17420259198307947,0.1655790761235121,0.15708976826449364,0.14872371593000838,0.14045055622809588,0.13232823479263275,0.12439625882385494,0.11667958671420331,0.11952420393479808,0.12238051381269634,0.12525594425899803,0.12815722198274782,0.13109092489320184,0.13407634881135047,0.13711329984755352,0.14018184627899974,0.14326610268315543,0.14635398297764665,0.1494519219339012,0.15256722764639957,0.15569313906244672,0.1588242838962012,0.16195679881784963,0.1650969315241034,0.1682405479975572,0.1713714064919432,0.17447477283090554,0.1775377957630444
,TCD,,pc_cov,pc_cov,KYOTOGHG,IPCM0EL,MtCO2eq/MtCO2eq,AR4,0.996004463,0.995948148,0.99584416,0.995850276,0.99543386,0.9954765390000001,0.99551456,0.9953751940000001,0.995231841,0.995305075,0.995548772,0.995039019,0.9954525940000001,0.995473608,0.995629855,0.9956767670000001,0.9954953329999999,0.995628689,0.995504982,0.995173388,0.995426415,0.993414017,0.993633669,0.992885743,0.992380312,0.996944556,0.997126851,0.997254509,0.99712774,0.997122363,0.997128832,0.99714826,0.997175681,0.99720815,0.997243157,0.997278672,0.9973149570000001,0.9973526859999999,0.997390916,0.997428903,0.9974660679999999,0.997502344,0.9975380340000001,0.99757322,0.997607965,0.997642328,0.997676503,0.9977104529999999,0.997743924,0.9977767329999999,0.997808749,0.997840042,0.997870688,0.997900619,0.997929788,0.997958173,0.997985838,0.9980127609999999,0.9980388170000001,0.9980639179999999,0.9980879970000001
,TGO,,pop,pop,POP,DEMOGR,Pers,,3774312.0,3862992.0,3945905.0,4029053.0,4120616.0,4226291.0,4348805.0,4485951.0,4632446.0,4780448.0,4924402.0,5062567.0,5197031.0,5330639.0,5467766.0,5611640.0,5762880.0,5920359.0,6083420.0,6250835.0,6421679.0,6595943.0,6773809.0,6954722.0,7138000.0,7323158.0,7509951.0,7698474.0,7826497.7958,7974270.9414,8122706.7539,8272683.7991,8424708.3333,8578251.4347,8732788.0352,8887797.0914,9042751.815,9197073.8936,9350159.892,9501395.1234,9650153.1892,9797073.7876,9943044.2361,10087802.8971,10231091.4909,10372655.2215,10512310.9638,10650032.5951,10785803.5674,10919607.3626,11051427.4615,11181630.1193,11310702.1908,11438811.7586,11566132.2247,11692842.528,11818361.8733,11941845.2521,12063070.2168,12181802.0674,12297794.0476
,TGO,,gdp,gdp,GDPPPP,ECO,2011GKD,,5992143066.4063,5645580078.125,5562930664.0625,4626345703.125,5245527832.0313,5300968750.0,6191409667.9688,6679318847.6563,5903040527.3438,6435864746.0938,6167395996.0938,6218602539.0625,6516622070.3125,6897634277.3438,6696136230.4688,6461462402.3438,6575827148.4375,6600250976.5625,6983709472.6563,7333016601.5625,7844974121.0938,8415356445.3125,8939231445.3125,9389564453.125,10088978515.625,10768303710.9375,11390576171.875,11967396484.375,12412508378.1691,13043984367.4932,13700706264.6848,14394925061.1725,15129778423.7245,15894859746.552,16679737131.1458,17473919578.1956,18270177249.4997,19067386549.5396,19864227885.5972,20659436223.2138,21451774058.8744,22233412181.9793,23007740563.5349,23790310285.6884,24596618995.3123,25442137987.4869,26322564225.7539,27226429953.1154,28158479669.0518,29123500552.1374,30126352895.3582,31164363859.2064,32234094669.128,33339441661.3629,34484472561.4035,35673464689.2402,36909099916.7725,38190774655.2395,39518061334.5106,40890587375.147,42308032147.816
"The target value from 'conditional_best' was used for 'conditional_worst' in 2030.
",TGO,ABS,conditional,worst,KYOTOGHG,IPCM0EL,MtCO2eq,AR4,5.9062,5.7254,5.8854,6.4182,6.2185,5.9818,6.7998,7.3586,6.8604,7.9255,7.2368,7.4419,7.8355,8.3535,8.5446,8.5258,8.1834,8.2467,8.5199,10.276,10.9159,10.5391,11.7086,11.0896,12.2727,12.960999999999999,13.1239,13.2646,13.6308,13.997,14.3632,13.78633055058296,13.162568215864885,12.491912995845778,11.774364890525638,11.009923899904468,10.198590023982259,9.340363262759018,8.435243616234745,7.483231084409441,6.484325667283098,6.608686638766341,6.727579612660504,6.845213508162445,6.965689323463972,7.092856241078455,7.2257789456288135,7.361867332993902,7.50209269221915,7.647570207023384,7.799271166452033,7.957087649500049,8.120264209132099,8.288944740021577,8.463273136841885,8.643393294266414,8.828945475611677,9.019102286505639,9.213144253581317,9.410495798145122,9.61043744683007
,TGO,ABS,conditional,best,KYOTOGHG,IPCM0EL,MtCO2eq,AR4,5.9062,5.7254,5.8854,6.4182,6.2185,5.9818,6.7998,7.3586,6.8604,7.9255,7.2368,7.4419,7.8355,8.3535,8.5446,8.5258,8.1834,8.2467,8.5199,10.276,10.9159,10.5391,11.7086,11.0896,12.2727,12.960999999999999,13.1239,13.2646,13.6308,13.997,14.3632,13.78633055058296,13.162568215864885,12.491912995845778,11.774364890525638,11.009923899904468,10.198590023982259,9.340363262759018,8.435243616234745,7.483231084409441,6.484325667283098,6.608686638766341,6.727579612660504,6.845213508162445,6.965689323463972,7.092856241078455,7.2257789456288135,7.361867332993902,7.50209269221915,7.647570207023384,7.799271166452033,7.957087649500049,8.120264209132099,8.288944740021577,8.463273136841885,8.643393294266414,8.828945475611677,9.019102286505639,9.213144253581317,9.410495798145122,9.61043744683007
"The target value from 'unconditional_best' was used for 'unconditional_worst' in 2030.
",TGO,ABS,unconditional,worst,KYOTOGHG,IPCM0EL,MtCO2eq,AR4,5.9062,5.7254,5.8854,6.4182,6.2185,5.9818,6.7998,7.3586,6.8604,7.9255,7.2368,7.4419,7.8355,8.3535,8.5446,8.5258,8.1834,8.2467,8.5199,10.276,10.9159,10.5391,11.7086,11.0896,12.2727,12.960999999999999,13.1239,13.2646,13.6308,13.997,14.3632,14.366091189770932,14.350917327834955,14.317678414192066,14.266374448842267,14.197005431785561,14.109571363021939,14.004072242551409,13.880508070373967,13.73887884648962,13.579184570898352,13.83961575092185,14.088596095144489,14.334939733755087,14.58723479360429,14.853542060420335,15.131902838605706,15.416893048044205,15.710546718779407,16.015199218639122,16.332884577666917,16.663376792524623,17.005093839845014,17.35833705741232,17.723407783010778,18.10060735442462,18.489182427193267,18.887400309057373,19.29375431109577,19.707039082171537,20.125747933363492
,TGO,ABS,unconditional,best,KYOTOGHG,IPCM0EL,MtCO2eq,AR4,5.9062,5.7254,5.8854,6.4182,6.2185,5.9818,6.7998,7.3586,6.8604,7.9255,7.2368,7.4419,7.8355,8.3535,8.5446,8.5258,8.1834,8.2467,8.5199,10.276,10.9159,10.5391,11.7086,11.0896,12.2727,12.960999999999999,13.1239,13.2646,13.6308,13.997,14.3632,14.366091189770932,14.350917327834955,14.317678414192066,14.266374448842267,14.197005431785561,14.109571363021939,14.004072242551409,13.880508070373967,13.73887884648962,13.579184570898352,13.83961575092185,14.088596095144489,14.334939733755087,14.58723479360429,14.853542060420335,15.131902838605706,15.416893048044205,15.710546718779407,16.015199218639122,16.332884577666917,16.663376792524623,17.005093839845014,17.35833705741232,17.723407783010778,18.10060735442462,18.489182427193267,18.887400309057373,19.29375431109577,19.707039082171537,20.125747933363492
"The target value from 'conditional_best' was used for 'conditional_worst' in 2030.
",TGO,ABU,conditional,worst,KYOTOGHG,IPCM0EL,MtCO2eq,AR4,5.9062,5.7254,5.8854,6.4182,6.2185,5.9818,6.7998,7.3586,6.8604,7.9255,7.2368,7.4419,7.8355,8.3535,8.5446,8.5258,8.1834,8.2467,8.5199,10.276,10.9159,10.5391,11.7086,11.0896,12.2727,12.960999999999999,13.1239,13.2646,13.6308,13.997,14.3632,13.78633055058296,13.162568215864887,12.491912995845782,11.774364890525641,11.009923899904472,10.198590023982263,9.340363262759023,8.43524361623475,7.4832310844094465,6.484325667283106,6.608686638766349,6.727579612660512,6.845213508162453,6.96568932346398,7.092856241078464,7.225778945628822,7.361867332993911,7.502092692219159,7.647570207023394,7.799271166452042,7.957087649500059,8.120264209132108,8.288944740021588,8.463273136841893,8.643393294266424,8.828945475611688,9.01910228650565,9.213144253581328,9.410495798145135,9.610437446830083
,TGO,ABU,conditional,best,KYOTOGHG,IPCM0EL,MtCO2eq,AR4,5.9062,5.7254,5.8854,6.4182,6.2185,5.9818,6.7998,7.3586,6.8604,7.9255,7.2368,7.4419,7.8355,8.3535,8.5446,8.5258,8.1834,8.2467,8.5199,10.276,10.9159,10.5391,11.7086,11.0896,12.2727,12.960999999999999,13.1239,13.2646,13.6308,13.997,14.3632,13.78633055058296,13.162568215864887,12.491912995845782,11.774364890525641,11.009923899904472,10.198590023982263,9.340363262759023,8.43524361623475,7.4832310844094465,6.484325667283106,6.608686638766349,6.727579612660512,6.845213508162453,6.96568932346398,7.092856241078464,7.225778945628822,7.361867332993911,7.502092692219159,7.647570207023394,7.799271166452042,7.957087649500059,8.120264209132108,8.288944740021588,8.463273136841893,8.643393294266424,8.828945475611688,9.01910228650565,9.213144253581328,9.410495798145135,9.610437446830083
"The target value from 'unconditional_best' was used for 'unconditional_worst' in 2030.
",TGO,ABU,unconditional,worst,KYOTOGHG,IPCM0EL,MtCO2eq,AR4,5.9062,5.7254,5.8854,6.4182,6.2185,5.9818,6.7998,7.3586,6.8604,7.9255,7.2368,7.4419,7.8355,8.3535,8.5446,8.5258,8.1834,8.2467,8.5199,10.276,10.9159,10.5391,11.7086,11.0896,12.2727,12.960999999999999,13.1239,13.2646,13.6308,13.997,14.3632,14.366091189770932,14.350917327834956,14.317678414192068,14.26637444884227,14.197005431785563,14.109571363021942,14.004072242551413,13.88050807037397,13.738878846489625,13.57918457089836,13.839615750921855,14.088596095144494,14.334939733755094,14.587234793604296,14.853542060420342,15.131902838605713,15.416893048044212,15.710546718779414,16.01519921863913,16.332884577666924,16.66337679252463,17.00509383984502,17.358337057412328,17.723407783010785,18.10060735442463,18.489182427193274,18.88740030905738,19.293754311095782,19.707039082171544,20.125747933363503
,TGO,ABU,unconditional,best,KYOTOGHG,IPCM0EL,MtCO2eq,AR4,5.9062,5.7254,5.8854,6.4182,6.2185,5.9818,6.7998,7.3586,6.8604,7.9255,7.2368,7.4419,7.8355,8.3535,8.5446,8.5258,8.1834,8.2467,8.5199,10.276,10.9159,10.5391,11.7086,11.0896,12.2727,12.960999999999999,13.1239,13.2646,13.6308,13.997,14.3632,14.366091189770932,14.350917327834956,14.317678414192068,14.26637444884227,14.197005431785563,14.109571363021942,14.004072242551413,13.88050807037397,13.738878846489625,13.57918457089836,13.839615750921855,14.088596095144494,14.334939733755094,14.587234793604296,14.853542060420342,15.131902838605713,15.416893048044212,15.710546718779414,16.01519921863913,16.332884577666924,16.66337679252463,17.00509383984502,17.358337057412328,17.723407783010785,18.10060735442463,18.489182427193274,18.88740030905738,19.293754311095782,19.707039082171544,20.125747933363503
"The target value from 'conditional_best' was used for 'conditional_worst' in 2030.
",TGO,RBU,conditional,worst,KYOTOGHG,IPCM0EL,MtCO2eq,AR4,5.9062,5.7254,5.8854,6.4182,6.2185,5.9818,6.7998,7.3586,6.8604,7.9255,7.2368,7.4419,7.8355,8.3535,8.5446,8.5258,8.1834,8.2467,8.5199,10.276,10.9159,10.5391,11.7086,11.0896,12.2727,12.960999999999999,13.1239,13.2646,13.6308,13.997,14.3632,13.755046689205916,13.098444944339462,12.393394765400638,11.639896152389438,10.83794910530587,9.987553624149932,9.088709708921622,8.141417359620936,7.145676576247884,6.1014873588024585,6.218505987163752,6.330379451651481,6.441068174457797,6.5544310284878735,6.674089938310604,6.799164810105508,6.927218460985109,7.059164834532209,7.196053273378919,7.338797721108041,7.487296628432601,7.640839150343748,7.7995606858907855,7.96359663412302,8.133082394089755,8.307679468167729,8.486609311823443,8.669194929810375,8.854894725931308,9.043031704939718
,TGO,RBU,conditional,best,KYOTOGHG,IPCM0EL,MtCO2eq,AR4,5.9062,5.7254,5.8854,6.4182,6.2185,5.9818,6.7998,7.3586,6.8604,7.9255,7.2368,7.4419,7.8355,8.3535,8.5446,8.5258,8.1834,8.2467,8.5199,10.276,10.9159,10.5391,11.7086,11.0896,12.2727,12.960999999999999,13.1239,13.2646,13.6308,13.997,14.3632,13.755046689205916,13.098444944339462,12.393394765400638,11.639896152389438,10.83794910530587,9.987553624149932,9.088709708921622,8.141417359620936,7.145676576247884,6.1014873588024585,6.218505987163752,6.330379451651481,6.441068174457797,6.5544310284878735,6.674089938310604,6.799164810105508,6.927218460985109,7.059164834532209,7.196053273378919,7.338797721108041,7.487296628432601,7.640839150343748,7.7995606858907855,7.96359663412302,8.133082394089755,8.307679468167729,8.486609311823443,8.669194929810375,8.854894725931308,9.043031704939718
"The target value from 'unconditional_best' was used for 'unconditional_worst' in 2030.
",TGO,RBU,unconditional,worst,KYOTOGHG,IPCM0EL,MtCO2eq,AR4,5.9062,5.7254,5.8854,6.4182,6.2185,5.9818,6.7998,7.3586,6.8604,7.9255,7.2368,7.4419,7.8355,8.3535,8.5446,8.5258,8.1834,8.2467,8.5199,10.276,10.9159,10.5391,11.7086,11.0896,12.2727,12.960999999999999,13.1239,13.2646,13.6308,13.997,14.3632,14.380835585027421,14.381139263967295,14.364111036819624,14.329750903584403,14.278058864261638,14.209034918851325,14.122679067353461,14.018991309768053,13.897971646095101,13.759620076334595,14.023511775754788,14.275800484630617,14.525417452262678,14.781064921559242,15.050910787179832,15.332970327057652,15.621747387776944,15.919303026868615,16.228003643720008,16.549910295862023,16.884793976902344,17.23105164209471,17.588988633295543,17.95891029236128,18.341121961148353,18.73486028501568,19.138369548288793,19.55012304168553,19.968899397780177,20.39317190729057
,TGO,RBU,unconditional,best,KYOTOGHG,IPCM0EL,MtCO2eq,AR4,5.9062,5.7254,5.8854,6.4182,6.2185,5.9818,6.7998,7.3586,6.8604,7.9255,7.2368,7.4419,7.8355,8.3535,8.5446,8.5258,8.1834,8.2467,8.5199,10.276,10.9159,10.5391,11.7086,11.0896,12.2727,12.960999999999999,13.1239,13.2646,13.6308,13.997,14.3632,14.380835585027421,14.381139263967295,14.364111036819624,14.329750903584403,14.278058864261638,14.209034918851325,14.122679067353461,14.018991309768053,13.897971646095101,13.759620076334595,14.023511775754788,14.275800484630617,14.525417452262678,14.781064921559242,15.050910787179832,15.332970327057652,15.621747387776944,15.919303026868615,16.228003643720008,16.549910295862023,16.884793976902344,17.23105164209471,17.588988633295543,17.95891029236128,18.341121961148353,18.73486028501568,19.138369548288793,19.55012304168553,19.968899397780177,20.39317190729057
"No targets calculated, so the baseline emissions are put in as target pathways for all un/conditional best/worst pathways.
",TGO,baseline_emissions,conditional,worst,KYOTOGHG,IPCM0EL,MtCO2eq,AR4,5.9062,5.7254,5.8854,6.4182,6.2185,5.9818,6.7998,7.3586,6.8604,7.9255,7.2368,7.4419,7.8355,8.3535,8.5446,8.5258,8.1834,8.2467,8.5199,10.276,10.9159,10.5391,11.7086,11.0896,12.2727,12.960999999999999,13.1239,13.2646,13.6308,13.997,14.3632,14.7294,15.0956,15.4618,15.828,16.194200000000002,16.5604,16.9266,17.2928,17.659000000000006,18.0252,18.3709,18.7014,19.0284,19.3633,19.7168,20.0863,20.4646,20.8544,21.2588,21.6805,22.1192,22.5728,23.0417,23.5263,24.026999999999997,24.5428,25.0714,25.6108,26.1594,26.7152
"No targets calculated, so the baseline emissions are put in as target pathways for all un/conditional best/worst pathways.
",TGO,baseline_emissions,conditional,best,KYOTOGHG,IPCM0EL,MtCO2eq,AR4,5.9062,5.7254,5.8854,6.4182,6.2185,5.9818,6.7998,7.3586,6.8604,7.9255,7.2368,7.4419,7.8355,8.3535,8.5446,8.5258,8.1834,8.2467,8.5199,10.276,10.9159,10.5391,11.7086,11.0896,12.2727,12.960999999999999,13.1239,13.2646,13.6308,13.997,14.3632,14.7294,15.0956,15.4618,15.828,16.194200000000002,16.5604,16.9266,17.2928,17.659000000000006,18.0252,18.3709,18.7014,19.0284,19.3633,19.7168,20.0863,20.4646,20.8544,21.2588,21.6805,22.1192,22.5728,23.0417,23.5263,24.026999999999997,24.5428,25.0714,25.6108,26.1594,26.7152
"No targets calculated, so the baseline emissions are put in as target pathways for all un/conditional best/worst pathways.
",TGO,baseline_emissions,unconditional,worst,KYOTOGHG,IPCM0EL,MtCO2eq,AR4,5.9062,5.7254,5.8854,6.4182,6.2185,5.9818,6.7998,7.3586,6.8604,7.9255,7.2368,7.4419,7.8355,8.3535,8.5446,8.5258,8.1834,8.2467,8.5199,10.276,10.9159,10.5391,11.7086,11.0896,12.2727,12.960999999999999,13.1239,13.2646,13.6308,13.997,14.3632,14.7294,15.0956,15.4618,15.828,16.194200000000002,16.5604,16.9266,17.2928,17.659000000000006,18.0252,18.3709,18.7014,19.0284,19.3633,19.7168,20.0863,20.4646,20.8544,21.2588,21.6805,22.1192,22.5728,23.0417,23.5263,24.026999999999997,24.5428,25.0714,25.6108,26.1594,26.7152
"No targets calculated, so the baseline emissions are put in as target pathways for all un/conditional best/worst pathways.
",TGO,baseline_emissions,unconditional,best,KYOTOGHG,IPCM0EL,MtCO2eq,AR4,5.9062,5.7254,5.8854,6.4182,6.2185,5.9818,6.7998,7.3586,6.8604,7.9255,7.2368,7.4419,7.8355,8.3535,8.5446,8.5258,8.1834,8.2467,8.5199,10.276,10.9159,10.5391,11.7086,11.0896,12.2727,12.960999999999999,13.1239,13.2646,13.6308,13.997,14.3632,14.7294,15.0956,15.4618,15.828,16.194200000000002,16.5604,16.9266,17.2928,17.659000000000006,18.0252,18.3709,18.7014,19.0284,19.3633,19.7168,20.0863,20.4646,20.8544,21.2588,21.6805,22.1192,22.5728,23.0417,23.5263,24.026999999999997,24.5428,25.0714,25.6108,26.1594,26.7152
,TGO,,emi_bau,emi_bau,KYOTOGHG,IPCM0EL,MtCO2eq,AR4,5.9062,5.7254,5.8854,6.4182,6.2185,5.9818,6.7998,7.3586,6.8604,7.9255,7.2368,7.4419,7.8355,8.3535,8.5446,8.5258,8.1834,8.2467,8.5199,10.276,10.9159,10.5391,11.7086,11.0896,12.2727,12.960999999999999,13.1239,13.2646,13.6308,13.997,14.3632,14.7294,15.0956,15.4618,15.828,16.194200000000002,16.5604,16.9266,17.2928,17.659000000000006,18.0252,18.3709,18.7014,19.0284,19.3633,19.7168,20.0863,20.4646,20.8544,21.2588,21.6805,22.1192,22.5728,23.0417,23.5263,24.026999999999997,24.5428,25.0714,25.6108,26.1594,26.7152
,TGO,,emi_cov,emi_cov,KYOTOGHG,IPCM0EL,MtCO2eq,AR4,5.3934302777882,5.2079187041526005,5.368742451126,5.922165099969599,5.778576290617499,5.433605661503799,6.230292474714,7.095195748802,6.3189150287532,7.134268280117,6.7388340262207995,6.862869069030801,7.157271045631,7.4154369261045,7.595740404176401,7.5364479313138,7.2923685517638015,7.4244105996291,7.8186867980985,9.490969028744,10.1137878242485,9.643067298864999,10.8232253610096,10.324699774872,11.534055044618698,11.858918471165998,12.001596830078,12.1334167057378,12.516999347967602,12.841254790769,13.164879588504,13.487810355356398,13.810361989699599,14.132768936257799,14.455236895224,14.7779344738322,15.1009627172232,15.4242863707134,15.7478532587264,16.071626856779005,16.395574185460802,16.7012549482956,16.9934953182504,17.282640831073202,17.5787718433844,17.891349647200002,18.2180752657163,18.5525821487708,18.8972577703168,19.254843257172002,19.627726020678498,20.0156408327208,20.416730792000003,20.8313495580993,21.2598508598973,21.70258837545,22.1586778517376,22.6260855960434,23.103043068583204,23.588135546508003,24.079594525689597
,TGO,,emi_ncov,emi_ncov,KYOTOGHG,IPCM0EL,MtCO2eq,AR4,0.5127697222118001,0.5174812958473994,0.5166575488740002,0.4960349000304001,0.43992370938250025,0.5481943384962005,0.5695075252860003,0.2634042511979997,0.5414849712468002,0.7912317198829999,0.4979659737792001,0.5790309309691994,0.6782289543689995,0.9380630738955003,0.9488595958235996,0.9893520686862004,0.8910314482361994,0.8222894003709007,0.7012132019014999,0.7850309712559992,0.8021121757514994,0.896032701135,0.8853746389904004,0.7649002251280006,0.7386449553813011,1.102081528834,1.1223031699220007,1.131183294262201,1.1138006520323993,1.1557452092310003,1.1983204114960004,1.241589644643601,1.2852380103004002,1.329031063742201,1.372763104776,1.4162655261678017,1.4594372827768014,1.5023136292866,1.5449467412736002,1.5873731432210025,1.629625814539199,1.6696450517043988,1.7079046817496002,1.7457591689268008,1.7845281566156013,1.8254503527999986,1.8682247342837002,1.9120178512292005,1.9571422296831993,2.0039567428279996,2.0527739793215,2.1035591672791996,2.1560692079999995,2.2103504419006974,2.2664491401027016,2.32441162455,2.3841221482623984,2.445314403956601,2.507756931416798,2.571264453491999,2.635605474310401
,TGO,,pc_cov,pc_cov,KYOTOGHG,IPCM0EL,MtCO2eq/MtCO2eq,AR4,0.913181111,0.9096165690000001,0.91221369,0.922714328,0.929255655,0.9083562909999999,0.91624643,0.96420457,0.921070933,0.900166334,0.931189756,0.9221931320000001,0.9134415220000001,0.887704187,0.8889521340000001,0.883957861,0.8911172070000001,0.9002886729999999,0.917697015,0.9236053940000001,0.926518915,0.91498015,0.924382536,0.931025445,0.9398139809999999,0.914969406,0.91448402,0.9147216429999999,0.918287947,0.917429077,0.916570095,0.9157067059999999,0.914860091,0.9140442209999999,0.913269958,0.9125448909999999,0.9118718579999999,0.911245399,0.910659538,0.9101096809999999,0.9095918040000001,0.9091146840000001,0.908675036,0.908255073,0.9078396679999999,0.9074165000000001,0.906990101,0.906569498,0.906152072,0.90573519,0.905317037,0.904898949,0.90448375,0.9040717290000001,0.9036631709999999,0.90325835,0.9028585920000001,0.902465981,0.9020820540000001,0.90170782,0.901344348
,THA,,pop,pop,POP,DEMOGR,Pers,,56558186.0,57232465.0,57811021.0,58337773.0,58875269.0,59467274.0,60130186.0,60846582.0,61585103.0,62298571.0,62952642.0,63539196.0,64069087.0,64549866.0,64995299.0,65416189.0,65812536.0,66182067.0,66530984.0,66866839.0,67195028.0,67518388.0,67835962.0,68144518.0,68438746.0,68714511.0,68971308.0,69209810.0,69637490.5102,69952062.1854,70254448.1473,70547816.1002,70833945.0351,71113482.001,71387004.8705,71655026.8291,71914686.2574,72157570.0135,72375811.9548,72561541.3916,72706889.3017,72836013.6883,72968282.8576,73088759.0012,73182633.0439,73235221.5173,73264051.2245,73292810.5625,73316212.5299,73329031.1988,73326099.1461,73305245.0767,73270279.0095,73225070.6077,73173518.2231,73119548.8587,73054623.5768,72972437.5981,72880261.0905,72785323.0878,72694810.4817
,THA,,gdp,gdp,GDPPPP,ECO,2011GKD,,283167562500.0,307581187500.0,346100062500.0,379794187500.0,415493968750.0,461767187500.0,502026218750.0,472512062500.0,427079968750.0,434506093750.0,449828875000.0,460264500000.0,498886500000.0,540862500000.0,580995687500.0,619244062500.0,667988625000.0,726757812500.0,757264625000.0,788706875000.0,878651500000.0,913537250000.0,969166937500.0,994141312500.0,1005579312500.0,1053502250000.0,1083527375000.0,1138172875000.0,1191449964762.031,1241383046663.269,1290846418195.9758,1341292247048.665,1394213665905.0671,1449295449426.184,1506215960196.5332,1564660152331.489,1623356080142.328,1680781159942.431,1736253273250.805,1789085438917.0532,1838585723408.312,1885453774955.926,1930868903211.116,1974856231236.3508,2017441684559.248,2058651230915.7168,2098352494089.924,2136603121941.343,2173713394716.594,2209992713182.09,2245749799294.952,2280492355638.909,2313926191894.538,2346655394657.834,2379281745082.436,2412406527638.108,2445290025631.868,2477182204581.255,2508671495261.4043,2540347549969.78,2572802917099.873
"The target value from 'conditional_best' was used for 'conditional_worst' in 2030.
",THA,ABS,conditional,worst,KYOTOGHG,IPCM0EL,MtCO2eq,AR4,185.4034,198.6267,210.0006,224.8061,239.6479,259.3366,278.3071,286.5451,263.6701,278.4709,282.1799,297.6988,311.4764,334.1407,354.3496,360.5557,366.352,375.9512,377.9162,397.2914,418.9398,413.5653,433.4855,436.4123,448.7177,454.4231,463.1815,475.1117,481.2569538461538,487.4022076923077,493.5474615384615,487.17788881912685,480.50049978101174,473.51529442411646,466.2222727484408,458.6214347539846,450.7127804407484,442.49630980873184,433.9720228579349,425.13991958835754,416.0,422.9492237837838,429.74591423423436,436.38444972972974,442.8608576576577,449.17206486486504,455.2784951351353,461.1829967567568,466.94635819819837,472.6290681081081,478.29131531531533,483.82336576576574,489.1584345945946,494.4187733333334,499.72363531531533,505.1901751351352,510.60701981982,515.768642882883,520.7981203603604,525.8163545945946,530.9422990990993
,THA,ABS,conditional,best,KYOTOGHG,IPCM0EL,MtCO2eq,AR4,185.4034,198.6267,210.0006,224.8061,239.6479,259.3366,278.3071,286.5451,263.6701,278.4709,282.1799,297.6988,311.4764,334.1407,354.3496,360.5557,366.352,375.9512,377.9162,397.2914,418.9398,413.5653,433.4855,436.4123,448.7177,454.4231,463.1815,475.1117,481.2569538461538,487.4022076923077,493.5474615384615,487.17788881912685,480.50049978101174,473.51529442411646,466.2222727484408,458.6214347539846,450.7127804407484,442.49630980873184,433.9720228579349,425.13991958835754,416.0,422.9492237837838,429.74591423423436,436.38444972972974,442.8608576576577,449.17206486486504,455.2784951351353,461.1829967567568,466.94635819819837,472.6290681081081,478.29131531531533,483.82336576576574,489.1584345945946,494.4187733333334,499.72363531531533,505.1901751351352,510.60701981982,515.768642882883,520.7981203603604,525.8163545945946,530.9422990990993
"The target value from 'unconditional_best' was used for 'unconditional_worst' in 2030.
",THA,ABS,unconditional,worst,KYOTOGHG,IPCM0EL,MtCO2eq,AR4,185.4034,198.6267,210.0006,224.8061,239.6479,259.3366,278.3071,286.5451,263.6701,278.4709,282.1799,297.6988,311.4764,334.1407,354.3496,360.5557,366.352,375.9512,377.9162,397.2914,418.9398,413.5653,433.4855,436.4123,448.7177,454.4231,463.1815,475.1117,481.2569538461538,487.4022076923077,493.5474615384615,489.6988610769231,485.6044504615384,481.26422969230777,476.67819876923085,471.84635769230755,466.76870646153844,461.4452450769231,455.8759735384616,450.0608918461539,444.0,451.41696,458.6711200000002,465.75648,472.66880000000003,479.4048000000002,485.92224000000016,492.22416000000004,498.3754400000002,504.44064000000003,510.48400000000004,516.3884,522.0825600000001,527.6969600000001,533.3588800000001,539.1933600000001,544.9748000000002,550.4838400000002,555.85184,561.20784,566.6788000000001
,THA,ABS,unconditional,best,KYOTOGHG,IPCM0EL,MtCO2eq,AR4,185.4034,198.6267,210.0006,224.8061,239.6479,259.3366,278.3071,286.5451,263.6701,278.4709,282.1799,297.6988,311.4764,334.1407,354.3496,360.5557,366.352,375.9512,377.9162,397.2914,418.9398,413.5653,433.4855,436.4123,448.7177,454.4231,463.1815,475.1117,481.2569538461538,487.4022076923077,493.5474615384615,489.6988610769231,485.6044504615384,481.26422969230777,476.67819876923085,471.84635769230755,466.76870646153844,461.4452450769231,455.8759735384616,450.0608918461539,444.0,451.41696,458.6711200000002,465.75648,472.66880000000003,479.4048000000002,485.92224000000016,492.22416000000004,498.3754400000002,504.44064000000003,510.48400000000004,516.3884,522.0825600000001,527.6969600000001,533.3588800000001,539.1933600000001,544.9748000000002,550.4838400000002,555.85184,561.20784,566.6788000000001
"The target value from 'conditional_best' was used for 'conditional_worst' in 2030.
",THA,ABU,conditional,worst,KYOTOGHG,IPCM0EL,MtCO2eq,AR4,185.4034,198.6267,210.0006,224.8061,239.6479,259.3366,278.3071,286.5451,263.6701,278.4709,282.1799,297.6988,311.4764,334.1407,354.3496,360.5557,366.352,375.9512,377.9162,397.2914,418.9398,413.5653,433.4855,436.4123,448.7177,454.4231,463.1815,475.1117,481.2569538461538,487.4022076923077,493.5474615384615,487.17788881912685,480.50049978101174,473.51529442411646,466.2222727484408,458.6214347539846,450.7127804407484,442.49630980873184,433.9720228579349,425.13991958835754,416.0,422.9492237837838,429.74591423423436,436.38444972972974,442.8608576576577,449.17206486486504,455.2784951351353,461.1829967567568,466.94635819819837,472.6290681081081,478.29131531531533,483.82336576576574,489.1584345945946,494.4187733333334,499.72363531531533,505.1901751351352,510.60701981982,515.768642882883,520.7981203603604,525.8163545945946,530.9422990990993
,THA,ABU,conditional,best,KYOTOGHG,IPCM0EL,MtCO2eq,AR4,185.4034,198.6267,210.0006,224.8061,239.6479,259.3366,278.3071,286.5451,263.6701,278.4709,282.1799,297.6988,311.4764,334.1407,354.3496,360.5557,366.352,375.9512,377.9162,397.2914,418.9398,413.5653,433.4855,436.4123,448.7177,454.4231,463.1815,475.1117,481.2569538461538,487.4022076923077,493.5474615384615,487.17788881912685,480.50049978101174,473.51529442411646,466.2222727484408,458.6214347539846,450.7127804407484,442.49630980873184,433.9720228579349,425.13991958835754,416.0,422.9492237837838,429.74591423423436,436.38444972972974,442.8608576576577,449.17206486486504,455.2784951351353,461.1829967567568,466.94635819819837,472.6290681081081,478.29131531531533,483.82336576576574,489.1584345945946,494.4187733333334,499.72363531531533,505.1901751351352,510.60701981982,515.768642882883,520.7981203603604,525.8163545945946,530.9422990990993
"The target value from 'unconditional_best' was used for 'unconditional_worst' in 2030.
",THA,ABU,unconditional,worst,KYOTOGHG,IPCM0EL,MtCO2eq,AR4,185.4034,198.6267,210.0006,224.8061,239.6479,259.3366,278.3071,286.5451,263.6701,278.4709,282.1799,297.6988,311.4764,334.1407,354.3496,360.5557,366.352,375.9512,377.9162,397.2914,418.9398,413.5653,433.4855,436.4123,448.7177,454.4231,463.1815,475.1117,481.2569538461538,487.4022076923077,493.5474615384615,489.6988610769231,485.6044504615384,481.26422969230777,476.67819876923085,471.84635769230755,466.76870646153844,461.4452450769231,455.8759735384616,450.0608918461539,444.0,451.41696,458.6711200000002,465.75648,472.66880000000003,479.4048000000002,485.92224000000016,492.22416000000004,498.3754400000002,504.44064000000003,510.48400000000004,516.3884,522.0825600000001,527.6969600000001,533.3588800000001,539.1933600000001,544.9748000000002,550.4838400000002,555.85184,561.20784,566.6788000000001
,THA,ABU,unconditional,best,KYOTOGHG,IPCM0EL,MtCO2eq,AR4,185.4034,198.6267,210.0006,224.8061,239.6479,259.3366,278.3071,286.5451,263.6701,278.4709,282.1799,297.6988,311.4764,334.1407,354.3496,360.5557,366.352,375.9512,377.9162,397.2914,418.9398,413.5653,433.4855,436.4123,448.7177,454.4231,463.1815,475.1117,481.2569538461538,487.4022076923077,493.5474615384615,489.6988610769231,485.6044504615384,481.26422969230777,476.67819876923085,471.84635769230755,466.76870646153844,461.4452450769231,455.8759735384616,450.0608918461539,444.0,451.41696,458.6711200000002,465.75648,472.66880000000003,479.4048000000002,485.92224000000016,492.22416000000004,498.3754400000002,504.44064000000003,510.48400000000004,516.3884,522.0825600000001,527.6969600000001,533.3588800000001,539.1933600000001,544.9748000000002,550.4838400000002,555.85184,561.20784,566.6788000000001
"The target value from 'conditional_best' was used for 'conditional_worst' in 2030.
",THA,RBU,conditional,worst,KYOTOGHG,IPCM0EL,MtCO2eq,AR4,185.4034,198.6267,210.0006,224.8061,239.6479,259.3366,278.3071,286.5451,263.6701,278.4709,282.1799,297.6988,311.4764,334.1407,354.3496,360.5557,366.352,375.9512,377.9162,397.2914,418.9398,413.5653,433.4855,436.4123,448.7177,454.4231,463.1815,475.1117,481.2569538461538,487.4022076923077,493.5474615384615,487.2003975,480.5460707692307,473.58448134615395,466.3156292307693,458.7395144230768,450.8561369230769,442.66549673076923,434.1675938461539,425.36242826923075,416.25,423.2034,430.00417500000015,436.6467,443.127,449.4420000000001,455.5521000000001,461.46015,467.22697500000015,472.9131,478.57875,484.114125,489.4524,494.71590000000003,500.02395,505.493775,510.91387500000013,516.0786000000002,521.1111,526.1323500000001,531.2613750000002
,THA,RBU,conditional,best,KYOTOGHG,IPCM0EL,MtCO2eq,AR4,185.4034,198.6267,210.0006,224.8061,239.6479,259.3366,278.3071,286.5451,263.6701,278.4709,282.1799,297.6988,311.4764,334.1407,354.3496,360.5557,366.352,375.9512,377.9162,397.2914,418.9398,413.5653,433.4855,436.4123,448.7177,454.4231,463.1815,475.1117,481.2569538461538,487.4022076923077,493.5474615384615,487.2003975,480.5460707692307,473.58448134615395,466.3156292307693,458.7395144230768,450.8561369230769,442.66549673076923,434.1675938461539,425.36242826923075,416.25,423.2034,430.00417500000015,436.6467,443.127,449.4420000000001,455.5521000000001,461.46015,467.22697500000015,472.9131,478.57875,484.114125,489.4524,494.71590000000003,500.02395,505.493775,510.91387500000013,516.0786000000002,521.1111,526.1323500000001,531.2613750000002
"The target value from 'unconditional_best' was used for 'unconditional_worst' in 2030.
",THA,RBU,unconditional,worst,KYOTOGHG,IPCM0EL,MtCO2eq,AR4,185.4034,198.6267,210.0006,224.8061,239.6479,259.3366,278.3071,286.5451,263.6701,278.4709,282.1799,297.6988,311.4764,334.1407,354.3496,360.5557,366.352,375.9512,377.9162,397.2914,418.9398,413.5653,433.4855,436.4123,448.7177,454.4231,463.1815,475.1117,481.2569538461538,487.4022076923077,493.5474615384615,489.6988610769231,485.6044504615384,481.26422969230777,476.67819876923085,471.84635769230755,466.76870646153844,461.4452450769231,455.8759735384616,450.0608918461539,444.0,451.41696,458.6711200000002,465.75648,472.66880000000003,479.4048000000002,485.92224000000016,492.22416000000004,498.3754400000002,504.44064000000003,510.48400000000004,516.3884,522.0825600000001,527.6969600000001,533.3588800000001,539.1933600000001,544.9748000000002,550.4838400000002,555.85184,561.20784,566.6788000000001
,THA,RBU,unconditional,best,KYOTOGHG,IPCM0EL,MtCO2eq,AR4,185.4034,198.6267,210.0006,224.8061,239.6479,259.3366,278.3071,286.5451,263.6701,278.4709,282.1799,297.6988,311.4764,334.1407,354.3496,360.5557,366.352,375.9512,377.9162,397.2914,418.9398,413.5653,433.4855,436.4123,448.7177,454.4231,463.1815,475.1117,481.2569538461538,487.4022076923077,493.5474615384615,489.6988610769231,485.6044504615384,481.26422969230777,476.67819876923085,471.84635769230755,466.76870646153844,461.4452450769231,455.8759735384616,450.0608918461539,444.0,451.41696,458.6711200000002,465.75648,472.66880000000003,479.4048000000002,485.92224000000016,492.22416000000004,498.3754400000002,504.44064000000003,510.48400000000004,516.3884,522.0825600000001,527.6969600000001,533.3588800000001,539.1933600000001,544.9748000000002,550.4838400000002,555.85184,561.20784,566.6788000000001
"No targets calculated, so the baseline emissions are put in as target pathways for all un/conditional best/worst pathways.
",THA,baseline_emissions,conditional,worst,KYOTOGHG,IPCM0EL,MtCO2eq,AR4,185.4034,198.6267,210.0006,224.8061,239.6479,259.3366,278.3071,286.5451,263.6701,278.4709,282.1799,297.6988,311.4764,334.1407,354.3496,360.5557,366.352,375.9512,377.9162,397.2914,418.9398,413.5653,433.4855,436.4123,448.7177,454.4231,463.1815,475.1117,481.2569538461538,487.4022076923077,493.5474615384615,499.6927153846154,505.8379692307692,511.98322307692314,518.128476923077,524.2737307692306,530.4189846153846,536.5642384615385,542.7094923076924,548.8547461538461,555.0,564.2712,573.3389000000002,582.1956,590.836,599.2560000000002,607.4028000000002,615.2802,622.9693000000002,630.5508,638.105,645.4855,652.6032,659.6212,666.6986,673.9917,681.2185000000002,688.1048000000002,694.8148,701.5098,708.3485000000002
"No targets calculated, so the baseline emissions are put in as target pathways for all un/conditional best/worst pathways.
",THA,baseline_emissions,conditional,best,KYOTOGHG,IPCM0EL,MtCO2eq,AR4,185.4034,198.6267,210.0006,224.8061,239.6479,259.3366,278.3071,286.5451,263.6701,278.4709,282.1799,297.6988,311.4764,334.1407,354.3496,360.5557,366.352,375.9512,377.9162,397.2914,418.9398,413.5653,433.4855,436.4123,448.7177,454.4231,463.1815,475.1117,481.2569538461538,487.4022076923077,493.5474615384615,499.6927153846154,505.8379692307692,511.98322307692314,518.128476923077,524.2737307692306,530.4189846153846,536.5642384615385,542.7094923076924,548.8547461538461,555.0,564.2712,573.3389000000002,582.1956,590.836,599.2560000000002,607.4028000000002,615.2802,622.9693000000002,630.5508,638.105,645.4855,652.6032,659.6212,666.6986,673.9917,681.2185000000002,688.1048000000002,694.8148,701.5098,708.3485000000002
"No targets calculated, so the baseline emissions are put in as target pathways for all un/conditional best/worst pathways.
",THA,baseline_emissions,unconditional,worst,KYOTOGHG,IPCM0EL,MtCO2eq,AR4,185.4034,198.6267,210.0006,224.8061,239.6479,259.3366,278.3071,286.5451,263.6701,278.4709,282.1799,297.6988,311.4764,334.1407,354.3496,360.5557,366.352,375.9512,377.9162,397.2914,418.9398,413.5653,433.4855,436.4123,448.7177,454.4231,463.1815,475.1117,481.2569538461538,487.4022076923077,493.5474615384615,499.6927153846154,505.8379692307692,511.98322307692314,518.128476923077,524.2737307692306,530.4189846153846,536.5642384615385,542.7094923076924,548.8547461538461,555.0,564.2712,573.3389000000002,582.1956,590.836,599.2560000000002,607.4028000000002,615.2802,622.9693000000002,630.5508,638.105,645.4855,652.6032,659.6212,666.6986,673.9917,681.2185000000002,688.1048000000002,694.8148,701.5098,708.3485000000002
"No targets calculated, so the baseline emissions are put in as target pathways for all un/conditional best/worst pathways.
",THA,baseline_emissions,unconditional,best,KYOTOGHG,IPCM0EL,MtCO2eq,AR4,185.4034,198.6267,210.0006,224.8061,239.6479,259.3366,278.3071,286.5451,263.6701,278.4709,282.1799,297.6988,311.4764,334.1407,354.3496,360.5557,366.352,375.9512,377.9162,397.2914,418.9398,413.5653,433.4855,436.4123,448.7177,454.4231,463.1815,475.1117,481.2569538461538,487.4022076923077,493.5474615384615,499.6927153846154,505.8379692307692,511.98322307692314,518.128476923077,524.2737307692306,530.4189846153846,536.5642384615385,542.7094923076924,548.8547461538461,555.0,564.2712,573.3389000000002,582.1956,590.836,599.2560000000002,607.4028000000002,615.2802,622.9693000000002,630.5508,638.105,645.4855,652.6032,659.6212,666.6986,673.9917,681.2185000000002,688.1048000000002,694.8148,701.5098,708.3485000000002
,THA,,emi_bau,emi_bau,KYOTOGHG,IPCM0EL,MtCO2eq,AR4,185.4034,198.6267,210.0006,224.8061,239.6479,259.3366,278.3071,286.5451,263.6701,278.4709,282.1799,297.6988,311.4764,334.1407,354.3496,360.5557,366.352,375.9512,377.9162,397.2914,418.9398,413.5653,433.4855,436.4123,448.7177,454.4231,463.1815,475.1117,481.2569538461538,487.4022076923077,493.5474615384615,499.6927153846154,505.8379692307692,511.98322307692314,518.128476923077,524.2737307692306,530.4189846153846,536.5642384615385,542.7094923076924,548.8547461538461,555.0,564.2712,573.3389000000002,582.1956,590.836,599.2560000000002,607.4028000000002,615.2802,622.9693000000002,630.5508,638.105,645.4855,652.6032,659.6212,666.6986,673.9917,681.2185000000002,688.1048000000002,694.8148,701.5098,708.3485000000002
,THA,,emi_cov,emi_cov,KYOTOGHG,IPCM0EL,MtCO2eq,AR4,185.4034,198.6267,210.0006,224.8061,239.6479,259.3366,278.3071,286.5451,263.6701,278.4709,282.1799,297.6988,311.4764,334.1407,354.3496,360.5557,366.352,375.9512,377.9162,397.2914,418.9398,413.5653,433.4855,436.4123,448.7177,454.4231,463.1815,475.1117,481.2568527821935,487.4022076923077,493.5474615384615,499.6927153846154,505.8379692307692,511.98322307692314,518.128476923077,524.2737307692306,530.4189846153846,536.5642384615385,542.7093946199838,548.8547461538461,555.0,564.2712,573.3389000000002,582.1955033555304,590.836,599.2560000000002,607.4028000000002,615.2802,622.9693000000002,630.5508,638.105,645.4853057088645,652.6032,659.6212,666.6986,673.9917,681.2185000000002,688.1048000000002,694.8148,701.5098,708.3485000000002
,THA,,emi_ncov,emi_ncov,KYOTOGHG,IPCM0EL,MtCO2eq,AR4,0.0,0.0,0.0,0.0,0.0,0.0,0.0,0.0,0.0,0.0,0.0,0.0,0.0,0.0,0.0,0.0,0.0,0.0,0.0,0.0,0.0,0.0,0.0,0.0,0.0,0.0,0.0,0.0,0.00010106396028121183,0.0,0.0,0.0,0.0,0.0,0.0,0.0,0.0,0.0,9.768770862421898e-05,0.0,0.0,0.0,0.0,9.664446958144897e-05,0.0,0.0,0.0,0.0,0.0,0.0,0.0,0.0001942911354514812,0.0,0.0,0.0,0.0,0.0,0.0,0.0,0.0,0.0
,THA,,pc_cov,pc_cov,KYOTOGHG,IPCM0EL,MtCO2eq/MtCO2eq,AR4,1.0,1.0,1.0,1.0,1.0,1.0,1.0,1.0,1.0,1.0,1.0,1.0,1.0,1.0,1.0,1.0,1.0,1.0,1.0,1.0,1.0,1.0,1.0,1.0,1.0,1.0,1.0,1.0,0.99999979,1.0,1.0,1.0,1.0,1.0,1.0,1.0,1.0,1.0,0.99999982,1.0,1.0,1.0,1.0,0.999999834,1.0,1.0,1.0,1.0,1.0,1.0,1.0,0.9999996990000001,1.0,1.0,1.0,1.0,1.0,1.0,1.0,1.0,1.0
,TJK,,pop,pop,POP,DEMOGR,Pers,,5283814.0,5400630.0,5502494.0,5593315.0,5679167.0,5764810.0,5851355.0,5938405.0,6027388.0,6119661.0,6216341.0,6318513.0,6426867.0,6541547.0,6662389.0,6789321.0,6922587.0,7062672.0,7209930.0,7364753.0,7527394.0,7697510.0,7874835.0,8059769.0,8252833.0,8454028.0,8663579.0,8880268.0,8948324.8781,9076780.6304,9205573.3407,9337799.8954,9475718.8971,9616499.6086,9757298.8493,9895258.5245,10031415.722,10167839.8509,10303201.1722,10436158.2512,10565357.6676,10690942.8334,10813843.6645,10933852.8688,11050731.4414,11164210.732,11274509.8573,11382354.6695,11488212.2353,11592544.8926,11695810.4571,11798957.5921,11902596.0005,12006660.6752,12111072.4856,12215738.857,12321116.0734,12426968.5532,12532145.0754,12635479.9149,12735793.7228
,TJK,,gdp,gdp,GDPPPP,ECO,2011GKD,,31031609375.0,30663603515.625,16007887695.3125,14798089843.75,11150362304.6875,10670371093.75,7991864746.0938,8922277343.75,7784491699.2188,6750915527.3438,7030231933.5938,7579111328.125,8503790039.0625,9725294921.875,10849134765.625,11615298828.125,12364299804.6875,13205857421.875,13838409179.6875,14810387695.3125,17287408203.125,19112228515.625,21642673828.125,23742599609.375,25619406250.0,25816177734.375,28189529296.875,31396382812.5,32206618107.7906,33934008210.9864,35750782301.3828,37708042631.1348,39821451995.5479,42061706922.1783,44400038927.4904,46808139398.7773,49297717789.374,51876970731.4879,54512453800.1801,57170555496.3951,59817553074.7114,62458979833.7307,65141015597.1852,67890432968.4222,70733597160.505,73696580465.9943,76747977052.1463,79838296852.8398,82967364138.1302,86136458899.5589,89348427131.4377,92596384663.5122,95887899457.2566,99252219992.209,102723515092.7148,106341507631.9042,110104647471.412,113970924297.0777,117923199120.3031,121943045597.8067,126010619125.4633
,TJK,ABS,conditional,worst,KYOTOGHG,IPCM0EL,MtCO2eq,AR4,28.7206,29.9661,25.9286,21.7443,15.4532,12.5423,10.3,10.1598,8.9082,8.5203,8.4226,8.3849,8.3085,8.6626,9.6307,9.1693,9.8191,9.0361,9.1227,9.7252,9.6683,9.0522,9.6954,10.3623,11.4811,11.3261,11.5008,11.6866,11.1566,11.5533,11.9826,12.676859931726952,13.427595997020003,14.230332359423125,15.081005245682896,15.975816825859251,16.922809799739806,17.927657975381674,18.98326301402155,20.08220573582556,21.217,21.9212,22.639,23.3812,24.1582,24.9803,25.8432,26.737,27.6646,28.6293,29.6346,30.6789,31.7618,32.8905,34.073499999999996,35.320899999999995,36.631,37.99079999999999,39.3942,40.8344,42.304100000000005
,TJK,ABS,conditional,best,KYOTOGHG,IPCM0EL,MtCO2eq,AR4,28.7206,29.9661,25.9286,21.7443,15.4532,12.5423,10.3,10.1598,8.9082,8.5203,8.4226,8.3849,8.3085,8.6626,9.6307,9.1693,9.8191,9.0361,9.1227,9.7252,9.6683,9.0522,9.6954,10.3623,11.4811,11.3261,11.5008,11.6866,11.1566,11.5533,11.9826,12.50030816541203,13.060065724483783,13.656035827560519,14.283099916159808,14.936669071419834,15.623331410272092,16.347202664205575,17.10070955755952,17.87636911300635,18.666999999999998,19.371199999999998,20.089,20.8312,21.6082,22.4303,23.2932,24.186999999999998,25.1146,26.0793,27.0846,28.128899999999998,29.2118,30.3405,31.5235,32.7709,34.080999999999996,35.440799999999996,36.8442,38.2844,39.7541
,TJK,ABS,unconditional,worst,KYOTOGHG,IPCM0EL,MtCO2eq,AR4,28.7206,29.9661,25.9286,21.7443,15.4532,12.5423,10.3,10.1598,8.9082,8.5203,8.4226,8.3849,8.3085,8.6626,9.6307,9.1693,9.8191,9.0361,9.1227,9.7252,9.6683,9.0522,9.6954,10.3623,11.4811,11.3261,11.5008,11.6866,11.1566,11.5533,11.9826,12.941687581199337,13.978891405824337,15.091777157217042,16.277863239967534,17.534538457518373,18.87202738394138,20.298340942145817,21.8070931987146,23.390960670054373,25.041999999999998,25.746199999999998,26.464,27.2062,27.9832,28.8053,29.6682,30.561999999999998,31.4896,32.4543,33.459599999999995,34.5039,35.5868,36.7155,37.8985,39.1459,40.455999999999996,41.815799999999996,43.2192,44.6594,46.1291
,TJK,ABS,unconditional,best,KYOTOGHG,IPCM0EL,MtCO2eq,AR4,28.7206,29.9661,25.9286,21.7443,15.4532,12.5423,10.3,10.1598,8.9082,8.5203,8.4226,8.3849,8.3085,8.6626,9.6307,9.1693,9.8191,9.0361,9.1227,9.7252,9.6683,9.0522,9.6954,10.3623,11.4811,11.3261,11.5008,11.6866,11.1566,11.5533,11.9826,12.765135814884415,13.611361133288113,14.51748062535443,15.47995791044444,16.495390703078957,17.572548994473664,18.71788563096972,19.924539742252566,21.185124047235163,22.491999999999997,23.196199999999997,23.913999999999998,24.6562,25.4332,26.2553,27.118199999999998,28.011999999999997,28.9396,29.9043,30.909599999999998,31.953899999999997,33.0368,34.165499999999994,35.3485,36.5959,37.90599999999999,39.2658,40.669200000000004,42.109399999999994,43.5791
,TJK,AEI,conditional,worst,KYOTOGHG,IPCM0EL,MtCO2eq,AR4,28.7206,29.9661,25.9286,21.7443,15.4532,12.5423,10.3,10.1598,8.9082,8.5203,8.4226,8.3849,8.3085,8.6626,9.6307,9.1693,9.8191,9.0361,9.1227,9.7252,9.6683,9.0522,9.6954,10.3623,11.4811,11.3261,11.5008,11.6866,11.1566,11.5533,11.9826,12.596276723007493,13.259844808342132,13.968207214714027,14.71681873512351,15.501520464320834,16.329691189427425,17.20629356838329,18.124012487821652,19.075399648932034,20.053108034919997,20.757308034919998,21.475108034919998,22.21730803492,22.99430803492,23.81640803492,24.67930803492,25.573108034919997,26.50070803492,27.46540803492,28.470708034919998,29.515008034919997,30.59790803492,31.726608034919998,32.90960803492,34.15700803492,35.467108034919995,36.826908034919995,38.23030803492,39.67050803492,41.14020803492
,TJK,AEI,conditional,best,KYOTOGHG,IPCM0EL,MtCO2eq,AR4,28.7206,29.9661,25.9286,21.7443,15.4532,12.5423,10.3,10.1598,8.9082,8.5203,8.4226,8.3849,8.3085,8.6626,9.6307,9.1693,9.8191,9.0361,9.1227,9.7252,9.6683,9.0522,9.6954,10.3623,11.4811,11.3261,11.5008,11.6866,11.1566,11.5533,11.9826,12.230525241053828,12.498454850888077,12.778472260519774,13.063847128987105,13.348781700568715,13.63764139216405,13.932161089906131,14.22404178274361,14.505703006505406,14.77042920112,15.348711713847738,15.938162420516255,16.547650181019698,17.18571537895985,17.86081627886537,18.56942176059324,19.303402035907144,20.065138557926808,20.857341256064338,21.682884297878015,22.540453778198344,23.429721220732947,24.356599198744586,25.328067833446248,26.35242115122043,27.42826312782453,28.54491828375633,29.697377355557112,30.880056246256466,32.08696026351854
,TJK,AEI,unconditional,worst,KYOTOGHG,IPCM0EL,MtCO2eq,AR4,28.7206,29.9661,25.9286,21.7443,15.4532,12.5423,10.3,10.1598,8.9082,8.5203,8.4226,8.3849,8.3085,8.6626,9.6307,9.1693,9.8191,9.0361,9.1227,9.7252,9.6683,9.0522,9.6954,10.3623,11.4811,11.3261,11.5008,11.6866,11.1566,11.5533,11.9826,12.96202820496116,14.021234765796187,15.157942168908283,16.369790341259918,17.654259228072952,19.021740986690798,20.480426046860455,22.023983192899696,23.64509629135867,25.33578686872,26.03998686872,26.75778686872,27.49998686872,28.27698686872,29.09908686872,29.96198686872,30.85578686872,31.78338686872,32.74808686872,33.75338686872,34.79768686872,35.88058686872,37.00928686872,38.192286868720004,39.43968686872,40.749786868719994,42.10958686872,43.512986868720006,44.953186868719996,46.42288686872
,TJK,AEI,unconditional,best,KYOTOGHG,IPCM0EL,MtCO2eq,AR4,28.7206,29.9661,25.9286,21.7443,15.4532,12.5423,10.3,10.1598,8.9082,8.5203,8.4226,8.3849,8.3085,8.6626,9.6307,9.1693,9.8191,9.0361,9.1227,9.7252,9.6683,9.0522,9.6954,10.3623,11.4811,11.3261,11.5008,11.6866,11.1566,11.5533,11.9826,12.596276723007493,13.259844808342132,13.968207214714027,14.71681873512351,15.501520464320834,16.329691189427425,17.20629356838329,18.124012487821652,19.075399648932034,20.053108034919997,20.757308034919998,21.475108034919998,22.21730803492,22.99430803492,23.81640803492,24.67930803492,25.573108034919997,26.50070803492,27.46540803492,28.470708034919998,29.515008034919997,30.59790803492,31.726608034919998,32.90960803492,34.15700803492,35.467108034919995,36.826908034919995,38.23030803492,39.67050803492,41.14020803492
,TJK,RBY,conditional,worst,KYOTOGHG,IPCM0EL,MtCO2eq,AR4,28.7206,29.9661,25.9286,21.7443,15.4532,12.5423,10.3,10.1598,8.9082,8.5203,8.4226,8.3849,8.3085,8.6626,9.6307,9.1693,9.8191,9.0361,9.1227,9.7252,9.6683,9.0522,9.6954,10.3623,11.4811,11.3261,11.5008,11.6866,11.1566,11.5533,11.9826,12.503766225397595,13.067264416150643,13.667284380311555,14.298728219120937,14.95702250850925,15.648783855832493,16.37815851010066,17.137582498082043,17.91957409202908,18.71694599118005,19.42114599118005,20.13894599118005,20.881145991180052,21.658145991180053,22.480245991180052,23.34314599118005,24.23694599118005,25.164545991180052,26.129245991180053,27.13454599118005,28.17884599118005,29.261745991180053,30.39044599118005,31.57344599118005,32.82084599118005,34.13094599118005,35.49074599118005,36.894145991180054,38.33434599118005,39.804045991180054
,TJK,RBY,conditional,best,KYOTOGHG,IPCM0EL,MtCO2eq,AR4,28.7206,29.9661,25.9286,21.7443,15.4532,12.5423,10.3,10.1598,8.9082,8.5203,8.4226,8.3849,8.3085,8.6626,9.6307,9.1693,9.8191,9.0361,9.1227,9.7252,9.6683,9.0522,9.6954,10.3623,11.4811,11.3261,11.5008,11.6866,11.1566,11.5533,11.9826,12.334199269440994,12.714274520684508,13.115708393523237,13.532389933796509,13.958985925883832,14.400715941063641,14.860229793015275,15.329507361249732,15.801005644507287,16.267830093251035,16.9047378997107,17.55394611254334,18.22522270151574,18.92797385973664,19.671515336150286,20.451958031682867,21.26034797404817,22.099308044016905,22.971822899017813,23.881058084808636,24.82556649475727,25.804986352205677,26.82582963699838,27.89578410311849,29.023984611181234,30.208893610389985,31.438753359358817,32.70804676405279,34.0106236212854,35.339881507047636
,TJK,RBY,unconditional,worst,KYOTOGHG,IPCM0EL,MtCO2eq,AR4,28.7206,29.9661,25.9286,21.7443,15.4532,12.5423,10.3,10.1598,8.9082,8.5203,8.4226,8.3849,8.3085,8.6626,9.6307,9.1693,9.8191,9.0361,9.1227,9.7252,9.6683,9.0522,9.6954,10.3623,11.4811,11.3261,11.5008,11.6866,11.1566,11.5533,11.9826,12.758116659332492,13.596749259349846,14.494648360494034,15.448235647107577,16.454077382447377,17.52088572798577,18.655051585728742,19.849695203330505,21.09742676331178,22.390619838073583,23.094819838073583,23.812619838073584,24.554819838073584,25.331819838073585,26.153919838073584,27.016819838073584,27.910619838073583,28.838219838073584,29.802919838073585,30.808219838073583,31.852519838073583,32.935419838073585,34.06411983807358,35.24711983807359,36.494519838073586,37.80461983807358,39.164419838073584,40.56781983807359,42.00801983807358,43.47771983807358
,TJK,RBY,unconditional,best,KYOTOGHG,IPCM0EL,MtCO2eq,AR4,28.7206,29.9661,25.9286,21.7443,15.4532,12.5423,10.3,10.1598,8.9082,8.5203,8.4226,8.3849,8.3085,8.6626,9.6307,9.1693,9.8191,9.0361,9.1227,9.7252,9.6683,9.0522,9.6954,10.3623,11.4811,11.3261,11.5008,11.6866,11.1566,11.5533,11.9826,12.588549703375895,13.243759363883711,13.943072373705714,14.68189736178315,15.456040799821958,16.27281781321692,17.137122868643353,18.041620066498197,18.97885831578998,19.941503940144564,20.645703940144564,21.363503940144565,22.105703940144565,22.882703940144566,23.704803940144565,24.567703940144565,25.461503940144564,26.389103940144565,27.353803940144566,28.359103940144564,29.403403940144564,30.486303940144566,31.615003940144565,32.79800394014457,34.04540394014457,35.35550394014456,36.715303940144565,38.11870394014457,39.55890394014456,41.02860394014456
"No targets calculated, so the baseline emissions are put in as target pathways for all un/conditional best/worst pathways.
",TJK,baseline_emissions,conditional,worst,KYOTOGHG,IPCM0EL,MtCO2eq,AR4,28.7206,29.9661,25.9286,21.7443,15.4532,12.5423,10.3,10.1598,8.9082,8.5203,8.4226,8.3849,8.3085,8.6626,9.6307,9.1693,9.8191,9.0361,9.1227,9.7252,9.6683,9.0522,9.6954,10.3623,11.4811,11.3261,11.5008,11.6866,11.1566,11.5533,11.9826,12.4532,12.962,13.5028,14.0702,14.6594,15.2766,15.9255,16.5984,17.2878,17.9866,18.6908,19.4086,20.1508,20.9278,21.7499,22.6128,23.5066,24.4342,25.3989,26.4042,27.4485,28.5314,29.6601,30.8431,32.0905,33.4006,34.7604,36.1638,37.604,39.0737
"No targets calculated, so the baseline emissions are put in as target pathways for all un/conditional best/worst pathways.
",TJK,baseline_emissions,conditional,best,KYOTOGHG,IPCM0EL,MtCO2eq,AR4,28.7206,29.9661,25.9286,21.7443,15.4532,12.5423,10.3,10.1598,8.9082,8.5203,8.4226,8.3849,8.3085,8.6626,9.6307,9.1693,9.8191,9.0361,9.1227,9.7252,9.6683,9.0522,9.6954,10.3623,11.4811,11.3261,11.5008,11.6866,11.1566,11.5533,11.9826,12.4532,12.962,13.5028,14.0702,14.6594,15.2766,15.9255,16.5984,17.2878,17.9866,18.6908,19.4086,20.1508,20.9278,21.7499,22.6128,23.5066,24.4342,25.3989,26.4042,27.4485,28.5314,29.6601,30.8431,32.0905,33.4006,34.7604,36.1638,37.604,39.0737
"No targets calculated, so the baseline emissions are put in as target pathways for all un/conditional best/worst pathways.
",TJK,baseline_emissions,unconditional,worst,KYOTOGHG,IPCM0EL,MtCO2eq,AR4,28.7206,29.9661,25.9286,21.7443,15.4532,12.5423,10.3,10.1598,8.9082,8.5203,8.4226,8.3849,8.3085,8.6626,9.6307,9.1693,9.8191,9.0361,9.1227,9.7252,9.6683,9.0522,9.6954,10.3623,11.4811,11.3261,11.5008,11.6866,11.1566,11.5533,11.9826,12.4532,12.962,13.5028,14.0702,14.6594,15.2766,15.9255,16.5984,17.2878,17.9866,18.6908,19.4086,20.1508,20.9278,21.7499,22.6128,23.5066,24.4342,25.3989,26.4042,27.4485,28.5314,29.6601,30.8431,32.0905,33.4006,34.7604,36.1638,37.604,39.0737
"No targets calculated, so the baseline emissions are put in as target pathways for all un/conditional best/worst pathways.
",TJK,baseline_emissions,unconditional,best,KYOTOGHG,IPCM0EL,MtCO2eq,AR4,28.7206,29.9661,25.9286,21.7443,15.4532,12.5423,10.3,10.1598,8.9082,8.5203,8.4226,8.3849,8.3085,8.6626,9.6307,9.1693,9.8191,9.0361,9.1227,9.7252,9.6683,9.0522,9.6954,10.3623,11.4811,11.3261,11.5008,11.6866,11.1566,11.5533,11.9826,12.4532,12.962,13.5028,14.0702,14.6594,15.2766,15.9255,16.5984,17.2878,17.9866,18.6908,19.4086,20.1508,20.9278,21.7499,22.6128,23.5066,24.4342,25.3989,26.4042,27.4485,28.5314,29.6601,30.8431,32.0905,33.4006,34.7604,36.1638,37.604,39.0737
,TJK,,emi_bau,emi_bau,KYOTOGHG,IPCM0EL,MtCO2eq,AR4,28.7206,29.9661,25.9286,21.7443,15.4532,12.5423,10.3,10.1598,8.9082,8.5203,8.4226,8.3849,8.3085,8.6626,9.6307,9.1693,9.8191,9.0361,9.1227,9.7252,9.6683,9.0522,9.6954,10.3623,11.4811,11.3261,11.5008,11.6866,11.1566,11.5533,11.9826,12.4532,12.962,13.5028,14.0702,14.6594,15.2766,15.9255,16.5984,17.2878,17.9866,18.6908,19.4086,20.1508,20.9278,21.7499,22.6128,23.5066,24.4342,25.3989,26.4042,27.4485,28.5314,29.6601,30.8431,32.0905,33.4006,34.7604,36.1638,37.604,39.0737
,TJK,,emi_cov,emi_cov,KYOTOGHG,IPCM0EL,MtCO2eq,AR4,24.491158979290205,24.323018266161903,20.569512175747,18.217847608990798,12.214908475487201,9.610096287393601,7.8934236739,7.926841341224399,6.973120121158801,6.860162078337601,6.890389455404999,7.094921688770199,7.333775294772001,7.644713877708999,8.537738611084599,8.045191463682798,8.6520554157433,7.8333113434251995,8.0079535345308,8.559235618891199,8.510625589323,8.2108581980778,8.872816862052,9.5753757674406,10.6829004491124,10.5166507363573,10.6800715263168,10.8546002803616,10.240347333907598,10.604467745803799,10.9985108333436,11.4304620958552,11.897476125532,12.3938621067608,12.914663522717198,13.4554745806684,14.0219860962276,14.617594201292999,15.235231270022402,15.8680132512708,16.5094232432876,17.155789752128797,17.8146393403796,18.4958850416888,19.209072740310802,19.9636565331514,20.7556895642208,21.5760848860076,22.4275043316212,23.3129768835654,24.235715099041197,25.194250380470997,26.1882155784604,27.2242193821086,28.3100637160466,29.455019102482996,30.657525156491594,31.905649522754395,33.1937931730068,34.515714567543995,35.8647132299182
,TJK,,emi_ncov,emi_ncov,KYOTOGHG,IPCM0EL,MtCO2eq,AR4,4.229441020709798,5.643081733838098,5.359087824253,3.5264523910092005,3.2382915245128,2.932203712606399,2.4065763261,2.2329586587756007,1.9350798788411998,1.6601379216623995,1.532210544595,1.2899783112298007,0.9747247052280001,1.0178861222909998,1.0929613889154004,1.124108536317201,1.1670445842567005,1.2027886565747998,1.1147464654691994,1.1659643811088005,1.157674410677,0.8413418019221995,0.8225831379479998,0.7869242325593994,0.7981995508875992,0.8094492636426999,0.8207284736832008,0.8319997196384005,0.9162526660924004,0.9488322541962004,0.9840891666564004,1.0227379041448006,1.0645238744680006,1.1089378932392007,1.1555364772828005,1.2039254193316005,1.2546139037724007,1.3079057987070006,1.3631687299776007,1.4197867487292006,1.4771767567124006,1.5350102478712007,1.5939606596204008,1.6549149583112008,1.718727259689201,1.786243466848601,1.857110435779201,1.9305151139924008,2.006695668378801,2.0859231164346013,2.168484900958801,2.254249619529001,2.3431844215396014,2.435880617891401,2.5330362839534013,2.635480897517001,2.743074843508401,2.854750477245601,2.9700068269932016,3.0882854324560016,3.2089867700818018
,TJK,,pc_cov,pc_cov,KYOTOGHG,IPCM0EL,MtCO2eq/MtCO2eq,AR4,0.8527384170000001,0.8116844790000001,0.793313645,0.837821756,0.790445246,0.7662148320000001,0.766351813,0.7802162779999999,0.782775434,0.8051549920000001,0.818083425,0.8461545979999999,0.882683432,0.882496465,0.886512778,0.8774051959999999,0.881145463,0.866890732,0.8778052040000001,0.8801089559999999,0.88026081,0.907056649,0.91515738,0.9240589220000001,0.9304770840000001,0.928532393,0.9286372709999999,0.928807376,0.917873486,0.917873486,0.917873486,0.917873486,0.917873486,0.917873486,0.917873486,0.917873486,0.917873486,0.917873486,0.917873486,0.917873486,0.917873486,0.917873486,0.917873486,0.917873486,0.917873486,0.917873486,0.917873486,0.917873486,0.917873486,0.917873486,0.917873486,0.917873486,0.917873486,0.917873486,0.917873486,0.917873486,0.917873486,0.917873486,0.917873486,0.917873486,0.917873486
,TKL,,pop,pop,POP,DEMOGR,Pers,,1608.0,1578.0,1558.0,1535.0,1529.0,1517.0,1529.0,1547.0,1575.0,1574.0,1554.0,1503.0,1435.0,1351.0,1273.0,1208.0,1167.0,1141.0,1126.0,1126.0,1140.0,1151.0,1167.0,1187.0,1219.0,1252.0,1282.0,1300.0,1234.5,1234.5,1234.5,1234.5,1234.5,1234.5,1234.5,1234.5,1234.5,1234.5,1234.5,1234.5,1234.5,1234.5,1234.5,1234.5,1234.5,1234.5,1234.5,1234.5,1234.5,1234.5,1234.5,1234.5,1234.5,1234.5,1234.5,1234.5,1234.5,1234.5,1234.5,1234.5,1234.5
,TKL,,gdp,gdp,GDPPPP,ECO,2011GKD,,,,,,,,,,,,,,,,,,,,,,,,,,,,,,,,,,,,,,,,,,,,,,,,,,,,,,,,,,,,,,
"No targets calculated, so the baseline emissions are put in as target pathways for all un/conditional best/worst pathways.
",TKL,baseline_emissions,conditional,worst,KYOTOGHG,IPCM0EL,MtCO2eq,AR4,0.00046552,0.00046474,0.00046292,0.00046357,0.00046103,0.00045842,0.00045858,0.00045869,0.00045888,0.0004588999999999999,0.00045873,0.00045848,0.00045807,0.00045749,0.00045765,0.00045725,0.00045647,0.00045621,0.00045628,0.00045605,0.00045620000000000003,0.00045612,0.00045634,0.00045539,0.00045515,0.00045492,0.00045468,0.00045445,0.000455155,0.000455155,0.000455155,0.000455155,0.000455155,0.000455155,0.000455155,0.000455155,0.000455155,0.000455155,0.000455155,0.000455155,0.000455155,0.000455155,0.000455155,0.000455155,0.000455155,0.000455155,0.000455155,0.000455155,0.000455155,0.000455155,0.000455155,0.000455155,0.000455155,0.000455155,0.000455155,0.000455155,0.000455155,0.000455155,0.000455155,0.000455155,0.000455155
"No targets calculated, so the baseline emissions are put in as target pathways for all un/conditional best/worst pathways.
",TKL,baseline_emissions,conditional,best,KYOTOGHG,IPCM0EL,MtCO2eq,AR4,0.00046552,0.00046474,0.00046292,0.00046357,0.00046103,0.00045842,0.00045858,0.00045869,0.00045888,0.0004588999999999999,0.00045873,0.00045848,0.00045807,0.00045749,0.00045765,0.00045725,0.00045647,0.00045621,0.00045628,0.00045605,0.00045620000000000003,0.00045612,0.00045634,0.00045539,0.00045515,0.00045492,0.00045468,0.00045445,0.000455155,0.000455155,0.000455155,0.000455155,0.000455155,0.000455155,0.000455155,0.000455155,0.000455155,0.000455155,0.000455155,0.000455155,0.000455155,0.000455155,0.000455155,0.000455155,0.000455155,0.000455155,0.000455155,0.000455155,0.000455155,0.000455155,0.000455155,0.000455155,0.000455155,0.000455155,0.000455155,0.000455155,0.000455155,0.000455155,0.000455155,0.000455155,0.000455155
"No targets calculated, so the baseline emissions are put in as target pathways for all un/conditional best/worst pathways.
",TKL,baseline_emissions,unconditional,worst,KYOTOGHG,IPCM0EL,MtCO2eq,AR4,0.00046552,0.00046474,0.00046292,0.00046357,0.00046103,0.00045842,0.00045858,0.00045869,0.00045888,0.0004588999999999999,0.00045873,0.00045848,0.00045807,0.00045749,0.00045765,0.00045725,0.00045647,0.00045621,0.00045628,0.00045605,0.00045620000000000003,0.00045612,0.00045634,0.00045539,0.00045515,0.00045492,0.00045468,0.00045445,0.000455155,0.000455155,0.000455155,0.000455155,0.000455155,0.000455155,0.000455155,0.000455155,0.000455155,0.000455155,0.000455155,0.000455155,0.000455155,0.000455155,0.000455155,0.000455155,0.000455155,0.000455155,0.000455155,0.000455155,0.000455155,0.000455155,0.000455155,0.000455155,0.000455155,0.000455155,0.000455155,0.000455155,0.000455155,0.000455155,0.000455155,0.000455155,0.000455155
"No targets calculated, so the baseline emissions are put in as target pathways for all un/conditional best/worst pathways.
",TKL,baseline_emissions,unconditional,best,KYOTOGHG,IPCM0EL,MtCO2eq,AR4,0.00046552,0.00046474,0.00046292,0.00046357,0.00046103,0.00045842,0.00045858,0.00045869,0.00045888,0.0004588999999999999,0.00045873,0.00045848,0.00045807,0.00045749,0.00045765,0.00045725,0.00045647,0.00045621,0.00045628,0.00045605,0.00045620000000000003,0.00045612,0.00045634,0.00045539,0.00045515,0.00045492,0.00045468,0.00045445,0.000455155,0.000455155,0.000455155,0.000455155,0.000455155,0.000455155,0.000455155,0.000455155,0.000455155,0.000455155,0.000455155,0.000455155,0.000455155,0.000455155,0.000455155,0.000455155,0.000455155,0.000455155,0.000455155,0.000455155,0.000455155,0.000455155,0.000455155,0.000455155,0.000455155,0.000455155,0.000455155,0.000455155,0.000455155,0.000455155,0.000455155,0.000455155,0.000455155
,TKL,,emi_bau,emi_bau,KYOTOGHG,IPCM0EL,MtCO2eq,AR4,0.00046552,0.00046474,0.00046292,0.00046357,0.00046103,0.00045842,0.00045858,0.00045869,0.00045888,0.0004588999999999999,0.00045873,0.00045848,0.00045807,0.00045749,0.00045765,0.00045725,0.00045647,0.00045621,0.00045628,0.00045605,0.00045620000000000003,0.00045612,0.00045634,0.00045539,0.00045515,0.00045492,0.00045468,0.00045445,0.000455155,0.000455155,0.000455155,0.000455155,0.000455155,0.000455155,0.000455155,0.000455155,0.000455155,0.000455155,0.000455155,0.000455155,0.000455155,0.000455155,0.000455155,0.000455155,0.000455155,0.000455155,0.000455155,0.000455155,0.000455155,0.000455155,0.000455155,0.000455155,0.000455155,0.000455155,0.000455155,0.000455155,0.000455155,0.000455155,0.000455155,0.000455155,0.000455155
,TKL,,emi_cov,emi_cov,KYOTOGHG,IPCM0EL,MtCO2eq,AR4,0.0,0.0,0.0,0.0,0.0,0.0,0.0,0.0,0.0,0.0,0.0,0.0,0.0,0.0,0.0,0.0,0.0,0.0,0.0,0.0,0.0,0.0,0.0,0.0,0.0,0.0,0.0,0.0,0.0,0.0,0.0,0.0,0.0,0.0,0.0,0.0,0.0,0.0,0.0,0.0,0.0,0.0,0.0,0.0,0.0,0.0,0.0,0.0,0.0,0.0,0.0,0.0,0.0,0.0,0.0,0.0,0.0,0.0,0.0,0.0,0.0
,TKL,,emi_ncov,emi_ncov,KYOTOGHG,IPCM0EL,MtCO2eq,AR4,0.00046552,0.00046474,0.00046292,0.00046357,0.00046103,0.00045842,0.00045858,0.00045869,0.00045888,0.0004588999999999999,0.00045873,0.00045848,0.00045807,0.00045749,0.00045765,0.00045725,0.00045647,0.00045621,0.00045628,0.00045605,0.00045620000000000003,0.00045612,0.00045634,0.00045539,0.00045515,0.00045492,0.00045468,0.00045445,0.000455155,0.000455155,0.000455155,0.000455155,0.000455155,0.000455155,0.000455155,0.000455155,0.000455155,0.000455155,0.000455155,0.000455155,0.000455155,0.000455155,0.000455155,0.000455155,0.000455155,0.000455155,0.000455155,0.000455155,0.000455155,0.000455155,0.000455155,0.000455155,0.000455155,0.000455155,0.000455155,0.000455155,0.000455155,0.000455155,0.000455155,0.000455155,0.000455155
,TKL,,pc_cov,pc_cov,KYOTOGHG,IPCM0EL,MtCO2eq/MtCO2eq,AR4,0.0,0.0,0.0,0.0,0.0,0.0,0.0,0.0,0.0,0.0,0.0,0.0,0.0,0.0,0.0,0.0,0.0,0.0,0.0,0.0,0.0,0.0,0.0,0.0,0.0,0.0,0.0,0.0,0.0,0.0,0.0,0.0,0.0,0.0,0.0,0.0,0.0,0.0,0.0,0.0,0.0,0.0,0.0,0.0,0.0,0.0,0.0,0.0,0.0,0.0,0.0,0.0,0.0,0.0,0.0,0.0,0.0,0.0,0.0,0.0,0.0
,TKM,,pop,pop,POP,DEMOGR,Pers,,3683967.0,3789185.0,3899843.0,4010789.0,4115102.0,4207841.0,4287346.0,4355116.0,4413479.0,4466135.0,4516133.0,4564083.0,4610005.0,4655743.0,4703401.0,4754646.0,4810109.0,4870141.0,4935767.0,5007954.0,5087213.0,5174085.0,5267900.0,5366378.0,5466328.0,5565287.0,5662368.0,5757667.0,5812041.3817,5882843.5685,5951800.4701,6020159.6052,6089289.153,6158355.997,6226519.9288,6292933.1373,6358122.9699,6422804.241,6486400.5138,6548329.7435,6608004.2648,6665517.8594,6721320.6412,6775344.1716,6827505.9072,6877710.4088,6926268.1415,6973593.1839,7019735.2094,7064742.0523,7108659.9278,7152247.1347,7196046.3875,7239774.8038,7283143.5689,7325858.323,7368198.8786,7410211.7926,7451244.8259,7490640.6092,7527737.3534
,TKM,,gdp,gdp,GDPPPP,ECO,2011GKD,,35664167968.75,33770625000.0,28935498046.875,32843128906.25,22866550781.25,21356212890.625,22018181640.625,21183109375.0,23511357421.875,25922636718.75,33415265625.0,31262966796.875,32576128906.25,33508574218.75,35577332031.25,45024441406.25,50689660156.25,53529140625.0,54212871093.75,66405960937.5,73656312500.0,82782195312.5,90124476562.5,102781546875.0,113955562500.0,119418367187.5,126305382812.5,134432000000.0,148337795493.0047,161229829997.1441,173968591181.4724,186725473246.5523,199938419288.9341,213499968714.3394,227305019992.8055,241250406035.982,255290782423.2295,269413543095.8235,283565547547.7013,297693257142.0695,311742702085.7178,325888251706.6202,340286044749.8407,354852089012.28705,369499448861.5287,384138428048.4916,398563477060.113,412635329708.0805,426367708996.3138,439781268341.3698,452902913093.5223,465657745224.0244,478072047325.9821,490340450675.5635,502672607454.5709,515294486917.8029,528284297333.4057,541406097531.1998,554424816857.0054,567099740355.5878,579184075840.666
"No targets calculated, so the baseline emissions are put in as target pathways for all un/conditional best/worst pathways.
",TKM,baseline_emissions,conditional,worst,KYOTOGHG,IPCM0EL,MtCO2eq,AR4,58.5008,58.408,41.0779,43.9239,39.9527,40.5198,42.5752,33.4213,36.8244,48.31800000000001,57.6288,60.19,65.347,72.2568,71.5159,76.4636,79.7443,81.8387,86.1776,68.648,75.9907,86.1529,91.63799999999999,94.5577,96.68700000000001,105.8231,105.1621,108.1855,110.31223076923078,112.43896153846156,114.56569230769232,116.69242307692308,118.81915384615385,120.9458846153846,123.0726153846154,125.19934615384615,127.32607692307691,129.45280769230772,131.57953846153842,133.70626923076924,135.833,142.7691,149.7939,156.8786,163.9927,171.1046,178.12990000000005,185.0244,191.81799999999998,198.5418,205.2287,211.8472,218.40250000000003,224.9873,231.7001,238.64640000000003,245.8454,253.1444,260.3946,267.4436,274.1359
"No targets calculated, so the baseline emissions are put in as target pathways for all un/conditional best/worst pathways.
",TKM,baseline_emissions,conditional,best,KYOTOGHG,IPCM0EL,MtCO2eq,AR4,58.5008,58.408,41.0779,43.9239,39.9527,40.5198,42.5752,33.4213,36.8244,48.31800000000001,57.6288,60.19,65.347,72.2568,71.5159,76.4636,79.7443,81.8387,86.1776,68.648,75.9907,86.1529,91.63799999999999,94.5577,96.68700000000001,105.8231,105.1621,108.1855,110.31223076923078,112.43896153846156,114.56569230769232,116.69242307692308,118.81915384615385,120.9458846153846,123.0726153846154,125.19934615384615,127.32607692307691,129.45280769230772,131.57953846153842,133.70626923076924,135.833,142.7691,149.7939,156.8786,163.9927,171.1046,178.12990000000005,185.0244,191.81799999999998,198.5418,205.2287,211.8472,218.40250000000003,224.9873,231.7001,238.64640000000003,245.8454,253.1444,260.3946,267.4436,274.1359
"No targets calculated, so the baseline emissions are put in as target pathways for all un/conditional best/worst pathways.
",TKM,baseline_emissions,unconditional,worst,KYOTOGHG,IPCM0EL,MtCO2eq,AR4,58.5008,58.408,41.0779,43.9239,39.9527,40.5198,42.5752,33.4213,36.8244,48.31800000000001,57.6288,60.19,65.347,72.2568,71.5159,76.4636,79.7443,81.8387,86.1776,68.648,75.9907,86.1529,91.63799999999999,94.5577,96.68700000000001,105.8231,105.1621,108.1855,110.31223076923078,112.43896153846156,114.56569230769232,116.69242307692308,118.81915384615385,120.9458846153846,123.0726153846154,125.19934615384615,127.32607692307691,129.45280769230772,131.57953846153842,133.70626923076924,135.833,142.7691,149.7939,156.8786,163.9927,171.1046,178.12990000000005,185.0244,191.81799999999998,198.5418,205.2287,211.8472,218.40250000000003,224.9873,231.7001,238.64640000000003,245.8454,253.1444,260.3946,267.4436,274.1359
"No targets calculated, so the baseline emissions are put in as target pathways for all un/conditional best/worst pathways.
",TKM,baseline_emissions,unconditional,best,KYOTOGHG,IPCM0EL,MtCO2eq,AR4,58.5008,58.408,41.0779,43.9239,39.9527,40.5198,42.5752,33.4213,36.8244,48.31800000000001,57.6288,60.19,65.347,72.2568,71.5159,76.4636,79.7443,81.8387,86.1776,68.648,75.9907,86.1529,91.63799999999999,94.5577,96.68700000000001,105.8231,105.1621,108.1855,110.31223076923078,112.43896153846156,114.56569230769232,116.69242307692308,118.81915384615385,120.9458846153846,123.0726153846154,125.19934615384615,127.32607692307691,129.45280769230772,131.57953846153842,133.70626923076924,135.833,142.7691,149.7939,156.8786,163.9927,171.1046,178.12990000000005,185.0244,191.81799999999998,198.5418,205.2287,211.8472,218.40250000000003,224.9873,231.7001,238.64640000000003,245.8454,253.1444,260.3946,267.4436,274.1359
,TKM,,emi_bau,emi_bau,KYOTOGHG,IPCM0EL,MtCO2eq,AR4,58.5008,58.408,41.0779,43.9239,39.9527,40.5198,42.5752,33.4213,36.8244,48.31800000000001,57.6288,60.19,65.347,72.2568,71.5159,76.4636,79.7443,81.8387,86.1776,68.648,75.9907,86.1529,91.63799999999999,94.5577,96.68700000000001,105.8231,105.1621,108.1855,110.31223076923078,112.43896153846156,114.56569230769232,116.69242307692308,118.81915384615385,120.9458846153846,123.0726153846154,125.19934615384615,127.32607692307691,129.45280769230772,131.57953846153842,133.70626923076924,135.833,142.7691,149.7939,156.8786,163.9927,171.1046,178.12990000000005,185.0244,191.81799999999998,198.5418,205.2287,211.8472,218.40250000000003,224.9873,231.7001,238.64640000000003,245.8454,253.1444,260.3946,267.4436,274.1359
,TKM,,emi_cov,emi_cov,KYOTOGHG,IPCM0EL,MtCO2eq,AR4,58.5007698135872,58.407927165224,41.0777252546134,43.9232338062087,39.9515406125987,40.517662215871795,42.572248687136,33.4182934866946,36.819964316897995,48.31049418524401,57.6164310153984,60.167541967389994,65.31087199619199,72.20297092396079,71.4477000777353,76.379659024556,79.64478995882479,81.72422991882641,86.0481700349152,68.503410081352,75.8309498427669,85.9924501313335,91.46534988428999,94.3728499087316,96.48994976688601,105.6138499524533,104.94064029039309,107.95184030798701,110.06529452409701,112.17451263433352,114.28282732207077,116.39063966713724,118.497684704391,120.60434674127805,122.71064282332925,124.81635521919357,126.92164461131622,129.02645266947536,131.13054420768503,133.2336313407842,135.33572734030398,142.2280176746808,149.20675285017,156.24293105037202,163.30628756308442,170.3652462438102,177.33571692547494,184.17354623908682,190.90867775555398,197.57210179607821,204.1959778940215,210.7491402465864,217.23645953582002,223.75052006329702,230.38961906320642,237.25871986786566,244.37738508389782,251.5937277781508,258.76042728707705,265.7268418220524,272.3392582696876
,TKM,,emi_ncov,emi_ncov,KYOTOGHG,IPCM0EL,MtCO2eq,AR4,3.018641279710099e-05,7.283477600219168e-05,0.00017474538660151328,0.0006661937913016745,0.001159387401302977,0.00213778412820054,0.0029513128640016755,0.0030065133054000366,0.00443568310200071,0.007505814756000135,0.01236898460160276,0.022458032610001975,0.036128003808006355,0.053829076039206884,0.06819992226469669,0.08394097544399903,0.09951004117520784,0.11447008117359675,0.12942996508480012,0.14458991864799642,0.15975015723310068,0.1604498686665019,0.17265011570999497,0.18485009126839866,0.19705023311400274,0.20925004754670137,0.22145970960690872,0.23365969201299852,0.24693624513376852,0.2644489041280292,0.2828649856215435,0.3017834097858476,0.3214691417628441,0.34153787410654457,0.3619725612861488,0.3829909346525884,0.4044323117606809,0.4263550228323493,0.44899425385338254,0.472637889985036,0.49727265969600976,0.541082325319201,0.5871471498299956,0.6356689496279929,0.6864124369155995,0.7393537561898024,0.7941830745251057,0.8508537609131859,0.9093222444460075,0.9696982039217839,1.0327221059785072,1.0980597534135867,1.166040464180002,1.2367799367029937,1.3104809367935808,1.3876801321343764,1.4680149161021974,1.5506722218491895,1.6341727129229986,1.7167581779475898,1.7966417303123792
,TKM,,pc_cov,pc_cov,KYOTOGHG,IPCM0EL,MtCO2eq/MtCO2eq,AR4,0.999999484,0.999998753,0.999995746,0.999984833,0.9999709809999999,0.999947241,0.99993068,0.999910042,0.999879545,0.999844658,0.999785368,0.999626881,0.9994471359999999,0.9992550309999999,0.999046367,0.99890221,0.9987521359999999,0.998601272,0.998498102,0.997893749,0.997897767,0.998137615,0.998115955,0.998045108,0.997961978,0.998022643,0.9978941109999999,0.997840194,0.997761479,0.9976480670000001,0.99753098,0.997413856,0.997294467,0.99717611,0.99705887,0.9969409509999999,0.9968236490000001,0.996706483,0.996587659,0.996465103,0.9963390879999999,0.996210088,0.9960803,0.99594802,0.995814372,0.995678937,0.995541551,0.9954013970000001,0.995259453,0.9951158990000001,0.994967945,0.9948167370000001,0.994661048,0.99450289,0.9943440640000001,0.9941852040000001,0.994028707,0.993874357,0.993724245,0.993580859,0.9934461640000001
,TLS,,pop,pop,POP,DEMOGR,Pers,,737814.0,759527.0,783198.0,806860.0,827825.0,844334.0,855362.0,861866.0,866530.0,873136.0,884366.0,901214.0,922694.0,947108.0,971893.0,995135.0,1016432.0,1036392.0,1055431.0,1074277.0,1093523.0,1113151.0,1132994.0,1153294.0,1174331.0,1196302.0,1219288.0,1243258.0,1272967.119,1309162.3148,1346784.3612,1386401.4147,1428292.3633,1471957.0391,1516901.8309,1562639.6757,1609306.0654,1657058.3382,1705447.1089,1754023.6884,1802340.5707,1850738.0902,1899724.5356,1949097.2567,1998642.3209,2048134.3781,2097619.223,2147332.4162,2197320.8917,2247626.3942,2298285.4608,2349236.6769,2400503.1527,2452242.1325,2504608.0008,2557752.2358,2611813.176,2666653.6888,2722012.168,2777630.3201,2833253.2947
,TLS,,gdp,gdp,GDPPPP,ECO,2011GKD,,2962519152.7021,3172572734.506,3400226236.1398,3650751413.1791,3926732278.0326,4235845284.2417,4540768957.8577,4702222031.8424,4343312195.9407,4490212881.3795,2887065352.9371,3152752785.2278,2936261966.8676,2901544429.3823,4760891388.7901,6469104409.3917,9165251859.1959,9647839584.0267,10605215802.237,9964487794.3873,9847697775.1217,10976037965.7289,11527377779.7557,10249427336.3663,7594090559.118,9160417386.8302,9225155354.3065,8380685880.5921,9585468174.4953,10334929016.8849,11107503016.7447,11921331615.9652,12790534931.272,13712199204.2991,14683857772.5848,15703586971.1901,16762257060.4503,17846451550.9496,18948254878.8093,20059689077.6699,21172704374.1016,22286976115.4418,23414656145.2754,24566023326.5344,25750908120.374,26978643160.0838,28251069973.0299,29565563099.556,30924627471.7261,32331188405.3236,33788635614.8681,35300443662.4262,36866492362.6656,38485783444.8265,40158217230.577,41884665928.8209,43661457814.5847,45485072626.7932,47357988682.2275,49283533190.5056,51265943597.8606
"No targets calculated, so the baseline emissions are put in as target pathways for all un/conditional best/worst pathways.
",TLS,baseline_emissions,conditional,worst,KYOTOGHG,IPCM0EL,MtCO2eq,AR4,0.62416,0.7217600000000001,0.73961,0.774,0.9248799999999999,0.96326,1.028,1.0927,1.166,1.3638,1.6452,1.5135,1.4808,1.4736,2.1756,1.7909,1.9596,2.3982,2.4275,2.5928,2.4332,2.6496,2.6946,2.9718,3.1047,3.1753,3.3192,3.3584,3.6855,3.858,4.04,4.2326,4.4352,4.6486,4.8738,5.1118,5.3616,5.6206,5.8889,6.1662,6.4527,6.7459,7.0454,7.3539,7.6744,8.0094,8.3593,8.7233,9.1021,9.4964,9.9071,10.335,10.7798,11.2412,11.7191,12.2137,12.7234,13.2469,13.7848,14.3378,14.907
"No targets calculated, so the baseline emissions are put in as target pathways for all un/conditional best/worst pathways.
",TLS,baseline_emissions,conditional,best,KYOTOGHG,IPCM0EL,MtCO2eq,AR4,0.62416,0.7217600000000001,0.73961,0.774,0.9248799999999999,0.96326,1.028,1.0927,1.166,1.3638,1.6452,1.5135,1.4808,1.4736,2.1756,1.7909,1.9596,2.3982,2.4275,2.5928,2.4332,2.6496,2.6946,2.9718,3.1047,3.1753,3.3192,3.3584,3.6855,3.858,4.04,4.2326,4.4352,4.6486,4.8738,5.1118,5.3616,5.6206,5.8889,6.1662,6.4527,6.7459,7.0454,7.3539,7.6744,8.0094,8.3593,8.7233,9.1021,9.4964,9.9071,10.335,10.7798,11.2412,11.7191,12.2137,12.7234,13.2469,13.7848,14.3378,14.907
"No targets calculated, so the baseline emissions are put in as target pathways for all un/conditional best/worst pathways.
",TLS,baseline_emissions,unconditional,worst,KYOTOGHG,IPCM0EL,MtCO2eq,AR4,0.62416,0.7217600000000001,0.73961,0.774,0.9248799999999999,0.96326,1.028,1.0927,1.166,1.3638,1.6452,1.5135,1.4808,1.4736,2.1756,1.7909,1.9596,2.3982,2.4275,2.5928,2.4332,2.6496,2.6946,2.9718,3.1047,3.1753,3.3192,3.3584,3.6855,3.858,4.04,4.2326,4.4352,4.6486,4.8738,5.1118,5.3616,5.6206,5.8889,6.1662,6.4527,6.7459,7.0454,7.3539,7.6744,8.0094,8.3593,8.7233,9.1021,9.4964,9.9071,10.335,10.7798,11.2412,11.7191,12.2137,12.7234,13.2469,13.7848,14.3378,14.907
"No targets calculated, so the baseline emissions are put in as target pathways for all un/conditional best/worst pathways.
",TLS,baseline_emissions,unconditional,best,KYOTOGHG,IPCM0EL,MtCO2eq,AR4,0.62416,0.7217600000000001,0.73961,0.774,0.9248799999999999,0.96326,1.028,1.0927,1.166,1.3638,1.6452,1.5135,1.4808,1.4736,2.1756,1.7909,1.9596,2.3982,2.4275,2.5928,2.4332,2.6496,2.6946,2.9718,3.1047,3.1753,3.3192,3.3584,3.6855,3.858,4.04,4.2326,4.4352,4.6486,4.8738,5.1118,5.3616,5.6206,5.8889,6.1662,6.4527,6.7459,7.0454,7.3539,7.6744,8.0094,8.3593,8.7233,9.1021,9.4964,9.9071,10.335,10.7798,11.2412,11.7191,12.2137,12.7234,13.2469,13.7848,14.3378,14.907
,TLS,,emi_bau,emi_bau,KYOTOGHG,IPCM0EL,MtCO2eq,AR4,0.62416,0.7217600000000001,0.73961,0.774,0.9248799999999999,0.96326,1.028,1.0927,1.166,1.3638,1.6452,1.5135,1.4808,1.4736,2.1756,1.7909,1.9596,2.3982,2.4275,2.5928,2.4332,2.6496,2.6946,2.9718,3.1047,3.1753,3.3192,3.3584,3.6855,3.858,4.04,4.2326,4.4352,4.6486,4.8738,5.1118,5.3616,5.6206,5.8889,6.1662,6.4527,6.7459,7.0454,7.3539,7.6744,8.0094,8.3593,8.7233,9.1021,9.4964,9.9071,10.335,10.7798,11.2412,11.7191,12.2137,12.7234,13.2469,13.7848,14.3378,14.907
,TLS,,emi_cov,emi_cov,KYOTOGHG,IPCM0EL,MtCO2eq,AR4,0.62416,0.7217600000000001,0.73961,0.774,0.9248799999999999,0.96326,1.028,1.0927,1.166,1.3638,1.6452,1.5135,1.4808,1.4736,2.1756,1.7909,1.9596,2.3982,2.4275,2.5928,2.4332,2.6496,2.6946,2.9718,3.1047,3.1753,3.3192,3.3584,3.6855,3.858,4.04,4.2325699993312,4.4351199978624,4.6485800017228,4.8738,5.111769998845799,5.361570001848,5.6206,5.888870001943399,6.1662,6.452670001397699,6.7459,7.0454,7.3539,7.6744,8.009329997844,8.3592900022772,8.7232400011426,9.1020899967921,9.4964,9.9070599951302,10.334939994990002,10.7798,11.2412,11.7191,12.213630003285301,12.7233699982228,13.2469,13.784779998255202,14.337759997537999,14.907
,TLS,,emi_ncov,emi_ncov,KYOTOGHG,IPCM0EL,MtCO2eq,AR4,0.0,0.0,0.0,0.0,0.0,0.0,0.0,0.0,0.0,0.0,0.0,0.0,0.0,0.0,0.0,0.0,0.0,0.0,0.0,0.0,0.0,0.0,0.0,0.0,0.0,0.0,0.0,0.0,0.0,0.0,0.0,3.00006687997161e-05,8.000213759999113e-05,1.9998277200053805e-05,0.0,3.0001154200525026e-05,2.99981519998358e-05,0.0,2.9998056600228427e-05,0.0,2.9998602300508014e-05,0.0,0.0,0.0,0.0,7.000215599961206e-05,9.997722799377984e-06,5.999885739989488e-05,1.0003207900040068e-05,0.0,4.0004869799291516e-05,6.000500999882253e-05,0.0,0.0,0.0,6.999671469875164e-05,3.000177719904049e-05,0.0,2.000174479903709e-05,4.000246200043398e-05,0.0
,TLS,,pc_cov,pc_cov,KYOTOGHG,IPCM0EL,MtCO2eq/MtCO2eq,AR4,1.0,1.0,1.0,1.0,1.0,1.0,1.0,1.0,1.0,1.0,1.0,1.0,1.0,1.0,1.0,1.0,1.0,1.0,1.0,1.0,1.0,1.0,1.0,1.0,1.0,1.0,1.0,1.0,1.0,1.0,1.0,0.9999929120000001,0.999981962,0.999995698,1.0,0.9999941309999999,0.999994405,1.0,0.999994906,1.0,0.9999953509999999,1.0,1.0,1.0,1.0,0.99999126,0.9999988040000001,0.999993122,0.999998901,1.0,0.9999959620000001,0.9999941940000001,1.0,1.0,1.0,0.9999942690000001,0.9999976420000001,1.0,0.9999985490000001,0.99999721,1.0
,TON,,pop,pop,POP,DEMOGR,Pers,,95069.0,95246.0,95399.0,95557.0,95739.0,95976.0,96273.0,96619.0,97032.0,97482.0,97973.0,98487.0,99022.0,99589.0,100218.0,100905.0,101706.0,102581.0,103379.0,103890.0,103986.0,103562.0,102737.0,101768.0,101028.0,100781.0,101133.0,101998.0,101574.16666666669,101574.16666666669,101574.16666666669,101574.16666666669,101574.16666666669,101574.16666666669,101574.16666666669,101574.16666666669,101574.16666666669,101574.16666666669,101574.16666666669,101574.16666666669,101574.16666666669,101574.16666666669,101574.16666666669,101574.16666666669,101574.16666666669,101574.16666666669,101574.16666666669,101574.16666666669,101574.16666666669,101574.16666666669,101574.16666666669,101574.16666666669,101574.16666666669,101574.16666666669,101574.16666666669,101574.16666666669,101574.16666666669,101574.16666666669,101574.16666666669,101574.16666666669,101574.16666666669
,TON,,gdp,gdp,GDPPPP,ECO,2011GKD,,340095398.8983,361912314.0752,362824280.6934,376386824.1021,395027482.355,409690402.152,409732255.6924,409193116.0069,420318310.2271,436633825.3292,451347685.2905,467604275.0133,483591088.3791,493788001.3609,492052731.5458,499837834.2593,495778040.8359,475125039.5766,489851634.579,501072238.3503,519038971.9963,533494964.5851,538244790.7214,521448304.0944,532255879.506,552012402.7107,570667516.9562,586075539.914,550117405.65045,550117405.65045,550117405.65045,550117405.65045,550117405.65045,550117405.65045,550117405.65045,550117405.65045,550117405.65045,550117405.65045,550117405.65045,550117405.65045,550117405.65045,550117405.65045,550117405.65045,550117405.65045,550117405.65045,550117405.65045,550117405.65045,550117405.65045,550117405.65045,550117405.65045,550117405.65045,550117405.65045,550117405.65045,550117405.65045,550117405.65045,550117405.65045,550117405.65045,550117405.65045,550117405.65045,550117405.65045,550117405.65045
"The target value from 'conditional_best' was used for 'conditional_worst' in 2030.
",TON,ABU,conditional,worst,KYOTOGHG,IPCM0EL,MtCO2eq,AR4,0.17443,0.19358,0.17192000000000002,0.1863,0.19202,0.19007000000000002,0.17734,0.19717,0.18578,0.21079,0.19792,0.18997,0.20306,0.24090999999999999,0.21481999999999998,0.21786,0.23209000000000002,0.21549000000000001,0.22398,0.26156999999999997,0.23986999999999997,0.20899,0.22788000000000005,0.2359,0.22545,0.2316300000000001,0.24889,0.2535,0.2372083333333333,0.2372083333333333,0.2372083333333333,0.21348749999999997,0.18976666666666664,0.1660458333333333,0.14232499999999998,0.11860416666666665,0.09488333333333329,0.07116249999999998,0.047441666666666646,0.023720833333333323,0.0,0.0,0.0,0.0,0.0,0.0,0.0,0.0,0.0,0.0,0.0,0.0,0.0,0.0,0.0,0.0,0.0,0.0,0.0,0.0,0.0
,TON,ABU,conditional,best,KYOTOGHG,IPCM0EL,MtCO2eq,AR4,0.17443,0.19358,0.17192000000000002,0.1863,0.19202,0.19007000000000002,0.17734,0.19717,0.18578,0.21079,0.19792,0.18997,0.20306,0.24090999999999999,0.21481999999999998,0.21786,0.23209000000000002,0.21549000000000001,0.22398,0.26156999999999997,0.23986999999999997,0.20899,0.22788000000000005,0.2359,0.22545,0.2316300000000001,0.24889,0.2535,0.2372083333333333,0.2372083333333333,0.2372083333333333,0.21348749999999997,0.18976666666666664,0.1660458333333333,0.14232499999999998,0.11860416666666665,0.09488333333333329,0.07116249999999998,0.047441666666666646,0.023720833333333323,0.0,0.0,0.0,0.0,0.0,0.0,0.0,0.0,0.0,0.0,0.0,0.0,0.0,0.0,0.0,0.0,0.0,0.0,0.0,0.0,0.0
,TON,ABU,unconditional,worst,KYOTOGHG,IPCM0EL,MtCO2eq,AR4,0.17443,0.19358,0.17192000000000002,0.1863,0.19202,0.19007000000000002,0.17734,0.19717,0.18578,0.21079,0.19792,0.18997,0.20306,0.24090999999999999,0.21481999999999998,0.21786,0.23209000000000002,0.21549000000000001,0.22398,0.26156999999999997,0.23986999999999997,0.20899,0.22788000000000005,0.2359,0.22545,0.2316300000000001,0.24889,0.2535,0.2372083333333333,0.2372083333333333,0.2372083333333333,0.2372083333333333,0.2372083333333333,0.2372083333333333,0.2372083333333333,0.2372083333333333,0.2372083333333333,0.2372083333333333,0.2372083333333333,0.2372083333333333,0.2372083333333333,0.2372083333333333,0.2372083333333333,0.2372083333333333,0.2372083333333333,0.2372083333333333,0.2372083333333333,0.2372083333333333,0.2372083333333333,0.2372083333333333,0.2372083333333333,0.2372083333333333,0.2372083333333333,0.2372083333333333,0.2372083333333333,0.2372083333333333,0.2372083333333333,0.2372083333333333,0.2372083333333333,0.2372083333333333,0.2372083333333333
,TON,ABU,unconditional,best,KYOTOGHG,IPCM0EL,MtCO2eq,AR4,0.17443,0.19358,0.17192000000000002,0.1863,0.19202,0.19007000000000002,0.17734,0.19717,0.18578,0.21079,0.19792,0.18997,0.20306,0.24090999999999999,0.21481999999999998,0.21786,0.23209000000000002,0.21549000000000001,0.22398,0.26156999999999997,0.23986999999999997,0.20899,0.22788000000000005,0.2359,0.22545,0.2316300000000001,0.24889,0.2535,0.2372083333333333,0.2372083333333333,0.2372083333333333,0.2372083333333333,0.2372083333333333,0.2372083333333333,0.2372083333333333,0.2372083333333333,0.2372083333333333,0.2372083333333333,0.2372083333333333,0.2372083333333333,0.2372083333333333,0.2372083333333333,0.2372083333333333,0.2372083333333333,0.2372083333333333,0.2372083333333333,0.2372083333333333,0.2372083333333333,0.2372083333333333,0.2372083333333333,0.2372083333333333,0.2372083333333333,0.2372083333333333,0.2372083333333333,0.2372083333333333,0.2372083333333333,0.2372083333333333,0.2372083333333333,0.2372083333333333,0.2372083333333333,0.2372083333333333
"No targets calculated, so the baseline emissions are put in as target pathways for all un/conditional best/worst pathways.
",TON,baseline_emissions,conditional,worst,KYOTOGHG,IPCM0EL,MtCO2eq,AR4,0.17443,0.19358,0.17192000000000002,0.1863,0.19202,0.19007000000000002,0.17734,0.19717,0.18578,0.21079,0.19792,0.18997,0.20306,0.24090999999999999,0.21481999999999998,0.21786,0.23209000000000002,0.21549000000000001,0.22398,0.26156999999999997,0.23986999999999997,0.20899,0.22788000000000005,0.2359,0.22545,0.2316300000000001,0.24889,0.2535,0.2372083333333333,0.2372083333333333,0.2372083333333333,0.2372083333333333,0.2372083333333333,0.2372083333333333,0.2372083333333333,0.2372083333333333,0.2372083333333333,0.2372083333333333,0.2372083333333333,0.2372083333333333,0.2372083333333333,0.2372083333333333,0.2372083333333333,0.2372083333333333,0.2372083333333333,0.2372083333333333,0.2372083333333333,0.2372083333333333,0.2372083333333333,0.2372083333333333,0.2372083333333333,0.2372083333333333,0.2372083333333333,0.2372083333333333,0.2372083333333333,0.2372083333333333,0.2372083333333333,0.2372083333333333,0.2372083333333333,0.2372083333333333,0.2372083333333333
"No targets calculated, so the baseline emissions are put in as target pathways for all un/conditional best/worst pathways.
",TON,baseline_emissions,conditional,best,KYOTOGHG,IPCM0EL,MtCO2eq,AR4,0.17443,0.19358,0.17192000000000002,0.1863,0.19202,0.19007000000000002,0.17734,0.19717,0.18578,0.21079,0.19792,0.18997,0.20306,0.24090999999999999,0.21481999999999998,0.21786,0.23209000000000002,0.21549000000000001,0.22398,0.26156999999999997,0.23986999999999997,0.20899,0.22788000000000005,0.2359,0.22545,0.2316300000000001,0.24889,0.2535,0.2372083333333333,0.2372083333333333,0.2372083333333333,0.2372083333333333,0.2372083333333333,0.2372083333333333,0.2372083333333333,0.2372083333333333,0.2372083333333333,0.2372083333333333,0.2372083333333333,0.2372083333333333,0.2372083333333333,0.2372083333333333,0.2372083333333333,0.2372083333333333,0.2372083333333333,0.2372083333333333,0.2372083333333333,0.2372083333333333,0.2372083333333333,0.2372083333333333,0.2372083333333333,0.2372083333333333,0.2372083333333333,0.2372083333333333,0.2372083333333333,0.2372083333333333,0.2372083333333333,0.2372083333333333,0.2372083333333333,0.2372083333333333,0.2372083333333333
"No targets calculated, so the baseline emissions are put in as target pathways for all un/conditional best/worst pathways.
",TON,baseline_emissions,unconditional,worst,KYOTOGHG,IPCM0EL,MtCO2eq,AR4,0.17443,0.19358,0.17192000000000002,0.1863,0.19202,0.19007000000000002,0.17734,0.19717,0.18578,0.21079,0.19792,0.18997,0.20306,0.24090999999999999,0.21481999999999998,0.21786,0.23209000000000002,0.21549000000000001,0.22398,0.26156999999999997,0.23986999999999997,0.20899,0.22788000000000005,0.2359,0.22545,0.2316300000000001,0.24889,0.2535,0.2372083333333333,0.2372083333333333,0.2372083333333333,0.2372083333333333,0.2372083333333333,0.2372083333333333,0.2372083333333333,0.2372083333333333,0.2372083333333333,0.2372083333333333,0.2372083333333333,0.2372083333333333,0.2372083333333333,0.2372083333333333,0.2372083333333333,0.2372083333333333,0.2372083333333333,0.2372083333333333,0.2372083333333333,0.2372083333333333,0.2372083333333333,0.2372083333333333,0.2372083333333333,0.2372083333333333,0.2372083333333333,0.2372083333333333,0.2372083333333333,0.2372083333333333,0.2372083333333333,0.2372083333333333,0.2372083333333333,0.2372083333333333,0.2372083333333333
"No targets calculated, so the baseline emissions are put in as target pathways for all un/conditional best/worst pathways.
",TON,baseline_emissions,unconditional,best,KYOTOGHG,IPCM0EL,MtCO2eq,AR4,0.17443,0.19358,0.17192000000000002,0.1863,0.19202,0.19007000000000002,0.17734,0.19717,0.18578,0.21079,0.19792,0.18997,0.20306,0.24090999999999999,0.21481999999999998,0.21786,0.23209000000000002,0.21549000000000001,0.22398,0.26156999999999997,0.23986999999999997,0.20899,0.22788000000000005,0.2359,0.22545,0.2316300000000001,0.24889,0.2535,0.2372083333333333,0.2372083333333333,0.2372083333333333,0.2372083333333333,0.2372083333333333,0.2372083333333333,0.2372083333333333,0.2372083333333333,0.2372083333333333,0.2372083333333333,0.2372083333333333,0.2372083333333333,0.2372083333333333,0.2372083333333333,0.2372083333333333,0.2372083333333333,0.2372083333333333,0.2372083333333333,0.2372083333333333,0.2372083333333333,0.2372083333333333,0.2372083333333333,0.2372083333333333,0.2372083333333333,0.2372083333333333,0.2372083333333333,0.2372083333333333,0.2372083333333333,0.2372083333333333,0.2372083333333333,0.2372083333333333,0.2372083333333333,0.2372083333333333
,TON,,emi_bau,emi_bau,KYOTOGHG,IPCM0EL,MtCO2eq,AR4,0.17443,0.19358,0.17192000000000002,0.1863,0.19202,0.19007000000000002,0.17734,0.19717,0.18578,0.21079,0.19792,0.18997,0.20306,0.24090999999999999,0.21481999999999998,0.21786,0.23209000000000002,0.21549000000000001,0.22398,0.26156999999999997,0.23986999999999997,0.20899,0.22788000000000005,0.2359,0.22545,0.2316300000000001,0.24889,0.2535,0.2372083333333333,0.2372083333333333,0.2372083333333333,0.2372083333333333,0.2372083333333333,0.2372083333333333,0.2372083333333333,0.2372083333333333,0.2372083333333333,0.2372083333333333,0.2372083333333333,0.2372083333333333,0.2372083333333333,0.2372083333333333,0.2372083333333333,0.2372083333333333,0.2372083333333333,0.2372083333333333,0.2372083333333333,0.2372083333333333,0.2372083333333333,0.2372083333333333,0.2372083333333333,0.2372083333333333,0.2372083333333333,0.2372083333333333,0.2372083333333333,0.2372083333333333,0.2372083333333333,0.2372083333333333,0.2372083333333333,0.2372083333333333,0.2372083333333333
,TON,,emi_cov,emi_cov,KYOTOGHG,IPCM0EL,MtCO2eq,AR4,0.16648061648816,0.1849616209484,0.16244258679040002,0.1766464826535,0.18209443166631997,0.18124358693121,0.16401115166898,0.18556856294344,0.17455335900142,0.19859043052186,0.18692292492464002,0.17950614616836,0.1942153734521,0.23210545283450995,0.20637289371665998,0.20889808881827998,0.2225311899989,0.20638638575610002,0.21460849963182002,0.25223376420324,0.23071873762025,0.19982442504924,0.21873290910552007,0.2274727121744,0.21717542746215002,0.22350801079152013,0.24092069427179,0.2456830554945,0.2287798933261666,0.2287798933261666,0.2287798933261666,0.2287798933261666,0.2287798933261666,0.2287798933261666,0.2287798933261666,0.2287798933261666,0.2287798933261666,0.2287798933261666,0.2287798933261666,0.2287798933261666,0.2287798933261666,0.2287798933261666,0.2287798933261666,0.2287798933261666,0.2287798933261666,0.2287798933261666,0.2287798933261666,0.2287798933261666,0.2287798933261666,0.2287798933261666,0.2287798933261666,0.2287798933261666,0.2287798933261666,0.2287798933261666,0.2287798933261666,0.2287798933261666,0.2287798933261666,0.2287798933261666,0.2287798933261666,0.2287798933261666,0.2287798933261666
,TON,,emi_ncov,emi_ncov,KYOTOGHG,IPCM0EL,MtCO2eq,AR4,0.00794938351183999,0.008618379051600004,0.0094774132096,0.0096535173465,0.009925568333680017,0.008826413068790001,0.01332884833101999,0.011601437056560004,0.011226640998579994,0.012199569478139986,0.010997075075359998,0.01046385383164001,0.008844626547900004,0.008804547165490027,0.008447106283339998,0.008961911181720014,0.009558810001100001,0.009103614243900002,0.009371500368179986,0.009336235796759983,0.009151262379749987,0.009165574950760013,0.009147090894479985,0.008427287825600023,0.008274572537849991,0.008121989208479992,0.007969305728210002,0.007816944505500006,0.008428440007166691,0.008428440007166691,0.008428440007166691,0.008428440007166691,0.008428440007166691,0.008428440007166691,0.008428440007166691,0.008428440007166691,0.008428440007166691,0.008428440007166691,0.008428440007166691,0.008428440007166691,0.008428440007166691,0.008428440007166691,0.008428440007166691,0.008428440007166691,0.008428440007166691,0.008428440007166691,0.008428440007166691,0.008428440007166691,0.008428440007166691,0.008428440007166691,0.008428440007166691,0.008428440007166691,0.008428440007166691,0.008428440007166691,0.008428440007166691,0.008428440007166691,0.008428440007166691,0.008428440007166691,0.008428440007166691,0.008428440007166691,0.008428440007166691
,TON,,pc_cov,pc_cov,KYOTOGHG,IPCM0EL,MtCO2eq/MtCO2eq,AR4,0.9544265120000001,0.95547898,0.94487312,0.948182945,0.9483097159999999,0.953562303,0.9248401470000001,0.941160232,0.939570239,0.9421245340000001,0.944436767,0.9449183879999999,0.956443285,0.9634529609999999,0.960678213,0.9588638979999999,0.95881421,0.95775389,0.9581592090000001,0.9643069320000001,0.961849075,0.9561434759999999,0.9598600540000001,0.9642760159999999,0.963297527,0.964935504,0.967980611,0.969163927,0.9644681959999999,0.9644681959999999,0.9644681959999999,0.9644681959999999,0.9644681959999999,0.9644681959999999,0.9644681959999999,0.9644681959999999,0.9644681959999999,0.9644681959999999,0.9644681959999999,0.9644681959999999,0.9644681959999999,0.9644681959999999,0.9644681959999999,0.9644681959999999,0.9644681959999999,0.9644681959999999,0.9644681959999999,0.9644681959999999,0.9644681959999999,0.9644681959999999,0.9644681959999999,0.9644681959999999,0.9644681959999999,0.9644681959999999,0.9644681959999999,0.9644681959999999,0.9644681959999999,0.9644681959999999,0.9644681959999999,0.9644681959999999,0.9644681959999999
,TTO,,pop,pop,POP,DEMOGR,Pers,,1221116.0,1229103.0,1236683.0,1243616.0,1249520.0,1254200.0,1257549.0,1259848.0,1261695.0,1263933.0,1267153.0,1271632.0,1277213.0,1283559.0,1290123.0,1296502.0,1302561.0,1308451.0,1314443.0,1320930.0,1328147.0,1336178.0,1344819.0,1353703.0,1362345.0,1370328.0,1377560.0,1384059.0,1390245.7197,1395332.1345,1400030.5843,1404568.1304,1409127.1914,1413567.3166,1417747.5954,1421526.5814,1425027.2343,1428334.9568,1431250.6131,1433573.9381,1435103.5977,1436183.1296,1437278.2823,1438370.6483,1439442.3094,1440475.7945,1441158.6625,1441299.7687,1441064.5303,1440619.2401,1440131.0902,1439461.4801,1438412.4667,1437063.3614,1435494.0977,1433785.2384,1431799.0075,1429403.0323,1426685.9428,1423735.6568,1420639.3701
,TTO,,gdp,gdp,GDPPPP,ECO,2011GKD,,13490951171.875,12794323242.1875,11937535156.25,11286986328.125,11672416992.1875,11736631835.9375,11481822265.625,11844377929.6875,11768172851.5625,13597306640.625,16317227539.0625,15641304687.5,16365544921.875,20492521484.375,24216400390.625,26568818359.375,31359990234.375,34784371093.75,39914039062.5,31919412109.375,36630515625.0,41954355468.75,42225128906.25,51085375000.0,56408710937.5,61655816406.25,55680796875.0,56700691406.25,62208489403.2297,63996871433.9102,65604292415.667,67069886485.7803,68523531265.0605,69955401057.577,71355458284.9294,72713460500.568,74013084584.6821,75246857917.6974,76417667199.3904,77528399490.7026,78581936101.4397,79588003672.89,80549485772.979,81459139295.7947,82309916012.7221,83094979691.9861,83836641177.5144,84553055553.3376,85231111755.0763,85857402459.6204,86418189239.5217,86928344276.2805,87402177772.2097,87824703371.1259,88180782676.6308,88455121091.3869,88661698606.487,88835677185.6789,88993410342.763,89151259899.5171,89325604248.1957
"The target value from 'conditional_best' was used for 'conditional_worst' in 2030.
",TTO,RBU,conditional,worst,KYOTOGHG,IPCM0EL,MtCO2eq,AR4,26.5603,27.0516,29.3981,27.4518,27.5405,26.0398,31.4153,28.6377,31.11,36.451,39.495,43.3354,47.0905,53.5864,57.7899,68.1245,75.595,79.3155,77.9456,78.2779,83.1897,81.4357,77.2792,86.852,88.3798,89.3461,89.899,90.0338,92.3736,93.0919,93.6059,92.60677347759157,91.59530891625047,90.55676540275151,89.4779579845755,88.34646489930708,87.14415074873,85.86422472258499,84.5129070289863,83.09615159989747,81.61939669691637,81.4804777811494,81.30759900727931,81.09169300765136,80.82454782665368,80.49863583830879,80.13354597839906,79.74390579285811,79.31611423020382,78.83682686256697,78.29346913291687,77.70366252933732,77.08639719918068,76.43140819793214,75.72877274589409,74.9690813105946,74.16636264953725,73.35175376108359,72.53996773237147,71.74511886210881,70.9803804957562
,TTO,RBU,conditional,best,KYOTOGHG,IPCM0EL,MtCO2eq,AR4,26.5603,27.0516,29.3981,27.4518,27.5405,26.0398,31.4153,28.6377,31.11,36.451,39.495,43.3354,47.0905,53.5864,57.7899,68.1245,75.595,79.3155,77.9456,78.2779,83.1897,81.4357,77.2792,86.852,88.3798,89.3461,89.899,90.0338,92.3736,93.0919,93.6059,92.60677347759157,91.59530891625047,90.55676540275151,89.4779579845755,88.34646489930708,87.14415074873,85.86422472258499,84.5129070289863,83.09615159989747,81.61939669691637,81.4804777811494,81.30759900727931,81.09169300765136,80.82454782665368,80.49863583830879,80.13354597839906,79.74390579285811,79.31611423020382,78.83682686256697,78.29346913291687,77.70366252933732,77.08639719918068,76.43140819793214,75.72877274589409,74.9690813105946,74.16636264953725,73.35175376108359,72.53996773237147,71.74511886210881,70.9803804957562
,TTO,RBU,unconditional,worst,KYOTOGHG,IPCM0EL,MtCO2eq,AR4,26.5603,27.0516,29.3981,27.4518,27.5405,26.0398,31.4153,28.6377,31.11,36.451,39.495,43.3354,47.0905,53.5864,57.7899,68.1245,75.595,79.3155,77.9456,78.2779,83.1897,81.4357,77.2792,86.852,88.3798,89.3461,89.899,90.0338,92.3736,93.0919,93.6059,93.9654,94.3229,94.6629,94.9706,95.2311,95.4223,95.5333,95.5672,95.527,95.4153,95.2529,95.0508,94.7984,94.4861,94.1051,93.6783,93.2228,92.7227,92.1624,91.5272,90.8377,90.1161,89.3504,88.529,87.6409,86.7025,85.7502,84.8012,83.87200000000001,82.978
,TTO,RBU,unconditional,best,KYOTOGHG,IPCM0EL,MtCO2eq,AR4,26.5603,27.0516,29.3981,27.4518,27.5405,26.0398,31.4153,28.6377,31.11,36.451,39.495,43.3354,47.0905,53.5864,57.7899,68.1245,75.595,79.3155,77.9456,78.2779,83.1897,81.4357,77.2792,86.852,88.3798,89.3461,89.899,90.0338,92.3736,93.0919,93.6059,93.9654,94.3229,94.6629,94.9706,95.2311,95.4223,95.5333,95.5672,95.527,95.4153,95.2529,95.0508,94.7984,94.4861,94.1051,93.6783,93.2228,92.7227,92.1624,91.5272,90.8377,90.1161,89.3504,88.529,87.6409,86.7025,85.7502,84.8012,83.87200000000001,82.978
"No targets calculated, so the baseline emissions are put in as target pathways for all un/conditional best/worst pathways.
",TTO,baseline_emissions,conditional,worst,KYOTOGHG,IPCM0EL,MtCO2eq,AR4,26.5603,27.0516,29.3981,27.4518,27.5405,26.0398,31.4153,28.6377,31.11,36.451,39.495,43.3354,47.0905,53.5864,57.7899,68.1245,75.595,79.3155,77.9456,78.2779,83.1897,81.4357,77.2792,86.852,88.3798,89.3461,89.899,90.0338,92.3736,93.0919,93.6059,93.9654,94.3229,94.6629,94.9706,95.2311,95.4223,95.5333,95.5672,95.527,95.4153,95.2529,95.0508,94.7984,94.4861,94.1051,93.6783,93.2228,92.7227,92.1624,91.5272,90.8377,90.1161,89.3504,88.529,87.6409,86.7025,85.7502,84.8012,83.87200000000001,82.978
"No targets calculated, so the baseline emissions are put in as target pathways for all un/conditional best/worst pathways.
",TTO,baseline_emissions,conditional,best,KYOTOGHG,IPCM0EL,MtCO2eq,AR4,26.5603,27.0516,29.3981,27.4518,27.5405,26.0398,31.4153,28.6377,31.11,36.451,39.495,43.3354,47.0905,53.5864,57.7899,68.1245,75.595,79.3155,77.9456,78.2779,83.1897,81.4357,77.2792,86.852,88.3798,89.3461,89.899,90.0338,92.3736,93.0919,93.6059,93.9654,94.3229,94.6629,94.9706,95.2311,95.4223,95.5333,95.5672,95.527,95.4153,95.2529,95.0508,94.7984,94.4861,94.1051,93.6783,93.2228,92.7227,92.1624,91.5272,90.8377,90.1161,89.3504,88.529,87.6409,86.7025,85.7502,84.8012,83.87200000000001,82.978
"No targets calculated, so the baseline emissions are put in as target pathways for all un/conditional best/worst pathways.
",TTO,baseline_emissions,unconditional,worst,KYOTOGHG,IPCM0EL,MtCO2eq,AR4,26.5603,27.0516,29.3981,27.4518,27.5405,26.0398,31.4153,28.6377,31.11,36.451,39.495,43.3354,47.0905,53.5864,57.7899,68.1245,75.595,79.3155,77.9456,78.2779,83.1897,81.4357,77.2792,86.852,88.3798,89.3461,89.899,90.0338,92.3736,93.0919,93.6059,93.9654,94.3229,94.6629,94.9706,95.2311,95.4223,95.5333,95.5672,95.527,95.4153,95.2529,95.0508,94.7984,94.4861,94.1051,93.6783,93.2228,92.7227,92.1624,91.5272,90.8377,90.1161,89.3504,88.529,87.6409,86.7025,85.7502,84.8012,83.87200000000001,82.978
"No targets calculated, so the baseline emissions are put in as target pathways for all un/conditional best/worst pathways.
",TTO,baseline_emissions,unconditional,best,KYOTOGHG,IPCM0EL,MtCO2eq,AR4,26.5603,27.0516,29.3981,27.4518,27.5405,26.0398,31.4153,28.6377,31.11,36.451,39.495,43.3354,47.0905,53.5864,57.7899,68.1245,75.595,79.3155,77.9456,78.2779,83.1897,81.4357,77.2792,86.852,88.3798,89.3461,89.899,90.0338,92.3736,93.0919,93.6059,93.9654,94.3229,94.6629,94.9706,95.2311,95.4223,95.5333,95.5672,95.527,95.4153,95.2529,95.0508,94.7984,94.4861,94.1051,93.6783,93.2228,92.7227,92.1624,91.5272,90.8377,90.1161,89.3504,88.529,87.6409,86.7025,85.7502,84.8012,83.87200000000001,82.978
,TTO,,emi_bau,emi_bau,KYOTOGHG,IPCM0EL,MtCO2eq,AR4,26.5603,27.0516,29.3981,27.4518,27.5405,26.0398,31.4153,28.6377,31.11,36.451,39.495,43.3354,47.0905,53.5864,57.7899,68.1245,75.595,79.3155,77.9456,78.2779,83.1897,81.4357,77.2792,86.852,88.3798,89.3461,89.899,90.0338,92.3736,93.0919,93.6059,93.9654,94.3229,94.6629,94.9706,95.2311,95.4223,95.5333,95.5672,95.527,95.4153,95.2529,95.0508,94.7984,94.4861,94.1051,93.6783,93.2228,92.7227,92.1624,91.5272,90.8377,90.1161,89.3504,88.529,87.6409,86.7025,85.7502,84.8012,83.87200000000001,82.978
,TTO,,emi_cov,emi_cov,KYOTOGHG,IPCM0EL,MtCO2eq,AR4,25.751768824077402,26.21667400728,28.568463598823097,26.666336909800798,26.638708552683504,25.133078644279202,30.3599879120559,27.602317129842,29.93068165335,35.189175149784006,38.15541222354,41.95071908785461,45.602506079609505,52.0683794895376,56.0171232158139,65.9335027889565,73.198647042235,76.90357203832049,75.5841073332288,75.88973880526339,80.6940158215554,78.9328029144806,74.9572151386392,84.048980414664,85.4739426147006,86.33268593451531,86.781833803292,86.80939620184579,89.1349249589832,89.80506528119389,90.2846031635464,90.6199998533928,90.95353056786081,91.27073468466179,91.55780442237901,91.800838637871,91.97921932575662,92.08277716028451,92.1144042741968,92.07689948660801,91.9726886872242,91.82117709777899,91.6326272339712,91.3971498204352,91.10578852998059,90.7503334566503,90.3521490060483,89.9271887862964,89.460618982392,88.9378852643688,88.3452734584232,87.70200221694319,87.02878324236751,86.31442092551039,85.54809320915899,84.7195374846484,83.8440542644125,82.9556029542546,82.07023043955118,81.20333034233602,80.369270174886
,TTO,,emi_ncov,emi_ncov,KYOTOGHG,IPCM0EL,MtCO2eq,AR4,0.808531175922601,0.8349259927200002,0.8296364011769013,0.7854630901992019,0.9017914473164994,0.9067213557207995,1.0553120879440998,1.0353828701579988,1.1793183466499988,1.2618248502159959,1.3395877764599975,1.3846809121453951,1.4879939203904948,1.5180205104623967,1.7727767841861028,2.1909972110435003,2.3963529577650027,2.411927961679505,2.3614926667712037,2.3881611947366066,2.495684178444601,2.502897085519398,2.321984861360801,2.803019585336,2.9058573852994023,3.013414065484698,3.117166196708004,3.2244037981542086,3.2386750410167964,3.2868347188061002,3.3212968364536057,3.3454001466072,3.3693694321392,3.3921653153382003,3.4127955776209986,3.4302613621290012,3.4430806742433937,3.4505228397154952,3.452795725803198,3.4501005133919893,3.442611312775791,3.4317229022210047,3.418172766028796,3.4012501795648005,3.3803114700194095,3.354766543349699,3.326150993951701,3.295611213703608,3.2620810176079997,3.224514735631202,3.181926541576805,3.13569778305681,3.087316757632496,3.0359790744896062,2.980906790841003,2.9213625153516096,2.8584457355875017,2.7945970457453995,2.7309695604488073,2.6686696576639997,2.608729825113996
,TTO,,pc_cov,pc_cov,KYOTOGHG,IPCM0EL,MtCO2eq/MtCO2eq,AR4,0.969558658,0.9691358,0.971779251,0.9713875559999999,0.967255807,0.965179404,0.966407703,0.96384546,0.962091985,0.9653829840000001,0.9660820920000001,0.9680473490000001,0.9684013990000001,0.9716715340000001,0.969323761,0.967838337,0.968300113,0.9695907109999999,0.969703323,0.9694912459999999,0.970000082,0.969265358,0.969953301,0.967726482,0.967120797,0.966272573,0.965325908,0.9641867409999999,0.964939387,0.964692581,0.9645182959999999,0.964397532,0.964278352,0.964165842,0.964064715,0.96397961,0.9639174420000001,0.963881465,0.963870494,0.9638835040000001,0.9639197140000001,0.96397251,0.964038464,0.964121228,0.9642242459999999,0.964350853,0.964493901,0.9646480129999999,0.96481896,0.965012687,0.9652351809999999,0.9654802159999999,0.965740675,0.9660216509999999,0.966328471,0.9666666759999999,0.967031565,0.967410023,0.9677956259999999,0.968181638,0.968561187
,TUN,,pop,pop,POP,DEMOGR,Pers,,8242496.0,8427857.0,8613861.0,8795932.0,8967916.0,9125398.0,9267340.0,9395123.0,9509857.0,9613588.0,9708350.0,9793903.0,9871251.0,9945277.0,10022277.0,10106771.0,10201214.0,10304726.0,10414433.0,10525694.0,10635244.0,10741880.0,10847002.0,10952951.0,11063201.0,11179949.0,11303945.0,11433443.0,11520812.3021,11629297.3196,11736315.2136,11843648.3062,11951978.1012,12059755.6601,12165451.9307,12267556.8183,12365007.3027,12457808.9883,12546030.4759,12629689.1922,12708751.973,12783957.0072,12856321.6753,12926205.0279,12993980.0831,13060033.5077,13123915.4165,13185227.4506,13244443.1348,13302035.3962,13358476.4856,13414500.8608,13470346.9732,13525753.9681,13580475.7487,13634280.2801,13686435.0479,13736303.3485,13783782.8061,13828739.9682,13871011.89
,TUN,,gdp,gdp,GDPPPP,ECO,2011GKD,,42593722656.25,45633824218.75,50354882812.5,53702125000.0,59051351562.5,64125464843.75,74178039062.5,74067140625.0,73556750000.0,74418281250.0,75621195312.5,77667664062.5,78019648437.5,79334218750.0,81522851562.5,86113679687.5,90044382812.5,95967023437.5,100985687500.0,106182992187.5,110864757812.5,109400257812.5,112899789062.5,116147570312.5,117800156250.0,120438867187.5,122584671875.0,124930671875.0,133048391170.767,140504109117.6807,147906939999.2874,155379001724.6884,163248958892.2318,171422785814.6946,179806057819.7728,188303718426.1879,196847321232.4908,205412878684.8512,213972173868.2005,222497600047.8831,230961891188.6872,239380043123.6016,247797625408.0957,256233255757.70895,264705393556.1576,273232361487.5777,281786215078.0724,290319985874.7649,298823341826.5791,307285796975.5562,315696597768.0887,324043232386.4996,332305715812.3148,340461541505.65,348487681372.1105,356360300290.3607,364054964889.3672,371594337717.3862,379024141401.7104,386389766457.2811,393736295346.3295
"The target value from 'conditional_best' was used for 'conditional_worst' in 2025, 2030.
",TUN,ABS,conditional,worst,KYOTOGHG,IPCM0EL,MtCO2eq,AR4,20.6577,23.7231,24.2445,26.2388,25.2242,24.9391,26.6571,26.7378,28.2484,28.9027,30.4242,31.3451,31.4036,31.8921,32.9268,33.6373,34.1936,35.407,36.4039,36.7709,39.7174,37.916,38.7858,39.3095,40.8128,37.1895,35.9006,37.6079,39.3042,41.0005,42.6968,41.77450258420086,40.60927387630129,39.201113876301285,37.55002258420085,35.656,35.97569654084807,36.2179348112721,36.3827148112721,36.470036540848064,36.479899999999994,37.644939139433426,38.8055852202717,39.9667584681414,41.133261960439874,42.309898774564495,43.49362305655595,44.67746448677662,45.860544453507465,47.04180862268564,48.22014408613372,49.39959245775923,50.58009516344759,51.75392042007132,52.91357074096136,54.051138620646455,55.158072238394716,56.23290724134109,57.27863090933029,58.29823052220699,59.2944004892429
,TUN,ABS,conditional,best,KYOTOGHG,IPCM0EL,MtCO2eq,AR4,20.6577,23.7231,24.2445,26.2388,25.2242,24.9391,26.6571,26.7378,28.2484,28.9027,30.4242,31.3451,31.4036,31.8921,32.9268,33.6373,34.1936,35.407,36.4039,36.7709,39.7174,37.916,38.7858,39.3095,40.8128,37.1895,35.9006,37.6079,39.3042,41.0005,42.6968,41.77450258420086,40.60927387630129,39.201113876301285,37.55002258420085,35.656,35.97569654084807,36.2179348112721,36.3827148112721,36.470036540848064,36.479899999999994,37.644939139433426,38.8055852202717,39.9667584681414,41.133261960439874,42.309898774564495,43.49362305655595,44.67746448677662,45.860544453507465,47.04180862268564,48.22014408613372,49.39959245775923,50.58009516344759,51.75392042007132,52.91357074096136,54.051138620646455,55.158072238394716,56.23290724134109,57.27863090933029,58.29823052220699,59.2944004892429
"The target value from 'unconditional_best' was used for 'unconditional_worst' in 2025, 2030.
",TUN,ABS,unconditional,worst,KYOTOGHG,IPCM0EL,MtCO2eq,AR4,20.6577,23.7231,24.2445,26.2388,25.2242,24.9391,26.6571,26.7378,28.2484,28.9027,30.4242,31.3451,31.4036,31.8921,32.9268,33.6373,34.1936,35.407,36.4039,36.7709,39.7174,37.916,38.7858,39.3095,40.8128,37.1895,35.9006,37.6079,39.3042,41.0005,42.6968,43.89156908756889,45.02487363135334,46.09671363135333,47.10708908756888,48.056,49.72638620931726,51.38396931397589,53.0287493139759,54.66072620931726,56.2799,58.077281195217076,59.86788493494691,61.6593019693352,63.45894231638137,65.27421599408476,67.1004239666409,68.9268126713434,70.75202661709476,72.57443921457805,74.3923335084032,76.21194475761843,78.0331825961506,79.84411870234217,81.63318621882823,83.38818572573173,85.09592377637085,86.75414121891652,88.36744672310007,89.94044895865278,91.4773047649402
,TUN,ABS,unconditional,best,KYOTOGHG,IPCM0EL,MtCO2eq,AR4,20.6577,23.7231,24.2445,26.2388,25.2242,24.9391,26.6571,26.7378,28.2484,28.9027,30.4242,31.3451,31.4036,31.8921,32.9268,33.6373,34.1936,35.407,36.4039,36.7709,39.7174,37.916,38.7858,39.3095,40.8128,37.1895,35.9006,37.6079,39.3042,41.0005,42.6968,43.89156908756889,45.02487363135334,46.09671363135333,47.10708908756888,48.056,49.72638620931726,51.38396931397589,53.0287493139759,54.66072620931726,56.2799,58.077281195217076,59.86788493494691,61.6593019693352,63.45894231638137,65.27421599408476,67.1004239666409,68.9268126713434,70.75202661709476,72.57443921457805,74.3923335084032,76.21194475761843,78.0331825961506,79.84411870234217,81.63318621882823,83.38818572573173,85.09592377637085,86.75414121891652,88.36744672310007,89.94044895865278,91.4773047649402
"The target value from 'conditional_best' was used for 'conditional_worst' in 2025, 2030.
",TUN,ABU,conditional,worst,KYOTOGHG,IPCM0EL,MtCO2eq,AR4,20.6577,23.7231,24.2445,26.2388,25.2242,24.9391,26.6571,26.7378,28.2484,28.9027,30.4242,31.3451,31.4036,31.8921,32.9268,33.6373,34.1936,35.407,36.4039,36.7709,39.7174,37.916,38.7858,39.3095,40.8128,37.1895,35.9006,37.6079,39.3042,41.0005,42.6968,41.77450258420086,40.60927387630129,39.201113876301285,37.55002258420085,35.656,35.97569654084807,36.2179348112721,36.38271481127211,36.47003654084807,36.4799,37.64493913943343,38.80558522027171,39.96675846814141,41.13326196043988,42.3098987745645,43.493623056555954,44.67746448677663,45.86054445350747,47.04180862268565,48.22014408613373,49.39959245775925,50.580095163447595,51.753920420071324,52.91357074096137,54.05113862064647,55.15807223839472,56.232907241341096,57.2786309093303,58.298230522207,59.29440048924292
,TUN,ABU,conditional,best,KYOTOGHG,IPCM0EL,MtCO2eq,AR4,20.6577,23.7231,24.2445,26.2388,25.2242,24.9391,26.6571,26.7378,28.2484,28.9027,30.4242,31.3451,31.4036,31.8921,32.9268,33.6373,34.1936,35.407,36.4039,36.7709,39.7174,37.916,38.7858,39.3095,40.8128,37.1895,35.9006,37.6079,39.3042,41.0005,42.6968,41.77450258420086,40.60927387630129,39.201113876301285,37.55002258420085,35.656,35.97569654084807,36.2179348112721,36.38271481127211,36.47003654084807,36.4799,37.64493913943343,38.80558522027171,39.96675846814141,41.13326196043988,42.3098987745645,43.493623056555954,44.67746448677663,45.86054445350747,47.04180862268565,48.22014408613373,49.39959245775925,50.580095163447595,51.753920420071324,52.91357074096137,54.05113862064647,55.15807223839472,56.232907241341096,57.2786309093303,58.298230522207,59.29440048924292
"The target value from 'unconditional_best' was used for 'unconditional_worst' in 2025, 2030.
",TUN,ABU,unconditional,worst,KYOTOGHG,IPCM0EL,MtCO2eq,AR4,20.6577,23.7231,24.2445,26.2388,25.2242,24.9391,26.6571,26.7378,28.2484,28.9027,30.4242,31.3451,31.4036,31.8921,32.9268,33.6373,34.1936,35.407,36.4039,36.7709,39.7174,37.916,38.7858,39.3095,40.8128,37.1895,35.9006,37.6079,39.3042,41.0005,42.6968,43.89156908756889,45.02487363135334,46.09671363135333,47.10708908756888,48.056,49.72638620931726,51.38396931397589,53.0287493139759,54.66072620931726,56.2799,58.077281195217076,59.86788493494691,61.6593019693352,63.45894231638137,65.27421599408476,67.1004239666409,68.9268126713434,70.75202661709476,72.57443921457805,74.3923335084032,76.21194475761843,78.0331825961506,79.84411870234217,81.63318621882823,83.38818572573173,85.09592377637085,86.75414121891652,88.36744672310007,89.94044895865278,91.4773047649402
,TUN,ABU,unconditional,best,KYOTOGHG,IPCM0EL,MtCO2eq,AR4,20.6577,23.7231,24.2445,26.2388,25.2242,24.9391,26.6571,26.7378,28.2484,28.9027,30.4242,31.3451,31.4036,31.8921,32.9268,33.6373,34.1936,35.407,36.4039,36.7709,39.7174,37.916,38.7858,39.3095,40.8128,37.1895,35.9006,37.6079,39.3042,41.0005,42.6968,43.89156908756889,45.02487363135334,46.09671363135333,47.10708908756888,48.056,49.72638620931726,51.38396931397589,53.0287493139759,54.66072620931726,56.2799,58.077281195217076,59.86788493494691,61.6593019693352,63.45894231638137,65.27421599408476,67.1004239666409,68.9268126713434,70.75202661709476,72.57443921457805,74.3923335084032,76.21194475761843,78.0331825961506,79.84411870234217,81.63318621882823,83.38818572573173,85.09592377637085,86.75414121891652,88.36744672310007,89.94044895865278,91.4773047649402
"The target value from 'conditional_best' was used for 'conditional_worst' in 2025, 2030.
",TUN,RBU,conditional,worst,KYOTOGHG,IPCM0EL,MtCO2eq,AR4,20.6577,23.7231,24.2445,26.2388,25.2242,24.9391,26.6571,26.7378,28.2484,28.9027,30.4242,31.3451,31.4036,31.8921,32.9268,33.6373,34.1936,35.407,36.4039,36.7709,39.7174,37.916,38.7858,39.3095,40.8128,37.1895,35.9006,37.6079,39.3042,41.0005,42.6968,41.740434034011514,40.53821655163448,39.0901475528689,37.396227037714766,35.45645500617209,35.824872447376215,36.11999750752825,36.3418301866282,36.49037048467606,36.565618401671856,37.73339508405133,38.89676838527553,40.060670092238354,41.229914568336255,42.40931617696565,43.59582190719223,44.7824450609163,45.96830496190678,47.15234479868641,48.33344904802919,49.51566882059797,50.698945404644014,51.875528849334046,53.03790405082971,54.17814492305152,55.287679550683855,56.365040140008304,57.41322099021046,58.43521640047589,59.43372711124651
,TUN,RBU,conditional,best,KYOTOGHG,IPCM0EL,MtCO2eq,AR4,20.6577,23.7231,24.2445,26.2388,25.2242,24.9391,26.6571,26.7378,28.2484,28.9027,30.4242,31.3451,31.4036,31.8921,32.9268,33.6373,34.1936,35.407,36.4039,36.7709,39.7174,37.916,38.7858,39.3095,40.8128,37.1895,35.9006,37.6079,39.3042,41.0005,42.6968,41.740434034011514,40.53821655163448,39.0901475528689,37.396227037714766,35.45645500617209,35.824872447376215,36.11999750752825,36.3418301866282,36.49037048467606,36.565618401671856,37.73339508405133,38.89676838527553,40.060670092238354,41.229914568336255,42.40931617696565,43.59582190719223,44.7824450609163,45.96830496190678,47.15234479868641,48.33344904802919,49.51566882059797,50.698945404644014,51.875528849334046,53.03790405082971,54.17814492305152,55.287679550683855,56.365040140008304,57.41322099021046,58.43521640047589,59.43372711124651
"The target value from 'unconditional_best' was used for 'unconditional_worst' in 2025, 2030.
",TUN,RBU,unconditional,worst,KYOTOGHG,IPCM0EL,MtCO2eq,AR4,20.6577,23.7231,24.2445,26.2388,25.2242,24.9391,26.6571,26.7378,28.2484,28.9027,30.4242,31.3451,31.4036,31.8921,32.9268,33.6373,34.1936,35.407,36.4039,36.7709,39.7174,37.916,38.7858,39.3095,40.8128,37.1895,35.9006,37.6079,39.3042,41.0005,42.6968,43.88713477253085,45.01562490895153,46.08227040926206,47.08707127346241,48.03002750155261,49.70718196096144,51.37210708054952,53.02480286031684,54.6652693002634,56.29350640038921,58.09132213596963,59.88235877752446,61.67420891036237,63.4742843439513,65.2899968877592,67.11664636992833,68.94347662793818,70.76913184298358,72.59198503249843,74.41031882599621,76.23036998998049,78.05204813653089,79.86342206016243,81.65292210707148,83.408345908012,85.11649682661422,86.77511516486965,88.38881070671567,89.96219323608962,91.49942059732723
,TUN,RBU,unconditional,best,KYOTOGHG,IPCM0EL,MtCO2eq,AR4,20.6577,23.7231,24.2445,26.2388,25.2242,24.9391,26.6571,26.7378,28.2484,28.9027,30.4242,31.3451,31.4036,31.8921,32.9268,33.6373,34.1936,35.407,36.4039,36.7709,39.7174,37.916,38.7858,39.3095,40.8128,37.1895,35.9006,37.6079,39.3042,41.0005,42.6968,43.88713477253085,45.01562490895153,46.08227040926206,47.08707127346241,48.03002750155261,49.70718196096144,51.37210708054952,53.02480286031684,54.6652693002634,56.29350640038921,58.09132213596963,59.88235877752446,61.67420891036237,63.4742843439513,65.2899968877592,67.11664636992833,68.94347662793818,70.76913184298358,72.59198503249843,74.41031882599621,76.23036998998049,78.05204813653089,79.86342206016243,81.65292210707148,83.408345908012,85.11649682661422,86.77511516486965,88.38881070671567,89.96219323608962,91.49942059732723
"The target value from 'conditional_best' was used for 'conditional_worst' in 2030.
",TUN,REI,conditional,worst,KYOTOGHG,IPCM0EL,MtCO2eq,AR4,20.6577,23.7231,24.2445,26.2388,25.2242,24.9391,26.6571,26.7378,28.2484,28.9027,30.4242,31.3451,31.4036,31.8921,32.9268,33.6373,34.1936,35.407,36.4039,36.7709,39.7174,37.916,38.7858,39.3095,40.8128,37.1895,35.9006,37.6079,39.3042,41.0005,42.6968,42.41497445176772,41.94511638150686,41.28722578921742,40.441302674899404,39.40734703855282,38.250876487199164,36.897232616157424,35.346415425427615,33.59842491500973,31.653261084903775,32.66415442766562,33.671235955409514,34.67877490095556,35.6909388487234,36.71189538313264,37.739001645770855,38.766209556809564,39.79275675324515,40.81772839947332,41.84015883568951,42.863554931710254,43.8878658633353,44.90638283613306,45.912600352472886,46.89965714532245,47.8601328814468,48.792756955839955,49.70012140271414,50.58481825628153,51.44918542975316
,TUN,REI,conditional,best,KYOTOGHG,IPCM0EL,MtCO2eq,AR4,20.6577,23.7231,24.2445,26.2388,25.2242,24.9391,26.6571,26.7378,28.2484,28.9027,30.4242,31.3451,31.4036,31.8921,32.9268,33.6373,34.1936,35.407,36.4039,36.7709,39.7174,37.916,38.7858,39.3095,40.8128,37.1895,35.9006,37.6079,39.3042,41.0005,42.6968,42.41497445176772,41.94511638150686,41.28722578921742,40.441302674899404,39.40734703855282,38.250876487199164,36.897232616157424,35.346415425427615,33.59842491500973,31.653261084903775,32.66415442766562,33.671235955409514,34.67877490095556,35.6909388487234,36.71189538313264,37.739001645770855,38.766209556809564,39.79275675324515,40.81772839947332,41.84015883568951,42.863554931710254,43.8878658633353,44.90638283613306,45.912600352472886,46.89965714532245,47.8601328814468,48.792756955839955,49.70012140271414,50.58481825628153,51.44918542975316
"The target value from 'unconditional_best' was used for 'unconditional_worst' in 2030.
",TUN,REI,unconditional,worst,KYOTOGHG,IPCM0EL,MtCO2eq,AR4,20.6577,23.7231,24.2445,26.2388,25.2242,24.9391,26.6571,26.7378,28.2484,28.9027,30.4242,31.3451,31.4036,31.8921,32.9268,33.6373,34.1936,35.407,36.4039,36.7709,39.7174,37.916,38.7858,39.3095,40.8128,37.1895,35.9006,37.6079,39.3042,41.0005,42.6968,44.07439602912537,45.40619873241622,46.69220810987258,47.93242416149444,49.1268468872818,50.361737854358914,51.5486093513096,52.687461378133875,53.77829393483172,54.821107021403165,56.571899522122834,58.31609024116558,60.06107317400956,61.81406626862154,63.582287472968275,65.36115955175377,67.14020767805067,68.91811149552358,70.69328657657,72.46406046983184,74.2365068144518,76.01053758667423,77.77453365074776,79.51722796594373,81.2267373252437,82.89021026031662,84.50544617727016,86.07693428764465,87.60916380298035,89.10618381603913
,TUN,REI,unconditional,best,KYOTOGHG,IPCM0EL,MtCO2eq,AR4,20.6577,23.7231,24.2445,26.2388,25.2242,24.9391,26.6571,26.7378,28.2484,28.9027,30.4242,31.3451,31.4036,31.8921,32.9268,33.6373,34.1936,35.407,36.4039,36.7709,39.7174,37.916,38.7858,39.3095,40.8128,37.1895,35.9006,37.6079,39.3042,41.0005,42.6968,44.07439602912537,45.40619873241622,46.69220810987258,47.93242416149444,49.1268468872818,50.361737854358914,51.5486093513096,52.687461378133875,53.77829393483172,54.821107021403165,56.571899522122834,58.31609024116558,60.06107317400956,61.81406626862154,63.582287472968275,65.36115955175377,67.14020767805067,68.91811149552358,70.69328657657,72.46406046983184,74.2365068144518,76.01053758667423,77.77453365074776,79.51722796594373,81.2267373252437,82.89021026031662,84.50544617727016,86.07693428764465,87.60916380298035,89.10618381603913
"No targets calculated, so the baseline emissions are put in as target pathways for all un/conditional best/worst pathways.
",TUN,baseline_emissions,conditional,worst,KYOTOGHG,IPCM0EL,MtCO2eq,AR4,20.6577,23.7231,24.2445,26.2388,25.2242,24.9391,26.6571,26.7378,28.2484,28.9027,30.4242,31.3451,31.4036,31.8921,32.9268,33.6373,34.1936,35.407,36.4039,36.7709,39.7174,37.916,38.7858,39.3095,40.8128,37.1895,35.9006,37.6079,39.3042,41.0005,42.6968,44.60864,46.52048,48.43232,50.344159999999995,52.256,54.260780000000004,56.26556,58.270340000000004,60.275119999999994,62.2799,64.2689,66.2504,68.2328,70.2243,72.2331,74.25399999999998,76.2751,78.2949,80.3116,82.3233,84.3369,86.3523,88.3563,90.3361,92.2782,94.16799999999999,96.00299999999999,97.7883,99.529,101.2297
"No targets calculated, so the baseline emissions are put in as target pathways for all un/conditional best/worst pathways.
",TUN,baseline_emissions,conditional,best,KYOTOGHG,IPCM0EL,MtCO2eq,AR4,20.6577,23.7231,24.2445,26.2388,25.2242,24.9391,26.6571,26.7378,28.2484,28.9027,30.4242,31.3451,31.4036,31.8921,32.9268,33.6373,34.1936,35.407,36.4039,36.7709,39.7174,37.916,38.7858,39.3095,40.8128,37.1895,35.9006,37.6079,39.3042,41.0005,42.6968,44.60864,46.52048,48.43232,50.344159999999995,52.256,54.260780000000004,56.26556,58.270340000000004,60.275119999999994,62.2799,64.2689,66.2504,68.2328,70.2243,72.2331,74.25399999999998,76.2751,78.2949,80.3116,82.3233,84.3369,86.3523,88.3563,90.3361,92.2782,94.16799999999999,96.00299999999999,97.7883,99.529,101.2297
"No targets calculated, so the baseline emissions are put in as target pathways for all un/conditional best/worst pathways.
",TUN,baseline_emissions,unconditional,worst,KYOTOGHG,IPCM0EL,MtCO2eq,AR4,20.6577,23.7231,24.2445,26.2388,25.2242,24.9391,26.6571,26.7378,28.2484,28.9027,30.4242,31.3451,31.4036,31.8921,32.9268,33.6373,34.1936,35.407,36.4039,36.7709,39.7174,37.916,38.7858,39.3095,40.8128,37.1895,35.9006,37.6079,39.3042,41.0005,42.6968,44.60864,46.52048,48.43232,50.344159999999995,52.256,54.260780000000004,56.26556,58.270340000000004,60.275119999999994,62.2799,64.2689,66.2504,68.2328,70.2243,72.2331,74.25399999999998,76.2751,78.2949,80.3116,82.3233,84.3369,86.3523,88.3563,90.3361,92.2782,94.16799999999999,96.00299999999999,97.7883,99.529,101.2297
"No targets calculated, so the baseline emissions are put in as target pathways for all un/conditional best/worst pathways.
",TUN,baseline_emissions,unconditional,best,KYOTOGHG,IPCM0EL,MtCO2eq,AR4,20.6577,23.7231,24.2445,26.2388,25.2242,24.9391,26.6571,26.7378,28.2484,28.9027,30.4242,31.3451,31.4036,31.8921,32.9268,33.6373,34.1936,35.407,36.4039,36.7709,39.7174,37.916,38.7858,39.3095,40.8128,37.1895,35.9006,37.6079,39.3042,41.0005,42.6968,44.60864,46.52048,48.43232,50.344159999999995,52.256,54.260780000000004,56.26556,58.270340000000004,60.275119999999994,62.2799,64.2689,66.2504,68.2328,70.2243,72.2331,74.25399999999998,76.2751,78.2949,80.3116,82.3233,84.3369,86.3523,88.3563,90.3361,92.2782,94.16799999999999,96.00299999999999,97.7883,99.529,101.2297
,TUN,,emi_bau,emi_bau,KYOTOGHG,IPCM0EL,MtCO2eq,AR4,20.6577,23.7231,24.2445,26.2388,25.2242,24.9391,26.6571,26.7378,28.2484,28.9027,30.4242,31.3451,31.4036,31.8921,32.9268,33.6373,34.1936,35.407,36.4039,36.7709,39.7174,37.916,38.7858,39.3095,40.8128,37.1895,35.9006,37.6079,39.3042,41.0005,42.6968,44.60864,46.52048,48.43232,50.344159999999995,52.256,54.260780000000004,56.26556,58.270340000000004,60.275119999999994,62.2799,64.2689,66.2504,68.2328,70.2243,72.2331,74.25399999999998,76.2751,78.2949,80.3116,82.3233,84.3369,86.3523,88.3563,90.3361,92.2782,94.16799999999999,96.00299999999999,97.7883,99.529,101.2297
,TUN,,emi_cov,emi_cov,KYOTOGHG,IPCM0EL,MtCO2eq,AR4,20.6577,23.7231,24.2445,26.2388,25.2242,24.9391,26.6571,26.7378,28.2484,28.9027,30.4242,31.3451,31.4036,31.8921,32.9268,33.6373,34.1936,35.407,36.4039,36.7709,39.7174,37.916,38.7858,39.3095,40.8128,37.1895,35.9006,37.6079,39.2971646268084,40.9855670848935,42.6730999883464,44.5750492479936,46.475925801128156,48.37595562835968,50.27484852668752,52.172499980832,54.16197291022574,56.15025661959324,58.137245823542465,60.122731597764314,62.1070999955771,64.0741000000665,66.03199999136639,67.9894000240728,69.9541999967979,71.93470000758299,73.92579999314397,75.9156999665108,77.9024999759871,79.885000040004,81.8611000306383,83.8377000214827,85.814199960165,87.7778999567451,89.7160000369235,91.61540001689039,93.46149996576798,95.25200001998398,96.9921000339126,98.68689996082101,100.34149998308149
,TUN,,emi_ncov,emi_ncov,KYOTOGHG,IPCM0EL,MtCO2eq,AR4,0.0,0.0,0.0,0.0,0.0,0.0,0.0,0.0,0.0,0.0,0.0,0.0,0.0,0.0,0.0,0.0,0.0,0.0,0.0,0.0,0.0,0.0,0.0,0.0,0.0,0.0,0.0,0.0,0.007035373191599441,0.014932915106500088,0.02370001165360064,0.03359075200640241,0.04455419887184075,0.05636437164031756,0.06931147331247761,0.08350001916799771,0.09880708977426036,0.11530338040675796,0.13309417645753963,0.1523884022356817,0.17280000442289328,0.19479999993350167,0.21840000863360678,0.24339997592720142,0.27010000320210176,0.298399992417001,0.32820000685600803,0.35940003348919963,0.3924000240128978,0.42659995999600225,0.4621999693617063,0.49919997851730247,0.5381000398350023,0.5784000432548967,0.6200999630764985,0.6627999831096022,0.7065000342320022,0.7509999800159974,0.7961999660873997,0.8421000391789936,0.8882000169184976
,TUN,,pc_cov,pc_cov,KYOTOGHG,IPCM0EL,MtCO2eq/MtCO2eq,AR4,1.0,1.0,1.0,1.0,1.0,1.0,1.0,1.0,1.0,1.0,1.0,1.0,1.0,1.0,1.0,1.0,1.0,1.0,1.0,1.0,1.0,1.0,1.0,1.0,1.0,1.0,1.0,1.0,0.999821002,0.999635787,0.999444923,0.99924699,0.999042267,0.998836224,0.998623247,0.998402097,0.998179033,0.997950729,0.997715919,0.997471786,0.9972254290000001,0.996968985,0.9967034159999999,0.996432801,0.996153753,0.99586893,0.9955800359999999,0.995288108,0.994988179,0.99468819,0.9943855509999999,0.994080883,0.99376855,0.993453777,0.993135635,0.992817372,0.992497451,0.992177328,0.991857922,0.9915391490000001,0.991225895
,TUR,,pop,pop,POP,DEMOGR,Pers,,53921760.0,54840590.0,55748948.0,56653804.0,57564204.0,58486456.0,59423282.0,60372568.0,61329676.0,62287397.0,63240194.0,64192243.0,65145367.0,66089402.0,67010930.0,67903469.0,68756810.0,69581848.0,70418604.0,71321399.0,72326988.0,73443250.0,74651050.0,75925462.0,77229256.0,78529409.0,79827871.0,81116450.0,81843253.9063,82847459.8309,83816624.5388,84774243.2172,85749404.317,86737773.7067,87734997.9483,88736695.75,89744709.0765,90759168.3502,91773034.212,92779173.6179,93770353.6216,94729015.0774,95648936.5398,96540049.3883,97412588.3967,98277087.4823,99131122.43,99970279.5682,100802428.9862,101635565.9004,102477813.2602,103327266.789,104174533.6266,105016503.9463,105849931.8188,106671431.9644,107491853.3973,108321494.9474,109156022.7844,109991072.5115,110822242.9249
,TUR,,gdp,gdp,GDPPPP,ECO,2011GKD,,549864437500.0,533975750000.0,557639812500.0,609779937500.0,567569937500.0,601710125000.0,665355187500.0,702480937500.0,700779437500.0,673674312500.0,718043250000.0,706809000000.0,704813312500.0,700042437500.0,783022625000.0,871547562500.0,993576875000.0,1086461875000.0,1158020625000.0,1129571250000.0,1286800375000.0,1434976625000.0,1533935000000.0,1639521250000.0,1784295125000.0,1953298625000.0,1985425750000.0,2111350000000.0,2199247991487.894,2290650188978.643,2377424317242.833,2461053254173.425,2544036313959.884,2626076846957.549,2706870332247.284,2786104697834.587,2863319063017.1733,2938376234910.563,3011444671579.4287,3082693254847.49,3152291059531.96,3220013499098.189,3285930563858.741,3350647206890.705,3414760914977.855,3478861743745.9863,3542967014342.938,3606614342221.083,3669671577318.645,3732010983372.149,3793509297770.46,3853968643632.06,3913617722950.195,3972988506559.5913,4032628965210.181,4093104223167.76,4153999144038.811,4214549204486.5737,4274804667442.045,4334808986407.53,4394598598847.11
"The target value from 'conditional_best' was used for 'conditional_worst' in 2030.
",TUR,ABS,conditional,worst,KYOTOGHG,IPCM0EL,MtCO2eq,AR4,227.8821,233.854,240.0062,246.7379,241.2584,254.4247,273.476,285.4799,287.8864,285.1572,305.9098,286.6135,292.3124,312.4421,322.4274,344.6641,366.6225,398.2785,395.5549,402.8595,404.9119,435.1652,454.2086,446.3439,465.3598,479.6116,505.9126,533.7195,544.3684,565.44395,586.5195,587.3852628912088,586.9887491591486,585.3299588038194,581.9441807257076,577.329687141237,570.9728596555875,563.4272971986392,554.6929997703917,544.7699673708453,533.6582,546.483521604621,559.1499076217758,571.7739929528607,584.4727547378326,597.3638545937694,610.4660471937832,623.7158130610568,637.108976885153,650.6428692053005,664.3160526195453,678.0538506740005,691.8475020615188,705.7987885299738,720.0142831670853,734.6057610866916,749.5075809329011,764.587159487401,779.859965933123,795.3406480804538,811.0431008149468
,TUR,ABS,conditional,best,KYOTOGHG,IPCM0EL,MtCO2eq,AR4,227.8821,233.854,240.0062,246.7379,241.2584,254.4247,273.476,285.4799,287.8864,285.1572,305.9098,286.6135,292.3124,312.4421,322.4274,344.6641,366.6225,398.2785,395.5549,402.8595,404.9119,435.1652,454.2086,446.3439,465.3598,479.6116,505.9126,533.7195,544.3684,565.44395,586.5195,587.3852628912088,586.9887491591486,585.3299588038194,581.9441807257076,577.329687141237,570.9728596555875,563.4272971986392,554.6929997703917,544.7699673708453,533.6582,546.483521604621,559.1499076217758,571.7739929528607,584.4727547378326,597.3638545937694,610.4660471937832,623.7158130610568,637.108976885153,650.6428692053005,664.3160526195453,678.0538506740005,691.8475020615188,705.7987885299738,720.0142831670853,734.6057610866916,749.5075809329011,764.587159487401,779.859965933123,795.3406480804538,811.0431008149468
,TUR,ABS,unconditional,worst,KYOTOGHG,IPCM0EL,MtCO2eq,AR4,227.8821,233.854,240.0062,246.7379,241.2584,254.4247,273.476,285.4799,287.8864,285.1572,305.9098,286.6135,292.3124,312.4421,322.4274,344.6641,366.6225,398.2785,395.5549,402.8595,404.9119,435.1652,454.2086,446.3439,465.3598,479.6116,505.9126,533.7195,544.3684,565.44395,586.5195,606.5224333333333,626.5253666666666,646.5283,665.9993999999998,685.4705,704.30804,723.14558,741.98312,760.82066,779.6582,798.3956,816.9008,835.3442,853.8967,872.7302,891.8721,911.2296,930.7966,950.5692,970.5453,990.6158,1010.7679,1031.1503,1051.9187,1073.2364,1095.0075,1117.0383,1139.3514,1161.9682,1184.9089999999999
,TUR,ABS,unconditional,best,KYOTOGHG,IPCM0EL,MtCO2eq,AR4,227.8821,233.854,240.0062,246.7379,241.2584,254.4247,273.476,285.4799,287.8864,285.1572,305.9098,286.6135,292.3124,312.4421,322.4274,344.6641,366.6225,398.2785,395.5549,402.8595,404.9119,435.1652,454.2086,446.3439,465.3598,479.6116,505.9126,533.7195,544.3684,565.44395,586.5195,606.5224333333333,626.5253666666666,646.5283,665.9993999999998,685.4705,704.30804,723.14558,741.98312,760.82066,779.6582,798.3956,816.9008,835.3442,853.8967,872.7302,891.8721,911.2296,930.7966,950.5692,970.5453,990.6158,1010.7679,1031.1503,1051.9187,1073.2364,1095.0075,1117.0383,1139.3514,1161.9682,1184.9089999999999
"The target value from 'conditional_best' was used for 'conditional_worst' in 2030.
",TUR,ABU,conditional,worst,KYOTOGHG,IPCM0EL,MtCO2eq,AR4,227.8821,233.854,240.0062,246.7379,241.2584,254.4247,273.476,285.4799,287.8864,285.1572,305.9098,286.6135,292.3124,312.4421,322.4274,344.6641,366.6225,398.2785,395.5549,402.8595,404.9119,435.1652,454.2086,446.3439,465.3598,479.6116,505.9126,533.7195,544.3684,565.44395,586.5195,587.3852628912088,586.9887491591486,585.3299588038194,581.9441807257076,577.329687141237,570.9728596555875,563.4272971986392,554.6929997703917,544.7699673708453,533.6582,546.483521604621,559.1499076217758,571.7739929528607,584.4727547378326,597.3638545937694,610.4660471937832,623.7158130610568,637.108976885153,650.6428692053005,664.3160526195453,678.0538506740005,691.8475020615188,705.7987885299738,720.0142831670853,734.6057610866916,749.5075809329011,764.587159487401,779.859965933123,795.3406480804538,811.0431008149468
,TUR,ABU,conditional,best,KYOTOGHG,IPCM0EL,MtCO2eq,AR4,227.8821,233.854,240.0062,246.7379,241.2584,254.4247,273.476,285.4799,287.8864,285.1572,305.9098,286.6135,292.3124,312.4421,322.4274,344.6641,366.6225,398.2785,395.5549,402.8595,404.9119,435.1652,454.2086,446.3439,465.3598,479.6116,505.9126,533.7195,544.3684,565.44395,586.5195,587.3852628912088,586.9887491591486,585.3299588038194,581.9441807257076,577.329687141237,570.9728596555875,563.4272971986392,554.6929997703917,544.7699673708453,533.6582,546.483521604621,559.1499076217758,571.7739929528607,584.4727547378326,597.3638545937694,610.4660471937832,623.7158130610568,637.108976885153,650.6428692053005,664.3160526195453,678.0538506740005,691.8475020615188,705.7987885299738,720.0142831670853,734.6057610866916,749.5075809329011,764.587159487401,779.859965933123,795.3406480804538,811.0431008149468
,TUR,ABU,unconditional,worst,KYOTOGHG,IPCM0EL,MtCO2eq,AR4,227.8821,233.854,240.0062,246.7379,241.2584,254.4247,273.476,285.4799,287.8864,285.1572,305.9098,286.6135,292.3124,312.4421,322.4274,344.6641,366.6225,398.2785,395.5549,402.8595,404.9119,435.1652,454.2086,446.3439,465.3598,479.6116,505.9126,533.7195,544.3684,565.44395,586.5195,606.5224333333333,626.5253666666666,646.5283,665.9993999999998,685.4705,704.30804,723.14558,741.98312,760.82066,779.6582,798.3956,816.9008,835.3442,853.8967,872.7302,891.8721,911.2296,930.7966,950.5692,970.5453,990.6158,1010.7679,1031.1503,1051.9187,1073.2364,1095.0075,1117.0383,1139.3514,1161.9682,1184.9089999999999
,TUR,ABU,unconditional,best,KYOTOGHG,IPCM0EL,MtCO2eq,AR4,227.8821,233.854,240.0062,246.7379,241.2584,254.4247,273.476,285.4799,287.8864,285.1572,305.9098,286.6135,292.3124,312.4421,322.4274,344.6641,366.6225,398.2785,395.5549,402.8595,404.9119,435.1652,454.2086,446.3439,465.3598,479.6116,505.9126,533.7195,544.3684,565.44395,586.5195,606.5224333333333,626.5253666666666,646.5283,665.9993999999998,685.4705,704.30804,723.14558,741.98312,760.82066,779.6582,798.3956,816.9008,835.3442,853.8967,872.7302,891.8721,911.2296,930.7966,950.5692,970.5453,990.6158,1010.7679,1031.1503,1051.9187,1073.2364,1095.0075,1117.0383,1139.3514,1161.9682,1184.9089999999999
"The target value from 'conditional_best' was used for 'conditional_worst' in 2030.
",TUR,RBU,conditional,worst,KYOTOGHG,IPCM0EL,MtCO2eq,AR4,227.8821,233.854,240.0062,246.7379,241.2584,254.4247,273.476,285.4799,287.8864,285.1572,305.9098,286.6135,292.3124,312.4421,322.4274,344.6641,366.6225,398.2785,395.5549,402.8595,404.9119,435.1652,454.2086,446.3439,465.3598,479.6116,505.9126,533.7195,544.3684,565.44395,586.5195,587.326917859373,586.8682106911378,585.1433784952944,581.6879148132859,576.9999895410579,570.5663499594156,562.9403512144886,554.121993306277,544.1112762347808,532.9082,545.7154969753668,558.3640817303788,570.9704252484486,583.6513402705698,596.5243230528966,609.6081019108373,622.8392466374623,636.2135877902906,649.7284596601946,663.3824268653366,677.1009179016651,690.875183775121,704.8068631901261,719.0023794572287,733.5733506021998,748.4542275211111,763.5126133273016,778.7639554634069,794.2228811538697,809.9032657564557
,TUR,RBU,conditional,best,KYOTOGHG,IPCM0EL,MtCO2eq,AR4,227.8821,233.854,240.0062,246.7379,241.2584,254.4247,273.476,285.4799,287.8864,285.1572,305.9098,286.6135,292.3124,312.4421,322.4274,344.6641,366.6225,398.2785,395.5549,402.8595,404.9119,435.1652,454.2086,446.3439,465.3598,479.6116,505.9126,533.7195,544.3684,565.44395,586.5195,587.326917859373,586.8682106911378,585.1433784952944,581.6879148132859,576.9999895410579,570.5663499594156,562.9403512144886,554.121993306277,544.1112762347808,532.9082,545.7154969753668,558.3640817303788,570.9704252484486,583.6513402705698,596.5243230528966,609.6081019108373,622.8392466374623,636.2135877902906,649.7284596601946,663.3824268653366,677.1009179016651,690.875183775121,704.8068631901261,719.0023794572287,733.5733506021998,748.4542275211111,763.5126133273016,778.7639554634069,794.2228811538697,809.9032657564557
,TUR,RBU,unconditional,worst,KYOTOGHG,IPCM0EL,MtCO2eq,AR4,227.8821,233.854,240.0062,246.7379,241.2584,254.4247,273.476,285.4799,287.8864,285.1572,305.9098,286.6135,292.3124,312.4421,322.4274,344.6641,366.6225,398.2785,395.5549,402.8595,404.9119,435.1652,454.2086,446.3439,465.3598,479.6116,505.9126,533.7195,544.3684,565.44395,586.5195,606.5224333333333,626.5253666666666,646.5283,665.9993999999998,685.4705,704.30804,723.14558,741.98312,760.82066,779.6582,798.3956,816.9008,835.3442,853.8967,872.7302,891.8721,911.2296,930.7966,950.5692,970.5453,990.6158,1010.7679,1031.1503,1051.9187,1073.2364,1095.0075,1117.0383,1139.3514,1161.9682,1184.9089999999999
,TUR,RBU,unconditional,best,KYOTOGHG,IPCM0EL,MtCO2eq,AR4,227.8821,233.854,240.0062,246.7379,241.2584,254.4247,273.476,285.4799,287.8864,285.1572,305.9098,286.6135,292.3124,312.4421,322.4274,344.6641,366.6225,398.2785,395.5549,402.8595,404.9119,435.1652,454.2086,446.3439,465.3598,479.6116,505.9126,533.7195,544.3684,565.44395,586.5195,606.5224333333333,626.5253666666666,646.5283,665.9993999999998,685.4705,704.30804,723.14558,741.98312,760.82066,779.6582,798.3956,816.9008,835.3442,853.8967,872.7302,891.8721,911.2296,930.7966,950.5692,970.5453,990.6158,1010.7679,1031.1503,1051.9187,1073.2364,1095.0075,1117.0383,1139.3514,1161.9682,1184.9089999999999
"No targets calculated, so the baseline emissions are put in as target pathways for all un/conditional best/worst pathways.
",TUR,baseline_emissions,conditional,worst,KYOTOGHG,IPCM0EL,MtCO2eq,AR4,227.8821,233.854,240.0062,246.7379,241.2584,254.4247,273.476,285.4799,287.8864,285.1572,305.9098,286.6135,292.3124,312.4421,322.4274,344.6641,366.6225,398.2785,395.5549,402.8595,404.9119,435.1652,454.2086,446.3439,465.3598,479.6116,505.9126,533.7195,544.3684,565.44395,586.5195,606.5224333333333,626.5253666666666,646.5283,665.9993999999998,685.4705,704.30804,723.14558,741.98312,760.82066,779.6582,798.3956,816.9008,835.3442,853.8967,872.7302,891.8721,911.2296,930.7966,950.5692,970.5453,990.6158,1010.7679,1031.1503,1051.9187,1073.2364,1095.0075,1117.0383,1139.3514,1161.9682,1184.9089999999999
"No targets calculated, so the baseline emissions are put in as target pathways for all un/conditional best/worst pathways.
",TUR,baseline_emissions,conditional,best,KYOTOGHG,IPCM0EL,MtCO2eq,AR4,227.8821,233.854,240.0062,246.7379,241.2584,254.4247,273.476,285.4799,287.8864,285.1572,305.9098,286.6135,292.3124,312.4421,322.4274,344.6641,366.6225,398.2785,395.5549,402.8595,404.9119,435.1652,454.2086,446.3439,465.3598,479.6116,505.9126,533.7195,544.3684,565.44395,586.5195,606.5224333333333,626.5253666666666,646.5283,665.9993999999998,685.4705,704.30804,723.14558,741.98312,760.82066,779.6582,798.3956,816.9008,835.3442,853.8967,872.7302,891.8721,911.2296,930.7966,950.5692,970.5453,990.6158,1010.7679,1031.1503,1051.9187,1073.2364,1095.0075,1117.0383,1139.3514,1161.9682,1184.9089999999999
"No targets calculated, so the baseline emissions are put in as target pathways for all un/conditional best/worst pathways.
",TUR,baseline_emissions,unconditional,worst,KYOTOGHG,IPCM0EL,MtCO2eq,AR4,227.8821,233.854,240.0062,246.7379,241.2584,254.4247,273.476,285.4799,287.8864,285.1572,305.9098,286.6135,292.3124,312.4421,322.4274,344.6641,366.6225,398.2785,395.5549,402.8595,404.9119,435.1652,454.2086,446.3439,465.3598,479.6116,505.9126,533.7195,544.3684,565.44395,586.5195,606.5224333333333,626.5253666666666,646.5283,665.9993999999998,685.4705,704.30804,723.14558,741.98312,760.82066,779.6582,798.3956,816.9008,835.3442,853.8967,872.7302,891.8721,911.2296,930.7966,950.5692,970.5453,990.6158,1010.7679,1031.1503,1051.9187,1073.2364,1095.0075,1117.0383,1139.3514,1161.9682,1184.9089999999999
"No targets calculated, so the baseline emissions are put in as target pathways for all un/conditional best/worst pathways.
",TUR,baseline_emissions,unconditional,best,KYOTOGHG,IPCM0EL,MtCO2eq,AR4,227.8821,233.854,240.0062,246.7379,241.2584,254.4247,273.476,285.4799,287.8864,285.1572,305.9098,286.6135,292.3124,312.4421,322.4274,344.6641,366.6225,398.2785,395.5549,402.8595,404.9119,435.1652,454.2086,446.3439,465.3598,479.6116,505.9126,533.7195,544.3684,565.44395,586.5195,606.5224333333333,626.5253666666666,646.5283,665.9993999999998,685.4705,704.30804,723.14558,741.98312,760.82066,779.6582,798.3956,816.9008,835.3442,853.8967,872.7302,891.8721,911.2296,930.7966,950.5692,970.5453,990.6158,1010.7679,1031.1503,1051.9187,1073.2364,1095.0075,1117.0383,1139.3514,1161.9682,1184.9089999999999
,TUR,,emi_bau,emi_bau,KYOTOGHG,IPCM0EL,MtCO2eq,AR4,227.8821,233.854,240.0062,246.7379,241.2584,254.4247,273.476,285.4799,287.8864,285.1572,305.9098,286.6135,292.3124,312.4421,322.4274,344.6641,366.6225,398.2785,395.5549,402.8595,404.9119,435.1652,454.2086,446.3439,465.3598,479.6116,505.9126,533.7195,544.3684,565.44395,586.5195,606.5224333333333,626.5253666666666,646.5283,665.9993999999998,685.4705,704.30804,723.14558,741.98312,760.82066,779.6582,798.3956,816.9008,835.3442,853.8967,872.7302,891.8721,911.2296,930.7966,950.5692,970.5453,990.6158,1010.7679,1031.1503,1051.9187,1073.2364,1095.0075,1117.0383,1139.3514,1161.9682,1184.9089999999999
,TUR,,emi_cov,emi_cov,KYOTOGHG,IPCM0EL,MtCO2eq,AR4,227.8821,233.854,240.0062,246.7379,241.2584,254.4247,273.476,285.4799,287.8864,285.1572,305.9098,286.6135,292.3124,312.4421,322.4274,344.6641,366.6225,398.2785,395.5549,402.8595,404.9119,435.1652,454.2086,446.3439,465.3598,479.6116,505.9126,533.7195,544.3684,565.44395,586.5195,606.5224333333333,626.5253666666666,646.5283,665.9993999999998,685.4705,704.30804,723.14558,741.98312,760.82066,779.6582,798.3956,816.9008,835.3442,853.8967,872.7302,891.8721,911.2296,930.7966,950.5692,970.5453,990.6158,1010.7679,1031.1503,1051.9187,1073.2364,1095.0075,1117.0383,1139.3514,1161.9682,1184.9089999999999
,TUR,,emi_ncov,emi_ncov,KYOTOGHG,IPCM0EL,MtCO2eq,AR4,0.0,0.0,0.0,0.0,0.0,0.0,0.0,0.0,0.0,0.0,0.0,0.0,0.0,0.0,0.0,0.0,0.0,0.0,0.0,0.0,0.0,0.0,0.0,0.0,0.0,0.0,0.0,0.0,0.0,0.0,0.0,0.0,0.0,0.0,0.0,0.0,0.0,0.0,0.0,0.0,0.0,0.0,0.0,0.0,0.0,0.0,0.0,0.0,0.0,0.0,0.0,0.0,0.0,0.0,0.0,0.0,0.0,0.0,0.0,0.0,0.0
,TUR,,pc_cov,pc_cov,KYOTOGHG,IPCM0EL,MtCO2eq/MtCO2eq,AR4,1.0,1.0,1.0,1.0,1.0,1.0,1.0,1.0,1.0,1.0,1.0,1.0,1.0,1.0,1.0,1.0,1.0,1.0,1.0,1.0,1.0,1.0,1.0,1.0,1.0,1.0,1.0,1.0,1.0,1.0,1.0,1.0,1.0,1.0,1.0,1.0,1.0,1.0,1.0,1.0,1.0,1.0,1.0,1.0,1.0,1.0,1.0,1.0,1.0,1.0,1.0,1.0,1.0,1.0,1.0,1.0,1.0,1.0,1.0,1.0,1.0
,TUV,,pop,pop,POP,DEMOGR,Pers,,8913.0,9026.0,9112.0,9194.0,9252.0,9298.0,9323.0,9323.0,9332.0,9346.0,9394.0,9484.0,9596.0,9726.0,9869.0,10000.0,10120.0,10221.0,10314.0,10424.0,10530.0,10633.0,10739.0,10857.0,10972.0,11099.0,11225.0,11370.0,11043.666666666664,11043.666666666664,11043.666666666664,11043.666666666664,11043.666666666664,11043.666666666664,11043.666666666664,11043.666666666664,11043.666666666664,11043.666666666664,11043.666666666664,11043.666666666664,11043.666666666664,11043.666666666664,11043.666666666664,11043.666666666664,11043.666666666664,11043.666666666664,11043.666666666664,11043.666666666664,11043.666666666664,11043.666666666664,11043.666666666664,11043.666666666664,11043.666666666664,11043.666666666664,11043.666666666664,11043.666666666664,11043.666666666664,11043.666666666664,11043.666666666664,11043.666666666664,11043.666666666664
,TUV,,gdp,gdp,GDPPPP,ECO,2011GKD,,21190474.1497,21955273.3229,22567576.604,23495259.9476,25911391.9524,24614672.5841,23147303.0509,25462779.6983,29409821.1914,28949912.9453,28668925.1441,29137406.2412,31435232.9012,30387327.9283,29976436.219,28843407.8778,29460350.5842,31331249.2604,33832504.6336,32332759.9804,31450260.6048,33814047.7895,32517025.85,34005272.797,34463668.187,37614644.8147,38756145.1499,40342828.5987,36283264.23288333,36283264.23288333,36283264.23288333,36283264.23288333,36283264.23288333,36283264.23288333,36283264.23288333,36283264.23288333,36283264.23288333,36283264.23288333,36283264.23288333,36283264.23288333,36283264.23288333,36283264.23288333,36283264.23288333,36283264.23288333,36283264.23288333,36283264.23288333,36283264.23288333,36283264.23288333,36283264.23288333,36283264.23288333,36283264.23288333,36283264.23288333,36283264.23288333,36283264.23288333,36283264.23288333,36283264.23288333,36283264.23288333,36283264.23288333,36283264.23288333,36283264.23288333,36283264.23288333
"The target value from 'conditional_best' was used for 'conditional_worst' in 2025.
",TUV,RBY,conditional,worst,KYOTOGHG,IPCM0EL,MtCO2eq,AR4,0.015762,0.01653,0.01665,0.016519,0.016647,0.016699000000000002,0.016743,0.016885,0.016925,0.017071,0.01708,0.017138999999999998,0.021046000000000002,0.021112,0.021177,0.021243,0.017654,0.021471,0.021593,0.021744,0.018132,0.018266,0.02206,0.022127,0.022251,0.022851,0.024511,0.025013999999999998,0.023135666666666662,0.023135666666666662,0.023135666666666662,0.021355707132922168,0.019575747599177674,0.017795788065433183,0.016015828531688692,0.014235868997944198,0.014235868997944198,0.014235868997944198,0.014235868997944198,0.014235868997944198,0.014235868997944198,0.014235868997944198,0.014235868997944198,0.014235868997944198,0.014235868997944198,0.014235868997944198,0.014235868997944198,0.014235868997944198,0.014235868997944198,0.014235868997944198,0.014235868997944198,0.014235868997944198,0.014235868997944198,0.014235868997944198,0.014235868997944198,0.014235868997944198,0.014235868997944198,0.014235868997944198,0.014235868997944198,0.014235868997944198,0.014235868997944198
,TUV,RBY,conditional,best,KYOTOGHG,IPCM0EL,MtCO2eq,AR4,0.015762,0.01653,0.01665,0.016519,0.016647,0.016699000000000002,0.016743,0.016885,0.016925,0.017071,0.01708,0.017138999999999998,0.021046000000000002,0.021112,0.021177,0.021243,0.017654,0.021471,0.021593,0.021744,0.018132,0.018266,0.02206,0.022127,0.022251,0.022851,0.024511,0.025013999999999998,0.023135666666666662,0.023135666666666662,0.023135666666666662,0.021355707132922168,0.019575747599177674,0.017795788065433183,0.016015828531688692,0.014235868997944198,0.014235868997944198,0.014235868997944198,0.014235868997944198,0.014235868997944198,0.014235868997944198,0.014235868997944198,0.014235868997944198,0.014235868997944198,0.014235868997944198,0.014235868997944198,0.014235868997944198,0.014235868997944198,0.014235868997944198,0.014235868997944198,0.014235868997944198,0.014235868997944198,0.014235868997944198,0.014235868997944198,0.014235868997944198,0.014235868997944198,0.014235868997944198,0.014235868997944198,0.014235868997944198,0.014235868997944198,0.014235868997944198
"The target value from 'unconditional_best' was used for 'unconditional_worst' in 2025.
",TUV,RBY,unconditional,worst,KYOTOGHG,IPCM0EL,MtCO2eq,AR4,0.015762,0.01653,0.01665,0.016519,0.016647,0.016699000000000002,0.016743,0.016885,0.016925,0.017071,0.01708,0.017138999999999998,0.021046000000000002,0.021112,0.021177,0.021243,0.017654,0.021471,0.021593,0.021744,0.018132,0.018266,0.02206,0.022127,0.022251,0.022851,0.024511,0.025013999999999998,0.023135666666666662,0.023135666666666662,0.023135666666666662,0.021634375198944712,0.020133083731222766,0.018631792263500816,0.017130500795778866,0.015629209328056917,0.015629209328056917,0.015629209328056917,0.015629209328056917,0.015629209328056917,0.015629209328056917,0.015629209328056917,0.015629209328056917,0.015629209328056917,0.015629209328056917,0.015629209328056917,0.015629209328056917,0.015629209328056917,0.015629209328056917,0.015629209328056917,0.015629209328056917,0.015629209328056917,0.015629209328056917,0.015629209328056917,0.015629209328056917,0.015629209328056917,0.015629209328056917,0.015629209328056917,0.015629209328056917,0.015629209328056917,0.015629209328056917
,TUV,RBY,unconditional,best,KYOTOGHG,IPCM0EL,MtCO2eq,AR4,0.015762,0.01653,0.01665,0.016519,0.016647,0.016699000000000002,0.016743,0.016885,0.016925,0.017071,0.01708,0.017138999999999998,0.021046000000000002,0.021112,0.021177,0.021243,0.017654,0.021471,0.021593,0.021744,0.018132,0.018266,0.02206,0.022127,0.022251,0.022851,0.024511,0.025013999999999998,0.023135666666666662,0.023135666666666662,0.023135666666666662,0.021634375198944712,0.020133083731222766,0.018631792263500816,0.017130500795778866,0.015629209328056917,0.015629209328056917,0.015629209328056917,0.015629209328056917,0.015629209328056917,0.015629209328056917,0.015629209328056917,0.015629209328056917,0.015629209328056917,0.015629209328056917,0.015629209328056917,0.015629209328056917,0.015629209328056917,0.015629209328056917,0.015629209328056917,0.015629209328056917,0.015629209328056917,0.015629209328056917,0.015629209328056917,0.015629209328056917,0.015629209328056917,0.015629209328056917,0.015629209328056917,0.015629209328056917,0.015629209328056917,0.015629209328056917
"No targets calculated, so the baseline emissions are put in as target pathways for all un/conditional best/worst pathways.
",TUV,baseline_emissions,conditional,worst,KYOTOGHG,IPCM0EL,MtCO2eq,AR4,0.015762,0.01653,0.01665,0.016519,0.016647,0.016699000000000002,0.016743,0.016885,0.016925,0.017071,0.01708,0.017138999999999998,0.021046000000000002,0.021112,0.021177,0.021243,0.017654,0.021471,0.021593,0.021744,0.018132,0.018266,0.02206,0.022127,0.022251,0.022851,0.024511,0.025013999999999998,0.023135666666666662,0.023135666666666662,0.023135666666666662,0.023135666666666662,0.023135666666666662,0.023135666666666662,0.023135666666666662,0.023135666666666662,0.023135666666666662,0.023135666666666662,0.023135666666666662,0.023135666666666662,0.023135666666666662,0.023135666666666662,0.023135666666666662,0.023135666666666662,0.023135666666666662,0.023135666666666662,0.023135666666666662,0.023135666666666662,0.023135666666666662,0.023135666666666662,0.023135666666666662,0.023135666666666662,0.023135666666666662,0.023135666666666662,0.023135666666666662,0.023135666666666662,0.023135666666666662,0.023135666666666662,0.023135666666666662,0.023135666666666662,0.023135666666666662
"No targets calculated, so the baseline emissions are put in as target pathways for all un/conditional best/worst pathways.
",TUV,baseline_emissions,conditional,best,KYOTOGHG,IPCM0EL,MtCO2eq,AR4,0.015762,0.01653,0.01665,0.016519,0.016647,0.016699000000000002,0.016743,0.016885,0.016925,0.017071,0.01708,0.017138999999999998,0.021046000000000002,0.021112,0.021177,0.021243,0.017654,0.021471,0.021593,0.021744,0.018132,0.018266,0.02206,0.022127,0.022251,0.022851,0.024511,0.025013999999999998,0.023135666666666662,0.023135666666666662,0.023135666666666662,0.023135666666666662,0.023135666666666662,0.023135666666666662,0.023135666666666662,0.023135666666666662,0.023135666666666662,0.023135666666666662,0.023135666666666662,0.023135666666666662,0.023135666666666662,0.023135666666666662,0.023135666666666662,0.023135666666666662,0.023135666666666662,0.023135666666666662,0.023135666666666662,0.023135666666666662,0.023135666666666662,0.023135666666666662,0.023135666666666662,0.023135666666666662,0.023135666666666662,0.023135666666666662,0.023135666666666662,0.023135666666666662,0.023135666666666662,0.023135666666666662,0.023135666666666662,0.023135666666666662,0.023135666666666662
"No targets calculated, so the baseline emissions are put in as target pathways for all un/conditional best/worst pathways.
",TUV,baseline_emissions,unconditional,worst,KYOTOGHG,IPCM0EL,MtCO2eq,AR4,0.015762,0.01653,0.01665,0.016519,0.016647,0.016699000000000002,0.016743,0.016885,0.016925,0.017071,0.01708,0.017138999999999998,0.021046000000000002,0.021112,0.021177,0.021243,0.017654,0.021471,0.021593,0.021744,0.018132,0.018266,0.02206,0.022127,0.022251,0.022851,0.024511,0.025013999999999998,0.023135666666666662,0.023135666666666662,0.023135666666666662,0.023135666666666662,0.023135666666666662,0.023135666666666662,0.023135666666666662,0.023135666666666662,0.023135666666666662,0.023135666666666662,0.023135666666666662,0.023135666666666662,0.023135666666666662,0.023135666666666662,0.023135666666666662,0.023135666666666662,0.023135666666666662,0.023135666666666662,0.023135666666666662,0.023135666666666662,0.023135666666666662,0.023135666666666662,0.023135666666666662,0.023135666666666662,0.023135666666666662,0.023135666666666662,0.023135666666666662,0.023135666666666662,0.023135666666666662,0.023135666666666662,0.023135666666666662,0.023135666666666662,0.023135666666666662
"No targets calculated, so the baseline emissions are put in as target pathways for all un/conditional best/worst pathways.
",TUV,baseline_emissions,unconditional,best,KYOTOGHG,IPCM0EL,MtCO2eq,AR4,0.015762,0.01653,0.01665,0.016519,0.016647,0.016699000000000002,0.016743,0.016885,0.016925,0.017071,0.01708,0.017138999999999998,0.021046000000000002,0.021112,0.021177,0.021243,0.017654,0.021471,0.021593,0.021744,0.018132,0.018266,0.02206,0.022127,0.022251,0.022851,0.024511,0.025013999999999998,0.023135666666666662,0.023135666666666662,0.023135666666666662,0.023135666666666662,0.023135666666666662,0.023135666666666662,0.023135666666666662,0.023135666666666662,0.023135666666666662,0.023135666666666662,0.023135666666666662,0.023135666666666662,0.023135666666666662,0.023135666666666662,0.023135666666666662,0.023135666666666662,0.023135666666666662,0.023135666666666662,0.023135666666666662,0.023135666666666662,0.023135666666666662,0.023135666666666662,0.023135666666666662,0.023135666666666662,0.023135666666666662,0.023135666666666662,0.023135666666666662,0.023135666666666662,0.023135666666666662,0.023135666666666662,0.023135666666666662,0.023135666666666662,0.023135666666666662
,TUV,,emi_bau,emi_bau,KYOTOGHG,IPCM0EL,MtCO2eq,AR4,0.015762,0.01653,0.01665,0.016519,0.016647,0.016699000000000002,0.016743,0.016885,0.016925,0.017071,0.01708,0.017138999999999998,0.021046000000000002,0.021112,0.021177,0.021243,0.017654,0.021471,0.021593,0.021744,0.018132,0.018266,0.02206,0.022127,0.022251,0.022851,0.024511,0.025013999999999998,0.023135666666666662,0.023135666666666662,0.023135666666666662,0.023135666666666662,0.023135666666666662,0.023135666666666662,0.023135666666666662,0.023135666666666662,0.023135666666666662,0.023135666666666662,0.023135666666666662,0.023135666666666662,0.023135666666666662,0.023135666666666662,0.023135666666666662,0.023135666666666662,0.023135666666666662,0.023135666666666662,0.023135666666666662,0.023135666666666662,0.023135666666666662,0.023135666666666662,0.023135666666666662,0.023135666666666662,0.023135666666666662,0.023135666666666662,0.023135666666666662,0.023135666666666662,0.023135666666666662,0.023135666666666662,0.023135666666666662,0.023135666666666662,0.023135666666666662
,TUV,,emi_cov,emi_cov,KYOTOGHG,IPCM0EL,MtCO2eq,AR4,0.007333610817342001,0.007333437931739999,0.007333500991500001,0.007333560889455999,0.007333241452217999,0.007333504251312,0.007333355542302,0.007333430269605,0.007333621337524999,0.007333279980442001,0.007333229884960001,0.007333417752524999,0.010999842526222003,0.011000068562392,0.010999920678201,0.011000232652398002,0.007333480550578001,0.01100023936239,0.010999969435455,0.011000271922128,0.007333370158487999,0.007333245394072001,0.011000192285339999,0.011000301924695999,0.010999969359177,0.011505034596474,0.013072839148910002,0.013480956460355999,0.011833145732117665,0.011833145732117665,0.011833145732117665,0.011833145732117665,0.011833145732117665,0.011833145732117665,0.011833145732117665,0.011833145732117665,0.011833145732117665,0.011833145732117665,0.011833145732117665,0.011833145732117665,0.011833145732117665,0.011833145732117665,0.011833145732117665,0.011833145732117665,0.011833145732117665,0.011833145732117665,0.011833145732117665,0.011833145732117665,0.011833145732117665,0.011833145732117665,0.011833145732117665,0.011833145732117665,0.011833145732117665,0.011833145732117665,0.011833145732117665,0.011833145732117665,0.011833145732117665,0.011833145732117665,0.011833145732117665,0.011833145732117665,0.011833145732117665
,TUV,,emi_ncov,emi_ncov,KYOTOGHG,IPCM0EL,MtCO2eq,AR4,0.008428389182658,0.009196562068260002,0.0093164990085,0.009185439110544,0.009313758547782,0.009365495748688,0.009409644457698003,0.009551569730395,0.009591378662475,0.009737720019558,0.009746770115039998,0.009805582247474997,0.010046157473778,0.010111931437608,0.010177079321799001,0.010242767347601999,0.010320519449422,0.01047076063761,0.010593030564545,0.010743728077872,0.010798629841512,0.010932754605928,0.011059807714660001,0.011126698075304003,0.011251030640822998,0.011345965403526,0.01143816085109,0.011533043539644,0.011302520934548997,0.011302520934548997,0.011302520934548997,0.011302520934548997,0.011302520934548997,0.011302520934548997,0.011302520934548997,0.011302520934548997,0.011302520934548997,0.011302520934548997,0.011302520934548997,0.011302520934548997,0.011302520934548997,0.011302520934548997,0.011302520934548997,0.011302520934548997,0.011302520934548997,0.011302520934548997,0.011302520934548997,0.011302520934548997,0.011302520934548997,0.011302520934548997,0.011302520934548997,0.011302520934548997,0.011302520934548997,0.011302520934548997,0.011302520934548997,0.011302520934548997,0.011302520934548997,0.011302520934548997,0.011302520934548997,0.011302520934548997,0.011302520934548997
,TUV,,pc_cov,pc_cov,KYOTOGHG,IPCM0EL,MtCO2eq/MtCO2eq,AR4,0.46527159100000004,0.44364415799999996,0.44045051,0.44394702399999997,0.440514294,0.43915828799999995,0.43799531399999997,0.434316273,0.43330111299999996,0.42957530200000005,0.42934601200000005,0.427878975,0.522657157,0.521033941,0.519427713,0.517828586,0.41540050700000003,0.51233009,0.509422935,0.505899187,0.404443534,0.40146969200000004,0.498648789,0.49714384799999994,0.49435842700000004,0.503480574,0.53334581,0.538936454,0.511467679,0.511467679,0.511467679,0.511467679,0.511467679,0.511467679,0.511467679,0.511467679,0.511467679,0.511467679,0.511467679,0.511467679,0.511467679,0.511467679,0.511467679,0.511467679,0.511467679,0.511467679,0.511467679,0.511467679,0.511467679,0.511467679,0.511467679,0.511467679,0.511467679,0.511467679,0.511467679,0.511467679,0.511467679,0.511467679,0.511467679,0.511467679,0.511467679
,TWN,,pop,pop,POP,DEMOGR,Pers,,20478520.0,20679065.0,20868148.0,21044700.0,21207423.0,21356033.0,21488990.0,21608306.0,21721516.0,21838633.0,21966527.0,22108713.0,22262299.0,22419792.0,22570224.0,22705713.0,22823848.0,22927215.0,23019045.0,23104546.0,23187551.0,23268765.0,23346896.0,23421582.0,23491976.0,23557477.0,23618200.0,23674546.0,23518446.16666667,23518446.16666667,23518446.16666667,23518446.16666667,23518446.16666667,23518446.16666667,23518446.16666667,23518446.16666667,23518446.16666667,23518446.16666667,23518446.16666667,23518446.16666667,23518446.16666667,23518446.16666667,23518446.16666667,23518446.16666667,23518446.16666667,23518446.16666667,23518446.16666667,23518446.16666667,23518446.16666667,23518446.16666667,23518446.16666667,23518446.16666667,23518446.16666667,23518446.16666667,23518446.16666667,23518446.16666667,23518446.16666667,23518446.16666667,23518446.16666667,23518446.16666667,23518446.16666667
,TWN,,gdp,gdp,GDPPPP,ECO,2011GKD,,382428000000.0,415462281250.0,443276218750.0,474042812500.0,503024062500.0,531777187500.0,566411687500.0,606372625000.0,638262500000.0,668550687500.0,705766187500.0,698198687500.0,735871187500.0,753301187500.0,779985062500.0,818630750000.0,840795000000.0,879612875000.0,844897812500.0,844699625000.0,922351062500.0,940076625000.0,951296687500.0,984428812500.0,1036694125000.0,1080435375000.0,1091892250000.0,1112779500000.0,1150292416669.009,1181639632891.546,1206451094688.508,1226833519343.195,1246359690566.632,1265231708029.1292,1283602510519.158,1301597171145.35,1318130414681.873,1332225169044.729,1344156961983.147,1354194952371.374,1362598894378.3071,1370193303817.888,1377445614502.3608,1384089286707.098,1389877731622.834,1394581411348.949,1398681475170.065,1402494358121.255,1405546671093.235,1407355369895.605,1407428677692.519,1406208978388.48,1404678874440.822,1403134604458.8691,1401853589548.699,1401097386381.237,1399308673395.598,1395376227669.189,1390210605749.568,1384707630687.337,1379749547753.76
"No targets calculated, so the baseline emissions are put in as target pathways for all un/conditional best/worst pathways.
",TWN,baseline_emissions,conditional,worst,KYOTOGHG,IPCM0EL,MtCO2eq,AR4,143.6193,155.1405,165.2873,177.1288,184.5565,195.5934,205.1822,222.0398,224.06900000000002,232.3684,246.4985,254.7028,265.3626,275.0965,290.0712,287.6566,298.125,308.2724,292.5572,277.5593,301.4167,302.4783,295.1119,295.7738,300.406,298.6826,307.8231,320.8784,305.7783,306.3526,306.087,305.1856,304.2283,303.3867,302.7851,302.5153,302.3302,302.019,301.6984,301.471,301.4295,301.5957,301.8754,302.1895,302.4668,302.6425,302.8048,303.0057,303.1308,303.0663,302.6981,302.1255,301.5595,301.0516,300.6494,300.3978,299.9246,298.9594,297.6961,296.3249,295.0323
"No targets calculated, so the baseline emissions are put in as target pathways for all un/conditional best/worst pathways.
",TWN,baseline_emissions,conditional,best,KYOTOGHG,IPCM0EL,MtCO2eq,AR4,143.6193,155.1405,165.2873,177.1288,184.5565,195.5934,205.1822,222.0398,224.06900000000002,232.3684,246.4985,254.7028,265.3626,275.0965,290.0712,287.6566,298.125,308.2724,292.5572,277.5593,301.4167,302.4783,295.1119,295.7738,300.406,298.6826,307.8231,320.8784,305.7783,306.3526,306.087,305.1856,304.2283,303.3867,302.7851,302.5153,302.3302,302.019,301.6984,301.471,301.4295,301.5957,301.8754,302.1895,302.4668,302.6425,302.8048,303.0057,303.1308,303.0663,302.6981,302.1255,301.5595,301.0516,300.6494,300.3978,299.9246,298.9594,297.6961,296.3249,295.0323
"No targets calculated, so the baseline emissions are put in as target pathways for all un/conditional best/worst pathways.
",TWN,baseline_emissions,unconditional,worst,KYOTOGHG,IPCM0EL,MtCO2eq,AR4,143.6193,155.1405,165.2873,177.1288,184.5565,195.5934,205.1822,222.0398,224.06900000000002,232.3684,246.4985,254.7028,265.3626,275.0965,290.0712,287.6566,298.125,308.2724,292.5572,277.5593,301.4167,302.4783,295.1119,295.7738,300.406,298.6826,307.8231,320.8784,305.7783,306.3526,306.087,305.1856,304.2283,303.3867,302.7851,302.5153,302.3302,302.019,301.6984,301.471,301.4295,301.5957,301.8754,302.1895,302.4668,302.6425,302.8048,303.0057,303.1308,303.0663,302.6981,302.1255,301.5595,301.0516,300.6494,300.3978,299.9246,298.9594,297.6961,296.3249,295.0323
"No targets calculated, so the baseline emissions are put in as target pathways for all un/conditional best/worst pathways.
",TWN,baseline_emissions,unconditional,best,KYOTOGHG,IPCM0EL,MtCO2eq,AR4,143.6193,155.1405,165.2873,177.1288,184.5565,195.5934,205.1822,222.0398,224.06900000000002,232.3684,246.4985,254.7028,265.3626,275.0965,290.0712,287.6566,298.125,308.2724,292.5572,277.5593,301.4167,302.4783,295.1119,295.7738,300.406,298.6826,307.8231,320.8784,305.7783,306.3526,306.087,305.1856,304.2283,303.3867,302.7851,302.5153,302.3302,302.019,301.6984,301.471,301.4295,301.5957,301.8754,302.1895,302.4668,302.6425,302.8048,303.0057,303.1308,303.0663,302.6981,302.1255,301.5595,301.0516,300.6494,300.3978,299.9246,298.9594,297.6961,296.3249,295.0323
,TWN,,emi_bau,emi_bau,KYOTOGHG,IPCM0EL,MtCO2eq,AR4,143.6193,155.1405,165.2873,177.1288,184.5565,195.5934,205.1822,222.0398,224.06900000000002,232.3684,246.4985,254.7028,265.3626,275.0965,290.0712,287.6566,298.125,308.2724,292.5572,277.5593,301.4167,302.4783,295.1119,295.7738,300.406,298.6826,307.8231,320.8784,305.7783,306.3526,306.087,305.1856,304.2283,303.3867,302.7851,302.5153,302.3302,302.019,301.6984,301.471,301.4295,301.5957,301.8754,302.1895,302.4668,302.6425,302.8048,303.0057,303.1308,303.0663,302.6981,302.1255,301.5595,301.0516,300.6494,300.3978,299.9246,298.9594,297.6961,296.3249,295.0323
,TWN,,emi_cov,emi_cov,KYOTOGHG,IPCM0EL,MtCO2eq,AR4,0.0,0.0,0.0,0.0,0.0,0.0,0.0,0.0,0.0,0.0,0.0,0.0,0.0,0.0,0.0,0.0,0.0,0.0,0.0,0.0,0.0,0.0,0.0,0.0,0.0,0.0,0.0,0.0,0.0,0.0,0.0,0.0,0.0,0.0,0.0,0.0,0.0,0.0,0.0,0.0,0.0,0.0,0.0,0.0,0.0,0.0,0.0,0.0,0.0,0.0,0.0,0.0,0.0,0.0,0.0,0.0,0.0,0.0,0.0,0.0,0.0
,TWN,,emi_ncov,emi_ncov,KYOTOGHG,IPCM0EL,MtCO2eq,AR4,143.6193,155.1405,165.2873,177.1288,184.5565,195.5934,205.1822,222.0398,224.06900000000002,232.3684,246.4985,254.7028,265.3626,275.0965,290.0712,287.6566,298.125,308.2724,292.5572,277.5593,301.4167,302.4783,295.1119,295.7738,300.406,298.6826,307.8231,320.8784,305.7783,306.3526,306.087,305.1856,304.2283,303.3867,302.7851,302.5153,302.3302,302.019,301.6984,301.471,301.4295,301.5957,301.8754,302.1895,302.4668,302.6425,302.8048,303.0057,303.1308,303.0663,302.6981,302.1255,301.5595,301.0516,300.6494,300.3978,299.9246,298.9594,297.6961,296.3249,295.0323
,TWN,,pc_cov,pc_cov,KYOTOGHG,IPCM0EL,MtCO2eq/MtCO2eq,AR4,0.0,0.0,0.0,0.0,0.0,0.0,0.0,0.0,0.0,0.0,0.0,0.0,0.0,0.0,0.0,0.0,0.0,0.0,0.0,0.0,0.0,0.0,0.0,0.0,0.0,0.0,0.0,0.0,0.0,0.0,0.0,0.0,0.0,0.0,0.0,0.0,0.0,0.0,0.0,0.0,0.0,0.0,0.0,0.0,0.0,0.0,0.0,0.0,0.0,0.0,0.0,0.0,0.0,0.0,0.0,0.0,0.0,0.0,0.0,0.0,0.0
,TZA,,pop,pop,POP,DEMOGR,Pers,,25203845.0,26056594.0,26961197.0,27887203.0,28792639.0,29649135.0,30444526.0,31192857.0,31924196.0,32682239.0,33499180.0,34385856.0,35334788.0,36337782.0,37379767.0,38450320.0,39548663.0,40681414.0,41853944.0,43073834.0,44346525.0,45673512.0,47053030.0,48483129.0,49960561.0,51482633.0,53049230.0,54660339.0,55878222.6853,57488471.0619,59126270.4772,60799428.4442,62515733.6825,64271804.6912,66064215.4378,67889495.8831,69745911.1778,71629889.3854,73535256.7989,75455953.6099,77386031.893,79329561.4523,81294266.9349,83279740.0044,85285542.1715,87311206.3117,89357768.6059,91423832.1999,93505260.2865,95597917.3021,97697669.4579,99811870.2007,101947288.3249,104098890.0716,106261610.2786,108430354.3803,110601585.6134,112771551.9245,114934864.653,117086197.7183,119220282.6308
,TZA,,gdp,gdp,GDPPPP,ECO,2011GKD,,27491308593.75,27713373046.875,25615515625.0,24983029296.875,24041556640.625,24935667968.75,26895753906.25,29608320312.5,31757982421.875,34041753906.25,36379316406.25,39496714843.75,43810683593.75,46837777343.75,49777937500.0,56012761718.75,59666988281.25,65868140625.0,71612515625.0,76339687500.0,85057148437.5,94029289062.5,97687351562.5,101487789062.5,112993539062.5,118870921875.0,126300921875.0,134100937500.0,141216248789.7376,150205425697.6791,159794292300.147,170214345650.7371,181508881866.3891,193528334359.0733,206122416207.0448,219139259309.6383,232547988453.8373,246385630230.4493,260603309545.2648,275155547116.3907,290000130422.6009,305131533810.4791,320636748767.6677,336615028563.4901,353166136557.3628,370390518865.5882,388249168905.9682,406679019450.265,425747834690.7305,445527188808.7632,466092780717.1148,487405504257.8665,509435087858.9813,532278600696.4806,556039820421.5702,580829854600.1132,606752780097.3024,633815493763.444,661990616510.8208,691252493907.4976,721577102288.4921
,TZA,ABS,conditional,worst,KYOTOGHG,IPCM0EL,MtCO2eq,AR4,44.483000000000004,45.0439,45.1882,46.1198,46.2865,50.82,47.5213,46.8564,50.601000000000006,52.1877,50.3937,55.5128,58.2422,63.5396,62.9612,67.391,64.7787,67.8493,70.2282,71.3941,75.3564,78.3829,82.0148,86.4887,88.3516,91.2732,92.6295,93.8663,97.83812307692308,101.80994615384616,105.78176923076923,108.65605638461538,111.45090707692309,114.16632130769229,116.80229907692305,119.35884038461536,121.83594523076924,124.2336136153846,126.55184553846154,128.790641,130.95,136.08971999999994,141.29009999999997,146.58623999999995,152.01260999999997,157.60367999999997,163.35189,169.24364999999997,175.30415999999997,181.55924999999996,188.03537999999998,194.72994,201.63501,208.77003,216.15498,223.81064999999998,231.75153,239.95953,248.40720000000002,257.0668199999999,265.9113
,TZA,ABS,conditional,best,KYOTOGHG,IPCM0EL,MtCO2eq,AR4,44.483000000000004,45.0439,45.1882,46.1198,46.2865,50.82,47.5213,46.8564,50.601000000000006,52.1877,50.3937,55.5128,58.2422,63.5396,62.9612,67.391,64.7787,67.8493,70.2282,71.3941,75.3564,78.3829,82.0148,86.4887,88.3516,91.2732,92.6295,93.8663,97.83812307692308,101.80994615384616,105.78176923076923,107.55852046153845,109.17639876923079,110.63540415384615,111.9355366153846,113.07679615384613,114.05918276923079,114.88269646153844,115.54733723076924,116.05310507692309,116.4,120.96863999999997,125.59119999999999,130.29887999999997,135.12232,140.09216,145.20168,150.4388,155.82592,161.386,167.14256,173.09328000000002,179.23112000000003,185.57336,192.13776000000001,198.94280000000003,206.00136000000003,213.29736000000003,220.80640000000005,228.50383999999997,236.3656
,TZA,ABS,unconditional,worst,KYOTOGHG,IPCM0EL,MtCO2eq,AR4,44.483000000000004,45.0439,45.1882,46.1198,46.2865,50.82,47.5213,46.8564,50.601000000000006,52.1877,50.3937,55.5128,58.2422,63.5396,62.9612,67.391,64.7787,67.8493,70.2282,71.3941,75.3564,78.3829,82.0148,86.4887,88.3516,91.2732,92.6295,93.8663,97.83812307692308,101.80994615384616,105.78176923076923,109.7535923076923,113.7254153846154,117.69723846153845,121.66906153846152,125.64088461538459,129.6127076923077,133.58453076923075,137.55635384615385,141.52817692307693,145.5,151.21079999999995,156.98899999999998,162.87359999999995,168.9029,175.1152,181.5021,188.0485,194.7824,201.7325,208.9282,216.3666,224.0389,231.9667,240.1722,248.6785,257.5017,266.62170000000003,276.00800000000004,285.62979999999993,295.457
,TZA,ABS,unconditional,best,KYOTOGHG,IPCM0EL,MtCO2eq,AR4,44.483000000000004,45.0439,45.1882,46.1198,46.2865,50.82,47.5213,46.8564,50.601000000000006,52.1877,50.3937,55.5128,58.2422,63.5396,62.9612,67.391,64.7787,67.8493,70.2282,71.3941,75.3564,78.3829,82.0148,86.4887,88.3516,91.2732,92.6295,93.8663,97.83812307692308,101.80994615384616,105.78176923076923,109.7535923076923,113.7254153846154,117.69723846153845,121.66906153846152,125.64088461538459,129.6127076923077,133.58453076923075,137.55635384615385,141.52817692307693,145.5,151.21079999999995,156.98899999999998,162.87359999999995,168.9029,175.1152,181.5021,188.0485,194.7824,201.7325,208.9282,216.3666,224.0389,231.9667,240.1722,248.6785,257.5017,266.62170000000003,276.00800000000004,285.62979999999993,295.457
,TZA,ABU,conditional,worst,KYOTOGHG,IPCM0EL,MtCO2eq,AR4,44.483000000000004,45.0439,45.1882,46.1198,46.2865,50.82,47.5213,46.8564,50.601000000000006,52.1877,50.3937,55.5128,58.2422,63.5396,62.9612,67.391,64.7787,67.8493,70.2282,71.3941,75.3564,78.3829,82.0148,86.4887,88.3516,91.2732,92.6295,93.8663,97.83812307692308,101.80994615384616,105.78176923076923,108.65605638461538,111.45090707692309,114.16632130769229,116.80229907692305,119.35884038461536,121.83594523076924,124.2336136153846,126.55184553846154,128.790641,130.95,136.08971999999994,141.29009999999997,146.58623999999995,152.01260999999997,157.60367999999997,163.35189,169.24364999999997,175.30415999999997,181.55924999999996,188.03537999999998,194.72994,201.63501,208.77003,216.15498,223.81064999999998,231.75153,239.95953,248.40720000000002,257.0668199999999,265.9113
,TZA,ABU,conditional,best,KYOTOGHG,IPCM0EL,MtCO2eq,AR4,44.483000000000004,45.0439,45.1882,46.1198,46.2865,50.82,47.5213,46.8564,50.601000000000006,52.1877,50.3937,55.5128,58.2422,63.5396,62.9612,67.391,64.7787,67.8493,70.2282,71.3941,75.3564,78.3829,82.0148,86.4887,88.3516,91.2732,92.6295,93.8663,97.83812307692308,101.80994615384616,105.78176923076923,107.55852046153845,109.17639876923079,110.63540415384615,111.9355366153846,113.07679615384613,114.05918276923079,114.88269646153844,115.54733723076924,116.05310507692309,116.4,120.96863999999997,125.59119999999999,130.29887999999997,135.12232,140.09216,145.20168,150.4388,155.82592,161.386,167.14256,173.09328000000002,179.23112000000003,185.57336,192.13776000000001,198.94280000000003,206.00136000000003,213.29736000000003,220.80640000000005,228.50383999999997,236.3656
,TZA,ABU,unconditional,worst,KYOTOGHG,IPCM0EL,MtCO2eq,AR4,44.483000000000004,45.0439,45.1882,46.1198,46.2865,50.82,47.5213,46.8564,50.601000000000006,52.1877,50.3937,55.5128,58.2422,63.5396,62.9612,67.391,64.7787,67.8493,70.2282,71.3941,75.3564,78.3829,82.0148,86.4887,88.3516,91.2732,92.6295,93.8663,97.83812307692308,101.80994615384616,105.78176923076923,109.7535923076923,113.7254153846154,117.69723846153845,121.66906153846152,125.64088461538459,129.6127076923077,133.58453076923075,137.55635384615385,141.52817692307693,145.5,151.21079999999995,156.98899999999998,162.87359999999995,168.9029,175.1152,181.5021,188.0485,194.7824,201.7325,208.9282,216.3666,224.0389,231.9667,240.1722,248.6785,257.5017,266.62170000000003,276.00800000000004,285.62979999999993,295.457
,TZA,ABU,unconditional,best,KYOTOGHG,IPCM0EL,MtCO2eq,AR4,44.483000000000004,45.0439,45.1882,46.1198,46.2865,50.82,47.5213,46.8564,50.601000000000006,52.1877,50.3937,55.5128,58.2422,63.5396,62.9612,67.391,64.7787,67.8493,70.2282,71.3941,75.3564,78.3829,82.0148,86.4887,88.3516,91.2732,92.6295,93.8663,97.83812307692308,101.80994615384616,105.78176923076923,109.7535923076923,113.7254153846154,117.69723846153845,121.66906153846152,125.64088461538459,129.6127076923077,133.58453076923075,137.55635384615385,141.52817692307693,145.5,151.21079999999995,156.98899999999998,162.87359999999995,168.9029,175.1152,181.5021,188.0485,194.7824,201.7325,208.9282,216.3666,224.0389,231.9667,240.1722,248.6785,257.5017,266.62170000000003,276.00800000000004,285.62979999999993,295.457
,TZA,RBU,conditional,worst,KYOTOGHG,IPCM0EL,MtCO2eq,AR4,44.483000000000004,45.0439,45.1882,46.1198,46.2865,50.82,47.5213,46.8564,50.601000000000006,52.1877,50.3937,55.5128,58.2422,63.5396,62.9612,67.391,64.7787,67.8493,70.2282,71.3941,75.3564,78.3829,82.0148,86.4887,88.3516,91.2732,92.6295,93.8663,97.83812307692308,101.80994615384616,105.78176923076923,108.65605638461538,111.45090707692309,114.1663213076923,116.80229907692306,119.35884038461538,121.83594523076925,124.23361361538461,126.55184553846156,128.79064100000002,130.95000000000002,136.08971999999997,141.2901,146.58623999999998,152.01261000000002,157.60368000000003,163.35189000000003,169.24365,175.30416000000002,181.55925000000002,188.03538000000003,194.72994000000003,201.63501000000005,208.77003000000002,216.15498000000002,223.81065000000004,231.75153000000006,239.95953000000006,248.40720000000007,257.06681999999995,265.91130000000004
,TZA,RBU,conditional,best,KYOTOGHG,IPCM0EL,MtCO2eq,AR4,44.483000000000004,45.0439,45.1882,46.1198,46.2865,50.82,47.5213,46.8564,50.601000000000006,52.1877,50.3937,55.5128,58.2422,63.5396,62.9612,67.391,64.7787,67.8493,70.2282,71.3941,75.3564,78.3829,82.0148,86.4887,88.3516,91.2732,92.6295,93.8663,97.83812307692308,101.80994615384616,105.78176923076923,107.55852046153845,109.17639876923079,110.63540415384615,111.9355366153846,113.07679615384613,114.05918276923079,114.88269646153844,115.54733723076924,116.05310507692309,116.4,120.96863999999997,125.59119999999999,130.29887999999997,135.12232,140.09216,145.20168,150.4388,155.82592,161.386,167.14256,173.09328000000002,179.23112000000003,185.57336,192.13776000000001,198.94280000000003,206.00136000000003,213.29736000000003,220.80640000000005,228.50383999999997,236.3656
,TZA,RBU,unconditional,worst,KYOTOGHG,IPCM0EL,MtCO2eq,AR4,44.483000000000004,45.0439,45.1882,46.1198,46.2865,50.82,47.5213,46.8564,50.601000000000006,52.1877,50.3937,55.5128,58.2422,63.5396,62.9612,67.391,64.7787,67.8493,70.2282,71.3941,75.3564,78.3829,82.0148,86.4887,88.3516,91.2732,92.6295,93.8663,97.83812307692308,101.80994615384616,105.78176923076923,109.7535923076923,113.7254153846154,117.69723846153845,121.66906153846152,125.64088461538459,129.6127076923077,133.58453076923075,137.55635384615385,141.52817692307693,145.5,151.21079999999995,156.98899999999998,162.87359999999995,168.9029,175.1152,181.5021,188.0485,194.7824,201.7325,208.9282,216.3666,224.0389,231.9667,240.1722,248.6785,257.5017,266.62170000000003,276.00800000000004,285.62979999999993,295.457
,TZA,RBU,unconditional,best,KYOTOGHG,IPCM0EL,MtCO2eq,AR4,44.483000000000004,45.0439,45.1882,46.1198,46.2865,50.82,47.5213,46.8564,50.601000000000006,52.1877,50.3937,55.5128,58.2422,63.5396,62.9612,67.391,64.7787,67.8493,70.2282,71.3941,75.3564,78.3829,82.0148,86.4887,88.3516,91.2732,92.6295,93.8663,97.83812307692308,101.80994615384616,105.78176923076923,109.7535923076923,113.7254153846154,117.69723846153845,121.66906153846152,125.64088461538459,129.6127076923077,133.58453076923075,137.55635384615385,141.52817692307693,145.5,151.21079999999995,156.98899999999998,162.87359999999995,168.9029,175.1152,181.5021,188.0485,194.7824,201.7325,208.9282,216.3666,224.0389,231.9667,240.1722,248.6785,257.5017,266.62170000000003,276.00800000000004,285.62979999999993,295.457
"No targets calculated, so the baseline emissions are put in as target pathways for all un/conditional best/worst pathways.
",TZA,baseline_emissions,conditional,worst,KYOTOGHG,IPCM0EL,MtCO2eq,AR4,44.483000000000004,45.0439,45.1882,46.1198,46.2865,50.82,47.5213,46.8564,50.601000000000006,52.1877,50.3937,55.5128,58.2422,63.5396,62.9612,67.391,64.7787,67.8493,70.2282,71.3941,75.3564,78.3829,82.0148,86.4887,88.3516,91.2732,92.6295,93.8663,97.83812307692308,101.80994615384616,105.78176923076923,109.7535923076923,113.7254153846154,117.69723846153845,121.66906153846152,125.64088461538459,129.6127076923077,133.58453076923075,137.55635384615385,141.52817692307693,145.5,151.21079999999995,156.98899999999998,162.87359999999995,168.9029,175.1152,181.5021,188.0485,194.7824,201.7325,208.9282,216.3666,224.0389,231.9667,240.1722,248.6785,257.5017,266.62170000000003,276.00800000000004,285.62979999999993,295.457
"No targets calculated, so the baseline emissions are put in as target pathways for all un/conditional best/worst pathways.
",TZA,baseline_emissions,conditional,best,KYOTOGHG,IPCM0EL,MtCO2eq,AR4,44.483000000000004,45.0439,45.1882,46.1198,46.2865,50.82,47.5213,46.8564,50.601000000000006,52.1877,50.3937,55.5128,58.2422,63.5396,62.9612,67.391,64.7787,67.8493,70.2282,71.3941,75.3564,78.3829,82.0148,86.4887,88.3516,91.2732,92.6295,93.8663,97.83812307692308,101.80994615384616,105.78176923076923,109.7535923076923,113.7254153846154,117.69723846153845,121.66906153846152,125.64088461538459,129.6127076923077,133.58453076923075,137.55635384615385,141.52817692307693,145.5,151.21079999999995,156.98899999999998,162.87359999999995,168.9029,175.1152,181.5021,188.0485,194.7824,201.7325,208.9282,216.3666,224.0389,231.9667,240.1722,248.6785,257.5017,266.62170000000003,276.00800000000004,285.62979999999993,295.457
"No targets calculated, so the baseline emissions are put in as target pathways for all un/conditional best/worst pathways.
",TZA,baseline_emissions,unconditional,worst,KYOTOGHG,IPCM0EL,MtCO2eq,AR4,44.483000000000004,45.0439,45.1882,46.1198,46.2865,50.82,47.5213,46.8564,50.601000000000006,52.1877,50.3937,55.5128,58.2422,63.5396,62.9612,67.391,64.7787,67.8493,70.2282,71.3941,75.3564,78.3829,82.0148,86.4887,88.3516,91.2732,92.6295,93.8663,97.83812307692308,101.80994615384616,105.78176923076923,109.7535923076923,113.7254153846154,117.69723846153845,121.66906153846152,125.64088461538459,129.6127076923077,133.58453076923075,137.55635384615385,141.52817692307693,145.5,151.21079999999995,156.98899999999998,162.87359999999995,168.9029,175.1152,181.5021,188.0485,194.7824,201.7325,208.9282,216.3666,224.0389,231.9667,240.1722,248.6785,257.5017,266.62170000000003,276.00800000000004,285.62979999999993,295.457
"No targets calculated, so the baseline emissions are put in as target pathways for all un/conditional best/worst pathways.
",TZA,baseline_emissions,unconditional,best,KYOTOGHG,IPCM0EL,MtCO2eq,AR4,44.483000000000004,45.0439,45.1882,46.1198,46.2865,50.82,47.5213,46.8564,50.601000000000006,52.1877,50.3937,55.5128,58.2422,63.5396,62.9612,67.391,64.7787,67.8493,70.2282,71.3941,75.3564,78.3829,82.0148,86.4887,88.3516,91.2732,92.6295,93.8663,97.83812307692308,101.80994615384616,105.78176923076923,109.7535923076923,113.7254153846154,117.69723846153845,121.66906153846152,125.64088461538459,129.6127076923077,133.58453076923075,137.55635384615385,141.52817692307693,145.5,151.21079999999995,156.98899999999998,162.87359999999995,168.9029,175.1152,181.5021,188.0485,194.7824,201.7325,208.9282,216.3666,224.0389,231.9667,240.1722,248.6785,257.5017,266.62170000000003,276.00800000000004,285.62979999999993,295.457
,TZA,,emi_bau,emi_bau,KYOTOGHG,IPCM0EL,MtCO2eq,AR4,44.483000000000004,45.0439,45.1882,46.1198,46.2865,50.82,47.5213,46.8564,50.601000000000006,52.1877,50.3937,55.5128,58.2422,63.5396,62.9612,67.391,64.7787,67.8493,70.2282,71.3941,75.3564,78.3829,82.0148,86.4887,88.3516,91.2732,92.6295,93.8663,97.83812307692308,101.80994615384616,105.78176923076923,109.7535923076923,113.7254153846154,117.69723846153845,121.66906153846152,125.64088461538459,129.6127076923077,133.58453076923075,137.55635384615385,141.52817692307693,145.5,151.21079999999995,156.98899999999998,162.87359999999995,168.9029,175.1152,181.5021,188.0485,194.7824,201.7325,208.9282,216.3666,224.0389,231.9667,240.1722,248.6785,257.5017,266.62170000000003,276.00800000000004,285.62979999999993,295.457
,TZA,,emi_cov,emi_cov,KYOTOGHG,IPCM0EL,MtCO2eq,AR4,44.483000000000004,45.0439,45.1882,46.1198,46.2865,50.82,47.5213,46.8564,50.601000000000006,52.1877,50.3937,55.5128,58.2422,63.5396,62.9612,67.391,64.7787,67.8493,70.2282,71.3941,75.3564,78.3829,82.0148,86.4887,88.3516,91.2732,92.6295,93.8663,97.83812307692308,101.80994615384616,105.78176923076923,109.7535923076923,113.7254153846154,117.69713841888574,121.66906153846152,125.64078648985372,129.6127076923077,133.58453076923075,137.55635384615385,141.52817692307693,145.5,151.21079999999995,156.98899999999998,162.87359999999995,168.9029,175.1152,181.5021,188.0485,194.7824,201.7325,208.9281045198126,216.3666,224.0389,231.9667,240.1722,248.6784037614205,257.5017,266.62170000000003,276.00790339720004,285.62979999999993,295.457
,TZA,,emi_ncov,emi_ncov,KYOTOGHG,IPCM0EL,MtCO2eq,AR4,0.0,0.0,0.0,0.0,0.0,0.0,0.0,0.0,0.0,0.0,0.0,0.0,0.0,0.0,0.0,0.0,0.0,0.0,0.0,0.0,0.0,0.0,0.0,0.0,0.0,0.0,0.0,0.0,0.0,0.0,0.0,0.0,0.0,0.00010004265269845122,0.0,9.812553087132601e-05,0.0,0.0,0.0,0.0,0.0,0.0,0.0,0.0,0.0,0.0,0.0,0.0,0.0,0.0,9.54801874135316e-05,0.0,0.0,0.0,0.0,9.62385795114642e-05,0.0,0.0,9.660279999511713e-05,0.0,0.0
,TZA,,pc_cov,pc_cov,KYOTOGHG,IPCM0EL,MtCO2eq/MtCO2eq,AR4,1.0,1.0,1.0,1.0,1.0,1.0,1.0,1.0,1.0,1.0,1.0,1.0,1.0,1.0,1.0,1.0,1.0,1.0,1.0,1.0,1.0,1.0,1.0,1.0,1.0,1.0,1.0,1.0,1.0,1.0,1.0,1.0,1.0,0.99999915,1.0,0.9999992190000001,1.0,1.0,1.0,1.0,1.0,1.0,1.0,1.0,1.0,1.0,1.0,1.0,1.0,1.0,0.9999995429999999,1.0,1.0,1.0,1.0,0.999999613,1.0,1.0,0.99999965,1.0,1.0
,UGA,,pop,pop,POP,DEMOGR,Pers,,17354392.0,17953531.0,18561674.0,19175988.0,19793541.0,20413152.0,21032821.0,21655398.0,22290780.0,22952410.0,23650172.0,24388968.0,25167257.0,25980552.0,26821297.0,27684585.0,28571475.0,29486338.0,30431736.0,31411096.0,32428167.0,33476772.0,34558704.0,35694519.0,36911523.0,38225453.0,39649166.0,41166588.0,42032221.4778,43476634.7052,44956878.8648,46479462.7578,48052056.0989,49673795.3453,51343755.009,53060946.532,54827305.1594,56640952.9682,58495261.8929,60383785.032,62300262.9034,64250167.6824,66242113.8277,68274658.9333,70346309.4444,72455519.8385,74604818.782,76795214.0178,79022839.48,81283829.7895,83574320.8947,85902284.654,88274981.4326,90687432.1425,93134591.7158,95611349.1869,98119427.5767,100656716.8386,103212422.2585,105775906.3824,108336688.8683
,UGA,,gdp,gdp,GDPPPP,ECO,2011GKD,,14001527343.75,14187972656.25,14858127929.6875,15515254882.8125,20718603515.625,20869158203.125,21243435546.875,22135027343.75,23940662109.375,25071722656.25,26239193359.375,28148099609.375,29859419921.875,31061255859.375,32893640625.0,36940683593.75,39716480468.75,42628105468.75,46018058593.75,51353839843.75,55708410156.25,60677238281.25,62338996093.75,65195816406.25,68461226562.5,72099359375.0,71805695312.5,74577757812.5,82509778709.8195,88180172866.1303,94126067149.0864,100455574971.1377,107246665289.0457,114446953249.8041,122003292180.9415,129861511268.5035,137998112183.6654,146416544359.3173,155103815618.5742,164049011717.8278,173243246755.5608,182671257157.7991,192383871205.2653,202473033732.9763,213031025301.88,224150635299.1314,235838222045.4643,248063155931.8483,260865303841.7116,274287509350.5579,288375959230.6643,303158279698.7394,318654273595.3269,334905037848.4709,351957332348.0449,369864187383.5112,388735237827.9454,408631190716.5825,429537993365.3471,451443242949.3499,474336158942.2451
"The target value from 'conditional_best' was used for 'conditional_worst' in 2030.
",UGA,ABS,conditional,worst,KYOTOGHG,IPCM0EL,MtCO2eq,AR4,18.4167,18.9852,19.4666,19.9105,19.7454,20.1543,20.329,21.3752,22.6978,22.3756,22.886999999999997,23.8927,24.6077,26.7784,27.0442,29.9218,27.6931,31.2825,37.2563,37.3427,39.7659,39.9799,41.6192,42.7202,43.6472,45.1149,47.8226,48.9117,50.97387975628453,53.03605951256904,55.09823926885356,56.89647481030339,58.67566569022332,60.43581190861334,62.17691346547346,63.89897036080369,65.60198259460401,67.28595016687443,68.95087307761496,70.59675132682558,72.2235849145063,75.31931593903732,78.47075028247167,81.71136716558853,85.07378736760874,88.58967784379924,92.26514306746445,96.09302935895073,100.08487798809938,104.25308866631006,108.61120569372707,113.17630251912391,117.95677279329418,122.95395186977325,128.17041507323648,133.6098823171037,139.29581767063902,145.23556557828695,151.41033570815708,157.80133772835907,164.38987668939805
,UGA,ABS,conditional,best,KYOTOGHG,IPCM0EL,MtCO2eq,AR4,18.4167,18.9852,19.4666,19.9105,19.7454,20.1543,20.329,21.3752,22.6978,22.3756,22.886999999999997,23.8927,24.6077,26.7784,27.0442,29.9218,27.6931,31.2825,37.2563,37.3427,39.7659,39.9799,41.6192,42.7202,43.6472,45.1149,47.8226,48.9117,50.97387975628453,53.03605951256904,55.09823926885356,56.89647481030339,58.67566569022332,60.43581190861334,62.17691346547346,63.89897036080369,65.60198259460401,67.28595016687443,68.95087307761496,70.59675132682558,72.2235849145063,75.31931593903732,78.47075028247167,81.71136716558853,85.07378736760874,88.58967784379924,92.26514306746445,96.09302935895073,100.08487798809938,104.25308866631006,108.61120569372707,113.17630251912391,117.95677279329418,122.95395186977325,128.17041507323648,133.6098823171037,139.29581767063902,145.23556557828695,151.41033570815708,157.80133772835907,164.38987668939805
,UGA,ABS,unconditional,worst,KYOTOGHG,IPCM0EL,MtCO2eq,AR4,18.4167,18.9852,19.4666,19.9105,19.7454,20.1543,20.329,21.3752,22.6978,22.3756,22.886999999999997,23.8927,24.6077,26.7784,27.0442,29.9218,27.6931,31.2825,37.2563,37.3427,39.7659,39.9799,41.6192,42.7202,43.6472,45.1149,47.8226,48.9117,50.97387975628453,53.03605951256904,55.09823926885356,57.16041902513808,59.222598781422604,61.28477853770712,63.346958293991634,65.40913805027616,67.47131780656068,69.53349756284518,71.59567731912972,73.65785707541424,75.72003683169875,78.96563683169875,82.26963683169875,85.66713683169873,89.19233683169874,92.87843683169876,96.73183683169874,100.74503683169874,104.93013683169876,109.30013683169877,113.86923683169874,118.65533683169876,123.66723683169876,128.90633683169875,134.37533683169877,140.07813683169877,146.03933683169873,152.26663683169875,158.74033683169876,165.44073683169873,172.34823683169873
,UGA,ABS,unconditional,best,KYOTOGHG,IPCM0EL,MtCO2eq,AR4,18.4167,18.9852,19.4666,19.9105,19.7454,20.1543,20.329,21.3752,22.6978,22.3756,22.886999999999997,23.8927,24.6077,26.7784,27.0442,29.9218,27.6931,31.2825,37.2563,37.3427,39.7659,39.9799,41.6192,42.7202,43.6472,45.1149,47.8226,48.9117,50.97387975628453,53.03605951256904,55.09823926885356,57.16041902513808,59.222598781422604,61.28477853770712,63.346958293991634,65.40913805027616,67.47131780656068,69.53349756284518,71.59567731912972,73.65785707541424,75.72003683169875,78.96563683169875,82.26963683169875,85.66713683169873,89.19233683169874,92.87843683169876,96.73183683169874,100.74503683169874,104.93013683169876,109.30013683169877,113.86923683169874,118.65533683169876,123.66723683169876,128.90633683169875,134.37533683169877,140.07813683169877,146.03933683169873,152.26663683169875,158.74033683169876,165.44073683169873,172.34823683169873
"The target value from 'conditional_best' was used for 'conditional_worst' in 2030.
",UGA,ABU,conditional,worst,KYOTOGHG,IPCM0EL,MtCO2eq,AR4,18.4167,18.9852,19.4666,19.9105,19.7454,20.1543,20.329,21.3752,22.6978,22.3756,22.886999999999997,23.8927,24.6077,26.7784,27.0442,29.9218,27.6931,31.2825,37.2563,37.3427,39.7659,39.9799,41.6192,42.7202,43.6472,45.1149,47.8226,48.9117,50.97387975628453,53.03605951256904,55.09823926885356,56.89647481030339,58.67566569022332,60.43581190861334,62.17691346547346,63.89897036080369,65.60198259460401,67.28595016687443,68.95087307761496,70.59675132682558,72.2235849145063,75.31931593903732,78.47075028247167,81.71136716558853,85.07378736760874,88.58967784379924,92.26514306746445,96.09302935895073,100.08487798809938,104.25308866631006,108.61120569372707,113.17630251912391,117.95677279329418,122.95395186977325,128.17041507323648,133.6098823171037,139.29581767063902,145.23556557828695,151.41033570815708,157.80133772835907,164.38987668939805
,UGA,ABU,conditional,best,KYOTOGHG,IPCM0EL,MtCO2eq,AR4,18.4167,18.9852,19.4666,19.9105,19.7454,20.1543,20.329,21.3752,22.6978,22.3756,22.886999999999997,23.8927,24.6077,26.7784,27.0442,29.9218,27.6931,31.2825,37.2563,37.3427,39.7659,39.9799,41.6192,42.7202,43.6472,45.1149,47.8226,48.9117,50.97387975628453,53.03605951256904,55.09823926885356,56.89647481030339,58.67566569022332,60.43581190861334,62.17691346547346,63.89897036080369,65.60198259460401,67.28595016687443,68.95087307761496,70.59675132682558,72.2235849145063,75.31931593903732,78.47075028247167,81.71136716558853,85.07378736760874,88.58967784379924,92.26514306746445,96.09302935895073,100.08487798809938,104.25308866631006,108.61120569372707,113.17630251912391,117.95677279329418,122.95395186977325,128.17041507323648,133.6098823171037,139.29581767063902,145.23556557828695,151.41033570815708,157.80133772835907,164.38987668939805
,UGA,ABU,unconditional,worst,KYOTOGHG,IPCM0EL,MtCO2eq,AR4,18.4167,18.9852,19.4666,19.9105,19.7454,20.1543,20.329,21.3752,22.6978,22.3756,22.886999999999997,23.8927,24.6077,26.7784,27.0442,29.9218,27.6931,31.2825,37.2563,37.3427,39.7659,39.9799,41.6192,42.7202,43.6472,45.1149,47.8226,48.9117,50.97387975628453,53.03605951256904,55.09823926885356,57.16041902513808,59.222598781422604,61.28477853770712,63.346958293991634,65.40913805027616,67.47131780656068,69.53349756284518,71.59567731912972,73.65785707541424,75.72003683169875,78.96563683169875,82.26963683169875,85.66713683169873,89.19233683169874,92.87843683169876,96.73183683169874,100.74503683169874,104.93013683169876,109.30013683169877,113.86923683169874,118.65533683169876,123.66723683169876,128.90633683169875,134.37533683169877,140.07813683169877,146.03933683169873,152.26663683169875,158.74033683169876,165.44073683169873,172.34823683169873
,UGA,ABU,unconditional,best,KYOTOGHG,IPCM0EL,MtCO2eq,AR4,18.4167,18.9852,19.4666,19.9105,19.7454,20.1543,20.329,21.3752,22.6978,22.3756,22.886999999999997,23.8927,24.6077,26.7784,27.0442,29.9218,27.6931,31.2825,37.2563,37.3427,39.7659,39.9799,41.6192,42.7202,43.6472,45.1149,47.8226,48.9117,50.97387975628453,53.03605951256904,55.09823926885356,57.16041902513808,59.222598781422604,61.28477853770712,63.346958293991634,65.40913805027616,67.47131780656068,69.53349756284518,71.59567731912972,73.65785707541424,75.72003683169875,78.96563683169875,82.26963683169875,85.66713683169873,89.19233683169874,92.87843683169876,96.73183683169874,100.74503683169874,104.93013683169876,109.30013683169877,113.86923683169874,118.65533683169876,123.66723683169876,128.90633683169875,134.37533683169877,140.07813683169877,146.03933683169873,152.26663683169875,158.74033683169876,165.44073683169873,172.34823683169873
"The target value from 'conditional_best' was used for 'conditional_worst' in 2030.
",UGA,RBU,conditional,worst,KYOTOGHG,IPCM0EL,MtCO2eq,AR4,18.4167,18.9852,19.4666,19.9105,19.7454,20.1543,20.329,21.3752,22.6978,22.3756,22.886999999999997,23.8927,24.6077,26.7784,27.0442,29.9218,27.6931,31.2825,37.2563,37.3427,39.7659,39.9799,41.6192,42.7202,43.6472,45.1149,47.8226,48.9117,50.97387975628453,53.03605951256904,55.09823926885356,56.92711144961923,58.73914952848614,60.53435350545426,62.31272338052362,64.07425915369421,65.81896082496603,67.54682839433907,69.25786186181337,70.95206122738888,72.6294264910656,75.74255316773832,78.91169617356981,82.17052285707841,85.55183730143592,89.08748440609558,92.78360294685557,96.6329990458274,100.64727882600458,104.83891167572723,109.22151800379763,113.81226719877648,118.6196000773863,123.64485949683294,128.89063525315632,134.36066816285845,140.0785541454137,146.0516789154544,152.2611465537266,158.68806114097634,165.3136226763217
,UGA,RBU,conditional,best,KYOTOGHG,IPCM0EL,MtCO2eq,AR4,18.4167,18.9852,19.4666,19.9105,19.7454,20.1543,20.329,21.3752,22.6978,22.3756,22.886999999999997,23.8927,24.6077,26.7784,27.0442,29.9218,27.6931,31.2825,37.2563,37.3427,39.7659,39.9799,41.6192,42.7202,43.6472,45.1149,47.8226,48.9117,50.97387975628453,53.03605951256904,55.09823926885356,56.92711144961923,58.73914952848614,60.53435350545426,62.31272338052362,64.07425915369421,65.81896082496603,67.54682839433907,69.25786186181337,70.95206122738888,72.6294264910656,75.74255316773832,78.91169617356981,82.17052285707841,85.55183730143592,89.08748440609558,92.78360294685557,96.6329990458274,100.64727882600458,104.83891167572723,109.22151800379763,113.81226719877648,118.6196000773863,123.64485949683294,128.89063525315632,134.36066816285845,140.0785541454137,146.0516789154544,152.2611465537266,158.68806114097634,165.3136226763217
,UGA,RBU,unconditional,worst,KYOTOGHG,IPCM0EL,MtCO2eq,AR4,18.4167,18.9852,19.4666,19.9105,19.7454,20.1543,20.329,21.3752,22.6978,22.3756,22.886999999999997,23.8927,24.6077,26.7784,27.0442,29.9218,27.6931,31.2825,37.2563,37.3427,39.7659,39.9799,41.6192,42.7202,43.6472,45.1149,47.8226,48.9117,50.97387975628453,53.03605951256904,55.09823926885356,57.16041902513808,59.222598781422604,61.28477853770712,63.346958293991634,65.40913805027616,67.47131780656068,69.53349756284518,71.59567731912972,73.65785707541424,75.72003683169875,78.96563683169875,82.26963683169875,85.66713683169873,89.19233683169874,92.87843683169876,96.73183683169874,100.74503683169874,104.93013683169876,109.30013683169877,113.86923683169874,118.65533683169876,123.66723683169876,128.90633683169875,134.37533683169877,140.07813683169877,146.03933683169873,152.26663683169875,158.74033683169876,165.44073683169873,172.34823683169873
,UGA,RBU,unconditional,best,KYOTOGHG,IPCM0EL,MtCO2eq,AR4,18.4167,18.9852,19.4666,19.9105,19.7454,20.1543,20.329,21.3752,22.6978,22.3756,22.886999999999997,23.8927,24.6077,26.7784,27.0442,29.9218,27.6931,31.2825,37.2563,37.3427,39.7659,39.9799,41.6192,42.7202,43.6472,45.1149,47.8226,48.9117,50.97387975628453,53.03605951256904,55.09823926885356,57.16041902513808,59.222598781422604,61.28477853770712,63.346958293991634,65.40913805027616,67.47131780656068,69.53349756284518,71.59567731912972,73.65785707541424,75.72003683169875,78.96563683169875,82.26963683169875,85.66713683169873,89.19233683169874,92.87843683169876,96.73183683169874,100.74503683169874,104.93013683169876,109.30013683169877,113.86923683169874,118.65533683169876,123.66723683169876,128.90633683169875,134.37533683169877,140.07813683169877,146.03933683169873,152.26663683169875,158.74033683169876,165.44073683169873,172.34823683169873
"No targets calculated, so the baseline emissions are put in as target pathways for all un/conditional best/worst pathways.
",UGA,baseline_emissions,conditional,worst,KYOTOGHG,IPCM0EL,MtCO2eq,AR4,18.4167,18.9852,19.4666,19.9105,19.7454,20.1543,20.329,21.3752,22.6978,22.3756,22.886999999999997,23.8927,24.6077,26.7784,27.0442,29.9218,27.6931,31.2825,37.2563,37.3427,39.7659,39.9799,41.6192,42.7202,43.6472,45.1149,47.8226,48.9117,50.97387975628453,53.03605951256904,55.09823926885356,57.16041902513808,59.222598781422604,61.28477853770712,63.346958293991634,65.40913805027616,67.47131780656068,69.53349756284518,71.59567731912972,73.65785707541424,75.72003683169875,78.96563683169875,82.26963683169875,85.66713683169873,89.19233683169874,92.87843683169876,96.73183683169874,100.74503683169874,104.93013683169876,109.30013683169877,113.86923683169874,118.65533683169876,123.66723683169876,128.90633683169875,134.37533683169877,140.07813683169877,146.03933683169873,152.26663683169875,158.74033683169876,165.44073683169873,172.34823683169873
"No targets calculated, so the baseline emissions are put in as target pathways for all un/conditional best/worst pathways.
",UGA,baseline_emissions,conditional,best,KYOTOGHG,IPCM0EL,MtCO2eq,AR4,18.4167,18.9852,19.4666,19.9105,19.7454,20.1543,20.329,21.3752,22.6978,22.3756,22.886999999999997,23.8927,24.6077,26.7784,27.0442,29.9218,27.6931,31.2825,37.2563,37.3427,39.7659,39.9799,41.6192,42.7202,43.6472,45.1149,47.8226,48.9117,50.97387975628453,53.03605951256904,55.09823926885356,57.16041902513808,59.222598781422604,61.28477853770712,63.346958293991634,65.40913805027616,67.47131780656068,69.53349756284518,71.59567731912972,73.65785707541424,75.72003683169875,78.96563683169875,82.26963683169875,85.66713683169873,89.19233683169874,92.87843683169876,96.73183683169874,100.74503683169874,104.93013683169876,109.30013683169877,113.86923683169874,118.65533683169876,123.66723683169876,128.90633683169875,134.37533683169877,140.07813683169877,146.03933683169873,152.26663683169875,158.74033683169876,165.44073683169873,172.34823683169873
"No targets calculated, so the baseline emissions are put in as target pathways for all un/conditional best/worst pathways.
",UGA,baseline_emissions,unconditional,worst,KYOTOGHG,IPCM0EL,MtCO2eq,AR4,18.4167,18.9852,19.4666,19.9105,19.7454,20.1543,20.329,21.3752,22.6978,22.3756,22.886999999999997,23.8927,24.6077,26.7784,27.0442,29.9218,27.6931,31.2825,37.2563,37.3427,39.7659,39.9799,41.6192,42.7202,43.6472,45.1149,47.8226,48.9117,50.97387975628453,53.03605951256904,55.09823926885356,57.16041902513808,59.222598781422604,61.28477853770712,63.346958293991634,65.40913805027616,67.47131780656068,69.53349756284518,71.59567731912972,73.65785707541424,75.72003683169875,78.96563683169875,82.26963683169875,85.66713683169873,89.19233683169874,92.87843683169876,96.73183683169874,100.74503683169874,104.93013683169876,109.30013683169877,113.86923683169874,118.65533683169876,123.66723683169876,128.90633683169875,134.37533683169877,140.07813683169877,146.03933683169873,152.26663683169875,158.74033683169876,165.44073683169873,172.34823683169873
"No targets calculated, so the baseline emissions are put in as target pathways for all un/conditional best/worst pathways.
",UGA,baseline_emissions,unconditional,best,KYOTOGHG,IPCM0EL,MtCO2eq,AR4,18.4167,18.9852,19.4666,19.9105,19.7454,20.1543,20.329,21.3752,22.6978,22.3756,22.886999999999997,23.8927,24.6077,26.7784,27.0442,29.9218,27.6931,31.2825,37.2563,37.3427,39.7659,39.9799,41.6192,42.7202,43.6472,45.1149,47.8226,48.9117,50.97387975628453,53.03605951256904,55.09823926885356,57.16041902513808,59.222598781422604,61.28477853770712,63.346958293991634,65.40913805027616,67.47131780656068,69.53349756284518,71.59567731912972,73.65785707541424,75.72003683169875,78.96563683169875,82.26963683169875,85.66713683169873,89.19233683169874,92.87843683169876,96.73183683169874,100.74503683169874,104.93013683169876,109.30013683169877,113.86923683169874,118.65533683169876,123.66723683169876,128.90633683169875,134.37533683169877,140.07813683169877,146.03933683169873,152.26663683169875,158.74033683169876,165.44073683169873,172.34823683169873
,UGA,,emi_bau,emi_bau,KYOTOGHG,IPCM0EL,MtCO2eq,AR4,18.4167,18.9852,19.4666,19.9105,19.7454,20.1543,20.329,21.3752,22.6978,22.3756,22.886999999999997,23.8927,24.6077,26.7784,27.0442,29.9218,27.6931,31.2825,37.2563,37.3427,39.7659,39.9799,41.6192,42.7202,43.6472,45.1149,47.8226,48.9117,50.97387975628453,53.03605951256904,55.09823926885356,57.16041902513808,59.222598781422604,61.28477853770712,63.346958293991634,65.40913805027616,67.47131780656068,69.53349756284518,71.59567731912972,73.65785707541424,75.72003683169875,78.96563683169875,82.26963683169875,85.66713683169873,89.19233683169874,92.87843683169876,96.73183683169874,100.74503683169874,104.93013683169876,109.30013683169877,113.86923683169874,118.65533683169876,123.66723683169876,128.90633683169875,134.37533683169877,140.07813683169877,146.03933683169873,152.26663683169875,158.74033683169876,165.44073683169873,172.34823683169873
,UGA,,emi_cov,emi_cov,KYOTOGHG,IPCM0EL,MtCO2eq,AR4,15.7863832031709,16.26841170981,16.6535423892586,17.011278575576,16.7471781792036,17.080621922067,17.162342460963004,18.1011794689264,19.3193104823386,18.870142915436798,19.275868061072998,20.138960647040303,20.7227805005143,22.758223879512002,22.911792043423198,25.6462973968476,23.294417167782,26.724916381147498,32.532527823238404,32.446683292493,34.6957360190595,34.713463075031605,36.2000756739328,37.234815461081,38.016877277595995,39.3397210786056,41.9024931002146,42.8466560965497,44.69710703480586,46.56484471654849,48.43446255783077,50.30629683195394,52.18004614459994,54.055018667959104,55.9306619922274,57.80654458580999,59.68249054775579,61.55854080031807,63.43467693559785,65.31089096386835,67.18718131811185,70.11401883179224,73.09390053623859,76.15846757548181,79.33856403844304,82.66414374411384,86.14098810264413,89.7623349770878,93.5391067986616,97.48303941249803,101.60695386635497,105.92701249498019,110.45116483462746,115.18068038293002,120.11800004669591,125.26664739103704,130.64883498827464,136.27151845376576,142.11691144829192,148.16722451707147,154.4047545982443
,UGA,,emi_ncov,emi_ncov,KYOTOGHG,IPCM0EL,MtCO2eq,AR4,2.6303167968290997,2.7167882901900002,2.8130576107414007,2.8992214244239984,2.998221820796398,3.073678077932999,3.1666575390369984,3.2740205310736,3.3784895176614,3.5054570845632,3.6111319389269987,3.7537393529596987,3.8849194994856995,4.020176120488,4.132407956576802,4.2755026031523995,4.398682832218,4.5575836188525,4.723772176761599,4.896016707507001,5.070163980940502,5.266436924968399,5.419124326067196,5.485384538918998,5.630322722404001,5.775178921394397,5.920106899785401,6.065043903450305,6.276772721478673,6.471214796020546,6.663776711022792,6.854122193184147,7.042552636822663,7.229759869748018,7.416296301764231,7.602593464466171,7.788827258804887,7.974956762527114,8.161000383531867,8.346966111545889,8.532855513586894,8.851617999906514,9.175736295460151,9.508669256216917,9.853772793255697,10.214293087584915,10.590848729054617,10.982701854610935,11.391030033037158,11.817097419200733,12.262282965343768,12.728324336718572,13.2160719970713,13.725656448768737,14.25733678500287,14.811489440661724,15.390501843424081,15.99511837793298,16.623425383406854,17.273512314627247,17.94348223345443
,UGA,,pc_cov,pc_cov,KYOTOGHG,IPCM0EL,MtCO2eq/MtCO2eq,AR4,0.857177627,0.856899675,0.855493121,0.8543873120000001,0.8481559340000001,0.84749269,0.8442295470000001,0.846830882,0.851153437,0.843335728,0.842219079,0.8428917890000001,0.842125859,0.84987243,0.8471979959999999,0.857110782,0.84116322,0.854308843,0.873208768,0.86888959,0.872499705,0.868272884,0.8697926840000001,0.871597405,0.871003805,0.8719895440000001,0.876206921,0.8760001409999999,0.8768629590000001,0.877984623,0.879056449,0.880089714,0.8810833570000001,0.882030089,0.8829257709999999,0.883768634,0.884560914,0.8853076999999999,0.886012666,0.886679216,0.887310468,0.887905444,0.8884675240000001,0.88900447,0.889522204,0.89002514,0.890513309,0.890985182,0.891441769,0.891883965,0.892312592,0.8927285979999999,0.893131986,0.893522252,0.893899155,0.894262661,0.894613998,0.89495323,0.895279135,0.895590937,0.895888217
,UKR,,pop,pop,POP,DEMOGR,Pers,,51463105.0,51461273.0,51415965.0,51316010.0,51147773.0,50903785.0,50580475.0,50187276.0,49746523.0,49288734.0,48838065.0,48401656.0,47980039.0,47582461.0,47217493.0,46890772.0,46607395.0,46366353.0,46158711.0,45970941.0,45792090.0,45619844.0,45453806.0,45286983.0,45111532.0,44921639.0,44713702.0,44487709.0,44306999.5194,44077616.8229,43842500.7725,43607525.0741,43380115.0822,43159144.3071,42943522.3656,42732191.4085,42525787.9817,42325240.6442,42129968.3446,41939409.9103,41753022.4046,41569237.3007,41387558.0455,41209103.4931,41035044.5218,40866600.2622,40704455.4367,40548582.5784,40399172.0483,40256421.7535,40120536.7317,39993858.4555,39878102.8518,39772559.692,39676541.8377,39589383.9521,39509860.9025,39436212.5737,39367001.8856,39300810.7337,39236238.3442
,UKR,,gdp,gdp,GDPPPP,ECO,2011GKD,,523448437500.0,489295312500.0,450066656250.0,361529875000.0,298896218750.0,257961812500.0,231326703125.0,215047890625.0,206104812500.0,204724812500.0,208990500000.0,220533000000.0,232319046875.0,255279515625.0,293345750000.0,324662500000.0,356290562500.0,404654000000.0,437319437500.0,375936531250.0,388152875000.0,434521375000.0,453456593750.0,466809156250.0,457878656250.0,406552562500.0,406112218750.0,431301656250.0,450858566043.4714,465321530068.3224,479602170398.89,494027616316.2192,508847242160.6306,523911014978.4606,539068709689.1611,554169822164.4949,569127612677.435,583848089556.9172,598169559220.3185,611930400403.6436,624969199949.4773,637505598348.1987,649908916159.7653,662242732195.376,674571813446.1168,686962739498.6261,698999030065.3572,710307439452.1605,721019529881.7117,731263961362.7443,741166439970.6157,750522630346.5103,759341882183.1968,768068687397.7917,777148604240.4448,787032784555.4541,797444129131.7389,807907347281.1775,818584115977.8538,829635066348.1625,841219649220.3008
"The target value from 'unconditional_best' was used for 'conditional_worst' in 2030.
The target value from 'unconditional_best' was used for 'conditional_best' in 2030.
",UKR,ABS,conditional,worst,KYOTOGHG,IPCM0EL,MtCO2eq,AR4,977.6962,891.2581,833.4527,743.8992,628.6065,597.6773,537.9917,523.9884,508.1411,478.2422,459.2383,471.7564,454.1414,454.0161,462.0952,463.3248,473.723,480.3146,464.5694,402.9962,420.5927,441.6933,430.1512,417.3775,369.8191,325.0046,342.0306,326.2222,316.1508,320.2927,324.5333,341.1133209011294,358.1272660674921,375.5790776877906,393.4646961005999,411.77246830211976,430.4949743337712,449.5792886080266,468.9331176539728,488.45471554697417,508.0334625,512.2325625000001,516.4071624999999,520.6235624999999,524.9421625,529.4190625,533.8471625,538.0455625,542.1016625,546.0959625,550.1027624999999,554.0310625,557.8872624999999,561.8870625,566.2440624999999,571.1734624999999,576.4749625,581.8467625000001,587.3553625,593.0667625,599.0465624999999
,UKR,ABS,conditional,best,KYOTOGHG,IPCM0EL,MtCO2eq,AR4,977.6962,891.2581,833.4527,743.8992,628.6065,597.6773,537.9917,523.9884,508.1411,478.2422,459.2383,471.7564,454.1414,454.0161,462.0952,463.3248,473.723,480.3146,464.5694,402.9962,420.5927,441.6933,430.1512,417.3775,369.8191,325.0046,342.0306,326.2222,316.1508,320.2927,324.5333,341.1133209011294,358.1272660674921,375.5790776877906,393.4646961005999,411.77246830211976,430.4949743337712,449.5792886080266,468.9331176539728,488.45471554697417,508.0334625,512.2325625000001,516.4071624999999,520.6235624999999,524.9421625,529.4190625,533.8471625,538.0455625,542.1016625,546.0959625,550.1027624999999,554.0310625,557.8872624999999,561.8870625,566.2440624999999,571.1734624999999,576.4749625,581.8467625000001,587.3553625,593.0667625,599.0465624999999
"The target value from 'unconditional_best' was used for 'unconditional_worst' in 2030.
",UKR,ABS,unconditional,worst,KYOTOGHG,IPCM0EL,MtCO2eq,AR4,977.6962,891.2581,833.4527,743.8992,628.6065,597.6773,537.9917,523.9884,508.1411,478.2422,459.2383,471.7564,454.1414,454.0161,462.0952,463.3248,473.723,480.3146,464.5694,402.9962,420.5927,441.6933,430.1512,417.3775,369.8191,325.0046,342.0306,326.2222,316.1508,320.2927,324.5333,341.1133209011294,358.1272660674921,375.5790776877906,393.4646961005999,411.77246830211976,430.4949743337712,449.5792886080266,468.9331176539728,488.45471554697417,508.0334625,512.2325625000001,516.4071624999999,520.6235624999999,524.9421625,529.4190625,533.8471625,538.0455625,542.1016625,546.0959625,550.1027624999999,554.0310625,557.8872624999999,561.8870625,566.2440624999999,571.1734624999999,576.4749625,581.8467625000001,587.3553625,593.0667625,599.0465624999999
,UKR,ABS,unconditional,best,KYOTOGHG,IPCM0EL,MtCO2eq,AR4,977.6962,891.2581,833.4527,743.8992,628.6065,597.6773,537.9917,523.9884,508.1411,478.2422,459.2383,471.7564,454.1414,454.0161,462.0952,463.3248,473.723,480.3146,464.5694,402.9962,420.5927,441.6933,430.1512,417.3775,369.8191,325.0046,342.0306,326.2222,316.1508,320.2927,324.5333,341.1133209011294,358.1272660674921,375.5790776877906,393.4646961005999,411.77246830211976,430.4949743337712,449.5792886080266,468.9331176539728,488.45471554697417,508.0334625,512.2325625000001,516.4071624999999,520.6235624999999,524.9421625,529.4190625,533.8471625,538.0455625,542.1016625,546.0959625,550.1027624999999,554.0310625,557.8872624999999,561.8870625,566.2440624999999,571.1734624999999,576.4749625,581.8467625000001,587.3553625,593.0667625,599.0465624999999
"The target value from 'unconditional_best' was used for 'conditional_worst' in 2030.
The target value from 'unconditional_best' was used for 'conditional_best' in 2030.
",UKR,RBY,conditional,worst,KYOTOGHG,IPCM0EL,MtCO2eq,AR4,977.6962,891.2581,833.4527,743.8992,628.6065,597.6773,537.9917,523.9884,508.1411,478.2422,459.2383,471.7564,454.1414,454.0161,462.0952,463.3248,473.723,480.3146,464.5694,402.9962,420.5927,441.6933,430.1512,417.3775,369.8191,325.0046,342.0306,326.2222,316.1508,320.2927,324.5333,342.8870781599645,361.72294276218986,381.0463811068761,400.8546025194584,421.136817424935,441.88627082894186,463.0491332672082,484.5301213567289,506.22299621514196,528.0111825,532.2102825000001,536.3848825,540.6012825,544.9198825000001,549.3967825,553.8248825000001,558.0232825,562.0793825000001,566.0736825,570.0804825,574.0087825,577.8649825,581.8647825,586.2217825,591.1511825,596.4526825,601.8244825,607.3330825,613.0444825,619.0242825
,UKR,RBY,conditional,best,KYOTOGHG,IPCM0EL,MtCO2eq,AR4,977.6962,891.2581,833.4527,743.8992,628.6065,597.6773,537.9917,523.9884,508.1411,478.2422,459.2383,471.7564,454.1414,454.0161,462.0952,463.3248,473.723,480.3146,464.5694,402.9962,420.5927,441.6933,430.1512,417.3775,369.8191,325.0046,342.0306,326.2222,316.1508,320.2927,324.5333,342.8870781599645,361.72294276218986,381.0463811068761,400.8546025194584,421.136817424935,441.88627082894186,463.0491332672082,484.5301213567289,506.22299621514196,528.0111825,532.2102825000001,536.3848825,540.6012825,544.9198825000001,549.3967825,553.8248825000001,558.0232825,562.0793825000001,566.0736825,570.0804825,574.0087825,577.8649825,581.8647825,586.2217825,591.1511825,596.4526825,601.8244825,607.3330825,613.0444825,619.0242825
"The target value from 'unconditional_best' was used for 'unconditional_worst' in 2030.
",UKR,RBY,unconditional,worst,KYOTOGHG,IPCM0EL,MtCO2eq,AR4,977.6962,891.2581,833.4527,743.8992,628.6065,597.6773,537.9917,523.9884,508.1411,478.2422,459.2383,471.7564,454.1414,454.0161,462.0952,463.3248,473.723,480.3146,464.5694,402.9962,420.5927,441.6933,430.1512,417.3775,369.8191,325.0046,342.0306,326.2222,316.1508,320.2927,324.5333,342.8870781599645,361.72294276218986,381.0463811068761,400.8546025194584,421.136817424935,441.88627082894186,463.0491332672082,484.5301213567289,506.22299621514196,528.0111825,532.2102825000001,536.3848825,540.6012825,544.9198825000001,549.3967825,553.8248825000001,558.0232825,562.0793825000001,566.0736825,570.0804825,574.0087825,577.8649825,581.8647825,586.2217825,591.1511825,596.4526825,601.8244825,607.3330825,613.0444825,619.0242825
,UKR,RBY,unconditional,best,KYOTOGHG,IPCM0EL,MtCO2eq,AR4,977.6962,891.2581,833.4527,743.8992,628.6065,597.6773,537.9917,523.9884,508.1411,478.2422,459.2383,471.7564,454.1414,454.0161,462.0952,463.3248,473.723,480.3146,464.5694,402.9962,420.5927,441.6933,430.1512,417.3775,369.8191,325.0046,342.0306,326.2222,316.1508,320.2927,324.5333,342.8870781599645,361.72294276218986,381.0463811068761,400.8546025194584,421.136817424935,441.88627082894186,463.0491332672082,484.5301213567289,506.22299621514196,528.0111825,532.2102825000001,536.3848825,540.6012825,544.9198825000001,549.3967825,553.8248825000001,558.0232825,562.0793825000001,566.0736825,570.0804825,574.0087825,577.8649825,581.8647825,586.2217825,591.1511825,596.4526825,601.8244825,607.3330825,613.0444825,619.0242825
"No targets calculated, so the baseline emissions are put in as target pathways for all un/conditional best/worst pathways.
",UKR,baseline_emissions,conditional,worst,KYOTOGHG,IPCM0EL,MtCO2eq,AR4,977.6962,891.2581,833.4527,743.8992,628.6065,597.6773,537.9917,523.9884,508.1411,478.2422,459.2383,471.7564,454.1414,454.0161,462.0952,463.3248,473.723,480.3146,464.5694,402.9962,420.5927,441.6933,430.1512,417.3775,369.8191,325.0046,342.0306,326.2222,316.1508,320.2927,324.5333,328.8963,333.3615,337.9222,342.5656,347.2741,352.0357,356.8037,361.5064,366.07300000000004,370.4339,374.63300000000004,378.8076,383.024,387.3426,391.8195,396.2476,400.44599999999997,404.5021,408.4964,412.5032,416.4315,420.2877,424.2875,428.6445,433.5739,438.8754,444.2472,449.7558,455.4672,461.44699999999995
"No targets calculated, so the baseline emissions are put in as target pathways for all un/conditional best/worst pathways.
",UKR,baseline_emissions,conditional,best,KYOTOGHG,IPCM0EL,MtCO2eq,AR4,977.6962,891.2581,833.4527,743.8992,628.6065,597.6773,537.9917,523.9884,508.1411,478.2422,459.2383,471.7564,454.1414,454.0161,462.0952,463.3248,473.723,480.3146,464.5694,402.9962,420.5927,441.6933,430.1512,417.3775,369.8191,325.0046,342.0306,326.2222,316.1508,320.2927,324.5333,328.8963,333.3615,337.9222,342.5656,347.2741,352.0357,356.8037,361.5064,366.07300000000004,370.4339,374.63300000000004,378.8076,383.024,387.3426,391.8195,396.2476,400.44599999999997,404.5021,408.4964,412.5032,416.4315,420.2877,424.2875,428.6445,433.5739,438.8754,444.2472,449.7558,455.4672,461.44699999999995
"No targets calculated, so the baseline emissions are put in as target pathways for all un/conditional best/worst pathways.
",UKR,baseline_emissions,unconditional,worst,KYOTOGHG,IPCM0EL,MtCO2eq,AR4,977.6962,891.2581,833.4527,743.8992,628.6065,597.6773,537.9917,523.9884,508.1411,478.2422,459.2383,471.7564,454.1414,454.0161,462.0952,463.3248,473.723,480.3146,464.5694,402.9962,420.5927,441.6933,430.1512,417.3775,369.8191,325.0046,342.0306,326.2222,316.1508,320.2927,324.5333,328.8963,333.3615,337.9222,342.5656,347.2741,352.0357,356.8037,361.5064,366.07300000000004,370.4339,374.63300000000004,378.8076,383.024,387.3426,391.8195,396.2476,400.44599999999997,404.5021,408.4964,412.5032,416.4315,420.2877,424.2875,428.6445,433.5739,438.8754,444.2472,449.7558,455.4672,461.44699999999995
"No targets calculated, so the baseline emissions are put in as target pathways for all un/conditional best/worst pathways.
",UKR,baseline_emissions,unconditional,best,KYOTOGHG,IPCM0EL,MtCO2eq,AR4,977.6962,891.2581,833.4527,743.8992,628.6065,597.6773,537.9917,523.9884,508.1411,478.2422,459.2383,471.7564,454.1414,454.0161,462.0952,463.3248,473.723,480.3146,464.5694,402.9962,420.5927,441.6933,430.1512,417.3775,369.8191,325.0046,342.0306,326.2222,316.1508,320.2927,324.5333,328.8963,333.3615,337.9222,342.5656,347.2741,352.0357,356.8037,361.5064,366.07300000000004,370.4339,374.63300000000004,378.8076,383.024,387.3426,391.8195,396.2476,400.44599999999997,404.5021,408.4964,412.5032,416.4315,420.2877,424.2875,428.6445,433.5739,438.8754,444.2472,449.7558,455.4672,461.44699999999995
,UKR,,emi_bau,emi_bau,KYOTOGHG,IPCM0EL,MtCO2eq,AR4,977.6962,891.2581,833.4527,743.8992,628.6065,597.6773,537.9917,523.9884,508.1411,478.2422,459.2383,471.7564,454.1414,454.0161,462.0952,463.3248,473.723,480.3146,464.5694,402.9962,420.5927,441.6933,430.1512,417.3775,369.8191,325.0046,342.0306,326.2222,316.1508,320.2927,324.5333,328.8963,333.3615,337.9222,342.5656,347.2741,352.0357,356.8037,361.5064,366.07300000000004,370.4339,374.63300000000004,378.8076,383.024,387.3426,391.8195,396.2476,400.44599999999997,404.5021,408.4964,412.5032,416.4315,420.2877,424.2875,428.6445,433.5739,438.8754,444.2472,449.7558,455.4672,461.44699999999995
,UKR,,emi_cov,emi_cov,KYOTOGHG,IPCM0EL,MtCO2eq,AR4,977.6962,891.2581,833.4527,743.8992,628.6065,597.6773,537.9917,523.9884,508.1411,478.2422,459.2383,471.7564,454.1414,454.0161,462.0952,463.3248,473.723,480.3146,464.5694,402.9962,420.5927,441.6933,430.1512,417.3775,369.8191,325.0046,342.0306,326.2222,316.1508,320.2927,324.5333,328.8963,333.3615,337.9222,342.5656,347.2741,352.0357,356.8037,361.5064,366.07300000000004,370.4339,374.63300000000004,378.8076,383.024,387.3426,391.8195,396.2476,400.44599999999997,404.5021,408.4964,412.5032,416.4315,420.2877,424.2875,428.6445,433.5739,438.8754,444.2472,449.7558,455.4672,461.44699999999995
,UKR,,emi_ncov,emi_ncov,KYOTOGHG,IPCM0EL,MtCO2eq,AR4,0.0,0.0,0.0,0.0,0.0,0.0,0.0,0.0,0.0,0.0,0.0,0.0,0.0,0.0,0.0,0.0,0.0,0.0,0.0,0.0,0.0,0.0,0.0,0.0,0.0,0.0,0.0,0.0,0.0,0.0,0.0,0.0,0.0,0.0,0.0,0.0,0.0,0.0,0.0,0.0,0.0,0.0,0.0,0.0,0.0,0.0,0.0,0.0,0.0,0.0,0.0,0.0,0.0,0.0,0.0,0.0,0.0,0.0,0.0,0.0,0.0
,UKR,,pc_cov,pc_cov,KYOTOGHG,IPCM0EL,MtCO2eq/MtCO2eq,AR4,1.0,1.0,1.0,1.0,1.0,1.0,1.0,1.0,1.0,1.0,1.0,1.0,1.0,1.0,1.0,1.0,1.0,1.0,1.0,1.0,1.0,1.0,1.0,1.0,1.0,1.0,1.0,1.0,1.0,1.0,1.0,1.0,1.0,1.0,1.0,1.0,1.0,1.0,1.0,1.0,1.0,1.0,1.0,1.0,1.0,1.0,1.0,1.0,1.0,1.0,1.0,1.0,1.0,1.0,1.0,1.0,1.0,1.0,1.0,1.0,1.0
,UMI,,pop,pop,POP,DEMOGR,Pers,,,,,,,,,,,,,,,,,,,,,,,,,,,,,,,,,,,,,,,,,,,,,,,,,,,,,,,,,,,,,,
,UMI,,gdp,gdp,GDPPPP,ECO,2011GKD,,,,,,,,,,,,,,,,,,,,,,,,,,,,,,,,,,,,,,,,,,,,,,,,,,,,,,,,,,,,,,
"No targets calculated, so the baseline emissions are put in as target pathways for all un/conditional best/worst pathways.
",UMI,baseline_emissions,conditional,worst,KYOTOGHG,IPCM0EL,MtCO2eq,AR4,,,,,,,,,,,,,,,,,,,,,,,,,,,,,,,,,,,,,,,,,,,,,,,,,,,,,,,,,,,,,
"No targets calculated, so the baseline emissions are put in as target pathways for all un/conditional best/worst pathways.
",UMI,baseline_emissions,conditional,best,KYOTOGHG,IPCM0EL,MtCO2eq,AR4,,,,,,,,,,,,,,,,,,,,,,,,,,,,,,,,,,,,,,,,,,,,,,,,,,,,,,,,,,,,,
"No targets calculated, so the baseline emissions are put in as target pathways for all un/conditional best/worst pathways.
",UMI,baseline_emissions,unconditional,worst,KYOTOGHG,IPCM0EL,MtCO2eq,AR4,,,,,,,,,,,,,,,,,,,,,,,,,,,,,,,,,,,,,,,,,,,,,,,,,,,,,,,,,,,,,
"No targets calculated, so the baseline emissions are put in as target pathways for all un/conditional best/worst pathways.
",UMI,baseline_emissions,unconditional,best,KYOTOGHG,IPCM0EL,MtCO2eq,AR4,,,,,,,,,,,,,,,,,,,,,,,,,,,,,,,,,,,,,,,,,,,,,,,,,,,,,,,,,,,,,
,UMI,,emi_bau,emi_bau,KYOTOGHG,IPCM0EL,MtCO2eq,AR4,,,,,,,,,,,,,,,,,,,,,,,,,,,,,,,,,,,,,,,,,,,,,,,,,,,,,,,,,,,,,
,UMI,,emi_cov,emi_cov,KYOTOGHG,IPCM0EL,MtCO2eq,AR4,,,,,,,,,,,,,,,,,,,,,,,,,,,,,,,,,,,,,,,,,,,,,,,,,,,,,,,,,,,,,
,UMI,,emi_ncov,emi_ncov,KYOTOGHG,IPCM0EL,MtCO2eq,AR4,,,,,,,,,,,,,,,,,,,,,,,,,,,,,,,,,,,,,,,,,,,,,,,,,,,,,,,,,,,,,
,UMI,,pc_cov,pc_cov,KYOTOGHG,IPCM0EL,MtCO2eq/MtCO2eq,AR4,0.0,0.0,0.0,0.0,0.0,0.0,0.0,0.0,0.0,0.0,0.0,0.0,0.0,0.0,0.0,0.0,0.0,0.0,0.0,0.0,0.0,0.0,0.0,0.0,0.0,0.0,0.0,0.0,0.0,0.0,0.0,0.0,0.0,0.0,0.0,0.0,0.0,0.0,0.0,0.0,0.0,0.0,0.0,0.0,0.0,0.0,0.0,0.0,0.0,0.0,0.0,0.0,0.0,0.0,0.0,0.0,0.0,0.0,0.0,0.0,0.0
,URY,,pop,pop,POP,DEMOGR,Pers,,3109601.0,3131660.0,3154464.0,3177745.0,3201151.0,3224281.0,3247381.0,3270164.0,3291053.0,3308012.0,3319736.0,3325473.0,3326040.0,3323668.0,3321476.0,3321803.0,3325401.0,3331749.0,3340221.0,3349676.0,3359275.0,3368934.0,3378975.0,3389443.0,3400436.0,3412009.0,3424129.0,3436641.0,3447065.5917,3461102.5507,3475456.0839,3490555.2967,3506636.0388,3523436.8931,3540696.1891,3558151.9389,3575637.5659,3593012.2935,3610051.2375,3626527.8529,3642214.0354,3657314.6352,3672149.7706,3686663.676,3700801.2675,3714508.0883,3727832.733,3740868.2842,3753627.976,3766125.7024,3778375.9933,3790399.0158,3802219.3244,3813859.0263,3825340.9304,3836688.5299,3847798.5211,3858587.0227,3869106.2395,3879407.1715,3889539.6717
,URY,,gdp,gdp,GDPPPP,ECO,2011GKD,,27592626953.125,28896541015.625,32365410156.25,33754738281.25,36734992187.5,36471156250.0,38565234375.0,39264699218.75,40045609375.0,38055148437.5,36142843750.0,34458238281.25,31506990234.375,31281751953.125,32386037109.375,34200535156.25,36241496093.75,39957257812.5,44943671875.0,48537554687.5,55318527343.75,60862441406.25,63238562500.0,66387765625.0,68579570312.5,67934398437.5,68765226562.5,70112250000.0,77395827813.746,79916465746.4044,82370390672.9815,84801231636.0379,87239404779.9332,89673785178.5762,92093137746.9667,94486128818.1051,96836070010.9578,99125946116.2056,101343862300.5814,103477917422.1567,105516202231.8066,107456619732.4331,109312640729.9489,111095799937.7422,112817769104.8041,114490358906.6361,116115378453.752,117697931861.4877,119254731139.0209,120802291455.984,122356938613.2214,123894711017.8877,125392094969.3051,126865908762.0606,128332899701.4018,129809745575.9106,131302996994.3193,132805013637.4677,134311135346.7336,135816691527.0731,137316996320.545
"The target value from 'conditional_best' was used for 'conditional_worst' in 2025.
",URY,ABS,conditional,worst,KYOTOGHG,IPCM0EL,MtCO2eq,AR4,28.4006,29.8894,31.5001,31.3121,30.8141,31.901,34.2345,34.7829,35.0387,34.4647,30.8083,32.045,33.6803,32.9025,33.1984,34.7635,38.0239,37.1328,40.3009,38.253,33.861,38.0482,41.6592,38.3685,35.36199999999999,36.5752,37.3927,36.9207,37.630975,38.34125,39.051525,39.667597499574605,40.28030447339384,40.88964592145774,41.49562184376628,42.098232240319454,42.74310163559612,43.370974779572215,43.978590763567965,44.562688678903605,45.1198099860703,45.65015231589713,46.1578659157947,46.64463064781016,47.11281808189242,47.56450334174681,47.99751248825344,48.41184552141236,48.812739658194076,49.205036853910954,49.59367787928993,49.97194328614239,50.33420059583963,50.68677399491214,51.03608648530488,51.38826462271923,51.74449419212965,52.10042731529645,52.453297160612564,52.80033689647094,53.138977322093545
,URY,ABS,conditional,best,KYOTOGHG,IPCM0EL,MtCO2eq,AR4,28.4006,29.8894,31.5001,31.3121,30.8141,31.901,34.2345,34.7829,35.0387,34.4647,30.8083,32.045,33.6803,32.9025,33.1984,34.7635,38.0239,37.1328,40.3009,38.253,33.861,38.0482,41.6592,38.3685,35.36199999999999,36.5752,37.3927,36.9207,37.630975,38.34125,39.051525,39.667597499574605,40.28030447339384,40.88964592145774,41.49562184376628,42.098232240319454,42.74310163559612,43.370974779572215,43.978590763567965,44.562688678903605,45.1198099860703,45.65015231589713,46.1578659157947,46.64463064781016,47.11281808189242,47.56450334174681,47.99751248825344,48.41184552141236,48.812739658194076,49.205036853910954,49.59367787928993,49.97194328614239,50.33420059583963,50.68677399491214,51.03608648530488,51.38826462271923,51.74449419212965,52.10042731529645,52.453297160612564,52.80033689647094,53.138977322093545
"The target value from 'unconditional_best' was used for 'unconditional_worst' in 2025.
",URY,ABS,unconditional,worst,KYOTOGHG,IPCM0EL,MtCO2eq,AR4,28.4006,29.8894,31.5001,31.3121,30.8141,31.901,34.2345,34.7829,35.0387,34.4647,30.8083,32.045,33.6803,32.9025,33.1984,34.7635,38.0239,37.1328,40.3009,38.253,33.861,38.0482,41.6592,38.3685,35.36199999999999,36.5752,37.3927,36.9207,37.630975,38.34125,39.051525,40.23177290980047,41.428811307381096,42.64264019274189,43.87325956588284,45.12066942680393,45.77326942680393,46.40866942680393,47.02356942680393,47.61466942680393,48.17846942680393,48.71516942680393,49.22896942680393,49.72156942680393,50.19536942680393,50.65246942680393,51.09066942680393,51.50996942680393,51.91566942680393,52.31266942680393,52.70596942680393,53.08876942680394,53.455369426803934,53.81216942680393,54.16566942680393,54.52206942680393,54.88256942680393,55.24276942680393,55.59986942680393,55.95106942680393,56.293769426803934
,URY,ABS,unconditional,best,KYOTOGHG,IPCM0EL,MtCO2eq,AR4,28.4006,29.8894,31.5001,31.3121,30.8141,31.901,34.2345,34.7829,35.0387,34.4647,30.8083,32.045,33.6803,32.9025,33.1984,34.7635,38.0239,37.1328,40.3009,38.253,33.861,38.0482,41.6592,38.3685,35.36199999999999,36.5752,37.3927,36.9207,37.630975,38.34125,39.051525,40.23177290980047,41.428811307381096,42.64264019274189,43.87325956588284,45.12066942680393,45.77326942680393,46.40866942680393,47.02356942680393,47.61466942680393,48.17846942680393,48.71516942680393,49.22896942680393,49.72156942680393,50.19536942680393,50.65246942680393,51.09066942680393,51.50996942680393,51.91566942680393,52.31266942680393,52.70596942680393,53.08876942680394,53.455369426803934,53.81216942680393,54.16566942680393,54.52206942680393,54.88256942680393,55.24276942680393,55.59986942680393,55.95106942680393,56.293769426803934
"The target value from 'conditional_best' was used for 'conditional_worst' in 2025.
",URY,ABU,conditional,worst,KYOTOGHG,IPCM0EL,MtCO2eq,AR4,28.4006,29.8894,31.5001,31.3121,30.8141,31.901,34.2345,34.7829,35.0387,34.4647,30.8083,32.045,33.6803,32.9025,33.1984,34.7635,38.0239,37.1328,40.3009,38.253,33.861,38.0482,41.6592,38.3685,35.36199999999999,36.5752,37.3927,36.9207,37.630975,38.34125,39.051525,31.809440000000002,24.283244999999997,16.472939999999998,8.378524999999998,0.0,0.0,0.0,0.0,0.0,0.0,0.0,0.0,0.0,0.0,0.0,0.0,0.0,0.0,0.0,0.0,0.0,0.0,0.0,0.0,0.0,0.0,0.0,0.0,0.0,0.0
,URY,ABU,conditional,best,KYOTOGHG,IPCM0EL,MtCO2eq,AR4,28.4006,29.8894,31.5001,31.3121,30.8141,31.901,34.2345,34.7829,35.0387,34.4647,30.8083,32.045,33.6803,32.9025,33.1984,34.7635,38.0239,37.1328,40.3009,38.253,33.861,38.0482,41.6592,38.3685,35.36199999999999,36.5752,37.3927,36.9207,37.630975,38.34125,39.051525,31.809440000000002,24.283244999999997,16.472939999999998,8.378524999999998,0.0,0.0,0.0,0.0,0.0,0.0,0.0,0.0,0.0,0.0,0.0,0.0,0.0,0.0,0.0,0.0,0.0,0.0,0.0,0.0,0.0,0.0,0.0,0.0,0.0,0.0
"The target value from 'unconditional_best' was used for 'unconditional_worst' in 2025.
",URY,ABU,unconditional,worst,KYOTOGHG,IPCM0EL,MtCO2eq,AR4,28.4006,29.8894,31.5001,31.3121,30.8141,31.901,34.2345,34.7829,35.0387,34.4647,30.8083,32.045,33.6803,32.9025,33.1984,34.7635,38.0239,37.1328,40.3009,38.253,33.861,38.0482,41.6592,38.3685,35.36199999999999,36.5752,37.3927,36.9207,37.630975,38.34125,39.051525,31.863344256837838,24.392979324178487,16.64043020202196,8.605696890368252,0.28877938921736046,0.29320297140080925,0.2975099651479183,0.3016780017470642,0.30568471248662377,0.3095063729754813,0.3131443388931291,0.31662707950890595,0.3199661180984966,0.3231777228158089,0.32627612829551234,0.3292464220631912,0.3320886041188456,0.3348385999690221,0.33752962376128254,0.340195567482935,0.3427903380312406,0.34527529854066796,0.3476938307549715,0.35008999425765175,0.35250581511297074,0.35494942739788227,0.35739100616355535,0.3598115718970974,0.362192145085616,0.36451510189571085
,URY,ABU,unconditional,best,KYOTOGHG,IPCM0EL,MtCO2eq,AR4,28.4006,29.8894,31.5001,31.3121,30.8141,31.901,34.2345,34.7829,35.0387,34.4647,30.8083,32.045,33.6803,32.9025,33.1984,34.7635,38.0239,37.1328,40.3009,38.253,33.861,38.0482,41.6592,38.3685,35.36199999999999,36.5752,37.3927,36.9207,37.630975,38.34125,39.051525,31.863344256837838,24.392979324178487,16.64043020202196,8.605696890368252,0.28877938921736046,0.29320297140080925,0.2975099651479183,0.3016780017470642,0.30568471248662377,0.3095063729754813,0.3131443388931291,0.31662707950890595,0.3199661180984966,0.3231777228158089,0.32627612829551234,0.3292464220631912,0.3320886041188456,0.3348385999690221,0.33752962376128254,0.340195567482935,0.3427903380312406,0.34527529854066796,0.3476938307549715,0.35008999425765175,0.35250581511297074,0.35494942739788227,0.35739100616355535,0.3598115718970974,0.362192145085616,0.36451510189571085
"The target value from 'conditional_best' was used for 'conditional_worst' in 2025.
",URY,RBU,conditional,worst,KYOTOGHG,IPCM0EL,MtCO2eq,AR4,28.4006,29.8894,31.5001,31.3121,30.8141,31.901,34.2345,34.7829,35.0387,34.4647,30.8083,32.045,33.6803,32.9025,33.1984,34.7635,38.0239,37.1328,40.3009,38.253,33.861,38.0482,41.6592,38.3685,35.36199999999999,36.5752,37.3927,36.9207,37.630975,38.34125,39.051525,35.66461540391211,32.131327736962916,28.451661999152435,24.625618190480658,20.65319631094758,20.969566227374028,21.277597862215227,21.575691428887957,21.862247140809,22.135568254632528,22.39575172712115,22.644833650289875,22.883638156620965,23.11332872726585,23.334923408232033,23.547355675130696,23.750625527961848,23.9473023209349,24.13976149473401,24.330426968424668,24.516002212077822,24.69372395795881,24.866694822471462,25.0380659004009,25.210842851388314,25.38560741600942,25.5602265454866,25.73334284514318,25.903598920302496,26.069734333050498
,URY,RBU,conditional,best,KYOTOGHG,IPCM0EL,MtCO2eq,AR4,28.4006,29.8894,31.5001,31.3121,30.8141,31.901,34.2345,34.7829,35.0387,34.4647,30.8083,32.045,33.6803,32.9025,33.1984,34.7635,38.0239,37.1328,40.3009,38.253,33.861,38.0482,41.6592,38.3685,35.36199999999999,36.5752,37.3927,36.9207,37.630975,38.34125,39.051525,35.66461540391211,32.131327736962916,28.451661999152435,24.625618190480658,20.65319631094758,20.969566227374028,21.277597862215227,21.575691428887957,21.862247140809,22.135568254632528,22.39575172712115,22.644833650289875,22.883638156620965,23.11332872726585,23.334923408232033,23.547355675130696,23.750625527961848,23.9473023209349,24.13976149473401,24.330426968424668,24.516002212077822,24.69372395795881,24.866694822471462,25.0380659004009,25.210842851388314,25.38560741600942,25.5602265454866,25.73334284514318,25.903598920302496,26.069734333050498
"The target value from 'unconditional_best' was used for 'unconditional_worst' in 2025.
",URY,RBU,unconditional,worst,KYOTOGHG,IPCM0EL,MtCO2eq,AR4,28.4006,29.8894,31.5001,31.3121,30.8141,31.901,34.2345,34.7829,35.0387,34.4647,30.8083,32.045,33.6803,32.9025,33.1984,34.7635,38.0239,37.1328,40.3009,38.253,33.861,38.0482,41.6592,38.3685,35.36199999999999,36.5752,37.3927,36.9207,37.630975,38.34125,39.051525,35.94091879671187,32.69380587608873,29.310186238130598,25.790059882837454,22.133426810209304,22.47247120240661,22.802579701950236,23.12203786431941,23.429131244993368,23.722041493722823,24.0008725162363,24.26780633283295,24.523726142205298,24.76987881309571,25.007355355653768,25.235012806865626,25.452851166731286,25.663623937056826,25.869876808191258,26.074207423347865,26.273082987756585,26.46354218815427,26.64891000785393,26.832563383032827,27.017723391275425,27.205013466952913,27.392147684037603,27.57767136233006,27.76012982163085,27.93817228746906
,URY,RBU,unconditional,best,KYOTOGHG,IPCM0EL,MtCO2eq,AR4,28.4006,29.8894,31.5001,31.3121,30.8141,31.901,34.2345,34.7829,35.0387,34.4647,30.8083,32.045,33.6803,32.9025,33.1984,34.7635,38.0239,37.1328,40.3009,38.253,33.861,38.0482,41.6592,38.3685,35.36199999999999,36.5752,37.3927,36.9207,37.630975,38.34125,39.051525,35.94091879671187,32.69380587608873,29.310186238130598,25.790059882837454,22.133426810209304,22.47247120240661,22.802579701950236,23.12203786431941,23.429131244993368,23.722041493722823,24.0008725162363,24.26780633283295,24.523726142205298,24.76987881309571,25.007355355653768,25.235012806865626,25.452851166731286,25.663623937056826,25.869876808191258,26.074207423347865,26.273082987756585,26.46354218815427,26.64891000785393,26.832563383032827,27.017723391275425,27.205013466952913,27.392147684037603,27.57767136233006,27.76012982163085,27.93817228746906
"The target value from 'conditional_best' was used for 'conditional_worst' in 2025.
",URY,REI,conditional,worst,KYOTOGHG,IPCM0EL,MtCO2eq,AR4,28.4006,29.8894,31.5001,31.3121,30.8141,31.901,34.2345,34.7829,35.0387,34.4647,30.8083,32.045,33.6803,32.9025,33.1984,34.7635,38.0239,37.1328,40.3009,38.253,33.861,38.0482,41.6592,38.3685,35.36199999999999,36.5752,37.3927,36.9207,37.630975,38.34125,39.051525,40.58084957631325,42.13943592839196,43.727284056236165,45.34439395984584,46.990765639220996,47.643365639220995,48.278765639221,48.893665639221,49.484765639220996,50.048565639220996,50.585265639221,51.099065639220996,51.591665639221,52.065465639220996,52.522565639221,52.960765639220995,53.380065639220994,53.785765639221,54.182765639220996,54.576065639221,54.95886563922101,55.325465639221,55.682265639221,56.035765639221,56.392165639221,56.752665639221,57.112865639221,57.469965639220995,57.821165639221,58.163865639221
,URY,REI,conditional,best,KYOTOGHG,IPCM0EL,MtCO2eq,AR4,28.4006,29.8894,31.5001,31.3121,30.8141,31.901,34.2345,34.7829,35.0387,34.4647,30.8083,32.045,33.6803,32.9025,33.1984,34.7635,38.0239,37.1328,40.3009,38.253,33.861,38.0482,41.6592,38.3685,35.36199999999999,36.5752,37.3927,36.9207,37.630975,38.34125,39.051525,40.58084957631325,42.13943592839196,43.727284056236165,45.34439395984584,46.990765639220996,47.643365639220995,48.278765639221,48.893665639221,49.484765639220996,50.048565639220996,50.585265639221,51.099065639220996,51.591665639221,52.065465639220996,52.522565639221,52.960765639220995,53.380065639220994,53.785765639221,54.182765639220996,54.576065639221,54.95886563922101,55.325465639221,55.682265639221,56.035765639221,56.392165639221,56.752665639221,57.112865639221,57.469965639220995,57.821165639221,58.163865639221
"The target value from 'unconditional_best' was used for 'unconditional_worst' in 2025.
",URY,REI,unconditional,worst,KYOTOGHG,IPCM0EL,MtCO2eq,AR4,28.4006,29.8894,31.5001,31.3121,30.8141,31.901,34.2345,34.7829,35.0387,34.4647,30.8083,32.045,33.6803,32.9025,33.1984,34.7635,38.0239,37.1328,40.3009,38.253,33.861,38.0482,41.6592,38.3685,35.36199999999999,36.5752,37.3927,36.9207,37.630975,38.34125,39.051525,41.125439090546685,43.24807123485542,45.419421432926214,47.63948968475907,49.90827599035397,50.56087599035397,51.196275990353975,51.81117599035397,52.40227599035397,52.96607599035397,53.502775990353975,54.01657599035397,54.509175990353974,54.98297599035397,55.440075990353975,55.87827599035397,56.29757599035397,56.70327599035397,57.10027599035397,57.493575990353975,57.876375990353985,58.242975990353976,58.599775990353976,58.95327599035397,59.30967599035397,59.670175990353975,60.030375990353974,60.38747599035397,60.738675990353975,61.081375990353976
,URY,REI,unconditional,best,KYOTOGHG,IPCM0EL,MtCO2eq,AR4,28.4006,29.8894,31.5001,31.3121,30.8141,31.901,34.2345,34.7829,35.0387,34.4647,30.8083,32.045,33.6803,32.9025,33.1984,34.7635,38.0239,37.1328,40.3009,38.253,33.861,38.0482,41.6592,38.3685,35.36199999999999,36.5752,37.3927,36.9207,37.630975,38.34125,39.051525,41.125439090546685,43.24807123485542,45.419421432926214,47.63948968475907,49.90827599035397,50.56087599035397,51.196275990353975,51.81117599035397,52.40227599035397,52.96607599035397,53.502775990353975,54.01657599035397,54.509175990353974,54.98297599035397,55.440075990353975,55.87827599035397,56.29757599035397,56.70327599035397,57.10027599035397,57.493575990353975,57.876375990353985,58.242975990353976,58.599775990353976,58.95327599035397,59.30967599035397,59.670175990353975,60.030375990353974,60.38747599035397,60.738675990353975,61.081375990353976
"No targets calculated, so the baseline emissions are put in as target pathways for all un/conditional best/worst pathways.
",URY,baseline_emissions,conditional,worst,KYOTOGHG,IPCM0EL,MtCO2eq,AR4,28.4006,29.8894,31.5001,31.3121,30.8141,31.901,34.2345,34.7829,35.0387,34.4647,30.8083,32.045,33.6803,32.9025,33.1984,34.7635,38.0239,37.1328,40.3009,38.253,33.861,38.0482,41.6592,38.3685,35.36199999999999,36.5752,37.3927,36.9207,37.630975,38.34125,39.051525,39.7618,40.472075,41.18235,41.892625,42.6029,43.2555,43.8909,44.5058,45.0969,45.6607,46.1974,46.7112,47.2038,47.6776,48.1347,48.5729,48.9922,49.3979,49.7949,50.1882,50.57100000000001,50.9376,51.2944,51.6479,52.0043,52.3648,52.725,53.0821,53.4333,53.776
"No targets calculated, so the baseline emissions are put in as target pathways for all un/conditional best/worst pathways.
",URY,baseline_emissions,conditional,best,KYOTOGHG,IPCM0EL,MtCO2eq,AR4,28.4006,29.8894,31.5001,31.3121,30.8141,31.901,34.2345,34.7829,35.0387,34.4647,30.8083,32.045,33.6803,32.9025,33.1984,34.7635,38.0239,37.1328,40.3009,38.253,33.861,38.0482,41.6592,38.3685,35.36199999999999,36.5752,37.3927,36.9207,37.630975,38.34125,39.051525,39.7618,40.472075,41.18235,41.892625,42.6029,43.2555,43.8909,44.5058,45.0969,45.6607,46.1974,46.7112,47.2038,47.6776,48.1347,48.5729,48.9922,49.3979,49.7949,50.1882,50.57100000000001,50.9376,51.2944,51.6479,52.0043,52.3648,52.725,53.0821,53.4333,53.776
"No targets calculated, so the baseline emissions are put in as target pathways for all un/conditional best/worst pathways.
",URY,baseline_emissions,unconditional,worst,KYOTOGHG,IPCM0EL,MtCO2eq,AR4,28.4006,29.8894,31.5001,31.3121,30.8141,31.901,34.2345,34.7829,35.0387,34.4647,30.8083,32.045,33.6803,32.9025,33.1984,34.7635,38.0239,37.1328,40.3009,38.253,33.861,38.0482,41.6592,38.3685,35.36199999999999,36.5752,37.3927,36.9207,37.630975,38.34125,39.051525,39.7618,40.472075,41.18235,41.892625,42.6029,43.2555,43.8909,44.5058,45.0969,45.6607,46.1974,46.7112,47.2038,47.6776,48.1347,48.5729,48.9922,49.3979,49.7949,50.1882,50.57100000000001,50.9376,51.2944,51.6479,52.0043,52.3648,52.725,53.0821,53.4333,53.776
"No targets calculated, so the baseline emissions are put in as target pathways for all un/conditional best/worst pathways.
",URY,baseline_emissions,unconditional,best,KYOTOGHG,IPCM0EL,MtCO2eq,AR4,28.4006,29.8894,31.5001,31.3121,30.8141,31.901,34.2345,34.7829,35.0387,34.4647,30.8083,32.045,33.6803,32.9025,33.1984,34.7635,38.0239,37.1328,40.3009,38.253,33.861,38.0482,41.6592,38.3685,35.36199999999999,36.5752,37.3927,36.9207,37.630975,38.34125,39.051525,39.7618,40.472075,41.18235,41.892625,42.6029,43.2555,43.8909,44.5058,45.0969,45.6607,46.1974,46.7112,47.2038,47.6776,48.1347,48.5729,48.9922,49.3979,49.7949,50.1882,50.57100000000001,50.9376,51.2944,51.6479,52.0043,52.3648,52.725,53.0821,53.4333,53.776
,URY,,emi_bau,emi_bau,KYOTOGHG,IPCM0EL,MtCO2eq,AR4,28.4006,29.8894,31.5001,31.3121,30.8141,31.901,34.2345,34.7829,35.0387,34.4647,30.8083,32.045,33.6803,32.9025,33.1984,34.7635,38.0239,37.1328,40.3009,38.253,33.861,38.0482,41.6592,38.3685,35.36199999999999,36.5752,37.3927,36.9207,37.630975,38.34125,39.051525,39.7618,40.472075,41.18235,41.892625,42.6029,43.2555,43.8909,44.5058,45.0969,45.6607,46.1974,46.7112,47.2038,47.6776,48.1347,48.5729,48.9922,49.3979,49.7949,50.1882,50.57100000000001,50.9376,51.2944,51.6479,52.0043,52.3648,52.725,53.0821,53.4333,53.776
,URY,,emi_cov,emi_cov,KYOTOGHG,IPCM0EL,MtCO2eq,AR4,28.3998564154908,29.888652615553,31.4993441866006,31.311301353577402,30.813212122522597,31.899970490928,34.233113571219,34.781079115184994,35.0362483071223,34.4616921967016,30.804051843513,32.03154193317,33.6576212352738,32.8854894075,33.1864852270336,34.741774654965496,37.9949435453613,37.046913393177604,40.1585009208427,38.16031527618,33.818170067625,38.0267490716594,41.6591278462656,38.254420934112,35.05701993593198,36.428956257312,37.2358780824014,36.753302284613994,37.43976964527357,38.1341373922425,38.82809103583657,39.5214680305926,40.21462626247413,40.90736066458634,41.59995667028575,42.2922999789064,42.927300018393,43.545199997566804,44.1430999829,44.717500005784494,45.2652999811718,45.786399980173,46.28500000452,46.76289998667,47.2222999934992,47.66549998408381,48.0903999806733,48.4968999792294,48.8901000109569,49.275199990141196,49.657299985771196,50.02909997641201,50.3849999826432,50.7315000247792,51.0751999883424,51.4222000087885,51.774000008857605,52.125999974625,52.4757000159527,52.820600012354404,53.158099993344
,URY,,emi_ncov,emi_ncov,KYOTOGHG,IPCM0EL,MtCO2eq,AR4,0.000743584509201171,0.0007473844470006686,0.0007558133994026041,0.000798646422598527,0.0008878774774030552,0.0010295090719999954,0.0013864287809980968,0.0018208848150011933,0.0024516928776981252,0.003007803298400934,0.004248156486999195,0.013458066830001447,0.022678764726200503,0.01701059249999966,0.011914772966398071,0.02172534503450147,0.02895645463869716,0.08588660682239913,0.14239907915729974,0.09268472381999941,0.04282993237500183,0.021450928340597294,7.215373439902227e-05,0.11407906588799938,0.3049800640680028,0.14624374268800175,0.1568219175986007,0.1673977153860018,0.1912053547264249,0.20711260775750218,0.22343396416342534,0.24033196940739915,0.2574487375258732,0.27498933541365433,0.29266832971425094,0.31060002109360185,0.32819998160700165,0.3457000024331966,0.36270001710000144,0.3793999942155015,0.39540001882819875,0.41100001982700013,0.42619999547999987,0.4409000133299999,0.4553000065008006,0.4692000159161946,0.4825000193266973,0.4953000207705967,0.507799989043102,0.5197000098588008,0.5309000142288051,0.5419000235879962,0.5526000173568002,0.5628999752208003,0.5727000116576018,0.5820999912115022,0.5907999911423959,0.5990000253749979,0.6063999840472972,0.6126999876455987,0.6179000066559988
,URY,,pc_cov,pc_cov,KYOTOGHG,IPCM0EL,MtCO2eq/MtCO2eq,AR4,0.999973818,0.999974995,0.9999760059999999,0.999974494,0.9999711859999999,0.999967728,0.9999595020000001,0.99994765,0.999930029,0.999912728,0.99986211,0.999580026,0.999326646,0.999483,0.9996411040000001,0.999375053,0.9992384670000001,0.997687042,0.996466603,0.99757706,0.998735125,0.9994362170000001,0.999998268,0.997026752,0.9913754859999999,0.99600156,0.995806082,0.99546602,0.994918937,0.9945981779999999,0.994278483,0.993955707,0.993638855,0.9933226409999999,0.993013846,0.992709416,0.992412526,0.9921236520000001,0.9918505,0.991587005,0.991340474,0.991103395,0.99087585,0.99065965,0.990450442,0.9902523540000001,0.9900664770000001,0.9898902270000001,0.989720211,0.989563188,0.9894218159999999,0.9892843720000001,0.989151432,0.989026093,0.988911456,0.988806695,0.9887176120000001,0.988639165,0.988576187,0.988533368,0.988509744
,USA,,pop,pop,POP,DEMOGR,Pers,,255850800.0,258307621.0,260797539.0,263377920.0,266124898.0,269083425.0,272288814.0,275699423.0,279188981.0,282583195.0,285759194.0,288660196.0,291326883.0,293852748.0,296379784.0,299007700.0,301763848.0,304604315.0,307471953.0,310280621.0,312966897.0,315519164.0,317955965.0,320280603.0,322504309.0,324638231.0,326678835.0,328629637.0,331070966.2504,332527465.2292,333719293.8634,334767345.241,335812938.5347,336830830.3846,337795765.961,338682439.8369,339514500.3099,340321715.3806,341087847.4437,341796577.9879,342431499.6402,342987008.2765,343454032.6001,343810998.768,344036525.4853,344109445.9921,344090661.7525,344062370.73800004,344035544.3155,344021224.89,344030532.8349,343954851.442,343708165.1128,343335526.5152,342881954.4764,342392424.7978,341858867.3357,341259811.4788,340620059.7187,339964392.0843,339317576.2056
,USA,,gdp,gdp,GDPPPP,ECO,2011GKD,,9286067551280.0,9270056837811.0,9612466294412.0,9912893164464.0,10282300379405.0,10547286939280.0,10946276527088.0,11433034232694.0,11944872611480.0,12533887691232.0,13067483261920.0,13260803233776.0,13534476999184.0,13880631995976.0,14394568654920.0,15090089953462.0,15394818781800.0,15605889678380.0,15486162237376.0,15080171853360.0,15474734078838.0,15744853636641.0,16105299393940.0,16391845011488.0,16841855887864.0,17360301632912.0,17612514591250.0,18040689842945.12,18218025231385.4,18664646027104.46,19066578544768.23,19435831282542.61,19796121424197.98,20146873851753.61,20487490150077.75,20817353894114.18,21134109629083.37,21436151971243.11,21723980899299.31,21998098316611.07,22259007009001.51,22508760030762.43,22748928899789.81,22979288996139.73,23199610324171.47,23409659187697.96,23609707044698.68,23800259151408.83,23981432094654.06,24153343756480.39,24316112750849.87,24471719980137.46,24621753882040.46,24765749916158.67,24903249436960.44,25033798027592.39,25156687495909.38,25271585135210.37,25378600824141.59,25477843865484.7,25569423495742.51
"The target value from 'unconditional_best' was used for 'conditional_worst' in 2025.
The target value from 'unconditional_best' was used for 'conditional_best' in 2025.
",USA,ABS,conditional,worst,KYOTOGHG,IPCM0EL,MtCO2eq,AR4,6529.5062,6472.0419999999995,6582.3955,6689.6586,6790.0226,6873.0027,7058.3159,7120.7653,7178.5601,7212.8521,7369.428000000001,7255.0279,7280.472,7323.1096,7454.5658,7457.5928,7381.9826,7475.7580000000025,7258.693,6798.7386,7028.2703,6872.9522,6630.2823,6786.4112,6831.3495,6689.5032,6552.4554,6511.432,6606.0911,6722.3978,6826.0001,6521.721373647512,6203.095674648478,5871.189181231872,5526.9654373939375,5171.2852625,5226.725298526817,5280.382219864807,5332.829241754503,5384.641146571427,5436.3960646613195,5487.5893073229045,5537.385520371303,5585.8686879954785,5633.120942315765,5679.22256338387,5724.359470396734,5768.76751717086,5812.601137736505,5856.015905858466,5899.168606269488,5942.1264120740625,5984.809043220481,6027.151891006973,6069.08877959677,6110.551253684028,6151.3825997694075,6191.497693929406,6230.934646037724,6269.73135226784,6307.926634827542
,USA,ABS,conditional,best,KYOTOGHG,IPCM0EL,MtCO2eq,AR4,6529.5062,6472.0419999999995,6582.3955,6689.6586,6790.0226,6873.0027,7058.3159,7120.7653,7178.5601,7212.8521,7369.428000000001,7255.0279,7280.472,7323.1096,7454.5658,7457.5928,7381.9826,7475.7580000000025,7258.693,6798.7386,7028.2703,6872.9522,6630.2823,6786.4112,6831.3495,6689.5032,6552.4554,6511.432,6606.0911,6722.3978,6826.0001,6521.721373647512,6203.095674648478,5871.189181231872,5526.9654373939375,5171.2852625,5226.725298526817,5280.382219864807,5332.829241754503,5384.641146571427,5436.3960646613195,5487.5893073229045,5537.385520371303,5585.8686879954785,5633.120942315765,5679.22256338387,5724.359470396734,5768.76751717086,5812.601137736505,5856.015905858466,5899.168606269488,5942.1264120740625,5984.809043220481,6027.151891006973,6069.08877959677,6110.551253684028,6151.3825997694075,6191.497693929406,6230.934646037724,6269.73135226784,6307.926634827542
,USA,ABS,unconditional,worst,KYOTOGHG,IPCM0EL,MtCO2eq,AR4,6529.5062,6472.0419999999995,6582.3955,6689.6586,6790.0226,6873.0027,7058.3159,7120.7653,7178.5601,7212.8521,7369.428000000001,7255.0279,7280.472,7323.1096,7454.5658,7457.5928,7381.9826,7475.7580000000025,7258.693,6798.7386,7028.2703,6872.9522,6630.2823,6786.4112,6831.3495,6689.5032,6552.4554,6511.432,6606.0911,6722.3978,6826.0001,6545.360590524361,6250.987863449658,5943.911628921974,5625.06516384987,5295.2852625,5352.054671036429,5406.998208352493,5460.70283456765,5513.757114514002,5566.7530412733795,5619.173824433662,5670.1640792153175,5719.809803627646,5768.195099201373,5815.402170988644,5861.621396261957,5907.094284273893,5951.978972161149,5996.4347641241575,6040.622204368577,6084.610076713552,6128.316176106933,6171.674344622993,6214.6168196233575,6257.073504342178,6298.8839275152795,6339.960924069623,6380.343517698994,6420.070513272732,6459.18166389946
,USA,ABS,unconditional,best,KYOTOGHG,IPCM0EL,MtCO2eq,AR4,6529.5062,6472.0419999999995,6582.3955,6689.6586,6790.0226,6873.0027,7058.3159,7120.7653,7178.5601,7212.8521,7369.428000000001,7255.0279,7280.472,7323.1096,7454.5658,7457.5928,7381.9826,7475.7580000000025,7258.693,6798.7386,7028.2703,6872.9522,6630.2823,6786.4112,6831.3495,6689.5032,6552.4554,6511.432,6606.0911,6722.3978,6826.0001,6521.721373647512,6203.095674648478,5871.189181231872,5526.9654373939375,5171.2852625,5226.725298526817,5280.382219864807,5332.829241754503,5384.641146571427,5436.3960646613195,5487.5893073229045,5537.385520371303,5585.8686879954785,5633.120942315765,5679.22256338387,5724.359470396734,5768.76751717086,5812.601137736505,5856.015905858466,5899.168606269488,5942.1264120740625,5984.809043220481,6027.151891006973,6069.08877959677,6110.551253684028,6151.3825997694075,6191.497693929406,6230.934646037724,6269.73135226784,6307.926634827542
"The target value from 'unconditional_best' was used for 'conditional_worst' in 2025.
The target value from 'unconditional_best' was used for 'conditional_best' in 2025.
",USA,RBY,conditional,worst,KYOTOGHG,IPCM0EL,MtCO2eq,AR4,6529.5062,6472.0419999999995,6582.3955,6689.6586,6790.0226,6873.0027,7058.3159,7120.7653,7178.5601,7212.8521,7369.428000000001,7255.0279,7280.472,7323.1096,7454.5658,7457.5928,7381.9826,7475.7580000000025,7258.693,6798.7386,7028.2703,6872.9522,6630.2823,6786.4112,6831.3495,6689.5032,6552.4554,6511.432,6606.0911,6722.3978,6826.0001,6454.592482488239,6067.094996361951,5664.677379201503,5248.38912522921,4819.159278499999,4870.824261276418,4920.827546184494,4969.703316779139,5017.987217040044,5066.2180109452975,5113.925375332659,5160.3308374112175,5205.512662672615,5249.547390651935,5292.509834927701,5334.573254985228,5375.957444753969,5416.80632245774,5457.264868447471,5497.479191584147,5537.511890984496,5577.28815306999,5616.747768509913,5655.82906754876,5694.468256176806,5732.519291916009,5769.902847147614,5806.654436746963,5842.809376440565,5878.403844933207
,USA,RBY,conditional,best,KYOTOGHG,IPCM0EL,MtCO2eq,AR4,6529.5062,6472.0419999999995,6582.3955,6689.6586,6790.0226,6873.0027,7058.3159,7120.7653,7178.5601,7212.8521,7369.428000000001,7255.0279,7280.472,7323.1096,7454.5658,7457.5928,7381.9826,7475.7580000000025,7258.693,6798.7386,7028.2703,6872.9522,6630.2823,6786.4112,6831.3495,6689.5032,6552.4554,6511.432,6606.0911,6722.3978,6826.0001,6454.592482488239,6067.094996361951,5664.677379201503,5248.38912522921,4819.159278499999,4870.824261276418,4920.827546184494,4969.703316779139,5017.987217040044,5066.2180109452975,5113.925375332659,5160.3308374112175,5205.512662672615,5249.547390651935,5292.509834927701,5334.573254985228,5375.957444753969,5416.80632245774,5457.264868447471,5497.479191584147,5537.511890984496,5577.28815306999,5616.747768509913,5655.82906754876,5694.468256176806,5732.519291916009,5769.902847147614,5806.654436746963,5842.809376440565,5878.403844933207
,USA,RBY,unconditional,worst,KYOTOGHG,IPCM0EL,MtCO2eq,AR4,6529.5062,6472.0419999999995,6582.3955,6689.6586,6790.0226,6873.0027,7058.3159,7120.7653,7178.5601,7212.8521,7369.428000000001,7255.0279,7280.472,7323.1096,7454.5658,7457.5928,7381.9826,7475.7580000000025,7258.693,6798.7386,7028.2703,6872.9522,6630.2823,6786.4112,6831.3495,6689.5032,6552.4554,6511.432,6606.0911,6722.3978,6826.0001,6483.026620162179,6124.701519326455,5752.150669893774,5366.387159696908,4968.3111345,5021.575136446772,5073.12601136363,5123.514475661956,5173.292751377718,5223.016277108502,5272.200173299863,5320.041873609524,5366.622065827845,5412.019658370673,5456.311780279344,5499.677053379844,5542.342074172495,5584.455215116582,5626.165943671091,5667.62489073219,5708.896592844669,5749.903920967192,5790.5848023042945,5830.875658435919,5870.710720942614,5909.939427365694,5948.479994915102,5986.369037643288,6023.642964290263,6060.339073283292
,USA,RBY,unconditional,best,KYOTOGHG,IPCM0EL,MtCO2eq,AR4,6529.5062,6472.0419999999995,6582.3955,6689.6586,6790.0226,6873.0027,7058.3159,7120.7653,7178.5601,7212.8521,7369.428000000001,7255.0279,7280.472,7323.1096,7454.5658,7457.5928,7381.9826,7475.7580000000025,7258.693,6798.7386,7028.2703,6872.9522,6630.2823,6786.4112,6831.3495,6689.5032,6552.4554,6511.432,6606.0911,6722.3978,6826.0001,6454.592482488239,6067.094996361951,5664.677379201503,5248.38912522921,4819.159278499999,4870.824261276418,4920.827546184494,4969.703316779139,5017.987217040044,5066.2180109452975,5113.925375332659,5160.3308374112175,5205.512662672615,5249.547390651935,5292.509834927701,5334.573254985228,5375.957444753969,5416.80632245774,5457.264868447471,5497.479191584147,5537.511890984496,5577.28815306999,5616.747768509913,5655.82906754876,5694.468256176806,5732.519291916009,5769.902847147614,5806.654436746963,5842.809376440565,5878.403844933207
"No targets calculated, so the baseline emissions are put in as target pathways for all un/conditional best/worst pathways.
",USA,baseline_emissions,conditional,worst,KYOTOGHG,IPCM0EL,MtCO2eq,AR4,6529.5062,6472.0419999999995,6582.3955,6689.6586,6790.0226,6873.0027,7058.3159,7120.7653,7178.5601,7212.8521,7369.428000000001,7255.0279,7280.472,7323.1096,7454.5658,7457.5928,7381.9826,7475.7580000000025,7258.693,6798.7386,7028.2703,6872.9522,6630.2823,6786.4112,6831.3495,6689.5032,6552.4554,6511.432,6606.0911,6722.3978,6826.0001,6919.8419,7009.6733,7095.9463,7179.1147,7259.6347,7337.4634,7412.7889,7486.4159,7559.1513,7631.8067,7703.6736,7773.5793,7841.6417,7907.9761,7972.6952,8036.06,8098.4016,8159.9368,8220.884,8281.4633,8341.769,8401.6884,8461.1308,8520.0033,8578.2098,8635.5303,8691.8453,8747.2083,8801.6725,8855.2924
"No targets calculated, so the baseline emissions are put in as target pathways for all un/conditional best/worst pathways.
",USA,baseline_emissions,conditional,best,KYOTOGHG,IPCM0EL,MtCO2eq,AR4,6529.5062,6472.0419999999995,6582.3955,6689.6586,6790.0226,6873.0027,7058.3159,7120.7653,7178.5601,7212.8521,7369.428000000001,7255.0279,7280.472,7323.1096,7454.5658,7457.5928,7381.9826,7475.7580000000025,7258.693,6798.7386,7028.2703,6872.9522,6630.2823,6786.4112,6831.3495,6689.5032,6552.4554,6511.432,6606.0911,6722.3978,6826.0001,6919.8419,7009.6733,7095.9463,7179.1147,7259.6347,7337.4634,7412.7889,7486.4159,7559.1513,7631.8067,7703.6736,7773.5793,7841.6417,7907.9761,7972.6952,8036.06,8098.4016,8159.9368,8220.884,8281.4633,8341.769,8401.6884,8461.1308,8520.0033,8578.2098,8635.5303,8691.8453,8747.2083,8801.6725,8855.2924
"No targets calculated, so the baseline emissions are put in as target pathways for all un/conditional best/worst pathways.
",USA,baseline_emissions,unconditional,worst,KYOTOGHG,IPCM0EL,MtCO2eq,AR4,6529.5062,6472.0419999999995,6582.3955,6689.6586,6790.0226,6873.0027,7058.3159,7120.7653,7178.5601,7212.8521,7369.428000000001,7255.0279,7280.472,7323.1096,7454.5658,7457.5928,7381.9826,7475.7580000000025,7258.693,6798.7386,7028.2703,6872.9522,6630.2823,6786.4112,6831.3495,6689.5032,6552.4554,6511.432,6606.0911,6722.3978,6826.0001,6919.8419,7009.6733,7095.9463,7179.1147,7259.6347,7337.4634,7412.7889,7486.4159,7559.1513,7631.8067,7703.6736,7773.5793,7841.6417,7907.9761,7972.6952,8036.06,8098.4016,8159.9368,8220.884,8281.4633,8341.769,8401.6884,8461.1308,8520.0033,8578.2098,8635.5303,8691.8453,8747.2083,8801.6725,8855.2924
"No targets calculated, so the baseline emissions are put in as target pathways for all un/conditional best/worst pathways.
",USA,baseline_emissions,unconditional,best,KYOTOGHG,IPCM0EL,MtCO2eq,AR4,6529.5062,6472.0419999999995,6582.3955,6689.6586,6790.0226,6873.0027,7058.3159,7120.7653,7178.5601,7212.8521,7369.428000000001,7255.0279,7280.472,7323.1096,7454.5658,7457.5928,7381.9826,7475.7580000000025,7258.693,6798.7386,7028.2703,6872.9522,6630.2823,6786.4112,6831.3495,6689.5032,6552.4554,6511.432,6606.0911,6722.3978,6826.0001,6919.8419,7009.6733,7095.9463,7179.1147,7259.6347,7337.4634,7412.7889,7486.4159,7559.1513,7631.8067,7703.6736,7773.5793,7841.6417,7907.9761,7972.6952,8036.06,8098.4016,8159.9368,8220.884,8281.4633,8341.769,8401.6884,8461.1308,8520.0033,8578.2098,8635.5303,8691.8453,8747.2083,8801.6725,8855.2924
,USA,,emi_bau,emi_bau,KYOTOGHG,IPCM0EL,MtCO2eq,AR4,6529.5062,6472.0419999999995,6582.3955,6689.6586,6790.0226,6873.0027,7058.3159,7120.7653,7178.5601,7212.8521,7369.428000000001,7255.0279,7280.472,7323.1096,7454.5658,7457.5928,7381.9826,7475.7580000000025,7258.693,6798.7386,7028.2703,6872.9522,6630.2823,6786.4112,6831.3495,6689.5032,6552.4554,6511.432,6606.0911,6722.3978,6826.0001,6919.8419,7009.6733,7095.9463,7179.1147,7259.6347,7337.4634,7412.7889,7486.4159,7559.1513,7631.8067,7703.6736,7773.5793,7841.6417,7907.9761,7972.6952,8036.06,8098.4016,8159.9368,8220.884,8281.4633,8341.769,8401.6884,8461.1308,8520.0033,8578.2098,8635.5303,8691.8453,8747.2083,8801.6725,8855.2924
,USA,,emi_cov,emi_cov,KYOTOGHG,IPCM0EL,MtCO2eq,AR4,6529.5062,6472.0419999999995,6582.3955,6689.6586,6790.0226,6873.0027,7058.3159,7120.7653,7178.5601,7212.8521,7369.428000000001,7255.0279,7280.472,7323.1096,7454.5658,7457.5928,7381.9826,7475.7580000000025,7258.693,6798.7386,7028.2703,6872.9522,6630.2823,6786.4112,6831.3495,6689.5032,6552.4554,6511.432,6606.0911,6722.3978,6826.0001,6919.8419,7009.6733,7095.9463,7179.1147,7259.6347,7337.4634,7412.7889,7486.4159,7559.1513,7631.8067,7703.6736,7773.5793,7841.6417,7907.9761,7972.6952,8036.06,8098.4016,8159.9368,8220.884,8281.4633,8341.769,8401.6884,8461.1308,8520.0033,8578.2098,8635.5303,8691.8453,8747.2083,8801.6725,8855.2924
,USA,,emi_ncov,emi_ncov,KYOTOGHG,IPCM0EL,MtCO2eq,AR4,0.0,0.0,0.0,0.0,0.0,0.0,0.0,0.0,0.0,0.0,0.0,0.0,0.0,0.0,0.0,0.0,0.0,0.0,0.0,0.0,0.0,0.0,0.0,0.0,0.0,0.0,0.0,0.0,0.0,0.0,0.0,0.0,0.0,0.0,0.0,0.0,0.0,0.0,0.0,0.0,0.0,0.0,0.0,0.0,0.0,0.0,0.0,0.0,0.0,0.0,0.0,0.0,0.0,0.0,0.0,0.0,0.0,0.0,0.0,0.0,0.0
,USA,,pc_cov,pc_cov,KYOTOGHG,IPCM0EL,MtCO2eq/MtCO2eq,AR4,1.0,1.0,1.0,1.0,1.0,1.0,1.0,1.0,1.0,1.0,1.0,1.0,1.0,1.0,1.0,1.0,1.0,1.0,1.0,1.0,1.0,1.0,1.0,1.0,1.0,1.0,1.0,1.0,1.0,1.0,1.0,1.0,1.0,1.0,1.0,1.0,1.0,1.0,1.0,1.0,1.0,1.0,1.0,1.0,1.0,1.0,1.0,1.0,1.0,1.0,1.0,1.0,1.0,1.0,1.0,1.0,1.0,1.0,1.0,1.0,1.0
,UZB,,pop,pop,POP,DEMOGR,Pers,,20398348.0,20884870.0,21375119.0,21861975.0,22336202.0,22791026.0,23225298.0,23640489.0,24036014.0,24412045.0,24769955.0,25108563.0,25431122.0,25749101.0,26077607.0,26427789.0,26804072.0,27204711.0,27626982.0,28065466.0,28515909.0,28977010.0,29449413.0,29932631.0,30426388.0,30929557.0,31441751.0,31959785.0,32275970.4349,32665302.641,33047195.0853,33429671.0748,33820237.4684,34212597.6636,34600416.8451,34977317.6338,35346623.3864,35713420.1796,36073918.9584,36424298.5528,36760705.4722,37083437.619,37395530.8369,37697152.7164,37988392.6157,38269268.245,38540625.8714,38804386.7195,39062122.7041,39315394.537,39565752.3209,39817592.0221,40072943.2057,40329773.0338,40586015.0193,40839570.2625,41092421.7976,41345042.8085,41593021.2375,41831913.075,42057246.494
,UZB,,gdp,gdp,GDPPPP,ECO,2011GKD,,86340601562.5,84161718750.0,69071367187.5,82506195312.5,71672328125.0,72077906250.0,71722367187.5,75951296875.0,79274523437.5,85323210937.5,85507796875.0,89624078125.0,93143296875.0,101616437500.0,107664281250.0,119189156250.0,119032343750.0,134354500000.0,145717390625.0,158957687500.0,179653937500.0,193317468750.0,213424546875.0,238935843750.0,260798421875.0,285212437500.0,302573718750.0,316202656250.0,337193061938.11896,357555500506.5959,378355559567.9531,400143106652.2238,423211049645.0134,447100930696.0922,471359192906.3428,495535415914.8422,519570063581.3491,543589508535.5576,567423002340.6296,590899421057.167,613847398881.8188,636385373083.5955,658866243931.2401,681466685385.2482,704360227874.2943,727718525074.3878,751125912257.3417,774099058899.0447,796714149869.4573,819055558687.327,841215544515.7689,863037002534.9653,884530952663.7192,906066342112.9768,928037491648.7795,950868207373.5776,974316586320.1392,997920782637.3969,1021796343014.286,1046052646465.9008,1070792650635.777
"The target value from 'conditional_best' was used for 'conditional_worst' in 2030.
",UZB,REI,conditional,worst,KYOTOGHG,IPCM0EL,MtCO2eq,AR4,191.8553,194.8977,188.6539,220.9739,199.7691,200.937,206.3313,195.8005,188.4106,197.7214,216.3165,219.4276,225.0033,222.3801,219.2203,217.2508,235.5248,235.8789,252.1981,228.31099999999998,219.5286,224.3585,225.7251,230.0223,234.4789,233.1033,236.7398,243.4203,230.6906,239.7327,248.9845,281.4045155347125,316.0373654932185,352.7204881569648,391.2420238794034,431.34488147840887,473.0247561076697,516.4216004546087,561.4499061982873,608.010446608631,655.9889686118544,665.4334686118543,674.7778686118544,684.1675686118544,693.7400686118544,703.6267686118545,713.6701686118545,723.6802686118544,733.7352686118544,743.9138686118545,754.2959686118544,764.7994686118544,775.3859686118544,786.2094686118544,797.4334686118543,809.2335686118545,821.4431686118544,833.7986686118545,846.3373686118543,859.0924686118544,872.0937686118543
,UZB,REI,conditional,best,KYOTOGHG,IPCM0EL,MtCO2eq,AR4,191.8553,194.8977,188.6539,220.9739,199.7691,200.937,206.3313,195.8005,188.4106,197.7214,216.3165,219.4276,225.0033,222.3801,219.2203,217.2508,235.5248,235.8789,252.1981,228.31099999999998,219.5286,224.3585,225.7251,230.0223,234.4789,233.1033,236.7398,243.4203,230.6906,239.7327,248.9845,281.4045155347125,316.0373654932185,352.7204881569648,391.2420238794034,431.34488147840887,473.0247561076697,516.4216004546087,561.4499061982873,608.010446608631,655.9889686118544,665.4334686118543,674.7778686118544,684.1675686118544,693.7400686118544,703.6267686118545,713.6701686118545,723.6802686118544,733.7352686118544,743.9138686118545,754.2959686118544,764.7994686118544,775.3859686118544,786.2094686118544,797.4334686118543,809.2335686118545,821.4431686118544,833.7986686118545,846.3373686118543,859.0924686118544,872.0937686118543
,UZB,REI,unconditional,worst,KYOTOGHG,IPCM0EL,MtCO2eq,AR4,191.8553,194.8977,188.6539,220.9739,199.7691,200.937,206.3313,195.8005,188.4106,197.7214,216.3165,219.4276,225.0033,222.3801,219.2203,217.2508,235.5248,235.8789,252.1981,228.31099999999998,219.5286,224.3585,225.7251,230.0223,234.4789,233.1033,236.7398,243.4203,230.6906,239.7327,248.9845,258.6483,268.7478,279.0634,289.3962,299.5645,309.5939,319.5937,329.5183,339.3234,348.965,358.4095,367.7539,377.1436,386.7161,396.6028,406.6462,416.6563,426.7113,436.8899,447.272,457.7755,468.36199999999997,479.1855,490.4095,502.2096,514.4192,526.7747,539.3134,552.0685,565.0698
,UZB,REI,unconditional,best,KYOTOGHG,IPCM0EL,MtCO2eq,AR4,191.8553,194.8977,188.6539,220.9739,199.7691,200.937,206.3313,195.8005,188.4106,197.7214,216.3165,219.4276,225.0033,222.3801,219.2203,217.2508,235.5248,235.8789,252.1981,228.31099999999998,219.5286,224.3585,225.7251,230.0223,234.4789,233.1033,236.7398,243.4203,230.6906,239.7327,248.9845,258.6483,268.7478,279.0634,289.3962,299.5645,309.5939,319.5937,329.5183,339.3234,348.965,358.4095,367.7539,377.1436,386.7161,396.6028,406.6462,416.6563,426.7113,436.8899,447.272,457.7755,468.36199999999997,479.1855,490.4095,502.2096,514.4192,526.7747,539.3134,552.0685,565.0698
"No targets calculated, so the baseline emissions are put in as target pathways for all un/conditional best/worst pathways.
",UZB,baseline_emissions,conditional,worst,KYOTOGHG,IPCM0EL,MtCO2eq,AR4,191.8553,194.8977,188.6539,220.9739,199.7691,200.937,206.3313,195.8005,188.4106,197.7214,216.3165,219.4276,225.0033,222.3801,219.2203,217.2508,235.5248,235.8789,252.1981,228.31099999999998,219.5286,224.3585,225.7251,230.0223,234.4789,233.1033,236.7398,243.4203,230.6906,239.7327,248.9845,258.6483,268.7478,279.0634,289.3962,299.5645,309.5939,319.5937,329.5183,339.3234,348.965,358.4095,367.7539,377.1436,386.7161,396.6028,406.6462,416.6563,426.7113,436.8899,447.272,457.7755,468.36199999999997,479.1855,490.4095,502.2096,514.4192,526.7747,539.3134,552.0685,565.0698
"No targets calculated, so the baseline emissions are put in as target pathways for all un/conditional best/worst pathways.
",UZB,baseline_emissions,conditional,best,KYOTOGHG,IPCM0EL,MtCO2eq,AR4,191.8553,194.8977,188.6539,220.9739,199.7691,200.937,206.3313,195.8005,188.4106,197.7214,216.3165,219.4276,225.0033,222.3801,219.2203,217.2508,235.5248,235.8789,252.1981,228.31099999999998,219.5286,224.3585,225.7251,230.0223,234.4789,233.1033,236.7398,243.4203,230.6906,239.7327,248.9845,258.6483,268.7478,279.0634,289.3962,299.5645,309.5939,319.5937,329.5183,339.3234,348.965,358.4095,367.7539,377.1436,386.7161,396.6028,406.6462,416.6563,426.7113,436.8899,447.272,457.7755,468.36199999999997,479.1855,490.4095,502.2096,514.4192,526.7747,539.3134,552.0685,565.0698
"No targets calculated, so the baseline emissions are put in as target pathways for all un/conditional best/worst pathways.
",UZB,baseline_emissions,unconditional,worst,KYOTOGHG,IPCM0EL,MtCO2eq,AR4,191.8553,194.8977,188.6539,220.9739,199.7691,200.937,206.3313,195.8005,188.4106,197.7214,216.3165,219.4276,225.0033,222.3801,219.2203,217.2508,235.5248,235.8789,252.1981,228.31099999999998,219.5286,224.3585,225.7251,230.0223,234.4789,233.1033,236.7398,243.4203,230.6906,239.7327,248.9845,258.6483,268.7478,279.0634,289.3962,299.5645,309.5939,319.5937,329.5183,339.3234,348.965,358.4095,367.7539,377.1436,386.7161,396.6028,406.6462,416.6563,426.7113,436.8899,447.272,457.7755,468.36199999999997,479.1855,490.4095,502.2096,514.4192,526.7747,539.3134,552.0685,565.0698
"No targets calculated, so the baseline emissions are put in as target pathways for all un/conditional best/worst pathways.
",UZB,baseline_emissions,unconditional,best,KYOTOGHG,IPCM0EL,MtCO2eq,AR4,191.8553,194.8977,188.6539,220.9739,199.7691,200.937,206.3313,195.8005,188.4106,197.7214,216.3165,219.4276,225.0033,222.3801,219.2203,217.2508,235.5248,235.8789,252.1981,228.31099999999998,219.5286,224.3585,225.7251,230.0223,234.4789,233.1033,236.7398,243.4203,230.6906,239.7327,248.9845,258.6483,268.7478,279.0634,289.3962,299.5645,309.5939,319.5937,329.5183,339.3234,348.965,358.4095,367.7539,377.1436,386.7161,396.6028,406.6462,416.6563,426.7113,436.8899,447.272,457.7755,468.36199999999997,479.1855,490.4095,502.2096,514.4192,526.7747,539.3134,552.0685,565.0698
,UZB,,emi_bau,emi_bau,KYOTOGHG,IPCM0EL,MtCO2eq,AR4,191.8553,194.8977,188.6539,220.9739,199.7691,200.937,206.3313,195.8005,188.4106,197.7214,216.3165,219.4276,225.0033,222.3801,219.2203,217.2508,235.5248,235.8789,252.1981,228.31099999999998,219.5286,224.3585,225.7251,230.0223,234.4789,233.1033,236.7398,243.4203,230.6906,239.7327,248.9845,258.6483,268.7478,279.0634,289.3962,299.5645,309.5939,319.5937,329.5183,339.3234,348.965,358.4095,367.7539,377.1436,386.7161,396.6028,406.6462,416.6563,426.7113,436.8899,447.272,457.7755,468.36199999999997,479.1855,490.4095,502.2096,514.4192,526.7747,539.3134,552.0685,565.0698
,UZB,,emi_cov,emi_cov,KYOTOGHG,IPCM0EL,MtCO2eq,AR4,159.8793417791479,161.8103624224491,155.2602418444526,188.5782637988683,168.96926430993844,171.521682871935,177.057500034555,165.89894138159298,159.56008726274538,169.04057275156478,187.65179057247,190.9943361627,195.86821399167238,192.6094426744752,188.2253516538746,186.8083965200024,204.1347828986816,203.28456224959768,215.6936320451066,190.29685228915596,179.8475821171122,183.22077450914048,183.8210617525092,186.69807985154011,189.4808252676232,186.57105375065697,188.0053944311422,192.5845518172815,186.16144566182658,190.738727079141,195.42216283827446,200.3141604120615,205.4267177660676,210.648668938708,215.87932694123643,221.026712234697,226.1037835978152,231.1658707657262,236.1898903037796,241.1534169843318,246.034176467745,250.8151605659015,255.54547176255548,260.2987148914372,265.1444949258587,270.14932868351997,275.2334872613102,280.300788442869,285.39081911247837,290.5434183149269,295.799033101544,301.1161026140085,306.475188398854,311.954248551393,317.636048866087,323.6094819526368,329.79021124102405,336.0447985975336,342.3921249955408,348.84899687881096,355.43049995711516
,UZB,,emi_ncov,emi_ncov,KYOTOGHG,IPCM0EL,MtCO2eq,AR4,31.97595822085211,33.087337577550905,33.39365815554739,32.39563620113168,30.799835690061585,29.41531712806501,29.273799965444994,29.901558618407016,28.850512737254594,28.6808272484352,28.664709427529992,28.43326383730001,29.135086008327608,29.770657325524798,30.994948346125398,30.4424034799976,31.39001710131838,32.5943377504023,36.50446795489342,38.014147710844,39.6810178828878,41.137725490859516,41.9040382474908,43.324220148459894,44.9980747323768,46.532246249343004,48.73440556885779,50.83574818271851,44.529154338173406,48.993972920858994,53.56233716172552,58.33413958793849,63.32108223393238,68.414731061292,73.5168730587636,78.53778776530302,83.49011640218481,88.42782923427383,93.3284096962204,98.1699830156682,102.93082353225499,107.5943394340985,112.2084282374445,116.84488510856278,121.5716050741413,126.45347131648002,131.41271273868983,136.355511557131,141.32048088752163,146.3464816850731,151.47296689845598,156.6593973859915,161.88681160114595,167.23125144860697,172.773451133913,178.6001180473632,184.62898875897602,190.72990140246645,196.9212750044592,203.21950312118898,209.63930004288483
,UZB,,pc_cov,pc_cov,KYOTOGHG,IPCM0EL,MtCO2eq/MtCO2eq,AR4,0.8333329429999999,0.830232283,0.822989834,0.8533960970000001,0.8458228240000001,0.853609255,0.85812235,0.8472855859999999,0.846874259,0.854943232,0.86748718,0.87042075,0.870512628,0.866127152,0.858612782,0.859874378,0.8667230920000001,0.861817493,0.8552547859999999,0.833498396,0.819244427,0.8166428929999999,0.814358092,0.811652087,0.808093288,0.80037929,0.794143589,0.791160605,0.806974561,0.79563083,0.7848768209999999,0.774465405,0.7643847420000001,0.75484162,0.745964622,0.737826786,0.730323768,0.7233117259999999,0.716773212,0.710689027,0.705039693,0.699800537,0.694881745,0.690184627,0.685630867,0.6811583999999999,0.676837721,0.67273863,0.668814768,0.665026631,0.661340377,0.657781167,0.6543553670000001,0.651009366,0.647695546,0.644371358,0.641092345,0.6379288879999999,0.634866712,0.631894406,0.629002824
,VAT,,pop,pop,POP,DEMOGR,Pers,,768.0,774.0,779.0,778.0,778.0,780.0,778.0,782.0,781.0,781.0,785.0,788.0,792.0,798.0,797.0,798.0,800.0,796.0,794.0,795.0,794.0,796.0,804.0,801.0,800.0,803.0,801.0,793.0,800.3333333333335,800.3333333333335,800.3333333333335,800.3333333333335,800.3333333333335,800.3333333333335,800.3333333333335,800.3333333333335,800.3333333333335,800.3333333333335,800.3333333333335,800.3333333333335,800.3333333333335,800.3333333333335,800.3333333333335,800.3333333333335,800.3333333333335,800.3333333333335,800.3333333333335,800.3333333333335,800.3333333333335,800.3333333333335,800.3333333333335,800.3333333333335,800.3333333333335,800.3333333333335,800.3333333333335,800.3333333333335,800.3333333333335,800.3333333333335,800.3333333333335,800.3333333333335,800.3333333333335
,VAT,,gdp,gdp,GDPPPP,ECO,2011GKD,,,,,,,,,,,,,,,,,,,,,,,,,,,,,,,,,,,,,,,,,,,,,,,,,,,,,,,,,,,,,,
"No targets calculated, so the baseline emissions are put in as target pathways for all un/conditional best/worst pathways.
",VAT,baseline_emissions,conditional,worst,KYOTOGHG,IPCM0EL,MtCO2eq,AR4,0.0069697000000000005,0.006993999999999999,0.0069617,0.006838200000000001,0.0067676,0.0071515,0.0071399,0.0072331,0.007422399999999998,0.007549200000000002,0.0076528,0.0075998,0.0077202,0.007954300000000001,0.008005700000000001,0.0079798,0.007817699999999999,0.0076593,0.0073998000000000015,0.0066867,0.0067944,0.006597100000000001,0.006414399999999999,0.006795799999999999,0.0067253999999999994,0.006655100000000001,0.0065859,0.0065178,0.006615733333333333,0.006615733333333333,0.006615733333333333,0.006615733333333333,0.006615733333333333,0.006615733333333333,0.006615733333333333,0.006615733333333333,0.006615733333333333,0.006615733333333333,0.006615733333333333,0.006615733333333333,0.006615733333333333,0.006615733333333333,0.006615733333333333,0.006615733333333333,0.006615733333333333,0.006615733333333333,0.006615733333333333,0.006615733333333333,0.006615733333333333,0.006615733333333333,0.006615733333333333,0.006615733333333333,0.006615733333333333,0.006615733333333333,0.006615733333333333,0.006615733333333333,0.006615733333333333,0.006615733333333333,0.006615733333333333,0.006615733333333333,0.006615733333333333
"No targets calculated, so the baseline emissions are put in as target pathways for all un/conditional best/worst pathways.
",VAT,baseline_emissions,conditional,best,KYOTOGHG,IPCM0EL,MtCO2eq,AR4,0.0069697000000000005,0.006993999999999999,0.0069617,0.006838200000000001,0.0067676,0.0071515,0.0071399,0.0072331,0.007422399999999998,0.007549200000000002,0.0076528,0.0075998,0.0077202,0.007954300000000001,0.008005700000000001,0.0079798,0.007817699999999999,0.0076593,0.0073998000000000015,0.0066867,0.0067944,0.006597100000000001,0.006414399999999999,0.006795799999999999,0.0067253999999999994,0.006655100000000001,0.0065859,0.0065178,0.006615733333333333,0.006615733333333333,0.006615733333333333,0.006615733333333333,0.006615733333333333,0.006615733333333333,0.006615733333333333,0.006615733333333333,0.006615733333333333,0.006615733333333333,0.006615733333333333,0.006615733333333333,0.006615733333333333,0.006615733333333333,0.006615733333333333,0.006615733333333333,0.006615733333333333,0.006615733333333333,0.006615733333333333,0.006615733333333333,0.006615733333333333,0.006615733333333333,0.006615733333333333,0.006615733333333333,0.006615733333333333,0.006615733333333333,0.006615733333333333,0.006615733333333333,0.006615733333333333,0.006615733333333333,0.006615733333333333,0.006615733333333333,0.006615733333333333
"No targets calculated, so the baseline emissions are put in as target pathways for all un/conditional best/worst pathways.
",VAT,baseline_emissions,unconditional,worst,KYOTOGHG,IPCM0EL,MtCO2eq,AR4,0.0069697000000000005,0.006993999999999999,0.0069617,0.006838200000000001,0.0067676,0.0071515,0.0071399,0.0072331,0.007422399999999998,0.007549200000000002,0.0076528,0.0075998,0.0077202,0.007954300000000001,0.008005700000000001,0.0079798,0.007817699999999999,0.0076593,0.0073998000000000015,0.0066867,0.0067944,0.006597100000000001,0.006414399999999999,0.006795799999999999,0.0067253999999999994,0.006655100000000001,0.0065859,0.0065178,0.006615733333333333,0.006615733333333333,0.006615733333333333,0.006615733333333333,0.006615733333333333,0.006615733333333333,0.006615733333333333,0.006615733333333333,0.006615733333333333,0.006615733333333333,0.006615733333333333,0.006615733333333333,0.006615733333333333,0.006615733333333333,0.006615733333333333,0.006615733333333333,0.006615733333333333,0.006615733333333333,0.006615733333333333,0.006615733333333333,0.006615733333333333,0.006615733333333333,0.006615733333333333,0.006615733333333333,0.006615733333333333,0.006615733333333333,0.006615733333333333,0.006615733333333333,0.006615733333333333,0.006615733333333333,0.006615733333333333,0.006615733333333333,0.006615733333333333
"No targets calculated, so the baseline emissions are put in as target pathways for all un/conditional best/worst pathways.
",VAT,baseline_emissions,unconditional,best,KYOTOGHG,IPCM0EL,MtCO2eq,AR4,0.0069697000000000005,0.006993999999999999,0.0069617,0.006838200000000001,0.0067676,0.0071515,0.0071399,0.0072331,0.007422399999999998,0.007549200000000002,0.0076528,0.0075998,0.0077202,0.007954300000000001,0.008005700000000001,0.0079798,0.007817699999999999,0.0076593,0.0073998000000000015,0.0066867,0.0067944,0.006597100000000001,0.006414399999999999,0.006795799999999999,0.0067253999999999994,0.006655100000000001,0.0065859,0.0065178,0.006615733333333333,0.006615733333333333,0.006615733333333333,0.006615733333333333,0.006615733333333333,0.006615733333333333,0.006615733333333333,0.006615733333333333,0.006615733333333333,0.006615733333333333,0.006615733333333333,0.006615733333333333,0.006615733333333333,0.006615733333333333,0.006615733333333333,0.006615733333333333,0.006615733333333333,0.006615733333333333,0.006615733333333333,0.006615733333333333,0.006615733333333333,0.006615733333333333,0.006615733333333333,0.006615733333333333,0.006615733333333333,0.006615733333333333,0.006615733333333333,0.006615733333333333,0.006615733333333333,0.006615733333333333,0.006615733333333333,0.006615733333333333,0.006615733333333333
,VAT,,emi_bau,emi_bau,KYOTOGHG,IPCM0EL,MtCO2eq,AR4,0.0069697000000000005,0.006993999999999999,0.0069617,0.006838200000000001,0.0067676,0.0071515,0.0071399,0.0072331,0.007422399999999998,0.007549200000000002,0.0076528,0.0075998,0.0077202,0.007954300000000001,0.008005700000000001,0.0079798,0.007817699999999999,0.0076593,0.0073998000000000015,0.0066867,0.0067944,0.006597100000000001,0.006414399999999999,0.006795799999999999,0.0067253999999999994,0.006655100000000001,0.0065859,0.0065178,0.006615733333333333,0.006615733333333333,0.006615733333333333,0.006615733333333333,0.006615733333333333,0.006615733333333333,0.006615733333333333,0.006615733333333333,0.006615733333333333,0.006615733333333333,0.006615733333333333,0.006615733333333333,0.006615733333333333,0.006615733333333333,0.006615733333333333,0.006615733333333333,0.006615733333333333,0.006615733333333333,0.006615733333333333,0.006615733333333333,0.006615733333333333,0.006615733333333333,0.006615733333333333,0.006615733333333333,0.006615733333333333,0.006615733333333333,0.006615733333333333,0.006615733333333333,0.006615733333333333,0.006615733333333333,0.006615733333333333,0.006615733333333333,0.006615733333333333
,VAT,,emi_cov,emi_cov,KYOTOGHG,IPCM0EL,MtCO2eq,AR4,0.0,0.0,0.0,0.0,0.0,0.0,0.0,0.0,0.0,0.0,0.0,0.0,0.0,0.0,0.0,0.0,0.0,0.0,0.0,0.0,0.0,0.0,0.0,0.0,0.0,0.0,0.0,0.0,0.0,0.0,0.0,0.0,0.0,0.0,0.0,0.0,0.0,0.0,0.0,0.0,0.0,0.0,0.0,0.0,0.0,0.0,0.0,0.0,0.0,0.0,0.0,0.0,0.0,0.0,0.0,0.0,0.0,0.0,0.0,0.0,0.0
,VAT,,emi_ncov,emi_ncov,KYOTOGHG,IPCM0EL,MtCO2eq,AR4,0.0069697000000000005,0.006993999999999999,0.0069617,0.006838200000000001,0.0067676,0.0071515,0.0071399,0.0072331,0.007422399999999998,0.007549200000000002,0.0076528,0.0075998,0.0077202,0.007954300000000001,0.008005700000000001,0.0079798,0.007817699999999999,0.0076593,0.0073998000000000015,0.0066867,0.0067944,0.006597100000000001,0.006414399999999999,0.006795799999999999,0.0067253999999999994,0.006655100000000001,0.0065859,0.0065178,0.006615733333333333,0.006615733333333333,0.006615733333333333,0.006615733333333333,0.006615733333333333,0.006615733333333333,0.006615733333333333,0.006615733333333333,0.006615733333333333,0.006615733333333333,0.006615733333333333,0.006615733333333333,0.006615733333333333,0.006615733333333333,0.006615733333333333,0.006615733333333333,0.006615733333333333,0.006615733333333333,0.006615733333333333,0.006615733333333333,0.006615733333333333,0.006615733333333333,0.006615733333333333,0.006615733333333333,0.006615733333333333,0.006615733333333333,0.006615733333333333,0.006615733333333333,0.006615733333333333,0.006615733333333333,0.006615733333333333,0.006615733333333333,0.006615733333333333
,VAT,,pc_cov,pc_cov,KYOTOGHG,IPCM0EL,MtCO2eq/MtCO2eq,AR4,0.0,0.0,0.0,0.0,0.0,0.0,0.0,0.0,0.0,0.0,0.0,0.0,0.0,0.0,0.0,0.0,0.0,0.0,0.0,0.0,0.0,0.0,0.0,0.0,0.0,0.0,0.0,0.0,0.0,0.0,0.0,0.0,0.0,0.0,0.0,0.0,0.0,0.0,0.0,0.0,0.0,0.0,0.0,0.0,0.0,0.0,0.0,0.0,0.0,0.0,0.0,0.0,0.0,0.0,0.0,0.0,0.0,0.0,0.0,0.0,0.0
,VCT,,pop,pop,POP,DEMOGR,Pers,,107484.0,107776.0,107950.0,108033.0,108053.0,108035.0,107976.0,107895.0,107801.0,107758.0,107784.0,107896.0,108097.0,108326.0,108512.0,108614.0,108603.0,108518.0,108393.0,108287.0,108255.0,108316.0,108435.0,108622.0,108861.0,109148.0,109459.0,109827.0,109058.66666666669,109058.66666666669,109058.66666666669,109058.66666666669,109058.66666666669,109058.66666666669,109058.66666666669,109058.66666666669,109058.66666666669,109058.66666666669,109058.66666666669,109058.66666666669,109058.66666666669,109058.66666666669,109058.66666666669,109058.66666666669,109058.66666666669,109058.66666666669,109058.66666666669,109058.66666666669,109058.66666666669,109058.66666666669,109058.66666666669,109058.66666666669,109058.66666666669,109058.66666666669,109058.66666666669,109058.66666666669,109058.66666666669,109058.66666666669,109058.66666666669,109058.66666666669,109058.66666666669
,VCT,,gdp,gdp,GDPPPP,ECO,2011GKD,,554224670.4102,610117614.7461,702510070.8008,670779541.0156,649382141.1133,685966003.418,693699279.7852,695641174.3164,665515686.0352,697017456.0547,733306213.3789,738777709.9609,783404541.0156,829161499.0234,867100463.8672,909729858.3984,971247436.5234,1007628295.8984,1043261230.4688,1029504028.3203,1018756286.6211,1028023559.5703,1001979980.4688,1007509704.5899,1055012817.3828,1080401977.5391,1092154052.7344,1103413208.0078,1056745290.1204668,1056745290.1204668,1056745290.1204668,1056745290.1204668,1056745290.1204668,1056745290.1204668,1056745290.1204668,1056745290.1204668,1056745290.1204668,1056745290.1204668,1056745290.1204668,1056745290.1204668,1056745290.1204668,1056745290.1204668,1056745290.1204668,1056745290.1204668,1056745290.1204668,1056745290.1204668,1056745290.1204668,1056745290.1204668,1056745290.1204668,1056745290.1204668,1056745290.1204668,1056745290.1204668,1056745290.1204668,1056745290.1204668,1056745290.1204668,1056745290.1204668,1056745290.1204668,1056745290.1204668,1056745290.1204668,1056745290.1204668,1056745290.1204668
"The target value from 'unconditional_best' was used for 'conditional_worst' in 2025.
The target value from 'unconditional_best' was used for 'conditional_best' in 2025.
",VCT,ABS,conditional,worst,KYOTOGHG,IPCM0EL,MtCO2eq,AR4,0.1523,0.14131,0.14463,0.1599,0.17144,0.17882,0.18302000000000002,0.18424000000000001,0.23306999999999997,0.26352,0.2659,0.29736999999999997,0.29327,0.29934,0.32032,0.32149,0.32247,0.33231,0.33399,0.41775,0.32742,0.30753,0.36157,0.32034,0.32125,0.32678,0.33559,0.33592,0.335626875,0.33533375,0.335040625,0.30825470527617477,0.2815151829142622,0.2548220579142622,0.22817533027617484,0.20157500000000006,0.20157500000000006,0.20157500000000006,0.20157500000000006,0.20157500000000006,0.20157500000000006,0.20157500000000006,0.20157500000000006,0.20157500000000006,0.20157500000000006,0.20157500000000006,0.20157500000000006,0.20157500000000006,0.20157500000000006,0.20157500000000006,0.20157500000000006,0.20157500000000006,0.20157500000000006,0.20157500000000006,0.20157500000000006,0.20157500000000006,0.20157500000000006,0.20157500000000006,0.20157500000000006,0.20157500000000006,0.20157500000000006
,VCT,ABS,conditional,best,KYOTOGHG,IPCM0EL,MtCO2eq,AR4,0.1523,0.14131,0.14463,0.1599,0.17144,0.17882,0.18302000000000002,0.18424000000000001,0.23306999999999997,0.26352,0.2659,0.29736999999999997,0.29327,0.29934,0.32032,0.32149,0.32247,0.33231,0.33399,0.41775,0.32742,0.30753,0.36157,0.32034,0.32125,0.32678,0.33559,0.33592,0.335626875,0.33533375,0.335040625,0.30825470527617477,0.2815151829142622,0.2548220579142622,0.22817533027617484,0.20157500000000006,0.20157500000000006,0.20157500000000006,0.20157500000000006,0.20157500000000006,0.20157500000000006,0.20157500000000006,0.20157500000000006,0.20157500000000006,0.20157500000000006,0.20157500000000006,0.20157500000000006,0.20157500000000006,0.20157500000000006,0.20157500000000006,0.20157500000000006,0.20157500000000006,0.20157500000000006,0.20157500000000006,0.20157500000000006,0.20157500000000006,0.20157500000000006,0.20157500000000006,0.20157500000000006,0.20157500000000006,0.20157500000000006
"The target value from 'unconditional_best' was used for 'unconditional_worst' in 2025.
",VCT,ABS,unconditional,worst,KYOTOGHG,IPCM0EL,MtCO2eq,AR4,0.1523,0.14131,0.14463,0.1599,0.17144,0.17882,0.18302000000000002,0.18424000000000001,0.23306999999999997,0.26352,0.2659,0.29736999999999997,0.29327,0.29934,0.32032,0.32149,0.32247,0.33231,0.33399,0.41775,0.32742,0.30753,0.36157,0.32034,0.32125,0.32678,0.33559,0.33592,0.335626875,0.33533375,0.335040625,0.30825470527617477,0.2815151829142622,0.2548220579142622,0.22817533027617484,0.20157500000000006,0.20157500000000006,0.20157500000000006,0.20157500000000006,0.20157500000000006,0.20157500000000006,0.20157500000000006,0.20157500000000006,0.20157500000000006,0.20157500000000006,0.20157500000000006,0.20157500000000006,0.20157500000000006,0.20157500000000006,0.20157500000000006,0.20157500000000006,0.20157500000000006,0.20157500000000006,0.20157500000000006,0.20157500000000006,0.20157500000000006,0.20157500000000006,0.20157500000000006,0.20157500000000006,0.20157500000000006,0.20157500000000006
,VCT,ABS,unconditional,best,KYOTOGHG,IPCM0EL,MtCO2eq,AR4,0.1523,0.14131,0.14463,0.1599,0.17144,0.17882,0.18302000000000002,0.18424000000000001,0.23306999999999997,0.26352,0.2659,0.29736999999999997,0.29327,0.29934,0.32032,0.32149,0.32247,0.33231,0.33399,0.41775,0.32742,0.30753,0.36157,0.32034,0.32125,0.32678,0.33559,0.33592,0.335626875,0.33533375,0.335040625,0.30825470527617477,0.2815151829142622,0.2548220579142622,0.22817533027617484,0.20157500000000006,0.20157500000000006,0.20157500000000006,0.20157500000000006,0.20157500000000006,0.20157500000000006,0.20157500000000006,0.20157500000000006,0.20157500000000006,0.20157500000000006,0.20157500000000006,0.20157500000000006,0.20157500000000006,0.20157500000000006,0.20157500000000006,0.20157500000000006,0.20157500000000006,0.20157500000000006,0.20157500000000006,0.20157500000000006,0.20157500000000006,0.20157500000000006,0.20157500000000006,0.20157500000000006,0.20157500000000006,0.20157500000000006
"The target value from 'unconditional_best' was used for 'conditional_worst' in 2025.
The target value from 'unconditional_best' was used for 'conditional_best' in 2025.
",VCT,ABU,conditional,worst,KYOTOGHG,IPCM0EL,MtCO2eq,AR4,0.1523,0.14131,0.14463,0.1599,0.17144,0.17882,0.18302000000000002,0.18424000000000001,0.23306999999999997,0.26352,0.2659,0.29736999999999997,0.29327,0.29934,0.32032,0.32149,0.32247,0.33231,0.33399,0.41775,0.32742,0.30753,0.36157,0.32034,0.32125,0.32678,0.33559,0.33592,0.335626875,0.33533375,0.335040625,0.30825470527617477,0.2815151829142622,0.25482205791426216,0.22817533027617476,0.20157499999999998,0.20157499999999998,0.20157499999999998,0.20157499999999998,0.20157499999999998,0.20157499999999998,0.20157499999999998,0.20157499999999998,0.20157499999999998,0.20157499999999998,0.20157499999999998,0.20157499999999998,0.20157499999999998,0.20157499999999998,0.20157499999999998,0.20157499999999998,0.20157499999999998,0.20157499999999998,0.20157499999999998,0.20157499999999998,0.20157499999999998,0.20157499999999998,0.20157499999999998,0.20157499999999998,0.20157499999999998,0.20157499999999998
,VCT,ABU,conditional,best,KYOTOGHG,IPCM0EL,MtCO2eq,AR4,0.1523,0.14131,0.14463,0.1599,0.17144,0.17882,0.18302000000000002,0.18424000000000001,0.23306999999999997,0.26352,0.2659,0.29736999999999997,0.29327,0.29934,0.32032,0.32149,0.32247,0.33231,0.33399,0.41775,0.32742,0.30753,0.36157,0.32034,0.32125,0.32678,0.33559,0.33592,0.335626875,0.33533375,0.335040625,0.30825470527617477,0.2815151829142622,0.25482205791426216,0.22817533027617476,0.20157499999999998,0.20157499999999998,0.20157499999999998,0.20157499999999998,0.20157499999999998,0.20157499999999998,0.20157499999999998,0.20157499999999998,0.20157499999999998,0.20157499999999998,0.20157499999999998,0.20157499999999998,0.20157499999999998,0.20157499999999998,0.20157499999999998,0.20157499999999998,0.20157499999999998,0.20157499999999998,0.20157499999999998,0.20157499999999998,0.20157499999999998,0.20157499999999998,0.20157499999999998,0.20157499999999998,0.20157499999999998,0.20157499999999998
"The target value from 'unconditional_best' was used for 'unconditional_worst' in 2025.
",VCT,ABU,unconditional,worst,KYOTOGHG,IPCM0EL,MtCO2eq,AR4,0.1523,0.14131,0.14463,0.1599,0.17144,0.17882,0.18302000000000002,0.18424000000000001,0.23306999999999997,0.26352,0.2659,0.29736999999999997,0.29327,0.29934,0.32032,0.32149,0.32247,0.33231,0.33399,0.41775,0.32742,0.30753,0.36157,0.32034,0.32125,0.32678,0.33559,0.33592,0.335626875,0.33533375,0.335040625,0.30825470527617477,0.2815151829142622,0.25482205791426216,0.22817533027617476,0.20157499999999998,0.20157499999999998,0.20157499999999998,0.20157499999999998,0.20157499999999998,0.20157499999999998,0.20157499999999998,0.20157499999999998,0.20157499999999998,0.20157499999999998,0.20157499999999998,0.20157499999999998,0.20157499999999998,0.20157499999999998,0.20157499999999998,0.20157499999999998,0.20157499999999998,0.20157499999999998,0.20157499999999998,0.20157499999999998,0.20157499999999998,0.20157499999999998,0.20157499999999998,0.20157499999999998,0.20157499999999998,0.20157499999999998
,VCT,ABU,unconditional,best,KYOTOGHG,IPCM0EL,MtCO2eq,AR4,0.1523,0.14131,0.14463,0.1599,0.17144,0.17882,0.18302000000000002,0.18424000000000001,0.23306999999999997,0.26352,0.2659,0.29736999999999997,0.29327,0.29934,0.32032,0.32149,0.32247,0.33231,0.33399,0.41775,0.32742,0.30753,0.36157,0.32034,0.32125,0.32678,0.33559,0.33592,0.335626875,0.33533375,0.335040625,0.30825470527617477,0.2815151829142622,0.25482205791426216,0.22817533027617476,0.20157499999999998,0.20157499999999998,0.20157499999999998,0.20157499999999998,0.20157499999999998,0.20157499999999998,0.20157499999999998,0.20157499999999998,0.20157499999999998,0.20157499999999998,0.20157499999999998,0.20157499999999998,0.20157499999999998,0.20157499999999998,0.20157499999999998,0.20157499999999998,0.20157499999999998,0.20157499999999998,0.20157499999999998,0.20157499999999998,0.20157499999999998,0.20157499999999998,0.20157499999999998,0.20157499999999998,0.20157499999999998,0.20157499999999998
"The target value from 'unconditional_best' was used for 'conditional_worst' in 2025.
The target value from 'unconditional_best' was used for 'conditional_best' in 2025.
",VCT,RBU,conditional,worst,KYOTOGHG,IPCM0EL,MtCO2eq,AR4,0.1523,0.14131,0.14463,0.1599,0.17144,0.17882,0.18302000000000002,0.18424000000000001,0.23306999999999997,0.26352,0.2659,0.29736999999999997,0.29327,0.29934,0.32032,0.32149,0.32247,0.33231,0.33399,0.41775,0.32742,0.30753,0.36157,0.32034,0.32125,0.32678,0.33559,0.33592,0.335626875,0.33533375,0.335040625,0.30825471043128627,0.281515193215457,0.25482207335251195,0.2281753508424513,0.20157502568527505,0.20157502568527505,0.20157502568527505,0.20157502568527505,0.20157502568527505,0.20157502568527505,0.20157502568527505,0.20157502568527505,0.20157502568527505,0.20157502568527505,0.20157502568527505,0.20157502568527505,0.20157502568527505,0.20157502568527505,0.20157502568527505,0.20157502568527505,0.20157502568527505,0.20157502568527505,0.20157502568527505,0.20157502568527505,0.20157502568527505,0.20157502568527505,0.20157502568527505,0.20157502568527505,0.20157502568527505,0.20157502568527505
,VCT,RBU,conditional,best,KYOTOGHG,IPCM0EL,MtCO2eq,AR4,0.1523,0.14131,0.14463,0.1599,0.17144,0.17882,0.18302000000000002,0.18424000000000001,0.23306999999999997,0.26352,0.2659,0.29736999999999997,0.29327,0.29934,0.32032,0.32149,0.32247,0.33231,0.33399,0.41775,0.32742,0.30753,0.36157,0.32034,0.32125,0.32678,0.33559,0.33592,0.335626875,0.33533375,0.335040625,0.30825471043128627,0.281515193215457,0.25482207335251195,0.2281753508424513,0.20157502568527505,0.20157502568527505,0.20157502568527505,0.20157502568527505,0.20157502568527505,0.20157502568527505,0.20157502568527505,0.20157502568527505,0.20157502568527505,0.20157502568527505,0.20157502568527505,0.20157502568527505,0.20157502568527505,0.20157502568527505,0.20157502568527505,0.20157502568527505,0.20157502568527505,0.20157502568527505,0.20157502568527505,0.20157502568527505,0.20157502568527505,0.20157502568527505,0.20157502568527505,0.20157502568527505,0.20157502568527505,0.20157502568527505
"The target value from 'unconditional_best' was used for 'unconditional_worst' in 2025.
",VCT,RBU,unconditional,worst,KYOTOGHG,IPCM0EL,MtCO2eq,AR4,0.1523,0.14131,0.14463,0.1599,0.17144,0.17882,0.18302000000000002,0.18424000000000001,0.23306999999999997,0.26352,0.2659,0.29736999999999997,0.29327,0.29934,0.32032,0.32149,0.32247,0.33231,0.33399,0.41775,0.32742,0.30753,0.36157,0.32034,0.32125,0.32678,0.33559,0.33592,0.335626875,0.33533375,0.335040625,0.30825471043128627,0.281515193215457,0.25482207335251195,0.2281753508424513,0.20157502568527505,0.20157502568527505,0.20157502568527505,0.20157502568527505,0.20157502568527505,0.20157502568527505,0.20157502568527505,0.20157502568527505,0.20157502568527505,0.20157502568527505,0.20157502568527505,0.20157502568527505,0.20157502568527505,0.20157502568527505,0.20157502568527505,0.20157502568527505,0.20157502568527505,0.20157502568527505,0.20157502568527505,0.20157502568527505,0.20157502568527505,0.20157502568527505,0.20157502568527505,0.20157502568527505,0.20157502568527505,0.20157502568527505
,VCT,RBU,unconditional,best,KYOTOGHG,IPCM0EL,MtCO2eq,AR4,0.1523,0.14131,0.14463,0.1599,0.17144,0.17882,0.18302000000000002,0.18424000000000001,0.23306999999999997,0.26352,0.2659,0.29736999999999997,0.29327,0.29934,0.32032,0.32149,0.32247,0.33231,0.33399,0.41775,0.32742,0.30753,0.36157,0.32034,0.32125,0.32678,0.33559,0.33592,0.335626875,0.33533375,0.335040625,0.30825471043128627,0.281515193215457,0.25482207335251195,0.2281753508424513,0.20157502568527505,0.20157502568527505,0.20157502568527505,0.20157502568527505,0.20157502568527505,0.20157502568527505,0.20157502568527505,0.20157502568527505,0.20157502568527505,0.20157502568527505,0.20157502568527505,0.20157502568527505,0.20157502568527505,0.20157502568527505,0.20157502568527505,0.20157502568527505,0.20157502568527505,0.20157502568527505,0.20157502568527505,0.20157502568527505,0.20157502568527505,0.20157502568527505,0.20157502568527505,0.20157502568527505,0.20157502568527505,0.20157502568527505
"No targets calculated, so the baseline emissions are put in as target pathways for all un/conditional best/worst pathways.
",VCT,baseline_emissions,conditional,worst,KYOTOGHG,IPCM0EL,MtCO2eq,AR4,0.1523,0.14131,0.14463,0.1599,0.17144,0.17882,0.18302000000000002,0.18424000000000001,0.23306999999999997,0.26352,0.2659,0.29736999999999997,0.29327,0.29934,0.32032,0.32149,0.32247,0.33231,0.33399,0.41775,0.32742,0.30753,0.36157,0.32034,0.32125,0.32678,0.33559,0.33592,0.335626875,0.33533375,0.335040625,0.3347475,0.334454375,0.33416125,0.333868125,0.333575,0.333575,0.333575,0.333575,0.333575,0.333575,0.333575,0.333575,0.333575,0.333575,0.333575,0.333575,0.333575,0.333575,0.333575,0.333575,0.333575,0.333575,0.333575,0.333575,0.333575,0.333575,0.333575,0.333575,0.333575,0.333575
"No targets calculated, so the baseline emissions are put in as target pathways for all un/conditional best/worst pathways.
",VCT,baseline_emissions,conditional,best,KYOTOGHG,IPCM0EL,MtCO2eq,AR4,0.1523,0.14131,0.14463,0.1599,0.17144,0.17882,0.18302000000000002,0.18424000000000001,0.23306999999999997,0.26352,0.2659,0.29736999999999997,0.29327,0.29934,0.32032,0.32149,0.32247,0.33231,0.33399,0.41775,0.32742,0.30753,0.36157,0.32034,0.32125,0.32678,0.33559,0.33592,0.335626875,0.33533375,0.335040625,0.3347475,0.334454375,0.33416125,0.333868125,0.333575,0.333575,0.333575,0.333575,0.333575,0.333575,0.333575,0.333575,0.333575,0.333575,0.333575,0.333575,0.333575,0.333575,0.333575,0.333575,0.333575,0.333575,0.333575,0.333575,0.333575,0.333575,0.333575,0.333575,0.333575,0.333575
"No targets calculated, so the baseline emissions are put in as target pathways for all un/conditional best/worst pathways.
",VCT,baseline_emissions,unconditional,worst,KYOTOGHG,IPCM0EL,MtCO2eq,AR4,0.1523,0.14131,0.14463,0.1599,0.17144,0.17882,0.18302000000000002,0.18424000000000001,0.23306999999999997,0.26352,0.2659,0.29736999999999997,0.29327,0.29934,0.32032,0.32149,0.32247,0.33231,0.33399,0.41775,0.32742,0.30753,0.36157,0.32034,0.32125,0.32678,0.33559,0.33592,0.335626875,0.33533375,0.335040625,0.3347475,0.334454375,0.33416125,0.333868125,0.333575,0.333575,0.333575,0.333575,0.333575,0.333575,0.333575,0.333575,0.333575,0.333575,0.333575,0.333575,0.333575,0.333575,0.333575,0.333575,0.333575,0.333575,0.333575,0.333575,0.333575,0.333575,0.333575,0.333575,0.333575,0.333575
"No targets calculated, so the baseline emissions are put in as target pathways for all un/conditional best/worst pathways.
",VCT,baseline_emissions,unconditional,best,KYOTOGHG,IPCM0EL,MtCO2eq,AR4,0.1523,0.14131,0.14463,0.1599,0.17144,0.17882,0.18302000000000002,0.18424000000000001,0.23306999999999997,0.26352,0.2659,0.29736999999999997,0.29327,0.29934,0.32032,0.32149,0.32247,0.33231,0.33399,0.41775,0.32742,0.30753,0.36157,0.32034,0.32125,0.32678,0.33559,0.33592,0.335626875,0.33533375,0.335040625,0.3347475,0.334454375,0.33416125,0.333868125,0.333575,0.333575,0.333575,0.333575,0.333575,0.333575,0.333575,0.333575,0.333575,0.333575,0.333575,0.333575,0.333575,0.333575,0.333575,0.333575,0.333575,0.333575,0.333575,0.333575,0.333575,0.333575,0.333575,0.333575,0.333575,0.333575
,VCT,,emi_bau,emi_bau,KYOTOGHG,IPCM0EL,MtCO2eq,AR4,0.1523,0.14131,0.14463,0.1599,0.17144,0.17882,0.18302000000000002,0.18424000000000001,0.23306999999999997,0.26352,0.2659,0.29736999999999997,0.29327,0.29934,0.32032,0.32149,0.32247,0.33231,0.33399,0.41775,0.32742,0.30753,0.36157,0.32034,0.32125,0.32678,0.33559,0.33592,0.335626875,0.33533375,0.335040625,0.3347475,0.334454375,0.33416125,0.333868125,0.333575,0.333575,0.333575,0.333575,0.333575,0.333575,0.333575,0.333575,0.333575,0.333575,0.333575,0.333575,0.333575,0.333575,0.333575,0.333575,0.333575,0.333575,0.333575,0.333575,0.333575,0.333575,0.333575,0.333575,0.333575,0.333575
,VCT,,emi_cov,emi_cov,KYOTOGHG,IPCM0EL,MtCO2eq,AR4,0.1523,0.14131,0.14463,0.1599,0.17144,0.17882,0.18302000000000002,0.18424000000000001,0.23306999999999997,0.26352,0.2659,0.29736999999999997,0.29327,0.29934,0.32032,0.32149,0.32247,0.33231,0.33399,0.41775,0.32742,0.30753,0.36157,0.32034,0.32125,0.32678,0.33559,0.33592,0.33562675753059373,0.3353336326331875,0.33504050773578126,0.33474738283837496,0.3344542579409688,0.33416113304356254,0.33386800814615625,0.33357488324875,0.33357488324875,0.33357488324875,0.33357488324875,0.33357488324875,0.33357488324875,0.33357488324875,0.33357488324875,0.33357488324875,0.33357488324875,0.33357488324875,0.33357488324875,0.33357488324875,0.33357488324875,0.33357488324875,0.33357488324875,0.33357488324875,0.33357488324875,0.33357488324875,0.33357488324875,0.33357488324875,0.33357488324875,0.33357488324875,0.33357488324875,0.33357488324875,0.33357488324875
,VCT,,emi_ncov,emi_ncov,KYOTOGHG,IPCM0EL,MtCO2eq,AR4,0.0,0.0,0.0,0.0,0.0,0.0,0.0,0.0,0.0,0.0,0.0,0.0,0.0,0.0,0.0,0.0,0.0,0.0,0.0,0.0,0.0,0.0,0.0,0.0,0.0,0.0,0.0,0.0,1.1746940624406239e-07,1.1736681249406757e-07,1.1726421874407276e-07,1.1716162499407795e-07,1.1705903124408314e-07,1.1695643749408834e-07,1.1685384374409352e-07,1.167512499940987e-07,1.167512499940987e-07,1.167512499940987e-07,1.167512499940987e-07,1.167512499940987e-07,1.167512499940987e-07,1.167512499940987e-07,1.167512499940987e-07,1.167512499940987e-07,1.167512499940987e-07,1.167512499940987e-07,1.167512499940987e-07,1.167512499940987e-07,1.167512499940987e-07,1.167512499940987e-07,1.167512499940987e-07,1.167512499940987e-07,1.167512499940987e-07,1.167512499940987e-07,1.167512499940987e-07,1.167512499940987e-07,1.167512499940987e-07,1.167512499940987e-07,1.167512499940987e-07,1.167512499940987e-07,1.167512499940987e-07
,VCT,,pc_cov,pc_cov,KYOTOGHG,IPCM0EL,MtCO2eq/MtCO2eq,AR4,1.0,1.0,1.0,1.0,1.0,1.0,1.0,1.0,1.0,1.0,1.0,1.0,1.0,1.0,1.0,1.0,1.0,1.0,1.0,1.0,1.0,1.0,1.0,1.0,1.0,1.0,1.0,1.0,0.99999965,0.99999965,0.99999965,0.99999965,0.99999965,0.99999965,0.99999965,0.99999965,0.99999965,0.99999965,0.99999965,0.99999965,0.99999965,0.99999965,0.99999965,0.99999965,0.99999965,0.99999965,0.99999965,0.99999965,0.99999965,0.99999965,0.99999965,0.99999965,0.99999965,0.99999965,0.99999965,0.99999965,0.99999965,0.99999965,0.99999965,0.99999965,0.99999965
,VEN,,pop,pop,POP,DEMOGR,Pers,,19632665.0,20096317.0,20557683.0,21016901.0,21474549.0,21931084.0,22385650.0,22837743.0,23288564.0,23739841.0,24192446.0,24646472.0,25100408.0,25551624.0,25996594.0,26432447.0,26850194.0,27247610.0,27635832.0,28031009.0,28439940.0,28887874.0,29360837.0,29781040.0,30042968.0,30081829.0,29851255.0,29402484.0,30816358.6996,31294737.3152,31770398.9223,32245663.3601,32723812.2091,33204605.9604,33687808.1699,34173187.0898,34659021.4623,35142471.5342,35621636.9582,36094623.3323,36559541.9825,37017621.3378,37471571.0784,37921725.9094,38368417.162,38811972.9759,39252536.6786,39690211.1409,40125259.4078,40557941.8137,40988516.0889,41417431.3694,41844739.6447,42270099.6436,42693168.332,43113601.0062,43530864.9425,43944349.0388,44353594.5101,44758148.6617,45157564.6907
,VEN,,gdp,gdp,GDPPPP,ECO,2011GKD,,166601546875.0,164868656250.0,166917859375.0,160493140625.0,156788296875.0,158436203125.0,161035031250.0,158785171875.0,145435781250.0,146460171875.0,170183562500.0,171686578125.0,167081187500.0,165154593750.0,213844796875.0,271701093750.0,318240031250.0,362100593750.0,419150718750.0,360995843750.0,436830562500.0,493968687500.0,501488593750.0,464045687500.0,393038250000.0,226902265625.0,230825812500.0,249381406250.0,300989921137.4622,309278032762.34,318098597113.2208,327549859697.9491,337476663775.6924,347962247079.3093,359091005125.5124,370949465544.084,383495396058.265,396613220330.5749,410281583540.4119,424479078920.6183,439184316086.595,454481062685.0801,470433891114.2993,486990894959.7704,504097489700.871,521696168064.6821,539934296304.3618,558959848540.6029,578716803370.9803,599153271970.886,620221763165.474,642035132427.6722,664602849113.1167,687726841870.4462,711210763815.8395,734860093958.6846,758831369630.991,783285861971.2958,808037461704.3243,832899913683.8407,857686692298.8439
"The target value from 'conditional_best' was used for 'conditional_worst' in 2030.
",VEN,ABU,conditional,worst,KYOTOGHG,IPCM0EL,MtCO2eq,AR4,192.5415,187.7067,178.7718,200.433,208.4641,221.2428,210.7679,225.1657,260.3671,260.7343,242.5109,262.1593,278.7947,276.8169,241.9845,257.7076,262.1521,254.1581,274.7911,275.1781,279.0311,269.276,299.6513,280.2448,281.8606,271.9379,261.3894,255.0584,303.3171,304.8965,307.1977,286.56563749571626,265.8180653931802,244.90257513803923,223.7482719759085,202.26805145391936,180.295872086508,157.6594443070972,134.26259842041978,110.02335770092633,84.87329999999994,86.49569281543333,88.20146698492148,89.97380829930393,91.79625928653104,93.65260029929384,95.56219027147725,97.54324657821131,99.57890744538743,101.65357157002214,103.75296946767936,105.89615090008128,108.08796749193614,110.29521890945603,112.48684524151842,114.63373673987371,116.76091256723318,118.89239302239751,121.00025748082015,123.05798848392406,125.04044795662767
,VEN,ABU,conditional,best,KYOTOGHG,IPCM0EL,MtCO2eq,AR4,192.5415,187.7067,178.7718,200.433,208.4641,221.2428,210.7679,225.1657,260.3671,260.7343,242.5109,262.1593,278.7947,276.8169,241.9845,257.7076,262.1521,254.1581,274.7911,275.1781,279.0311,269.276,299.6513,280.2448,281.8606,271.9379,261.3894,255.0584,303.3171,304.8965,307.1977,286.56563749571626,265.8180653931802,244.90257513803923,223.7482719759085,202.26805145391936,180.295872086508,157.6594443070972,134.26259842041978,110.02335770092633,84.87329999999994,86.49569281543333,88.20146698492148,89.97380829930393,91.79625928653104,93.65260029929384,95.56219027147725,97.54324657821131,99.57890744538743,101.65357157002214,103.75296946767936,105.89615090008128,108.08796749193614,110.29521890945603,112.48684524151842,114.63373673987371,116.76091256723318,118.89239302239751,121.00025748082015,123.05798848392406,125.04044795662767
,VEN,ABU,unconditional,worst,KYOTOGHG,IPCM0EL,MtCO2eq,AR4,192.5415,187.7067,178.7718,200.433,208.4641,221.2428,210.7679,225.1657,260.3671,260.7343,242.5109,262.1593,278.7947,276.8169,241.9845,257.7076,262.1521,254.1581,274.7911,275.1781,279.0311,269.276,299.6513,280.2448,281.8606,271.9379,261.3894,255.0584,303.3171,304.8965,307.1977,310.209,313.6256,317.4997,321.8798,326.8121,332.2233,337.9788,344.0339,350.3457,356.8733,363.6951,370.8675,378.3198,385.9828,393.7883,401.8177,410.1476,418.7071,427.4306,436.2581,445.2697,454.4858,463.7668,472.9821,482.0093,490.9536,499.916,508.7791,517.4314,525.7672
,VEN,ABU,unconditional,best,KYOTOGHG,IPCM0EL,MtCO2eq,AR4,192.5415,187.7067,178.7718,200.433,208.4641,221.2428,210.7679,225.1657,260.3671,260.7343,242.5109,262.1593,278.7947,276.8169,241.9845,257.7076,262.1521,254.1581,274.7911,275.1781,279.0311,269.276,299.6513,280.2448,281.8606,271.9379,261.3894,255.0584,303.3171,304.8965,307.1977,310.209,313.6256,317.4997,321.8798,326.8121,332.2233,337.9788,344.0339,350.3457,356.8733,363.6951,370.8675,378.3198,385.9828,393.7883,401.8177,410.1476,418.7071,427.4306,436.2581,445.2697,454.4858,463.7668,472.9821,482.0093,490.9536,499.916,508.7791,517.4314,525.7672
"The target value from 'conditional_best' was used for 'conditional_worst' in 2030.
",VEN,RBU,conditional,worst,KYOTOGHG,IPCM0EL,MtCO2eq,AR4,192.5415,187.7067,178.7718,200.433,208.4641,221.2428,210.7679,225.1657,260.3671,260.7343,242.5109,262.1593,278.7947,276.8169,241.9845,257.7076,262.1521,254.1581,274.7911,275.1781,279.0311,269.276,299.6513,280.2448,281.8606,271.9379,261.3894,255.0584,303.3171,304.8965,307.1977,303.57671836462873,300.2149426221529,297.1352286641018,294.3525846537403,291.8758168965583,289.6056101567182,287.3967920031538,285.1902244930961,282.93204607870325,280.573636426592,285.9369326804023,291.57587050485176,297.43486559005953,303.459512925506,309.59619370024524,315.90890455959976,322.45786839093677,329.18734364446067,336.0457556281181,342.98593236746996,350.07084844839244,357.31654234219485,364.61326058834885,371.8583255224921,378.9555063167688,385.9875111663621,393.0337462282445,400.00191167243025,406.80434624642,413.35794865524343
,VEN,RBU,conditional,best,KYOTOGHG,IPCM0EL,MtCO2eq,AR4,192.5415,187.7067,178.7718,200.433,208.4641,221.2428,210.7679,225.1657,260.3671,260.7343,242.5109,262.1593,278.7947,276.8169,241.9845,257.7076,262.1521,254.1581,274.7911,275.1781,279.0311,269.276,299.6513,280.2448,281.8606,271.9379,261.3894,255.0584,303.3171,304.8965,307.1977,303.57671836462873,300.2149426221529,297.1352286641018,294.3525846537403,291.8758168965583,289.6056101567182,287.3967920031538,285.1902244930961,282.93204607870325,280.573636426592,285.9369326804023,291.57587050485176,297.43486559005953,303.459512925506,309.59619370024524,315.90890455959976,322.45786839093677,329.18734364446067,336.0457556281181,342.98593236746996,350.07084844839244,357.31654234219485,364.61326058834885,371.8583255224921,378.9555063167688,385.9875111663621,393.0337462282445,400.00191167243025,406.80434624642,413.35794865524343
,VEN,RBU,unconditional,worst,KYOTOGHG,IPCM0EL,MtCO2eq,AR4,192.5415,187.7067,178.7718,200.433,208.4641,221.2428,210.7679,225.1657,260.3671,260.7343,242.5109,262.1593,278.7947,276.8169,241.9845,257.7076,262.1521,254.1581,274.7911,275.1781,279.0311,269.276,299.6513,280.2448,281.8606,271.9379,261.3894,255.0584,303.3171,304.8965,307.1977,310.209,313.6256,317.4997,321.8798,326.8121,332.2233,337.9788,344.0339,350.3457,356.8733,363.6951,370.8675,378.3198,385.9828,393.7883,401.8177,410.1476,418.7071,427.4306,436.2581,445.2697,454.4858,463.7668,472.9821,482.0093,490.9536,499.916,508.7791,517.4314,525.7672
,VEN,RBU,unconditional,best,KYOTOGHG,IPCM0EL,MtCO2eq,AR4,192.5415,187.7067,178.7718,200.433,208.4641,221.2428,210.7679,225.1657,260.3671,260.7343,242.5109,262.1593,278.7947,276.8169,241.9845,257.7076,262.1521,254.1581,274.7911,275.1781,279.0311,269.276,299.6513,280.2448,281.8606,271.9379,261.3894,255.0584,303.3171,304.8965,307.1977,310.209,313.6256,317.4997,321.8798,326.8121,332.2233,337.9788,344.0339,350.3457,356.8733,363.6951,370.8675,378.3198,385.9828,393.7883,401.8177,410.1476,418.7071,427.4306,436.2581,445.2697,454.4858,463.7668,472.9821,482.0093,490.9536,499.916,508.7791,517.4314,525.7672
"No targets calculated, so the baseline emissions are put in as target pathways for all un/conditional best/worst pathways.
",VEN,baseline_emissions,conditional,worst,KYOTOGHG,IPCM0EL,MtCO2eq,AR4,192.5415,187.7067,178.7718,200.433,208.4641,221.2428,210.7679,225.1657,260.3671,260.7343,242.5109,262.1593,278.7947,276.8169,241.9845,257.7076,262.1521,254.1581,274.7911,275.1781,279.0311,269.276,299.6513,280.2448,281.8606,271.9379,261.3894,255.0584,303.3171,304.8965,307.1977,310.209,313.6256,317.4997,321.8798,326.8121,332.2233,337.9788,344.0339,350.3457,356.8733,363.6951,370.8675,378.3198,385.9828,393.7883,401.8177,410.1476,418.7071,427.4306,436.2581,445.2697,454.4858,463.7668,472.9821,482.0093,490.9536,499.916,508.7791,517.4314,525.7672
"No targets calculated, so the baseline emissions are put in as target pathways for all un/conditional best/worst pathways.
",VEN,baseline_emissions,conditional,best,KYOTOGHG,IPCM0EL,MtCO2eq,AR4,192.5415,187.7067,178.7718,200.433,208.4641,221.2428,210.7679,225.1657,260.3671,260.7343,242.5109,262.1593,278.7947,276.8169,241.9845,257.7076,262.1521,254.1581,274.7911,275.1781,279.0311,269.276,299.6513,280.2448,281.8606,271.9379,261.3894,255.0584,303.3171,304.8965,307.1977,310.209,313.6256,317.4997,321.8798,326.8121,332.2233,337.9788,344.0339,350.3457,356.8733,363.6951,370.8675,378.3198,385.9828,393.7883,401.8177,410.1476,418.7071,427.4306,436.2581,445.2697,454.4858,463.7668,472.9821,482.0093,490.9536,499.916,508.7791,517.4314,525.7672
"No targets calculated, so the baseline emissions are put in as target pathways for all un/conditional best/worst pathways.
",VEN,baseline_emissions,unconditional,worst,KYOTOGHG,IPCM0EL,MtCO2eq,AR4,192.5415,187.7067,178.7718,200.433,208.4641,221.2428,210.7679,225.1657,260.3671,260.7343,242.5109,262.1593,278.7947,276.8169,241.9845,257.7076,262.1521,254.1581,274.7911,275.1781,279.0311,269.276,299.6513,280.2448,281.8606,271.9379,261.3894,255.0584,303.3171,304.8965,307.1977,310.209,313.6256,317.4997,321.8798,326.8121,332.2233,337.9788,344.0339,350.3457,356.8733,363.6951,370.8675,378.3198,385.9828,393.7883,401.8177,410.1476,418.7071,427.4306,436.2581,445.2697,454.4858,463.7668,472.9821,482.0093,490.9536,499.916,508.7791,517.4314,525.7672
"No targets calculated, so the baseline emissions are put in as target pathways for all un/conditional best/worst pathways.
",VEN,baseline_emissions,unconditional,best,KYOTOGHG,IPCM0EL,MtCO2eq,AR4,192.5415,187.7067,178.7718,200.433,208.4641,221.2428,210.7679,225.1657,260.3671,260.7343,242.5109,262.1593,278.7947,276.8169,241.9845,257.7076,262.1521,254.1581,274.7911,275.1781,279.0311,269.276,299.6513,280.2448,281.8606,271.9379,261.3894,255.0584,303.3171,304.8965,307.1977,310.209,313.6256,317.4997,321.8798,326.8121,332.2233,337.9788,344.0339,350.3457,356.8733,363.6951,370.8675,378.3198,385.9828,393.7883,401.8177,410.1476,418.7071,427.4306,436.2581,445.2697,454.4858,463.7668,472.9821,482.0093,490.9536,499.916,508.7791,517.4314,525.7672
,VEN,,emi_bau,emi_bau,KYOTOGHG,IPCM0EL,MtCO2eq,AR4,192.5415,187.7067,178.7718,200.433,208.4641,221.2428,210.7679,225.1657,260.3671,260.7343,242.5109,262.1593,278.7947,276.8169,241.9845,257.7076,262.1521,254.1581,274.7911,275.1781,279.0311,269.276,299.6513,280.2448,281.8606,271.9379,261.3894,255.0584,303.3171,304.8965,307.1977,310.209,313.6256,317.4997,321.8798,326.8121,332.2233,337.9788,344.0339,350.3457,356.8733,363.6951,370.8675,378.3198,385.9828,393.7883,401.8177,410.1476,418.7071,427.4306,436.2581,445.2697,454.4858,463.7668,472.9821,482.0093,490.9536,499.916,508.7791,517.4314,525.7672
,VEN,,emi_cov,emi_cov,KYOTOGHG,IPCM0EL,MtCO2eq,AR4,155.88190839181502,150.06072928211282,141.4399313573454,163.95608608752,171.57504541940102,183.943765069854,173.93388976349263,187.99024916804908,223.0323179225624,224.1937843479108,204.587200664976,222.6767537942597,239.3858603011808,236.32200095919387,200.2660109171415,214.5396333692808,219.05392171756174,209.98294824505456,229.30835228973268,229.46966426410418,238.81224868506575,229.845554220884,254.764781809408,234.88990281921122,236.37911612424617,226.97404565295983,217.48855807375983,211.158230252376,258.72950055590366,260.249601791774,262.4644031245693,265.36264355640895,268.6509669938688,272.3796134806929,276.5952622489056,281.3423785894957,286.5504144609189,292.0898237400216,297.9175844777867,303.9924074174271,310.27492786703976,316.84060286778424,323.743714366275,330.91621707733924,338.2915090208556,345.8039508801837,353.53188619207566,361.5490394343032,369.78717208808627,378.18314775665624,386.67921841437646,395.3524771271073,404.22255786828737,413.1551017560288,422.02441235687274,430.7126855151406,439.32117050231045,447.947076746124,456.4774108646407,464.8048592019767,472.82769064242314
,VEN,,emi_ncov,emi_ncov,KYOTOGHG,IPCM0EL,MtCO2eq,AR4,36.65959160818501,37.6459707178872,37.33186864265461,36.47691391248,36.889054580598994,37.299034930145986,36.834010236507375,37.17545083195091,37.33478207743759,36.54051565208921,37.92369933502399,39.48254620574028,39.40883969881917,40.4948990408061,41.71848908285849,43.16796663071922,43.09817828243828,44.175151754945425,45.48274771026729,45.708435735895776,40.21885131493422,39.430445779116,44.886518190592,45.354897180788775,45.481483875753796,44.96385434704018,43.9008419262402,43.900169747624,44.587599444096305,44.64689820822602,44.733296875430696,44.84635644359102,44.974633006131214,45.120086519307094,45.28453775109438,45.46972141050429,45.672885539081115,45.888976259978385,46.1163155222133,46.3532925825729,46.59837213296021,46.854497132215805,47.123785633724985,47.40358292266077,47.6912909791444,47.984349119816294,48.28581380792433,48.59856056569677,48.91992791191378,49.24745224334377,49.57888158562357,49.91722287289268,50.26324213171263,50.611698243971205,50.95768764312723,51.29661448485937,51.63242949768955,51.968923253876,52.30168913535929,52.62654079802337,52.93950935757684
,VEN,,pc_cov,pc_cov,KYOTOGHG,IPCM0EL,MtCO2eq/MtCO2eq,AR4,0.80960161,0.799442584,0.7911758529999999,0.81800944,0.82304361,0.831411305,0.8252389940000001,0.834897363,0.856607144,0.859855356,0.84362064,0.8493948290000001,0.8586456640000001,0.853712331,0.827598507,0.8324924579999999,0.8355985770000001,0.8261902659999999,0.834482457,0.8338950820000001,0.8558624779999999,0.853568659,0.85020416,0.8381597190000001,0.838638377,0.8346539620000001,0.832048117,0.82788189,0.853000047,0.853567036,0.854382709,0.8554318009999999,0.856597698,0.857889357,0.859312272,0.860868917,0.862523533,0.864225282,0.865954153,0.867692703,0.869426006,0.871170942,0.87293633,0.8746997040000001,0.876441927,0.878146839,0.8798315409999999,0.8815095820000001,0.8831643220000001,0.8847825770000001,0.8863542440000001,0.887894409,0.8894063529999999,0.890868216,0.8922629679999999,0.8935775420000001,0.8948323640000001,0.896044689,0.897201577,0.8982927190000001,0.8993099809999999
,VGB,,pop,pop,POP,DEMOGR,Pers,,17489.0,18006.0,18438.0,18786.0,19074.0,19313.0,19502.0,19665.0,19821.0,20026.0,20311.0,20675.0,21129.0,21672.0,22334.0,23107.0,24023.0,25047.0,26097.0,27039.0,27794.0,28319.0,28650.0,28847.0,28989.0,29152.0,29355.0,29577.0,29095.0,29095.0,29095.0,29095.0,29095.0,29095.0,29095.0,29095.0,29095.0,29095.0,29095.0,29095.0,29095.0,29095.0,29095.0,29095.0,29095.0,29095.0,29095.0,29095.0,29095.0,29095.0,29095.0,29095.0,29095.0,29095.0,29095.0,29095.0,29095.0,29095.0,29095.0,29095.0,29095.0
,VGB,,gdp,gdp,GDPPPP,ECO,2011GKD,,168820480.3467,212304000.8545,255957427.9785,332978729.248,417233520.5078,512036926.2695,549365722.6563,605952148.4375,664205627.4414,730561706.543,801826843.2617,847414428.7109,802797912.5977,723028686.5234,730384826.6602,855235778.8086,837723205.5664,824505310.0586,821149963.3789,798356201.1719,796766845.7031,791635864.2578,752292663.5742,788580688.4766,799458984.375,794078613.2813,791027099.6094,796274414.0625,786952077.2298335,786952077.2298335,786952077.2298335,786952077.2298335,786952077.2298335,786952077.2298335,786952077.2298335,786952077.2298335,786952077.2298335,786952077.2298335,786952077.2298335,786952077.2298335,786952077.2298335,786952077.2298335,786952077.2298335,786952077.2298335,786952077.2298335,786952077.2298335,786952077.2298335,786952077.2298335,786952077.2298335,786952077.2298335,786952077.2298335,786952077.2298335,786952077.2298335,786952077.2298335,786952077.2298335,786952077.2298335,786952077.2298335,786952077.2298335,786952077.2298335,786952077.2298335,786952077.2298335
"No targets calculated, so the baseline emissions are put in as target pathways for all un/conditional best/worst pathways.
",VGB,baseline_emissions,conditional,worst,KYOTOGHG,IPCM0EL,MtCO2eq,AR4,0.08014199999999999,0.081094,0.085013,0.088603,0.096127,0.099985,0.11141,0.11492999999999999,0.11872,0.11896,0.11925,0.12302,0.13046,0.13822,0.14213,0.14962999999999999,0.16077,0.16885,0.18007,0.18385,0.19144,0.19585999999999998,0.19602999999999998,0.1961,0.20237,0.20646,0.2121,0.21141,0.20407833333333336,0.20407833333333336,0.20407833333333336,0.20407833333333336,0.20407833333333336,0.20407833333333336,0.20407833333333336,0.20407833333333336,0.20407833333333336,0.20407833333333336,0.20407833333333336,0.20407833333333336,0.20407833333333336,0.20407833333333336,0.20407833333333336,0.20407833333333336,0.20407833333333336,0.20407833333333336,0.20407833333333336,0.20407833333333336,0.20407833333333336,0.20407833333333336,0.20407833333333336,0.20407833333333336,0.20407833333333336,0.20407833333333336,0.20407833333333336,0.20407833333333336,0.20407833333333336,0.20407833333333336,0.20407833333333336,0.20407833333333336,0.20407833333333336
"No targets calculated, so the baseline emissions are put in as target pathways for all un/conditional best/worst pathways.
",VGB,baseline_emissions,conditional,best,KYOTOGHG,IPCM0EL,MtCO2eq,AR4,0.08014199999999999,0.081094,0.085013,0.088603,0.096127,0.099985,0.11141,0.11492999999999999,0.11872,0.11896,0.11925,0.12302,0.13046,0.13822,0.14213,0.14962999999999999,0.16077,0.16885,0.18007,0.18385,0.19144,0.19585999999999998,0.19602999999999998,0.1961,0.20237,0.20646,0.2121,0.21141,0.20407833333333336,0.20407833333333336,0.20407833333333336,0.20407833333333336,0.20407833333333336,0.20407833333333336,0.20407833333333336,0.20407833333333336,0.20407833333333336,0.20407833333333336,0.20407833333333336,0.20407833333333336,0.20407833333333336,0.20407833333333336,0.20407833333333336,0.20407833333333336,0.20407833333333336,0.20407833333333336,0.20407833333333336,0.20407833333333336,0.20407833333333336,0.20407833333333336,0.20407833333333336,0.20407833333333336,0.20407833333333336,0.20407833333333336,0.20407833333333336,0.20407833333333336,0.20407833333333336,0.20407833333333336,0.20407833333333336,0.20407833333333336,0.20407833333333336
"No targets calculated, so the baseline emissions are put in as target pathways for all un/conditional best/worst pathways.
",VGB,baseline_emissions,unconditional,worst,KYOTOGHG,IPCM0EL,MtCO2eq,AR4,0.08014199999999999,0.081094,0.085013,0.088603,0.096127,0.099985,0.11141,0.11492999999999999,0.11872,0.11896,0.11925,0.12302,0.13046,0.13822,0.14213,0.14962999999999999,0.16077,0.16885,0.18007,0.18385,0.19144,0.19585999999999998,0.19602999999999998,0.1961,0.20237,0.20646,0.2121,0.21141,0.20407833333333336,0.20407833333333336,0.20407833333333336,0.20407833333333336,0.20407833333333336,0.20407833333333336,0.20407833333333336,0.20407833333333336,0.20407833333333336,0.20407833333333336,0.20407833333333336,0.20407833333333336,0.20407833333333336,0.20407833333333336,0.20407833333333336,0.20407833333333336,0.20407833333333336,0.20407833333333336,0.20407833333333336,0.20407833333333336,0.20407833333333336,0.20407833333333336,0.20407833333333336,0.20407833333333336,0.20407833333333336,0.20407833333333336,0.20407833333333336,0.20407833333333336,0.20407833333333336,0.20407833333333336,0.20407833333333336,0.20407833333333336,0.20407833333333336
"No targets calculated, so the baseline emissions are put in as target pathways for all un/conditional best/worst pathways.
",VGB,baseline_emissions,unconditional,best,KYOTOGHG,IPCM0EL,MtCO2eq,AR4,0.08014199999999999,0.081094,0.085013,0.088603,0.096127,0.099985,0.11141,0.11492999999999999,0.11872,0.11896,0.11925,0.12302,0.13046,0.13822,0.14213,0.14962999999999999,0.16077,0.16885,0.18007,0.18385,0.19144,0.19585999999999998,0.19602999999999998,0.1961,0.20237,0.20646,0.2121,0.21141,0.20407833333333336,0.20407833333333336,0.20407833333333336,0.20407833333333336,0.20407833333333336,0.20407833333333336,0.20407833333333336,0.20407833333333336,0.20407833333333336,0.20407833333333336,0.20407833333333336,0.20407833333333336,0.20407833333333336,0.20407833333333336,0.20407833333333336,0.20407833333333336,0.20407833333333336,0.20407833333333336,0.20407833333333336,0.20407833333333336,0.20407833333333336,0.20407833333333336,0.20407833333333336,0.20407833333333336,0.20407833333333336,0.20407833333333336,0.20407833333333336,0.20407833333333336,0.20407833333333336,0.20407833333333336,0.20407833333333336,0.20407833333333336,0.20407833333333336
,VGB,,emi_bau,emi_bau,KYOTOGHG,IPCM0EL,MtCO2eq,AR4,0.08014199999999999,0.081094,0.085013,0.088603,0.096127,0.099985,0.11141,0.11492999999999999,0.11872,0.11896,0.11925,0.12302,0.13046,0.13822,0.14213,0.14962999999999999,0.16077,0.16885,0.18007,0.18385,0.19144,0.19585999999999998,0.19602999999999998,0.1961,0.20237,0.20646,0.2121,0.21141,0.20407833333333336,0.20407833333333336,0.20407833333333336,0.20407833333333336,0.20407833333333336,0.20407833333333336,0.20407833333333336,0.20407833333333336,0.20407833333333336,0.20407833333333336,0.20407833333333336,0.20407833333333336,0.20407833333333336,0.20407833333333336,0.20407833333333336,0.20407833333333336,0.20407833333333336,0.20407833333333336,0.20407833333333336,0.20407833333333336,0.20407833333333336,0.20407833333333336,0.20407833333333336,0.20407833333333336,0.20407833333333336,0.20407833333333336,0.20407833333333336,0.20407833333333336,0.20407833333333336,0.20407833333333336,0.20407833333333336,0.20407833333333336,0.20407833333333336
,VGB,,emi_cov,emi_cov,KYOTOGHG,IPCM0EL,MtCO2eq,AR4,0.0,0.0,0.0,0.0,0.0,0.0,0.0,0.0,0.0,0.0,0.0,0.0,0.0,0.0,0.0,0.0,0.0,0.0,0.0,0.0,0.0,0.0,0.0,0.0,0.0,0.0,0.0,0.0,0.0,0.0,0.0,0.0,0.0,0.0,0.0,0.0,0.0,0.0,0.0,0.0,0.0,0.0,0.0,0.0,0.0,0.0,0.0,0.0,0.0,0.0,0.0,0.0,0.0,0.0,0.0,0.0,0.0,0.0,0.0,0.0,0.0
,VGB,,emi_ncov,emi_ncov,KYOTOGHG,IPCM0EL,MtCO2eq,AR4,0.08014199999999999,0.081094,0.085013,0.088603,0.096127,0.099985,0.11141,0.11492999999999999,0.11872,0.11896,0.11925,0.12302,0.13046,0.13822,0.14213,0.14962999999999999,0.16077,0.16885,0.18007,0.18385,0.19144,0.19585999999999998,0.19602999999999998,0.1961,0.20237,0.20646,0.2121,0.21141,0.20407833333333336,0.20407833333333336,0.20407833333333336,0.20407833333333336,0.20407833333333336,0.20407833333333336,0.20407833333333336,0.20407833333333336,0.20407833333333336,0.20407833333333336,0.20407833333333336,0.20407833333333336,0.20407833333333336,0.20407833333333336,0.20407833333333336,0.20407833333333336,0.20407833333333336,0.20407833333333336,0.20407833333333336,0.20407833333333336,0.20407833333333336,0.20407833333333336,0.20407833333333336,0.20407833333333336,0.20407833333333336,0.20407833333333336,0.20407833333333336,0.20407833333333336,0.20407833333333336,0.20407833333333336,0.20407833333333336,0.20407833333333336,0.20407833333333336
,VGB,,pc_cov,pc_cov,KYOTOGHG,IPCM0EL,MtCO2eq/MtCO2eq,AR4,0.0,0.0,0.0,0.0,0.0,0.0,0.0,0.0,0.0,0.0,0.0,0.0,0.0,0.0,0.0,0.0,0.0,0.0,0.0,0.0,0.0,0.0,0.0,0.0,0.0,0.0,0.0,0.0,0.0,0.0,0.0,0.0,0.0,0.0,0.0,0.0,0.0,0.0,0.0,0.0,0.0,0.0,0.0,0.0,0.0,0.0,0.0,0.0,0.0,0.0,0.0,0.0,0.0,0.0,0.0,0.0,0.0,0.0,0.0,0.0,0.0
,VNM,,pop,pop,POP,DEMOGR,Pers,,67988862.0,69436954.0,70883481.0,72300308.0,73651218.0,74910461.0,76068743.0,77133214.0,78115710.0,79035871.0,79910412.0,80742499.0,81534407.0,82301656.0,83062821.0,83832661.0,84617540.0,85419591.0,86243413.0,87092252.0,87967651.0,88871380.0,89801926.0,90752592.0,91713848.0,92677076.0,93640422.0,94600648.0,95435798.4827,96339258.7566,97214245.8986,98066409.4693,98903674.8273,99724988.2301,100529275.0456,101315437.2916,102074137.1664,102794702.3446,103474025.6249,104109010.7656,104696569.5797,105257377.3114,105808645.275,106342147.2247,106849717.5436,107323250.5949,107774880.5311,108216790.2068,108641025.4522,109039664.4037,109404818.7692,109747590.2679,110078681.5497,110389650.8364,110672077.6545,110917564.6852,111136395.1963,111337829.9762,111511945.2551,111648803.031,111738451.2728
,VNM,,gdp,gdp,GDPPPP,ECO,2011GKD,,85731171875.0,93841429687.5,101500953125.0,106769648437.5,112533078125.0,121856539062.5,130809648437.5,141355906250.0,148772703125.0,156997062500.0,165397265625.0,176643265625.0,189127234375.0,200660328125.0,220252218750.0,248077062500.0,268553187500.0,286607156250.0,312378687500.0,328223812500.0,373507437500.0,407500656250.0,442986656250.0,461859687500.0,490783750000.0,515139687500.0,554707562500.0,602453937500.0,628363335827.0571,667955632360.9753,706230665244.2747,743858941622.8657,782404871774.9818,822018424199.9106,862845649214.1434,905040109961.6442,947784965009.6604,989981682903.0504,1031374570156.694,1071707023178.604,1110720171211.533,1148615085592.9,1185917144848.442,1222846543929.654,1259616524516.116,1296432475566.783,1333203205216.919,1369796071667.707,1406352194127.1729,1443018990618.434,1479950620764.09,1517048423412.3782,1554117196175.8508,1591180850529.73,1628275767522.906,1665451253345.867,1702290692723.48,1738519503105.19,1774417740578.454,1810275331796.864,1846392484592.135
"The target value from 'conditional_best' was used for 'conditional_worst' in 2030.
",VNM,ABS,conditional,worst,KYOTOGHG,IPCM0EL,MtCO2eq,AR4,83.4195,86.4861,88.29799999999999,91.6254,97.1083,103.809,114.7496,127.52,136.5981,142.9456,152.1119,159.87,174.4232,187.7232,207.7371,218.5671,225.8118,232.192,245.4076,267.685,282.1727,290.281,281.4409,290.7903,310.4578,343.0538,359.245,363.0697,367.62193333333335,372.17416666666674,376.7264,370.77317987824165,363.99333756131847,356.38687304923053,347.9537863419778,338.69407743956015,328.60774634197776,317.6947930492305,305.9552175613185,293.38901987824164,279.9962,286.199793219365,292.32581950410844,298.42407201135285,304.5412318259011,310.7210441152724,316.9359699753505,323.149604031824,329.3908944291052,335.690022396865,342.0787545601076,348.5307850999756,354.99819984640743,361.4826429130818,367.9879309924667,374.5200533558199,380.9571107175437,387.21337429296904,393.3513791202278,399.4338363924888,405.5238683313403
,VNM,ABS,conditional,best,KYOTOGHG,IPCM0EL,MtCO2eq,AR4,83.4195,86.4861,88.29799999999999,91.6254,97.1083,103.809,114.7496,127.52,136.5981,142.9456,152.1119,159.87,174.4232,187.7232,207.7371,218.5671,225.8118,232.192,245.4076,267.685,282.1727,290.281,281.4409,290.7903,310.4578,343.0538,359.245,363.0697,367.62193333333335,372.17416666666674,376.7264,370.77317987824165,363.99333756131847,356.38687304923053,347.9537863419778,338.69407743956015,328.60774634197776,317.6947930492305,305.9552175613185,293.38901987824164,279.9962,286.199793219365,292.32581950410844,298.42407201135285,304.5412318259011,310.7210441152724,316.9359699753505,323.149604031824,329.3908944291052,335.690022396865,342.0787545601076,348.5307850999756,354.99819984640743,361.4826429130818,367.9879309924667,374.5200533558199,380.9571107175437,387.21337429296904,393.3513791202278,399.4338363924888,405.5238683313403
"The target value from 'unconditional_best' was used for 'unconditional_worst' in 2030.
",VNM,ABS,unconditional,worst,KYOTOGHG,IPCM0EL,MtCO2eq,AR4,83.4195,86.4861,88.29799999999999,91.6254,97.1083,103.809,114.7496,127.52,136.5981,142.9456,152.1119,159.87,174.4232,187.7232,207.7371,218.5671,225.8118,232.192,245.4076,267.685,282.1727,290.281,281.4409,290.7903,310.4578,343.0538,359.245,363.0697,367.62193333333335,372.17416666666674,376.7264,381.6295159610373,386.26811281962193,390.6421905757538,394.75174922943296,398.59678878065927,402.1773092294329,405.4933105757538,408.544792819622,411.3317559610374,413.85420000000005,423.0235498301969,432.0782502413148,441.09189904363296,450.13349418428845,459.26769411688724,468.45379439211223,477.6379852901838,486.86305421731373,496.17361116699686,505.61660945923455,515.1531672319924,524.7124639508504,534.2969297321863,543.9122059175895,553.5671450738625,563.0815714296141,572.3287717737502,581.4011773184731,590.3914796455965,599.392977866029
,VNM,ABS,unconditional,best,KYOTOGHG,IPCM0EL,MtCO2eq,AR4,83.4195,86.4861,88.29799999999999,91.6254,97.1083,103.809,114.7496,127.52,136.5981,142.9456,152.1119,159.87,174.4232,187.7232,207.7371,218.5671,225.8118,232.192,245.4076,267.685,282.1727,290.281,281.4409,290.7903,310.4578,343.0538,359.245,363.0697,367.62193333333335,372.17416666666674,376.7264,381.6295159610373,386.26811281962193,390.6421905757538,394.75174922943296,398.59678878065927,402.1773092294329,405.4933105757538,408.544792819622,411.3317559610374,413.85420000000005,423.0235498301969,432.0782502413148,441.09189904363296,450.13349418428845,459.26769411688724,468.45379439211223,477.6379852901838,486.86305421731373,496.17361116699686,505.61660945923455,515.1531672319924,524.7124639508504,534.2969297321863,543.9122059175895,553.5671450738625,563.0815714296141,572.3287717737502,581.4011773184731,590.3914796455965,599.392977866029
"The target value from 'conditional_best' was used for 'conditional_worst' in 2030.
",VNM,ABU,conditional,worst,KYOTOGHG,IPCM0EL,MtCO2eq,AR4,83.4195,86.4861,88.29799999999999,91.6254,97.1083,103.809,114.7496,127.52,136.5981,142.9456,152.1119,159.87,174.4232,187.7232,207.7371,218.5671,225.8118,232.192,245.4076,267.685,282.1727,290.281,281.4409,290.7903,310.4578,343.0538,359.245,363.0697,367.62193333333335,372.17416666666674,376.7264,370.77317987824165,363.99333756131847,356.38687304923053,347.9537863419778,338.69407743956015,328.60774634197776,317.6947930492305,305.9552175613185,293.38901987824164,279.9962,286.199793219365,292.32581950410844,298.42407201135285,304.5412318259011,310.7210441152724,316.9359699753505,323.149604031824,329.3908944291052,335.690022396865,342.0787545601076,348.5307850999756,354.99819984640743,361.4826429130818,367.9879309924667,374.5200533558199,380.9571107175437,387.21337429296904,393.3513791202278,399.4338363924888,405.5238683313403
,VNM,ABU,conditional,best,KYOTOGHG,IPCM0EL,MtCO2eq,AR4,83.4195,86.4861,88.29799999999999,91.6254,97.1083,103.809,114.7496,127.52,136.5981,142.9456,152.1119,159.87,174.4232,187.7232,207.7371,218.5671,225.8118,232.192,245.4076,267.685,282.1727,290.281,281.4409,290.7903,310.4578,343.0538,359.245,363.0697,367.62193333333335,372.17416666666674,376.7264,370.77317987824165,363.99333756131847,356.38687304923053,347.9537863419778,338.69407743956015,328.60774634197776,317.6947930492305,305.9552175613185,293.38901987824164,279.9962,286.199793219365,292.32581950410844,298.42407201135285,304.5412318259011,310.7210441152724,316.9359699753505,323.149604031824,329.3908944291052,335.690022396865,342.0787545601076,348.5307850999756,354.99819984640743,361.4826429130818,367.9879309924667,374.5200533558199,380.9571107175437,387.21337429296904,393.3513791202278,399.4338363924888,405.5238683313403
"The target value from 'unconditional_best' was used for 'unconditional_worst' in 2030.
",VNM,ABU,unconditional,worst,KYOTOGHG,IPCM0EL,MtCO2eq,AR4,83.4195,86.4861,88.29799999999999,91.6254,97.1083,103.809,114.7496,127.52,136.5981,142.9456,152.1119,159.87,174.4232,187.7232,207.7371,218.5671,225.8118,232.192,245.4076,267.685,282.1727,290.281,281.4409,290.7903,310.4578,343.0538,359.245,363.0697,367.62193333333335,372.17416666666674,376.7264,381.6295159610373,386.26811281962193,390.6421905757538,394.75174922943296,398.59678878065927,402.1773092294329,405.4933105757538,408.544792819622,411.3317559610374,413.85420000000005,423.0235498301969,432.0782502413148,441.09189904363296,450.13349418428845,459.26769411688724,468.45379439211223,477.6379852901838,486.86305421731373,496.17361116699686,505.61660945923455,515.1531672319924,524.7124639508504,534.2969297321863,543.9122059175895,553.5671450738625,563.0815714296141,572.3287717737502,581.4011773184731,590.3914796455965,599.392977866029
,VNM,ABU,unconditional,best,KYOTOGHG,IPCM0EL,MtCO2eq,AR4,83.4195,86.4861,88.29799999999999,91.6254,97.1083,103.809,114.7496,127.52,136.5981,142.9456,152.1119,159.87,174.4232,187.7232,207.7371,218.5671,225.8118,232.192,245.4076,267.685,282.1727,290.281,281.4409,290.7903,310.4578,343.0538,359.245,363.0697,367.62193333333335,372.17416666666674,376.7264,381.6295159610373,386.26811281962193,390.6421905757538,394.75174922943296,398.59678878065927,402.1773092294329,405.4933105757538,408.544792819622,411.3317559610374,413.85420000000005,423.0235498301969,432.0782502413148,441.09189904363296,450.13349418428845,459.26769411688724,468.45379439211223,477.6379852901838,486.86305421731373,496.17361116699686,505.61660945923455,515.1531672319924,524.7124639508504,534.2969297321863,543.9122059175895,553.5671450738625,563.0815714296141,572.3287717737502,581.4011773184731,590.3914796455965,599.392977866029
"The target value from 'conditional_best' was used for 'conditional_worst' in 2030.
",VNM,RBU,conditional,worst,KYOTOGHG,IPCM0EL,MtCO2eq,AR4,83.4195,86.4861,88.29799999999999,91.6254,97.1083,103.809,114.7496,127.52,136.5981,142.9456,152.1119,159.87,174.4232,187.7232,207.7371,218.5671,225.8118,232.192,245.4076,267.685,282.1727,290.281,281.4409,290.7903,310.4578,343.0538,359.245,363.0697,367.62193333333335,372.17416666666674,376.7264,370.77317987824165,363.99333756131847,356.38687304923053,347.9537863419778,338.69407743956015,328.60774634197776,317.6947930492305,305.9552175613185,293.38901987824164,279.9962,286.199793219365,292.32581950410844,298.42407201135285,304.5412318259011,310.7210441152724,316.9359699753505,323.149604031824,329.3908944291052,335.690022396865,342.0787545601076,348.5307850999756,354.99819984640743,361.4826429130818,367.9879309924667,374.5200533558199,380.9571107175437,387.21337429296904,393.3513791202278,399.4338363924888,405.5238683313403
,VNM,RBU,conditional,best,KYOTOGHG,IPCM0EL,MtCO2eq,AR4,83.4195,86.4861,88.29799999999999,91.6254,97.1083,103.809,114.7496,127.52,136.5981,142.9456,152.1119,159.87,174.4232,187.7232,207.7371,218.5671,225.8118,232.192,245.4076,267.685,282.1727,290.281,281.4409,290.7903,310.4578,343.0538,359.245,363.0697,367.62193333333335,372.17416666666674,376.7264,370.77317987824165,363.99333756131847,356.38687304923053,347.9537863419778,338.69407743956015,328.60774634197776,317.6947930492305,305.9552175613185,293.38901987824164,279.9962,286.199793219365,292.32581950410844,298.42407201135285,304.5412318259011,310.7210441152724,316.9359699753505,323.149604031824,329.3908944291052,335.690022396865,342.0787545601076,348.5307850999756,354.99819984640743,361.4826429130818,367.9879309924667,374.5200533558199,380.9571107175437,387.21337429296904,393.3513791202278,399.4338363924888,405.5238683313403
"The target value from 'unconditional_best' was used for 'unconditional_worst' in 2030.
",VNM,RBU,unconditional,worst,KYOTOGHG,IPCM0EL,MtCO2eq,AR4,83.4195,86.4861,88.29799999999999,91.6254,97.1083,103.809,114.7496,127.52,136.5981,142.9456,152.1119,159.87,174.4232,187.7232,207.7371,218.5671,225.8118,232.192,245.4076,267.685,282.1727,290.281,281.4409,290.7903,310.4578,343.0538,359.245,363.0697,367.62193333333335,372.17416666666674,376.7264,381.6295159610373,386.26811281962193,390.6421905757538,394.75174922943296,398.59678878065927,402.1773092294329,405.4933105757538,408.544792819622,411.3317559610374,413.85420000000005,423.0235498301969,432.0782502413148,441.09189904363296,450.13349418428845,459.26769411688724,468.45379439211223,477.6379852901838,486.86305421731373,496.17361116699686,505.61660945923455,515.1531672319924,524.7124639508504,534.2969297321863,543.9122059175895,553.5671450738625,563.0815714296141,572.3287717737502,581.4011773184731,590.3914796455965,599.392977866029
,VNM,RBU,unconditional,best,KYOTOGHG,IPCM0EL,MtCO2eq,AR4,83.4195,86.4861,88.29799999999999,91.6254,97.1083,103.809,114.7496,127.52,136.5981,142.9456,152.1119,159.87,174.4232,187.7232,207.7371,218.5671,225.8118,232.192,245.4076,267.685,282.1727,290.281,281.4409,290.7903,310.4578,343.0538,359.245,363.0697,367.62193333333335,372.17416666666674,376.7264,381.6295159610373,386.26811281962193,390.6421905757538,394.75174922943296,398.59678878065927,402.1773092294329,405.4933105757538,408.544792819622,411.3317559610374,413.85420000000005,423.0235498301969,432.0782502413148,441.09189904363296,450.13349418428845,459.26769411688724,468.45379439211223,477.6379852901838,486.86305421731373,496.17361116699686,505.61660945923455,515.1531672319924,524.7124639508504,534.2969297321863,543.9122059175895,553.5671450738625,563.0815714296141,572.3287717737502,581.4011773184731,590.3914796455965,599.392977866029
"No targets calculated, so the baseline emissions are put in as target pathways for all un/conditional best/worst pathways.
",VNM,baseline_emissions,conditional,worst,KYOTOGHG,IPCM0EL,MtCO2eq,AR4,83.4195,86.4861,88.29799999999999,91.6254,97.1083,103.809,114.7496,127.52,136.5981,142.9456,152.1119,159.87,174.4232,187.7232,207.7371,218.5671,225.8118,232.192,245.4076,267.685,282.1727,290.281,281.4409,290.7903,310.4578,343.0538,359.245,363.0697,367.62193333333335,372.17416666666674,376.7264,386.73838,396.75036,406.76234,416.77432000000005,426.7863,436.79828,446.81025999999997,456.82224,466.83422,476.8462,487.4112,497.8441,508.2297,518.6475,529.172,539.7563,550.3384,560.9676,571.6953,582.5756,593.5637,604.578,615.6213,626.7001,637.8246,648.7872,659.4419,669.8952,680.2539,690.6255
"No targets calculated, so the baseline emissions are put in as target pathways for all un/conditional best/worst pathways.
",VNM,baseline_emissions,conditional,best,KYOTOGHG,IPCM0EL,MtCO2eq,AR4,83.4195,86.4861,88.29799999999999,91.6254,97.1083,103.809,114.7496,127.52,136.5981,142.9456,152.1119,159.87,174.4232,187.7232,207.7371,218.5671,225.8118,232.192,245.4076,267.685,282.1727,290.281,281.4409,290.7903,310.4578,343.0538,359.245,363.0697,367.62193333333335,372.17416666666674,376.7264,386.73838,396.75036,406.76234,416.77432000000005,426.7863,436.79828,446.81025999999997,456.82224,466.83422,476.8462,487.4112,497.8441,508.2297,518.6475,529.172,539.7563,550.3384,560.9676,571.6953,582.5756,593.5637,604.578,615.6213,626.7001,637.8246,648.7872,659.4419,669.8952,680.2539,690.6255
"No targets calculated, so the baseline emissions are put in as target pathways for all un/conditional best/worst pathways.
",VNM,baseline_emissions,unconditional,worst,KYOTOGHG,IPCM0EL,MtCO2eq,AR4,83.4195,86.4861,88.29799999999999,91.6254,97.1083,103.809,114.7496,127.52,136.5981,142.9456,152.1119,159.87,174.4232,187.7232,207.7371,218.5671,225.8118,232.192,245.4076,267.685,282.1727,290.281,281.4409,290.7903,310.4578,343.0538,359.245,363.0697,367.62193333333335,372.17416666666674,376.7264,386.73838,396.75036,406.76234,416.77432000000005,426.7863,436.79828,446.81025999999997,456.82224,466.83422,476.8462,487.4112,497.8441,508.2297,518.6475,529.172,539.7563,550.3384,560.9676,571.6953,582.5756,593.5637,604.578,615.6213,626.7001,637.8246,648.7872,659.4419,669.8952,680.2539,690.6255
"No targets calculated, so the baseline emissions are put in as target pathways for all un/conditional best/worst pathways.
",VNM,baseline_emissions,unconditional,best,KYOTOGHG,IPCM0EL,MtCO2eq,AR4,83.4195,86.4861,88.29799999999999,91.6254,97.1083,103.809,114.7496,127.52,136.5981,142.9456,152.1119,159.87,174.4232,187.7232,207.7371,218.5671,225.8118,232.192,245.4076,267.685,282.1727,290.281,281.4409,290.7903,310.4578,343.0538,359.245,363.0697,367.62193333333335,372.17416666666674,376.7264,386.73838,396.75036,406.76234,416.77432000000005,426.7863,436.79828,446.81025999999997,456.82224,466.83422,476.8462,487.4112,497.8441,508.2297,518.6475,529.172,539.7563,550.3384,560.9676,571.6953,582.5756,593.5637,604.578,615.6213,626.7001,637.8246,648.7872,659.4419,669.8952,680.2539,690.6255
,VNM,,emi_bau,emi_bau,KYOTOGHG,IPCM0EL,MtCO2eq,AR4,83.4195,86.4861,88.29799999999999,91.6254,97.1083,103.809,114.7496,127.52,136.5981,142.9456,152.1119,159.87,174.4232,187.7232,207.7371,218.5671,225.8118,232.192,245.4076,267.685,282.1727,290.281,281.4409,290.7903,310.4578,343.0538,359.245,363.0697,367.62193333333335,372.17416666666674,376.7264,386.73838,396.75036,406.76234,416.77432000000005,426.7863,436.79828,446.81025999999997,456.82224,466.83422,476.8462,487.4112,497.8441,508.2297,518.6475,529.172,539.7563,550.3384,560.9676,571.6953,582.5756,593.5637,604.578,615.6213,626.7001,637.8246,648.7872,659.4419,669.8952,680.2539,690.6255
,VNM,,emi_cov,emi_cov,KYOTOGHG,IPCM0EL,MtCO2eq,AR4,83.4195,86.4861,88.29799999999999,91.6254,97.1083,103.809,114.7496,127.52,136.5981,142.9456,152.1119,159.87,174.4232,187.7232,207.7371,218.5671,225.8118,232.192,245.4076,267.685,282.1727,290.281,281.4409,290.7903,310.4578,343.0538,359.245,363.0697,367.62193333333335,372.17416666666674,376.7264,386.73838,396.75036,406.76234,416.77432000000005,426.7863,436.79828,446.81025999999997,456.82224,466.83422,476.8462,487.4112,497.8441,508.2297,518.6473999010326,529.172,539.7563,550.3384,560.9676,571.6953,582.5756,593.5636002812985,604.578,615.6213,626.7001,637.8246,648.7872,659.4419,669.8952,680.2539,690.6253998593024
,VNM,,emi_ncov,emi_ncov,KYOTOGHG,IPCM0EL,MtCO2eq,AR4,0.0,0.0,0.0,0.0,0.0,0.0,0.0,0.0,0.0,0.0,0.0,0.0,0.0,0.0,0.0,0.0,0.0,0.0,0.0,0.0,0.0,0.0,0.0,0.0,0.0,0.0,0.0,0.0,0.0,0.0,0.0,0.0,0.0,0.0,0.0,0.0,0.0,0.0,0.0,0.0,0.0,0.0,0.0,0.0,0.0001000989674904984,0.0,0.0,0.0,0.0,0.0,0.0,9.97187016134113e-05,0.0,0.0,0.0,0.0,0.0,0.0,0.0,0.0,0.00010014069750479649
,VNM,,pc_cov,pc_cov,KYOTOGHG,IPCM0EL,MtCO2eq/MtCO2eq,AR4,1.0,1.0,1.0,1.0,1.0,1.0,1.0,1.0,1.0,1.0,1.0,1.0,1.0,1.0,1.0,1.0,1.0,1.0,1.0,1.0,1.0,1.0,1.0,1.0,1.0,1.0,1.0,1.0,1.0,1.0,1.0,1.0,1.0,1.0,1.0,1.0,1.0,1.0,1.0,1.0,1.0,1.0,1.0,1.0,0.999999807,1.0,1.0,1.0,1.0,1.0,1.0,0.999999832,1.0,1.0,1.0,1.0,1.0,1.0,1.0,1.0,0.999999855
,VUT,,pop,pop,POP,DEMOGR,Pers,,146573.0,150716.0,155170.0,159744.0,164129.0,168158.0,171722.0,174921.0,177987.0,181265.0,184972.0,189219.0,193920.0,198959.0,204127.0,209282.0,214370.0,219472.0,224704.0,230247.0,236211.0,242653.0,249499.0,256635.0,263888.0,271130.0,278330.0,285510.0,289866.870575,295483.869525,301103.50815,306743.56542500004,312408.9024,318095.56275,323799.7664,329517.9216,335263.10555000004,341018.43835,346734.663075,352361.320775,357846.7663,363279.8318,368759.41965,374247.30765,379704.128175,385089.34645,390398.61245,395637.299475,400777.8722,405791.839675,410649.7515,415408.91185,420146.09995,424860.378625,429550.847725,434216.6542,438856.6371,443468.41165,448049.704825,452598.763925,457114.3862
,VUT,,gdp,gdp,GDPPPP,ECO,2011GKD,,373812289.8996,385547459.7159,395540913.565,398510397.8443,434601042.6163,438998163.334,449220038.7694,471291296.6429,491563731.6289,493209429.0738,522417511.1337,504192935.7249,478422532.7722,498963274.9554,518845738.1606,546359361.3698,592609554.7484,623268288.6301,663459877.3411,685439080.9946,696605442.9174,705126498.5767,717499705.2924,731628322.6161,748682624.2862,742684971.3758,772396636.8538,807159740.1632,819093362.2314,847030442.932325,878157558.5457,913955038.266625,954686297.4295251,999820904.6087,1048849891.421525,1101284551.310775,1156854325.32465,1215268224.4977,1276011177.5240998,1338556164.4695,1402366431.938775,1468344872.6019,1537761580.2903752,1610626518.9952998,1686952712.56855,1766756066.86575,1850189675.68815,1937264070.37675,2027785431.2547,2121564847.7009,2218420393.5914,2318956681.4992,2423895541.095775,2533262737.1735,2647121364.9262753,2765575973.766175,2888542494.61065,3015767839.3336496,3147153127.34575,3282622969.1402,3422127657.208825
"The target value from 'conditional_best' was used for 'conditional_worst' in 2030.
",VUT,ABU,conditional,worst,KYOTOGHG,IPCM0EL,MtCO2eq,AR4,0.43881000000000003,0.45178,0.46912,0.49563,0.5012800000000001,0.5068199999999999,0.52775,0.52867,0.52688,0.53238,0.51042,0.49251999999999996,0.49018,0.50776,0.4906100000000001,0.5,0.49781000000000003,0.62557,0.63016,0.6225,0.63668,0.66259,0.6511100000000001,0.64753,0.7034600000000001,0.7165100000000001,0.73669,0.7477600000000001,0.7048824999999999,0.69689,0.692445,0.6851083420929218,0.6805435550317771,0.6783149543962353,0.6780342444652877,0.6793541209955205,0.6820282412228925,0.6858109827045297,0.6904092048449958,0.6955423037582678,0.7009625,0.7140189000113202,0.7278234528275952,0.7423648228002652,0.7576498113184664,0.7736829526416223,0.7905186578828209,0.8081523927826383,0.8265229448388506,0.8456189784028979,0.8654155550479486,0.8859897571842102,0.907414132962466,0.9296909495124279,0.9528587480391999,0.9769696725261576,1.0019103664877016,1.0275629391788088,1.0538525753189838,1.0808994327829615,1.1086037578634154
,VUT,ABU,conditional,best,KYOTOGHG,IPCM0EL,MtCO2eq,AR4,0.43881000000000003,0.45178,0.46912,0.49563,0.5012800000000001,0.5068199999999999,0.52775,0.52867,0.52688,0.53238,0.51042,0.49251999999999996,0.49018,0.50776,0.4906100000000001,0.5,0.49781000000000003,0.62557,0.63016,0.6225,0.63668,0.66259,0.6511100000000001,0.64753,0.7034600000000001,0.7165100000000001,0.73669,0.7477600000000001,0.7048824999999999,0.69689,0.692445,0.6851083420929218,0.6805435550317771,0.6783149543962353,0.6780342444652877,0.6793541209955205,0.6820282412228925,0.6858109827045297,0.6904092048449958,0.6955423037582678,0.7009625,0.7140189000113202,0.7278234528275952,0.7423648228002652,0.7576498113184664,0.7736829526416223,0.7905186578828209,0.8081523927826383,0.8265229448388506,0.8456189784028979,0.8654155550479486,0.8859897571842102,0.907414132962466,0.9296909495124279,0.9528587480391999,0.9769696725261576,1.0019103664877016,1.0275629391788088,1.0538525753189838,1.0808994327829615,1.1086037578634154
,VUT,ABU,unconditional,worst,KYOTOGHG,IPCM0EL,MtCO2eq,AR4,0.43881000000000003,0.45178,0.46912,0.49563,0.5012800000000001,0.5068199999999999,0.52775,0.52867,0.52688,0.53238,0.51042,0.49251999999999996,0.49018,0.50776,0.4906100000000001,0.5,0.49781000000000003,0.62557,0.63016,0.6225,0.63668,0.66259,0.6511100000000001,0.64753,0.7034600000000001,0.7165100000000001,0.73669,0.7477600000000001,0.7048824999999999,0.69689,0.692445,0.6915500000000001,0.6934625,0.6978150000000001,0.704275,0.71254,0.7224025000000001,0.7336475,0.746,0.7591875,0.7729625,0.7873600000000001,0.8025825,0.8186174999999999,0.8354725000000001,0.8531525,0.8717174999999999,0.8911625000000001,0.91142,0.9324775,0.9543075,0.9769950000000001,1.00062,1.025185,1.0507325,1.07732,1.1048225,1.13311,1.1621,1.191925,1.2224750000000002
,VUT,ABU,unconditional,best,KYOTOGHG,IPCM0EL,MtCO2eq,AR4,0.43881000000000003,0.45178,0.46912,0.49563,0.5012800000000001,0.5068199999999999,0.52775,0.52867,0.52688,0.53238,0.51042,0.49251999999999996,0.49018,0.50776,0.4906100000000001,0.5,0.49781000000000003,0.62557,0.63016,0.6225,0.63668,0.66259,0.6511100000000001,0.64753,0.7034600000000001,0.7165100000000001,0.73669,0.7477600000000001,0.7048824999999999,0.69689,0.692445,0.6915500000000001,0.6934625,0.6978150000000001,0.704275,0.71254,0.7224025000000001,0.7336475,0.746,0.7591875,0.7729625,0.7873600000000001,0.8025825,0.8186174999999999,0.8354725000000001,0.8531525,0.8717174999999999,0.8911625000000001,0.91142,0.9324775,0.9543075,0.9769950000000001,1.00062,1.025185,1.0507325,1.07732,1.1048225,1.13311,1.1621,1.191925,1.2224750000000002
"The target value from 'conditional_best' was used for 'conditional_worst' in 2030.
",VUT,RBU,conditional,worst,KYOTOGHG,IPCM0EL,MtCO2eq,AR4,0.43881000000000003,0.45178,0.46912,0.49563,0.5012800000000001,0.5068199999999999,0.52775,0.52867,0.52688,0.53238,0.51042,0.49251999999999996,0.49018,0.50776,0.4906100000000001,0.5,0.49781000000000003,0.62557,0.63016,0.6225,0.63668,0.66259,0.6511100000000001,0.64753,0.7034600000000001,0.7165100000000001,0.73669,0.7477600000000001,0.7048824999999999,0.69689,0.692445,0.6860490518323101,0.682430177626385,0.6811626502972891,0.68186632227142,0.68420043230854,0.687924310061083,0.6927968050452065,0.6985274258336,0.7048367519940375,0.711477044890925,0.72472929290272,0.738740916126165,0.7535004088762348,0.769014674563945,0.7852883154633049,0.8023765588624349,0.820274802487325,0.83892091563884,0.8583033926319549,0.878396920959615,0.89927973927999,0.92102548397724,0.94363645618837,0.967151775242465,0.99162436729064,1.016939175482645,1.04297654069422,1.0696605254042,1.09711308987385,1.1252329840749502
,VUT,RBU,conditional,best,KYOTOGHG,IPCM0EL,MtCO2eq,AR4,0.43881000000000003,0.45178,0.46912,0.49563,0.5012800000000001,0.5068199999999999,0.52775,0.52867,0.52688,0.53238,0.51042,0.49251999999999996,0.49018,0.50776,0.4906100000000001,0.5,0.49781000000000003,0.62557,0.63016,0.6225,0.63668,0.66259,0.6511100000000001,0.64753,0.7034600000000001,0.7165100000000001,0.73669,0.7477600000000001,0.7048824999999999,0.69689,0.692445,0.6860490518323101,0.682430177626385,0.6811626502972891,0.68186632227142,0.68420043230854,0.687924310061083,0.6927968050452065,0.6985274258336,0.7048367519940375,0.711477044890925,0.72472929290272,0.738740916126165,0.7535004088762348,0.769014674563945,0.7852883154633049,0.8023765588624349,0.820274802487325,0.83892091563884,0.8583033926319549,0.878396920959615,0.89927973927999,0.92102548397724,0.94363645618837,0.967151775242465,0.99162436729064,1.016939175482645,1.04297654069422,1.0696605254042,1.09711308987385,1.1252329840749502
,VUT,RBU,unconditional,worst,KYOTOGHG,IPCM0EL,MtCO2eq,AR4,0.43881000000000003,0.45178,0.46912,0.49563,0.5012800000000001,0.5068199999999999,0.52775,0.52867,0.52688,0.53238,0.51042,0.49251999999999996,0.49018,0.50776,0.4906100000000001,0.5,0.49781000000000003,0.62557,0.63016,0.6225,0.63668,0.66259,0.6511100000000001,0.64753,0.7034600000000001,0.7165100000000001,0.73669,0.7477600000000001,0.7048824999999999,0.69689,0.692445,0.6915500000000001,0.6934625,0.6978150000000001,0.704275,0.71254,0.7224025000000001,0.7336475,0.746,0.7591875,0.7729625,0.7873600000000001,0.8025825,0.8186174999999999,0.8354725000000001,0.8531525,0.8717174999999999,0.8911625000000001,0.91142,0.9324775,0.9543075,0.9769950000000001,1.00062,1.025185,1.0507325,1.07732,1.1048225,1.13311,1.1621,1.191925,1.2224750000000002
,VUT,RBU,unconditional,best,KYOTOGHG,IPCM0EL,MtCO2eq,AR4,0.43881000000000003,0.45178,0.46912,0.49563,0.5012800000000001,0.5068199999999999,0.52775,0.52867,0.52688,0.53238,0.51042,0.49251999999999996,0.49018,0.50776,0.4906100000000001,0.5,0.49781000000000003,0.62557,0.63016,0.6225,0.63668,0.66259,0.6511100000000001,0.64753,0.7034600000000001,0.7165100000000001,0.73669,0.7477600000000001,0.7048824999999999,0.69689,0.692445,0.6915500000000001,0.6934625,0.6978150000000001,0.704275,0.71254,0.7224025000000001,0.7336475,0.746,0.7591875,0.7729625,0.7873600000000001,0.8025825,0.8186174999999999,0.8354725000000001,0.8531525,0.8717174999999999,0.8911625000000001,0.91142,0.9324775,0.9543075,0.9769950000000001,1.00062,1.025185,1.0507325,1.07732,1.1048225,1.13311,1.1621,1.191925,1.2224750000000002
"No targets calculated, so the baseline emissions are put in as target pathways for all un/conditional best/worst pathways.
",VUT,baseline_emissions,conditional,worst,KYOTOGHG,IPCM0EL,MtCO2eq,AR4,0.43881000000000003,0.45178,0.46912,0.49563,0.5012800000000001,0.5068199999999999,0.52775,0.52867,0.52688,0.53238,0.51042,0.49251999999999996,0.49018,0.50776,0.4906100000000001,0.5,0.49781000000000003,0.62557,0.63016,0.6225,0.63668,0.66259,0.6511100000000001,0.64753,0.7034600000000001,0.7165100000000001,0.73669,0.7477600000000001,0.7048824999999999,0.69689,0.692445,0.6915500000000001,0.6934625,0.6978150000000001,0.704275,0.71254,0.7224025000000001,0.7336475,0.746,0.7591875,0.7729625,0.7873600000000001,0.8025825,0.8186174999999999,0.8354725000000001,0.8531525,0.8717174999999999,0.8911625000000001,0.91142,0.9324775,0.9543075,0.9769950000000001,1.00062,1.025185,1.0507325,1.07732,1.1048225,1.13311,1.1621,1.191925,1.2224750000000002
"No targets calculated, so the baseline emissions are put in as target pathways for all un/conditional best/worst pathways.
",VUT,baseline_emissions,conditional,best,KYOTOGHG,IPCM0EL,MtCO2eq,AR4,0.43881000000000003,0.45178,0.46912,0.49563,0.5012800000000001,0.5068199999999999,0.52775,0.52867,0.52688,0.53238,0.51042,0.49251999999999996,0.49018,0.50776,0.4906100000000001,0.5,0.49781000000000003,0.62557,0.63016,0.6225,0.63668,0.66259,0.6511100000000001,0.64753,0.7034600000000001,0.7165100000000001,0.73669,0.7477600000000001,0.7048824999999999,0.69689,0.692445,0.6915500000000001,0.6934625,0.6978150000000001,0.704275,0.71254,0.7224025000000001,0.7336475,0.746,0.7591875,0.7729625,0.7873600000000001,0.8025825,0.8186174999999999,0.8354725000000001,0.8531525,0.8717174999999999,0.8911625000000001,0.91142,0.9324775,0.9543075,0.9769950000000001,1.00062,1.025185,1.0507325,1.07732,1.1048225,1.13311,1.1621,1.191925,1.2224750000000002
"No targets calculated, so the baseline emissions are put in as target pathways for all un/conditional best/worst pathways.
",VUT,baseline_emissions,unconditional,worst,KYOTOGHG,IPCM0EL,MtCO2eq,AR4,0.43881000000000003,0.45178,0.46912,0.49563,0.5012800000000001,0.5068199999999999,0.52775,0.52867,0.52688,0.53238,0.51042,0.49251999999999996,0.49018,0.50776,0.4906100000000001,0.5,0.49781000000000003,0.62557,0.63016,0.6225,0.63668,0.66259,0.6511100000000001,0.64753,0.7034600000000001,0.7165100000000001,0.73669,0.7477600000000001,0.7048824999999999,0.69689,0.692445,0.6915500000000001,0.6934625,0.6978150000000001,0.704275,0.71254,0.7224025000000001,0.7336475,0.746,0.7591875,0.7729625,0.7873600000000001,0.8025825,0.8186174999999999,0.8354725000000001,0.8531525,0.8717174999999999,0.8911625000000001,0.91142,0.9324775,0.9543075,0.9769950000000001,1.00062,1.025185,1.0507325,1.07732,1.1048225,1.13311,1.1621,1.191925,1.2224750000000002
"No targets calculated, so the baseline emissions are put in as target pathways for all un/conditional best/worst pathways.
",VUT,baseline_emissions,unconditional,best,KYOTOGHG,IPCM0EL,MtCO2eq,AR4,0.43881000000000003,0.45178,0.46912,0.49563,0.5012800000000001,0.5068199999999999,0.52775,0.52867,0.52688,0.53238,0.51042,0.49251999999999996,0.49018,0.50776,0.4906100000000001,0.5,0.49781000000000003,0.62557,0.63016,0.6225,0.63668,0.66259,0.6511100000000001,0.64753,0.7034600000000001,0.7165100000000001,0.73669,0.7477600000000001,0.7048824999999999,0.69689,0.692445,0.6915500000000001,0.6934625,0.6978150000000001,0.704275,0.71254,0.7224025000000001,0.7336475,0.746,0.7591875,0.7729625,0.7873600000000001,0.8025825,0.8186174999999999,0.8354725000000001,0.8531525,0.8717174999999999,0.8911625000000001,0.91142,0.9324775,0.9543075,0.9769950000000001,1.00062,1.025185,1.0507325,1.07732,1.1048225,1.13311,1.1621,1.191925,1.2224750000000002
,VUT,,emi_bau,emi_bau,KYOTOGHG,IPCM0EL,MtCO2eq,AR4,0.43881000000000003,0.45178,0.46912,0.49563,0.5012800000000001,0.5068199999999999,0.52775,0.52867,0.52688,0.53238,0.51042,0.49251999999999996,0.49018,0.50776,0.4906100000000001,0.5,0.49781000000000003,0.62557,0.63016,0.6225,0.63668,0.66259,0.6511100000000001,0.64753,0.7034600000000001,0.7165100000000001,0.73669,0.7477600000000001,0.7048824999999999,0.69689,0.692445,0.6915500000000001,0.6934625,0.6978150000000001,0.704275,0.71254,0.7224025000000001,0.7336475,0.746,0.7591875,0.7729625,0.7873600000000001,0.8025825,0.8186174999999999,0.8354725000000001,0.8531525,0.8717174999999999,0.8911625000000001,0.91142,0.9324775,0.9543075,0.9769950000000001,1.00062,1.025185,1.0507325,1.07732,1.1048225,1.13311,1.1621,1.191925,1.2224750000000002
,VUT,,emi_cov,emi_cov,KYOTOGHG,IPCM0EL,MtCO2eq,AR4,0.06600031244214001,0.06600173651344,0.0623332691712,0.062333177563980005,0.06233379755408001,0.06600097406939999,0.08433353013175,0.08433492977807,0.0806670429944,0.08433384783797998,0.08433319205628,0.08800190246119999,0.08433590820128001,0.08433385027583999,0.05866698680480001,0.0586657225,0.04766672327164,0.09900178047968998,0.09533503356448002,0.1210010202525,0.12100115942596,0.13200035885099,0.11366958119983002,0.10632947479141,0.15400037213354,0.16106946040126002,0.18302089440495997,0.18873962128008004,0.15701380900960996,0.15138598684669002,0.14825609391001499,0.14762589079650001,0.148972554531,0.152037314695935,0.15658604558025,0.16240574505368,0.16935030555910502,0.177268335779015,0.185966198954,0.19525201754043753,0.20495151703025,0.21508934268304003,0.22580808158619747,0.23709893298671245,0.248967177378405,0.2614163353136525,0.27448865543115,0.28818061628742503,0.30244469044296,0.31727207329194496,0.33264340425645,0.34861853290527,0.36525379003326003,0.38255093724424505,0.40053990041806753,0.41926116736928,0.4386267197969975,0.45854502058123,0.4789579775417,0.499958890147675,0.521470303795025
,VUT,,emi_ncov,emi_ncov,KYOTOGHG,IPCM0EL,MtCO2eq,AR4,0.37280968755786004,0.38577826348656,0.40678673082879996,0.43329682243602,0.43894620244592003,0.44081902593059996,0.44341646986825,0.44433507022193,0.44621295700560004,0.44804615216201993,0.42608680794372,0.40451809753879997,0.40584409179872,0.42342614972416,0.4319430131952001,0.4413342775,0.4501432767283601,0.52656821952031,0.53482496643552,0.5014989797475,0.51567884057404,0.53058964114901,0.53744041880017,0.5412005252085901,0.5494596278664601,0.5554405395987401,0.5536691055950399,0.55902037871992,0.5478686909903899,0.54550401315331,0.5441889060899849,0.5439241092035001,0.544489945469,0.545777685304065,0.54768895441975,0.55013425494632,0.553052194440895,0.556379164220985,0.560033801046,0.5639354824595625,0.5680109829697501,0.57227065731696,0.5767744184138025,0.5815185670132874,0.586505322621595,0.5917361646863475,0.59722884456885,0.602981883712575,0.60897530955704,0.615205426708055,0.62166409574355,0.62837646709473,0.63536620996674,0.642634062755755,0.6501925995819325,0.6580588326307201,0.6661957802030025,0.6745649794187701,0.6831420224582999,0.6919661098523249,0.7010046962049752
,VUT,,pc_cov,pc_cov,KYOTOGHG,IPCM0EL,MtCO2eq/MtCO2eq,AR4,0.150407494,0.14609264800000002,0.13287276,0.125765546,0.124349261,0.13022567,0.159798257,0.159522821,0.153103255,0.15840912099999999,0.165223134,0.17867681,0.172050896,0.166089984,0.11957968,0.117331445,0.095752844,0.158258517,0.15128702800000002,0.19437914899999997,0.190050197,0.19921876100000002,0.174578153,0.164207797,0.218918449,0.22479722600000002,0.248436784,0.252406683,0.222751748,0.21723082100000002,0.21410522699999998,0.21347103,0.21482424,0.217876249,0.22233651,0.227925092,0.234426522,0.241626034,0.249284449,0.25718550100000004,0.26515066,0.273177889,0.281351863,0.289633355,0.297995658,0.306412201,0.31488258,0.323376058,0.331838988,0.34024635799999997,0.34857046,0.356827346,0.365027473,0.37315307700000006,0.381200639,0.389170504,0.397011031,0.40467829299999997,0.412148677,0.419454991,0.42656929899999996
,WSM,,pop,pop,POP,DEMOGR,Pers,,162803.0,163997.0,165490.0,167119.0,168694.0,170054.0,171165.0,172068.0,172839.0,173609.0,174454.0,175392.0,176407.0,177484.0,178590.0,179727.0,180876.0,182046.0,183263.0,184556.0,185949.0,187469.0,189089.0,190718.0,192221.0,193513.0,194535.0,195352.0,196697.201675,197408.09425,198098.749975,198777.809775,199464.064425,200152.14165,200836.70365,201512.455175,202173.512475,202802.42275,203376.8055,203874.600925,204274.08415,204622.16875,204965.73285,205283.34935,205553.685975,205755.502275,205887.84065,205961.6732,205973.82885,205921.25355,205800.99657500003,205614.5726,205378.410575,205111.905075,204834.352625,204564.983225,204286.36225,203978.2341,203655.542375,203333.2117,203026.172275
,WSM,,gdp,gdp,GDPPPP,ECO,2011GKD,,594321522.0625,580652085.3156,579490837.1736,603249890.1771,587914696.273,627150017.689,672172903.5803,676497830.615,691346188.9874,706455137.2337,755333286.7362,807751648.0709,842840344.0855,880898624.0339,921640202.5519,959948104.7869,978847639.2153,1040736668.8521,1051238603.7187,1000692190.182,1005487094.0,1063589611.1299,1067866343.4525,1047215316.6703,1061842380.4672,1077250399.1508,1154483020.7299,1185709433.8775,1157202429.562925,1180422012.993575,1205705641.712575,1234638461.0782752,1267777407.590825,1304193723.7207,1342979054.100325,1383242745.3042998,1424029158.40155,1464679531.3444247,1504750116.18865,1543784731.833275,1581316068.423725,1617845359.2325249,1654451990.134325,1691528569.3678498,1729468796.028325,1768667989.25575,1808472954.0724,1848284200.39375,1888571527.4327,1929795150.14135,1972406658.25325,2016534921.1411247,2062175125.318475,2109568523.51,2158954081.79585,2210573374.95285,2264390319.592025,2319913077.1307755,2376708030.69285,2434347750.5868754,2492412720.636425
"The target value from 'conditional_best' was used for 'conditional_worst' in 2025.
",WSM,ABU,conditional,worst,KYOTOGHG,IPCM0EL,MtCO2eq,AR4,0.29452,0.29841,0.29813,0.30201,0.3083,0.31015,0.31893,0.32376,0.33033,0.3409,0.36438000000000004,0.38426,0.36273,0.3736,0.37262,0.38292,0.38778,0.38716999999999996,0.39185,0.40819,0.41985,0.4421,0.4404,0.44592,0.47523999999999994,0.5039,0.52044,0.5273399999999999,0.4851625000000001,0.47553,0.4679225,0.45098531699851946,0.4357971491900732,0.42202253240259885,0.4093335701752448,0.39744500000000005,0.39705415112373205,0.39696412413537824,0.3970958709476034,0.39737473503348,0.39770410206404283,0.39803566487480946,0.39844847155311486,0.3990501153289431,0.3999547767728891,0.4012546786535105,0.40282026993878595,0.4045285869373053,0.40650039756027495,0.40884329503767874,0.4116604810390931,0.4149409766634992,0.41863427896621075,0.4227886951117103,0.4274371618030541,0.43262139886411366,0.4383084695918324,0.4443929765364302,0.4507805011491459,0.4573985826832556,0.4641725646118318
,WSM,ABU,conditional,best,KYOTOGHG,IPCM0EL,MtCO2eq,AR4,0.29452,0.29841,0.29813,0.30201,0.3083,0.31015,0.31893,0.32376,0.33033,0.3409,0.36438000000000004,0.38426,0.36273,0.3736,0.37262,0.38292,0.38778,0.38716999999999996,0.39185,0.40819,0.41985,0.4421,0.4404,0.44592,0.47523999999999994,0.5039,0.52044,0.5273399999999999,0.4851625000000001,0.47553,0.4679225,0.45098531699851946,0.4357971491900732,0.42202253240259885,0.4093335701752448,0.39744500000000005,0.39705415112373205,0.39696412413537824,0.3970958709476034,0.39737473503348,0.39770410206404283,0.39803566487480946,0.39844847155311486,0.3990501153289431,0.3999547767728891,0.4012546786535105,0.40282026993878595,0.4045285869373053,0.40650039756027495,0.40884329503767874,0.4116604810390931,0.4149409766634992,0.41863427896621075,0.4227886951117103,0.4274371618030541,0.43262139886411366,0.4383084695918324,0.4443929765364302,0.4507805011491459,0.4573985826832556,0.4641725646118318
,WSM,ABU,unconditional,worst,KYOTOGHG,IPCM0EL,MtCO2eq,AR4,0.29452,0.29841,0.29813,0.30201,0.3083,0.31015,0.31893,0.32376,0.33033,0.3409,0.36438000000000004,0.38426,0.36273,0.3736,0.37262,0.38292,0.38778,0.38716999999999996,0.39185,0.40819,0.41985,0.4421,0.4404,0.44592,0.47523999999999994,0.5039,0.52044,0.5273399999999999,0.4851625000000001,0.47553,0.4679225,0.4622350000000001,0.458095,0.4552625,0.45348,0.45251,0.45206499999999994,0.4519625,0.4521125,0.45243,0.452805,0.4531825,0.45365249999999996,0.4543375,0.45536750000000004,0.4568475,0.45863000000000004,0.460575,0.46282,0.4654875,0.468695,0.47243,0.47663500000000003,0.481365,0.48665749999999997,0.4925600000000001,0.4990350000000001,0.5059625,0.513235,0.52077,0.5284825
,WSM,ABU,unconditional,best,KYOTOGHG,IPCM0EL,MtCO2eq,AR4,0.29452,0.29841,0.29813,0.30201,0.3083,0.31015,0.31893,0.32376,0.33033,0.3409,0.36438000000000004,0.38426,0.36273,0.3736,0.37262,0.38292,0.38778,0.38716999999999996,0.39185,0.40819,0.41985,0.4421,0.4404,0.44592,0.47523999999999994,0.5039,0.52044,0.5273399999999999,0.4851625000000001,0.47553,0.4679225,0.4622350000000001,0.458095,0.4552625,0.45348,0.45251,0.45206499999999994,0.4519625,0.4521125,0.45243,0.452805,0.4531825,0.45365249999999996,0.4543375,0.45536750000000004,0.4568475,0.45863000000000004,0.460575,0.46282,0.4654875,0.468695,0.47243,0.47663500000000003,0.481365,0.48665749999999997,0.4925600000000001,0.4990350000000001,0.5059625,0.513235,0.52077,0.5284825
"The target value from 'conditional_best' was used for 'conditional_worst' in 2025.
",WSM,RBU,conditional,worst,KYOTOGHG,IPCM0EL,MtCO2eq,AR4,0.29452,0.29841,0.29813,0.30201,0.3083,0.31015,0.31893,0.32376,0.33033,0.3409,0.36438000000000004,0.38426,0.36273,0.3736,0.37262,0.38292,0.38778,0.38716999999999996,0.39185,0.40819,0.41985,0.4421,0.4404,0.44592,0.47523999999999994,0.5039,0.52044,0.5273399999999999,0.4851625000000001,0.47553,0.4679225,0.45606221017321524,0.44585999332287246,0.4370234675045162,0.4292565056246247,0.42229540001818966,0.4218801131670524,0.421784457206959,0.421924441538803,0.4222207417078728,0.42257070253748286,0.4229229964392902,0.4233616140124014,0.42400087579448903,0.42496210153981784,0.42634328028067864,0.4280067607574249,0.429821890927002,0.4319169897602672,0.43440637779489305,0.4373997094241572,0.44088531928707286,0.44480954672309964,0.4492237193205804,0.4541628331624762,0.4596712166205377,0.4657138736118037,0.47217881667079903,0.47896572369303564,0.48599760329599917,0.4931951310249782
,WSM,RBU,conditional,best,KYOTOGHG,IPCM0EL,MtCO2eq,AR4,0.29452,0.29841,0.29813,0.30201,0.3083,0.31015,0.31893,0.32376,0.33033,0.3409,0.36438000000000004,0.38426,0.36273,0.3736,0.37262,0.38292,0.38778,0.38716999999999996,0.39185,0.40819,0.41985,0.4421,0.4404,0.44592,0.47523999999999994,0.5039,0.52044,0.5273399999999999,0.4851625000000001,0.47553,0.4679225,0.45606221017321524,0.44585999332287246,0.4370234675045162,0.4292565056246247,0.42229540001818966,0.4218801131670524,0.421784457206959,0.421924441538803,0.4222207417078728,0.42257070253748286,0.4229229964392902,0.4233616140124014,0.42400087579448903,0.42496210153981784,0.42634328028067864,0.4280067607574249,0.429821890927002,0.4319169897602672,0.43440637779489305,0.4373997094241572,0.44088531928707286,0.44480954672309964,0.4492237193205804,0.4541628331624762,0.4596712166205377,0.4657138736118037,0.47217881667079903,0.47896572369303564,0.48599760329599917,0.4931951310249782
,WSM,RBU,unconditional,worst,KYOTOGHG,IPCM0EL,MtCO2eq,AR4,0.29452,0.29841,0.29813,0.30201,0.3083,0.31015,0.31893,0.32376,0.33033,0.3409,0.36438000000000004,0.38426,0.36273,0.3736,0.37262,0.38292,0.38778,0.38716999999999996,0.39185,0.40819,0.41985,0.4421,0.4404,0.44592,0.47523999999999994,0.5039,0.52044,0.5273399999999999,0.4851625000000001,0.47553,0.4679225,0.4622350000000001,0.458095,0.4552625,0.45348,0.45251,0.45206499999999994,0.4519625,0.4521125,0.45243,0.452805,0.4531825,0.45365249999999996,0.4543375,0.45536750000000004,0.4568475,0.45863000000000004,0.460575,0.46282,0.4654875,0.468695,0.47243,0.47663500000000003,0.481365,0.48665749999999997,0.4925600000000001,0.4990350000000001,0.5059625,0.513235,0.52077,0.5284825
,WSM,RBU,unconditional,best,KYOTOGHG,IPCM0EL,MtCO2eq,AR4,0.29452,0.29841,0.29813,0.30201,0.3083,0.31015,0.31893,0.32376,0.33033,0.3409,0.36438000000000004,0.38426,0.36273,0.3736,0.37262,0.38292,0.38778,0.38716999999999996,0.39185,0.40819,0.41985,0.4421,0.4404,0.44592,0.47523999999999994,0.5039,0.52044,0.5273399999999999,0.4851625000000001,0.47553,0.4679225,0.4622350000000001,0.458095,0.4552625,0.45348,0.45251,0.45206499999999994,0.4519625,0.4521125,0.45243,0.452805,0.4531825,0.45365249999999996,0.4543375,0.45536750000000004,0.4568475,0.45863000000000004,0.460575,0.46282,0.4654875,0.468695,0.47243,0.47663500000000003,0.481365,0.48665749999999997,0.4925600000000001,0.4990350000000001,0.5059625,0.513235,0.52077,0.5284825
"No targets calculated, so the baseline emissions are put in as target pathways for all un/conditional best/worst pathways.
",WSM,baseline_emissions,conditional,worst,KYOTOGHG,IPCM0EL,MtCO2eq,AR4,0.29452,0.29841,0.29813,0.30201,0.3083,0.31015,0.31893,0.32376,0.33033,0.3409,0.36438000000000004,0.38426,0.36273,0.3736,0.37262,0.38292,0.38778,0.38716999999999996,0.39185,0.40819,0.41985,0.4421,0.4404,0.44592,0.47523999999999994,0.5039,0.52044,0.5273399999999999,0.4851625000000001,0.47553,0.4679225,0.4622350000000001,0.458095,0.4552625,0.45348,0.45251,0.45206499999999994,0.4519625,0.4521125,0.45243,0.452805,0.4531825,0.45365249999999996,0.4543375,0.45536750000000004,0.4568475,0.45863000000000004,0.460575,0.46282,0.4654875,0.468695,0.47243,0.47663500000000003,0.481365,0.48665749999999997,0.4925600000000001,0.4990350000000001,0.5059625,0.513235,0.52077,0.5284825
"No targets calculated, so the baseline emissions are put in as target pathways for all un/conditional best/worst pathways.
",WSM,baseline_emissions,conditional,best,KYOTOGHG,IPCM0EL,MtCO2eq,AR4,0.29452,0.29841,0.29813,0.30201,0.3083,0.31015,0.31893,0.32376,0.33033,0.3409,0.36438000000000004,0.38426,0.36273,0.3736,0.37262,0.38292,0.38778,0.38716999999999996,0.39185,0.40819,0.41985,0.4421,0.4404,0.44592,0.47523999999999994,0.5039,0.52044,0.5273399999999999,0.4851625000000001,0.47553,0.4679225,0.4622350000000001,0.458095,0.4552625,0.45348,0.45251,0.45206499999999994,0.4519625,0.4521125,0.45243,0.452805,0.4531825,0.45365249999999996,0.4543375,0.45536750000000004,0.4568475,0.45863000000000004,0.460575,0.46282,0.4654875,0.468695,0.47243,0.47663500000000003,0.481365,0.48665749999999997,0.4925600000000001,0.4990350000000001,0.5059625,0.513235,0.52077,0.5284825
"No targets calculated, so the baseline emissions are put in as target pathways for all un/conditional best/worst pathways.
",WSM,baseline_emissions,unconditional,worst,KYOTOGHG,IPCM0EL,MtCO2eq,AR4,0.29452,0.29841,0.29813,0.30201,0.3083,0.31015,0.31893,0.32376,0.33033,0.3409,0.36438000000000004,0.38426,0.36273,0.3736,0.37262,0.38292,0.38778,0.38716999999999996,0.39185,0.40819,0.41985,0.4421,0.4404,0.44592,0.47523999999999994,0.5039,0.52044,0.5273399999999999,0.4851625000000001,0.47553,0.4679225,0.4622350000000001,0.458095,0.4552625,0.45348,0.45251,0.45206499999999994,0.4519625,0.4521125,0.45243,0.452805,0.4531825,0.45365249999999996,0.4543375,0.45536750000000004,0.4568475,0.45863000000000004,0.460575,0.46282,0.4654875,0.468695,0.47243,0.47663500000000003,0.481365,0.48665749999999997,0.4925600000000001,0.4990350000000001,0.5059625,0.513235,0.52077,0.5284825
"No targets calculated, so the baseline emissions are put in as target pathways for all un/conditional best/worst pathways.
",WSM,baseline_emissions,unconditional,best,KYOTOGHG,IPCM0EL,MtCO2eq,AR4,0.29452,0.29841,0.29813,0.30201,0.3083,0.31015,0.31893,0.32376,0.33033,0.3409,0.36438000000000004,0.38426,0.36273,0.3736,0.37262,0.38292,0.38778,0.38716999999999996,0.39185,0.40819,0.41985,0.4421,0.4404,0.44592,0.47523999999999994,0.5039,0.52044,0.5273399999999999,0.4851625000000001,0.47553,0.4679225,0.4622350000000001,0.458095,0.4552625,0.45348,0.45251,0.45206499999999994,0.4519625,0.4521125,0.45243,0.452805,0.4531825,0.45365249999999996,0.4543375,0.45536750000000004,0.4568475,0.45863000000000004,0.460575,0.46282,0.4654875,0.468695,0.47243,0.47663500000000003,0.481365,0.48665749999999997,0.4925600000000001,0.4990350000000001,0.5059625,0.513235,0.52077,0.5284825
,WSM,,emi_bau,emi_bau,KYOTOGHG,IPCM0EL,MtCO2eq,AR4,0.29452,0.29841,0.29813,0.30201,0.3083,0.31015,0.31893,0.32376,0.33033,0.3409,0.36438000000000004,0.38426,0.36273,0.3736,0.37262,0.38292,0.38778,0.38716999999999996,0.39185,0.40819,0.41985,0.4421,0.4404,0.44592,0.47523999999999994,0.5039,0.52044,0.5273399999999999,0.4851625000000001,0.47553,0.4679225,0.4622350000000001,0.458095,0.4552625,0.45348,0.45251,0.45206499999999994,0.4519625,0.4521125,0.45243,0.452805,0.4531825,0.45365249999999996,0.4543375,0.45536750000000004,0.4568475,0.45863000000000004,0.460575,0.46282,0.4654875,0.468695,0.47243,0.47663500000000003,0.481365,0.48665749999999997,0.4925600000000001,0.4990350000000001,0.5059625,0.513235,0.52077,0.5284825
,WSM,,emi_cov,emi_cov,KYOTOGHG,IPCM0EL,MtCO2eq,AR4,0.10370950431199999,0.10738127125068,0.11105517860066001,0.11106306127103999,0.11474413728720001,0.11841739266659998,0.12576175395786,0.1294393791228,0.13311893288694002,0.13680218036730002,0.14413886496216002,0.14782032308392,0.14782927701633,0.155170723252,0.15151656166774002,0.16252493011452002,0.16619779996301998,0.17353960660336998,0.18088463007070002,0.188219307149,0.18822022405515,0.2028885381894,0.19919334983040002,0.1992419299056,0.22269441581063998,0.2328710212469,0.26442833144532,0.27266220484403997,0.23968500016703756,0.23620999978092,0.23374999983646,0.23224999978622007,0.231485000132155,0.23133750012835,0.23168999993928,0.23241999986008,0.23337000001574493,0.2344449998781,0.2355999999131625,0.23678249980571997,0.237947500188735,0.2390924999923625,0.24028500006063,0.2415974999164125,0.243082500184545,0.24480750011784,0.24668499989621004,0.24864249978584999,0.25074500019282,0.253055000081475,0.25563749980522,0.25850750008055,0.261677500032115,0.26515999978389,0.2689850000396125,0.27317750024616005,0.27769749992947507,0.2824699997929625,0.28744249982641,0.29255000023947,0.29774749975129244
,WSM,,emi_ncov,emi_ncov,KYOTOGHG,IPCM0EL,MtCO2eq,AR4,0.19081049568800001,0.19102872874932,0.18707482139934,0.19094693872896001,0.19355586271280004,0.1917326073334,0.19316824604213997,0.19432062087719998,0.19721106711306,0.20409781963269996,0.22024113503783999,0.23643967691607995,0.21490072298367,0.21842927674799997,0.22110343833225998,0.22039506988548,0.22158220003698004,0.21363039339662995,0.21096536992929998,0.219970692851,0.23162977594485,0.2392114618106,0.24120665016959997,0.24667807009439996,0.25254558418935996,0.27102897875309995,0.25601166855468,0.25467779515595995,0.24547749983296255,0.23932000021907998,0.23417250016354,0.22998500021378004,0.22660999986784497,0.22392499987165002,0.22179000006072,0.22009000013992003,0.218694999984255,0.2175175001219,0.21651250008683748,0.21564750019428003,0.214857499811265,0.21409000000763748,0.21336749993936996,0.2127400000835875,0.21228499981545504,0.21203999988216002,0.21194500010379,0.21193250021415003,0.21207499980718003,0.21243249991852498,0.21305750019477998,0.21392249991945,0.21495749996788505,0.21620500021610997,0.21767249996038746,0.21938249975384005,0.22133750007052508,0.22349250020703748,0.22579250017358996,0.22821999976052998,0.2307350002487075
,WSM,,pc_cov,pc_cov,KYOTOGHG,IPCM0EL,MtCO2eq/MtCO2eq,AR4,0.35213059999999996,0.359844748,0.372505882,0.36774630399999997,0.372183384,0.381806844,0.394324002,0.399800405,0.402987718,0.40129709700000005,0.39557293200000004,0.38468829200000004,0.407546321,0.415339195,0.40662487700000005,0.42443573100000004,0.42858785899999996,0.448225861,0.46161702200000004,0.4611071,0.448303499,0.458920014,0.452300976,0.44681093,0.468593586,0.462137371,0.508086103,0.517052006,0.49403035100000003,0.49672996399999997,0.499548536,0.502450052,0.505320949,0.508140908,0.510915586,0.513624008,0.5162310729999999,0.518726664,0.521109237,0.523357204,0.525496627,0.527585465,0.529667532,0.531757779,0.533816094,0.535862624,0.537873667,0.539852358,0.541776501,0.543634362,0.545423996,0.547186885,0.549010249,0.550850186,0.552719315,0.554607561,0.556468985,0.558282481,0.5600602060000001,0.561764311,0.563400869
,YEM,,pop,pop,POP,DEMOGR,Pers,,11709993.0,12302124.0,12954155.0,13634076.0,14297613.0,14913315.0,15469274.0,15975668.0,16450310.0,16921149.0,17409072.0,17918373.0,18443691.0,18985000.0,19540098.0,20107409.0,20687646.0,21282515.0,21892146.0,22516460.0,23154855.0,23807588.0,24473178.0,25147109.0,25823485.0,26497889.0,27168208.0,27834819.0,28685044.0742,29587253.9314,30506818.5603,31451451.8647,32426856.1497,33426445.2036,34443597.2239,35471652.0292,36508217.7067,37554327.7456,38608495.0094,39669311.7945,40735443.8034,41807143.3224,42887248.9935,43978341.1022,45082979.8873,46203707.6473,47339772.7415,48488767.2862,49650736.8226,50825727.3604,52013785.2745,53219935.1052,54446640.5221,55690090.4469,56946451.2675,58211866.5796,59484596.3027,60763528.4818,62045770.6236,63328481.0366,64608867.5045
,YEM,,gdp,gdp,GDPPPP,ECO,2011GKD,,7841073730.4688,7653502929.6875,7894764648.4375,8104319824.2188,8410267578.125,9551961914.0625,11484950195.3125,13110705078.125,14817912109.375,16753058593.75,18877255859.375,21996882812.5,25786982421.875,31580123046.875,41793050781.25,64132171875.0,69035406250.0,72067562500.0,79354023437.5,81353906250.0,100030632812.5,91996851562.5,85659539062.5,88563726562.5,80556640625.0,63664515625.0,56625332031.25,50703230468.75,67518485516.3544,71458443956.8618,75284737309.047,79121693329.8857,83389887661.2763,88011939427.0743,92910996237.0178,98010138909.4218,103304424021.5223,108824396435.1723,114546666357.9278,120448738922.2979,126509129238.9722,132744502476.4225,139201206793.1719,145903275528.853,152875027512.1228,160141125779.4237,167715396937.9882,175587140168.5125,183745697215.0459,192182090469.6411,200889136007.2725,209857613398.5095,219093609935.8754,228616245068.5797,238447335351.0297,248611529149.2886,259108077187.9105,269939018280.5101,281135892278.3784,292730929036.6999,304757081719.8665
"The target value from 'conditional_best' was used for 'conditional_worst' in 2025, 2030.
",YEM,ABS,conditional,worst,KYOTOGHG,IPCM0EL,MtCO2eq,AR4,18.0169,17.329,18.3064,17.2082,18.6482,20.0057,20.7753,24.3967,23.6905,26.1281,27.6873,28.8561,27.7188,29.9911,31.1953,32.4385,34.2565,35.3063,35.7315,38.1122,36.8116,36.759,40.756,50.1848,47.1617,43.7991,43.0988,43.229,41.14978437681461,39.07056875362921,36.99135313044382,37.20166770207499,37.38916522858159,37.55384570996365,37.69570914622114,37.814755537354095,38.05112458797507,38.26502964308889,38.45647070269552,38.625447766794984,38.77196083538728,40.86001899562468,42.97653816932931,45.13269639804421,47.33915581370274,49.606406578368336,51.93952180320285,54.33033291938637,56.76981150874953,59.25039089701705,61.76545024419805,64.3187728874302,66.9154319378753,69.55293383241992,72.22930091756031,74.94341538914213,77.68100374796431,80.42985613326447,83.19177822867648,85.96762988354979,88.75809897736403
,YEM,ABS,conditional,best,KYOTOGHG,IPCM0EL,MtCO2eq,AR4,18.0169,17.329,18.3064,17.2082,18.6482,20.0057,20.7753,24.3967,23.6905,26.1281,27.6873,28.8561,27.7188,29.9911,31.1953,32.4385,34.2565,35.3063,35.7315,38.1122,36.8116,36.759,40.756,50.1848,47.1617,43.7991,43.0988,43.229,41.14978437681461,39.07056875362921,36.99135313044382,37.20166770207499,37.38916522858159,37.55384570996365,37.69570914622114,37.814755537354095,38.05112458797507,38.26502964308889,38.45647070269552,38.625447766794984,38.77196083538728,40.86001899562468,42.97653816932931,45.13269639804421,47.33915581370274,49.606406578368336,51.93952180320285,54.33033291938637,56.76981150874953,59.25039089701705,61.76545024419805,64.3187728874302,66.9154319378753,69.55293383241992,72.22930091756031,74.94341538914213,77.68100374796431,80.42985613326447,83.19177822867648,85.96762988354979,88.75809897736403
"The target value from 'unconditional_best' was used for 'unconditional_worst' in 2025, 2030.
",YEM,ABS,unconditional,worst,KYOTOGHG,IPCM0EL,MtCO2eq,AR4,18.0169,17.329,18.3064,17.2082,18.6482,20.0057,20.7753,24.3967,23.6905,26.1281,27.6873,28.8561,27.7188,29.9911,31.1953,32.4385,34.2565,35.3063,35.7315,38.1122,36.8116,36.759,40.756,50.1848,47.1617,43.7991,43.0988,43.229,41.14978437681461,39.07056875362921,36.99135313044382,37.72697519648677,38.4612003005833,39.19402844273345,39.92545962293717,40.65549384119452,41.45207468040038,42.246627508328885,43.039152324980016,43.82964913035378,44.61811792445019,47.02102000160153,49.45667453253054,51.9379450187209,54.477101261587826,57.086215162523686,59.77112477220184,62.52242983953807,65.329740613334,68.18434949258531,71.0786373264132,74.01695791531985,77.00514930997859,80.0403419600585,83.12026001529702,86.24361712554582,89.39398758891033,92.55732050376996,95.73569382036435,98.93009703880762,102.14132175919113
,YEM,ABS,unconditional,best,KYOTOGHG,IPCM0EL,MtCO2eq,AR4,18.0169,17.329,18.3064,17.2082,18.6482,20.0057,20.7753,24.3967,23.6905,26.1281,27.6873,28.8561,27.7188,29.9911,31.1953,32.4385,34.2565,35.3063,35.7315,38.1122,36.8116,36.759,40.756,50.1848,47.1617,43.7991,43.0988,43.229,41.14978437681461,39.07056875362921,36.99135313044382,37.72697519648677,38.4612003005833,39.19402844273345,39.92545962293717,40.65549384119452,41.45207468040038,42.246627508328885,43.039152324980016,43.82964913035378,44.61811792445019,47.02102000160153,49.45667453253054,51.9379450187209,54.477101261587826,57.086215162523686,59.77112477220184,62.52242983953807,65.329740613334,68.18434949258531,71.0786373264132,74.01695791531985,77.00514930997859,80.0403419600585,83.12026001529702,86.24361712554582,89.39398758891033,92.55732050376996,95.73569382036435,98.93009703880762,102.14132175919113
"The target value from 'conditional_best' was used for 'conditional_worst' in 2025, 2030.
",YEM,ABU,conditional,worst,KYOTOGHG,IPCM0EL,MtCO2eq,AR4,18.0169,17.329,18.3064,17.2082,18.6482,20.0057,20.7753,24.3967,23.6905,26.1281,27.6873,28.8561,27.7188,29.9911,31.1953,32.4385,34.2565,35.3063,35.7315,38.1122,36.8116,36.759,40.756,50.1848,47.1617,43.7991,43.0988,43.229,41.14978437681461,39.07056875362921,36.99135313044382,37.20166770207499,37.38916522858158,37.553845709963646,37.69570914622113,37.81475553735409,38.053027848525986,38.268913786923896,38.462413352547806,38.63352654539773,38.782253365473665,40.87086582838168,42.987946860109595,45.14467746955949,47.35172261906873,49.61957525545312,51.953309836598976,54.34475562523171,56.78488180646887,59.26611969736136,61.781846700328714,64.3358471568455,66.93319552479802,69.57139757912353,72.24847514132394,74.96331011050904,77.70162519838851,80.45120730293085,83.21386258711256,85.99045112854145,88.78166098930386
,YEM,ABU,conditional,best,KYOTOGHG,IPCM0EL,MtCO2eq,AR4,18.0169,17.329,18.3064,17.2082,18.6482,20.0057,20.7753,24.3967,23.6905,26.1281,27.6873,28.8561,27.7188,29.9911,31.1953,32.4385,34.2565,35.3063,35.7315,38.1122,36.8116,36.759,40.756,50.1848,47.1617,43.7991,43.0988,43.229,41.14978437681461,39.07056875362921,36.99135313044382,37.20166770207499,37.38916522858158,37.553845709963646,37.69570914622113,37.81475553735409,38.053027848525986,38.268913786923896,38.462413352547806,38.63352654539773,38.782253365473665,40.87086582838168,42.987946860109595,45.14467746955949,47.35172261906873,49.61957525545312,51.953309836598976,54.34475562523171,56.78488180646887,59.26611969736136,61.781846700328714,64.3358471568455,66.93319552479802,69.57139757912353,72.24847514132394,74.96331011050904,77.70162519838851,80.45120730293085,83.21386258711256,85.99045112854145,88.78166098930386
"The target value from 'unconditional_best' was used for 'unconditional_worst' in 2025, 2030.
",YEM,ABU,unconditional,worst,KYOTOGHG,IPCM0EL,MtCO2eq,AR4,18.0169,17.329,18.3064,17.2082,18.6482,20.0057,20.7753,24.3967,23.6905,26.1281,27.6873,28.8561,27.7188,29.9911,31.1953,32.4385,34.2565,35.3063,35.7315,38.1122,36.8116,36.759,40.756,50.1848,47.1617,43.7991,43.0988,43.229,41.14978437681461,39.07056875362921,36.99135313044382,37.72697519648677,38.4612003005833,39.19402844273345,39.92545962293717,40.65549384119451,41.45207468040038,42.246627508328885,43.039152324980016,43.829649130353786,44.618117924450196,47.021020001601535,49.45667453253055,51.93794501872091,54.47710126158784,57.0862151625237,59.77112477220185,62.522429839538084,65.32974061333401,68.18434949258533,71.07863732641322,74.01695791531986,77.00514930997862,80.04034196005851,83.12026001529705,86.24361712554584,89.39398758891036,92.55732050376997,95.73569382036438,98.93009703880765,102.14132175919116
,YEM,ABU,unconditional,best,KYOTOGHG,IPCM0EL,MtCO2eq,AR4,18.0169,17.329,18.3064,17.2082,18.6482,20.0057,20.7753,24.3967,23.6905,26.1281,27.6873,28.8561,27.7188,29.9911,31.1953,32.4385,34.2565,35.3063,35.7315,38.1122,36.8116,36.759,40.756,50.1848,47.1617,43.7991,43.0988,43.229,41.14978437681461,39.07056875362921,36.99135313044382,37.72697519648677,38.4612003005833,39.19402844273345,39.92545962293717,40.65549384119451,41.45207468040038,42.246627508328885,43.039152324980016,43.829649130353786,44.618117924450196,47.021020001601535,49.45667453253055,51.93794501872091,54.47710126158784,57.0862151625237,59.77112477220185,62.522429839538084,65.32974061333401,68.18434949258533,71.07863732641322,74.01695791531986,77.00514930997862,80.04034196005851,83.12026001529705,86.24361712554584,89.39398758891036,92.55732050376997,95.73569382036438,98.93009703880765,102.14132175919116
"The target value from 'conditional_best' was used for 'conditional_worst' in 2030.
",YEM,RBU,conditional,worst,KYOTOGHG,IPCM0EL,MtCO2eq,AR4,18.0169,17.329,18.3064,17.2082,18.6482,20.0057,20.7753,24.3967,23.6905,26.1281,27.6873,28.8561,27.7188,29.9911,31.1953,32.4385,34.2565,35.3063,35.7315,38.1122,36.8116,36.759,40.756,50.1848,47.1617,43.7991,43.0988,43.229,41.14978437681461,39.07056875362921,36.99135313044382,37.262713961231256,37.51374698598313,37.74445220469949,37.95482961738029,38.14487922402557,38.388523525870134,38.60972027719953,38.80846947801373,38.98477112831276,39.13862522809661,41.24643004444241,43.382965028561664,45.55951393214786,47.78683971835481,50.07553175415641,52.43071112685971,54.84413201791946,57.306680627890906,59.81071872485846,62.349562855895954,64.92703213696122,67.54824765536127,70.21069226648757,72.91236961427127,75.65215132354301,78.4156289113711,81.19047704898266,83.9785184962666,86.78062123412245,89.59747964726984
,YEM,RBU,conditional,best,KYOTOGHG,IPCM0EL,MtCO2eq,AR4,18.0169,17.329,18.3064,17.2082,18.6482,20.0057,20.7753,24.3967,23.6905,26.1281,27.6873,28.8561,27.7188,29.9911,31.1953,32.4385,34.2565,35.3063,35.7315,38.1122,36.8116,36.759,40.756,50.1848,47.1617,43.7991,43.0988,43.229,41.14978437681461,39.07056875362921,36.99135313044382,37.262713961231256,37.51374698598313,37.74445220469949,37.95482961738029,38.14487922402557,38.388523525870134,38.60972027719953,38.80846947801373,38.98477112831276,39.13862522809661,41.24643004444241,43.382965028561664,45.55951393214786,47.78683971835481,50.07553175415641,52.43071112685971,54.84413201791946,57.306680627890906,59.81071872485846,62.349562855895954,64.92703213696122,67.54824765536127,70.21069226648757,72.91236961427127,75.65215132354301,78.4156289113711,81.19047704898266,83.9785184962666,86.78062123412245,89.59747964726984
"The target value from 'unconditional_best' was used for 'unconditional_worst' in 2030.
",YEM,RBU,unconditional,worst,KYOTOGHG,IPCM0EL,MtCO2eq,AR4,18.0169,17.329,18.3064,17.2082,18.6482,20.0057,20.7753,24.3967,23.6905,26.1281,27.6873,28.8561,27.7188,29.9911,31.1953,32.4385,34.2565,35.3063,35.7315,38.1122,36.8116,36.759,40.756,50.1848,47.1617,43.7991,43.0988,43.229,41.14978437681461,39.07056875362921,36.99135313044382,37.725625779499666,38.4584464424101,39.18981511917516,39.91973180979479,40.64819651426906,41.45503673631175,42.26027356188907,43.06390699100102,43.8659370236476,44.66636365982882,47.07186400385352,49.5101522170049,51.9941057101182,54.53600755199012,57.147942697404524,59.83575550974047,62.5900355733876,65.40038190267127,68.25807748102609,71.15549491895734,74.09699272474772,77.08841526177629,80.12688987685675,83.2101382588413,86.33687266664643,89.49064963720556,92.65740307560638,95.83921317898381,99.03707051740209,102.25176754691265
,YEM,RBU,unconditional,best,KYOTOGHG,IPCM0EL,MtCO2eq,AR4,18.0169,17.329,18.3064,17.2082,18.6482,20.0057,20.7753,24.3967,23.6905,26.1281,27.6873,28.8561,27.7188,29.9911,31.1953,32.4385,34.2565,35.3063,35.7315,38.1122,36.8116,36.759,40.756,50.1848,47.1617,43.7991,43.0988,43.229,41.14978437681461,39.07056875362921,36.99135313044382,37.725625779499666,38.4584464424101,39.18981511917516,39.91973180979479,40.64819651426906,41.45503673631175,42.26027356188907,43.06390699100102,43.8659370236476,44.66636365982882,47.07186400385352,49.5101522170049,51.9941057101182,54.53600755199012,57.147942697404524,59.83575550974047,62.5900355733876,65.40038190267127,68.25807748102609,71.15549491895734,74.09699272474772,77.08841526177629,80.12688987685675,83.2101382588413,86.33687266664643,89.49064963720556,92.65740307560638,95.83921317898381,99.03707051740209,102.25176754691265
"No targets calculated, so the baseline emissions are put in as target pathways for all un/conditional best/worst pathways.
",YEM,baseline_emissions,conditional,worst,KYOTOGHG,IPCM0EL,MtCO2eq,AR4,18.0169,17.329,18.3064,17.2082,18.6482,20.0057,20.7753,24.3967,23.6905,26.1281,27.6873,28.8561,27.7188,29.9911,31.1953,32.4385,34.2565,35.3063,35.7315,38.1122,36.8116,36.759,40.756,50.1848,47.1617,43.7991,43.0988,43.229,41.14978437681461,39.07056875362921,36.99135313044382,37.76123438090493,38.53111563136602,39.30099688182713,40.070878132288215,40.840759382749326,41.69092236788418,42.541085353019035,43.391248338153886,44.24141132328874,45.0915743084236,47.519974308423606,49.98147430842361,52.489074308423604,55.0551743084236,57.6919743084236,60.4053743084236,63.18587430842361,66.0229743084236,68.9078743084236,71.8328743084236,74.80237430842361,77.8222743084236,80.88967430842361,84.00227430842361,87.1587743084236,90.3425743084236,93.53947430842359,96.7515743084236,99.97987430842359,103.22517430842363
"No targets calculated, so the baseline emissions are put in as target pathways for all un/conditional best/worst pathways.
",YEM,baseline_emissions,conditional,best,KYOTOGHG,IPCM0EL,MtCO2eq,AR4,18.0169,17.329,18.3064,17.2082,18.6482,20.0057,20.7753,24.3967,23.6905,26.1281,27.6873,28.8561,27.7188,29.9911,31.1953,32.4385,34.2565,35.3063,35.7315,38.1122,36.8116,36.759,40.756,50.1848,47.1617,43.7991,43.0988,43.229,41.14978437681461,39.07056875362921,36.99135313044382,37.76123438090493,38.53111563136602,39.30099688182713,40.070878132288215,40.840759382749326,41.69092236788418,42.541085353019035,43.391248338153886,44.24141132328874,45.0915743084236,47.519974308423606,49.98147430842361,52.489074308423604,55.0551743084236,57.6919743084236,60.4053743084236,63.18587430842361,66.0229743084236,68.9078743084236,71.8328743084236,74.80237430842361,77.8222743084236,80.88967430842361,84.00227430842361,87.1587743084236,90.3425743084236,93.53947430842359,96.7515743084236,99.97987430842359,103.22517430842363
"No targets calculated, so the baseline emissions are put in as target pathways for all un/conditional best/worst pathways.
",YEM,baseline_emissions,unconditional,worst,KYOTOGHG,IPCM0EL,MtCO2eq,AR4,18.0169,17.329,18.3064,17.2082,18.6482,20.0057,20.7753,24.3967,23.6905,26.1281,27.6873,28.8561,27.7188,29.9911,31.1953,32.4385,34.2565,35.3063,35.7315,38.1122,36.8116,36.759,40.756,50.1848,47.1617,43.7991,43.0988,43.229,41.14978437681461,39.07056875362921,36.99135313044382,37.76123438090493,38.53111563136602,39.30099688182713,40.070878132288215,40.840759382749326,41.69092236788418,42.541085353019035,43.391248338153886,44.24141132328874,45.0915743084236,47.519974308423606,49.98147430842361,52.489074308423604,55.0551743084236,57.6919743084236,60.4053743084236,63.18587430842361,66.0229743084236,68.9078743084236,71.8328743084236,74.80237430842361,77.8222743084236,80.88967430842361,84.00227430842361,87.1587743084236,90.3425743084236,93.53947430842359,96.7515743084236,99.97987430842359,103.22517430842363
"No targets calculated, so the baseline emissions are put in as target pathways for all un/conditional best/worst pathways.
",YEM,baseline_emissions,unconditional,best,KYOTOGHG,IPCM0EL,MtCO2eq,AR4,18.0169,17.329,18.3064,17.2082,18.6482,20.0057,20.7753,24.3967,23.6905,26.1281,27.6873,28.8561,27.7188,29.9911,31.1953,32.4385,34.2565,35.3063,35.7315,38.1122,36.8116,36.759,40.756,50.1848,47.1617,43.7991,43.0988,43.229,41.14978437681461,39.07056875362921,36.99135313044382,37.76123438090493,38.53111563136602,39.30099688182713,40.070878132288215,40.840759382749326,41.69092236788418,42.541085353019035,43.391248338153886,44.24141132328874,45.0915743084236,47.519974308423606,49.98147430842361,52.489074308423604,55.0551743084236,57.6919743084236,60.4053743084236,63.18587430842361,66.0229743084236,68.9078743084236,71.8328743084236,74.80237430842361,77.8222743084236,80.88967430842361,84.00227430842361,87.1587743084236,90.3425743084236,93.53947430842359,96.7515743084236,99.97987430842359,103.22517430842363
,YEM,,emi_bau,emi_bau,KYOTOGHG,IPCM0EL,MtCO2eq,AR4,18.0169,17.329,18.3064,17.2082,18.6482,20.0057,20.7753,24.3967,23.6905,26.1281,27.6873,28.8561,27.7188,29.9911,31.1953,32.4385,34.2565,35.3063,35.7315,38.1122,36.8116,36.759,40.756,50.1848,47.1617,43.7991,43.0988,43.229,41.14978437681461,39.07056875362921,36.99135313044382,37.76123438090493,38.53111563136602,39.30099688182713,40.070878132288215,40.840759382749326,41.69092236788418,42.541085353019035,43.391248338153886,44.24141132328874,45.0915743084236,47.519974308423606,49.98147430842361,52.489074308423604,55.0551743084236,57.6919743084236,60.4053743084236,63.18587430842361,66.0229743084236,68.9078743084236,71.8328743084236,74.80237430842361,77.8222743084236,80.88967430842361,84.00227430842361,87.1587743084236,90.3425743084236,93.53947430842359,96.7515743084236,99.97987430842359,103.22517430842363
,YEM,,emi_cov,emi_cov,KYOTOGHG,IPCM0EL,MtCO2eq,AR4,16.8204667658115,16.071884556117,17.041794199208802,15.9277310579692,17.3343093484118,18.5339237432778,19.2973296596262,22.778556912823,22.055267762385498,24.3153138187928,25.8750921514725,26.884793479716905,25.6170274228848,27.786345431289202,28.8972260395758,30.048772800089502,31.823568085805,32.5385843476224,32.537709834777,34.7851452310082,33.6387179339568,35.068040602635,37.953523986492,47.048326832928794,44.2467629897219,40.8555924780741,40.448735512052394,40.55018403113,38.66747309632409,36.72718136577748,34.783659829153855,35.51773027860678,36.25299489958297,36.98896718248544,37.7252435692064,38.461502326445455,39.27336204411033,40.08533432642984,40.897322541501524,41.709251889888336,42.52106485947853,44.82136619398053,47.15348955426143,49.52973499751818,51.96184362406842,54.46137490012457,57.033921854739475,59.67047599974229,62.36107480694468,65.09736278060045,67.8720242011306,70.68922049086403,73.55453922955316,76.46521976046475,79.41907023707346,82.41484781860987,85.43678668880084,88.47139521381351,91.52065313191883,94.58549728264596,97.66667621921484
,YEM,,emi_ncov,emi_ncov,KYOTOGHG,IPCM0EL,MtCO2eq,AR4,1.1964332341884993,1.2571154438830012,1.264605800791199,1.2804689420308009,1.313890651588198,1.4717762567222,1.4779703403737996,1.618143087177,1.6352322376145019,1.8127861812072017,1.8122078485274988,1.971306520283097,2.101772577115201,2.2047545687107983,2.298073960424201,2.3897271999104976,2.4329319141950014,2.767715652377601,3.1937901652230005,3.3270547689918004,3.172882066043201,1.690959397364999,2.802476013507997,3.136473167071206,2.9149370102780994,2.943507521925903,2.6500644879476023,2.6788159688699977,2.48231128049052,2.343387387851725,2.207693301289966,2.2435041022981537,2.278120731783045,2.312029699341695,2.3456345630818163,2.3792570563038744,2.4175603237738517,2.4557510265891977,2.4939257966523636,2.532159433400405,2.5705094489450757,2.6986081144430756,2.8279847541621814,2.959339310905423,3.0933306843551835,3.230599408299033,3.3714524536841273,3.5153983086813225,3.661899501478924,3.8105115278231456,3.960850107292996,4.113153817559578,4.267735078870441,4.424454547958864,4.583204071350155,4.7439264898137266,4.905787619622755,5.068079094610079,5.230921176504766,5.394377025777629,5.558498089208799
,YEM,,pc_cov,pc_cov,KYOTOGHG,IPCM0EL,MtCO2eq/MtCO2eq,AR4,0.933593835,0.9274559729999999,0.930920017,0.925589606,0.9295432990000001,0.926432154,0.928859254,0.93367369,0.9309751909999999,0.9306192879999999,0.934547325,0.9316849290000001,0.924175196,0.9264863720000001,0.926332686,0.9263305270000001,0.92897897,0.921608448,0.910616958,0.912703681,0.913807548,0.953998765,0.9312377070000001,0.9375015309999999,0.938192707,0.9327952509999999,0.9385118729999999,0.93803197,0.939676202,0.940021672,0.9403186659999999,0.9405871090000001,0.940875817,0.94117122,0.941462861,0.941743075,0.9420123090000001,0.942273428,0.9425246820000001,0.9427649490000001,0.942993575,0.9432110779999999,0.9434193409999999,0.9436198990000001,0.9438139879999999,0.94400262,0.944186217,0.9443641740000001,0.9445359809999999,0.944701363,0.944860203,0.945013058,0.945160494,0.9453026040000001,0.9454395240000001,0.9455714409999999,0.945697943,0.94581882,0.9459345109999999,0.946045371,0.94615172
,ZAF,,pop,pop,POP,DEMOGR,Pers,,36800509.0,37718950.0,38672607.0,39633750.0,40564059.0,41435758.0,42241011.0,42987461.0,43682260.0,44338543.0,44967708.0,45571274.0,46150913.0,46719196.0,47291610.0,47880601.0,48489459.0,49119759.0,49779471.0,50477011.0,51216964.0,52003755.0,52832658.0,53687121.0,54544186.0,55386367.0,56207646.0,57009756.0,57306035.9875,57656649.6044,58002085.3099,58346437.5428,58689248.0033,59030286.083,59369450.0855,59706764.2667,60034585.6337,60347134.4904,60647094.1029,60936849.6835,61218501.6588,61494886.5296,61767667.8252,62037043.7917,62303288.8849,62566749.4329,62825601.9533,63078281.4257,63325570.4291,63568247.8433,63807088.8352,64043720.6318,64280080.6844,64517464.0587,64757240.4003,65000850.4821,65244173.6152,65482269.5955,65715281.9898,65943203.3567,66165885.2248
,ZAF,,gdp,gdp,GDPPPP,ECO,2011GKD,,306165250000.0,305423625000.0,303201281250.0,312478687500.0,323038125000.0,339487250000.0,352995875000.0,360550937500.0,362501906250.0,371582781250.0,390818906250.0,406562843750.0,425263593750.0,438638843750.0,459779562500.0,494829031250.0,531092687500.0,562114875000.0,574922625000.0,565836062500.0,592812812500.0,625141625000.0,633626062500.0,645225000000.0,656694187500.0,667783312500.0,669013687500.0,686414000000.0,716645517083.6565,742059102353.9963,767688765915.9963,793985214255.6406,821075254290.0605,848494949551.3359,875783502305.7108,902482648054.064,928075311002.2412,952483526745.472,975903234652.5792,998519772401.3468,1020506782000.7,1041893713627.222,1062723972177.409,1083180847168.973,1103444404717.982,1123691957044.484,1143676009755.375,1163148606136.2642,1182276556757.145,1201216193815.1091,1220114167377.5908,1238645978938.575,1256614346072.49,1274340394078.27,1292132731854.596,1310288739479.4658,1328658876399.552,1347009181916.748,1365501888931.703,1384297858691.435,1403556873866.675
,ZAF,ABS,conditional,worst,KYOTOGHG,IPCM0EL,MtCO2eq,AR4,377.73900000000003,388.9009,366.5442,384.8496,403.5759,426.0299,434.6674,459.6059,454.9814,452.4504,452.2384,452.3047,466.4366,488.3608,507.9102,503.98400000000004,512.0980000000002,538.5913,538.7204,530.1977,536.4354,553.4375,539.4535,549.0938,552.048,539.2669999999998,540.322,532.875,537.1429,547.511,558.0219,572.3093470584728,586.8801962408447,601.4792261131797,615.8528825898976,629.749,631.481991715549,632.1619726523637,631.9877853182785,631.1332729452331,629.749,635.8174358473078,641.4238488947583,646.7364325031891,651.9113592975626,657.0933628154758,657.0933628154758,657.0933628154758,657.0933628154758,657.0933628154758,657.0933628154758,657.0933628154758,657.0933628154758,657.0933628154758,657.0933628154758,657.0933628154758,657.0933628154758,657.0933628154758,657.0933628154758,657.0933628154758,657.0933628154758
,ZAF,ABS,conditional,best,KYOTOGHG,IPCM0EL,MtCO2eq,AR4,377.73900000000003,388.9009,366.5442,384.8496,403.5759,426.0299,434.6674,459.6059,454.9814,452.4504,452.2384,452.3047,466.4366,488.3608,507.9102,503.98400000000004,512.0980000000002,538.5913,538.7204,530.1977,536.4354,553.4375,539.4535,549.0938,552.048,539.2669999999998,540.322,532.875,537.1429,547.511,558.0219,532.0911886419765,504.89635927084174,476.2043140443288,445.8530830516405,413.749,414.88758630869876,415.33433800282785,415.2198958436654,414.65847591312934,413.749,417.7360000006158,421.4194481553085,424.9098485456301,428.30980755508506,431.7144160158099,431.7144160158099,431.7144160158099,431.7144160158099,431.7144160158099,431.7144160158099,431.7144160158099,431.7144160158099,431.7144160158099,431.7144160158099,431.7144160158099,431.7144160158099,431.7144160158099,431.7144160158099,431.7144160158099,431.7144160158099
,ZAF,ABS,unconditional,worst,KYOTOGHG,IPCM0EL,MtCO2eq,AR4,377.73900000000003,388.9009,366.5442,384.8496,403.5759,426.0299,434.6674,459.6059,454.9814,452.4504,452.2384,452.3047,466.4366,488.3608,507.9102,503.98400000000004,512.0980000000002,538.5913,538.7204,530.1977,536.4354,553.4375,539.4535,549.0938,552.048,539.2669999999998,540.322,532.875,537.1429,547.511,558.0219,568.8164,579.7599,590.5991,601.0884,610.9894,620.0448,628.2743,635.8474,642.9166,649.6181,655.878,661.6613,667.1415,672.4797,677.8252,677.8252,677.8252,677.8252,677.8252,677.8252,677.8252,677.8252,677.8252,677.8252,677.8252,677.8252,677.8252,677.8252,677.8252,677.8252
,ZAF,ABS,unconditional,best,KYOTOGHG,IPCM0EL,MtCO2eq,AR4,377.73900000000003,388.9009,366.5442,384.8496,403.5759,426.0299,434.6674,459.6059,454.9814,452.4504,452.2384,452.3047,466.4366,488.3608,507.9102,503.98400000000004,512.0980000000002,538.5913,538.7204,530.1977,536.4354,553.4375,539.4535,549.0938,552.048,539.2669999999998,540.322,532.875,537.1429,547.511,558.0219,568.8164,579.7599,590.5991,601.0884,610.9894,620.0448,628.2743,635.8474,642.9166,649.6181,655.878,661.6613,667.1415,672.4797,677.8252,677.8252,677.8252,677.8252,677.8252,677.8252,677.8252,677.8252,677.8252,677.8252,677.8252,677.8252,677.8252,677.8252,677.8252,677.8252
"No targets calculated, so the baseline emissions are put in as target pathways for all un/conditional best/worst pathways.
",ZAF,baseline_emissions,conditional,worst,KYOTOGHG,IPCM0EL,MtCO2eq,AR4,377.73900000000003,388.9009,366.5442,384.8496,403.5759,426.0299,434.6674,459.6059,454.9814,452.4504,452.2384,452.3047,466.4366,488.3608,507.9102,503.98400000000004,512.0980000000002,538.5913,538.7204,530.1977,536.4354,553.4375,539.4535,549.0938,552.048,539.2669999999998,540.322,532.875,537.1429,547.511,558.0219,568.8164,579.7599,590.5991,601.0884,610.9894,620.0448,628.2743,635.8474,642.9166,649.6181,655.878,661.6613,667.1415,672.4797,677.8252,683.0292,687.9293,692.6378,697.2554,701.8716,706.3886,710.7359,715.0304,719.3810000000003,723.8896,728.4006,732.7156,736.8676,740.8896,744.8147
"No targets calculated, so the baseline emissions are put in as target pathways for all un/conditional best/worst pathways.
",ZAF,baseline_emissions,conditional,best,KYOTOGHG,IPCM0EL,MtCO2eq,AR4,377.73900000000003,388.9009,366.5442,384.8496,403.5759,426.0299,434.6674,459.6059,454.9814,452.4504,452.2384,452.3047,466.4366,488.3608,507.9102,503.98400000000004,512.0980000000002,538.5913,538.7204,530.1977,536.4354,553.4375,539.4535,549.0938,552.048,539.2669999999998,540.322,532.875,537.1429,547.511,558.0219,568.8164,579.7599,590.5991,601.0884,610.9894,620.0448,628.2743,635.8474,642.9166,649.6181,655.878,661.6613,667.1415,672.4797,677.8252,683.0292,687.9293,692.6378,697.2554,701.8716,706.3886,710.7359,715.0304,719.3810000000003,723.8896,728.4006,732.7156,736.8676,740.8896,744.8147
"No targets calculated, so the baseline emissions are put in as target pathways for all un/conditional best/worst pathways.
",ZAF,baseline_emissions,unconditional,worst,KYOTOGHG,IPCM0EL,MtCO2eq,AR4,377.73900000000003,388.9009,366.5442,384.8496,403.5759,426.0299,434.6674,459.6059,454.9814,452.4504,452.2384,452.3047,466.4366,488.3608,507.9102,503.98400000000004,512.0980000000002,538.5913,538.7204,530.1977,536.4354,553.4375,539.4535,549.0938,552.048,539.2669999999998,540.322,532.875,537.1429,547.511,558.0219,568.8164,579.7599,590.5991,601.0884,610.9894,620.0448,628.2743,635.8474,642.9166,649.6181,655.878,661.6613,667.1415,672.4797,677.8252,683.0292,687.9293,692.6378,697.2554,701.8716,706.3886,710.7359,715.0304,719.3810000000003,723.8896,728.4006,732.7156,736.8676,740.8896,744.8147
"No targets calculated, so the baseline emissions are put in as target pathways for all un/conditional best/worst pathways.
",ZAF,baseline_emissions,unconditional,best,KYOTOGHG,IPCM0EL,MtCO2eq,AR4,377.73900000000003,388.9009,366.5442,384.8496,403.5759,426.0299,434.6674,459.6059,454.9814,452.4504,452.2384,452.3047,466.4366,488.3608,507.9102,503.98400000000004,512.0980000000002,538.5913,538.7204,530.1977,536.4354,553.4375,539.4535,549.0938,552.048,539.2669999999998,540.322,532.875,537.1429,547.511,558.0219,568.8164,579.7599,590.5991,601.0884,610.9894,620.0448,628.2743,635.8474,642.9166,649.6181,655.878,661.6613,667.1415,672.4797,677.8252,683.0292,687.9293,692.6378,697.2554,701.8716,706.3886,710.7359,715.0304,719.3810000000003,723.8896,728.4006,732.7156,736.8676,740.8896,744.8147
,ZAF,,emi_bau,emi_bau,KYOTOGHG,IPCM0EL,MtCO2eq,AR4,377.73900000000003,388.9009,366.5442,384.8496,403.5759,426.0299,434.6674,459.6059,454.9814,452.4504,452.2384,452.3047,466.4366,488.3608,507.9102,503.98400000000004,512.0980000000002,538.5913,538.7204,530.1977,536.4354,553.4375,539.4535,549.0938,552.048,539.2669999999998,540.322,532.875,537.1429,547.511,558.0219,568.8164,579.7599,590.5991,601.0884,610.9894,620.0448,628.2743,635.8474,642.9166,649.6181,655.878,661.6613,667.1415,672.4797,677.8252,683.0292,687.9293,692.6378,697.2554,701.8716,706.3886,710.7359,715.0304,719.3810000000003,723.8896,728.4006,732.7156,736.8676,740.8896,744.8147
,ZAF,,emi_cov,emi_cov,KYOTOGHG,IPCM0EL,MtCO2eq,AR4,377.73900000000003,388.9009,366.5442,384.8496,403.5759,426.0299,434.6674,459.6059,454.9814,452.4504,452.2384,452.3047,466.4366,488.3608,507.9102,503.98400000000004,512.0980000000002,538.5913,538.7204,530.1977,536.4354,553.4375,539.4535,549.0938,552.048,539.2669999999998,540.322,532.875,537.1429,547.510899805487,558.0219,568.8164,579.7599,590.599000188752,601.0884,610.9894,620.0448,628.2742001043863,635.8474,642.9164997050104,649.6181,655.878,661.6612000891437,667.1415,672.4797,677.8252,683.0292,687.9293,692.6378,697.2553002924778,701.8715003342328,706.3886,710.7359,715.0304,719.3809000060413,723.8896,728.4006,732.7156,736.8674997860065,740.8896,744.8147
,ZAF,,emi_ncov,emi_ncov,KYOTOGHG,IPCM0EL,MtCO2eq,AR4,0.0,0.0,0.0,0.0,0.0,0.0,0.0,0.0,0.0,0.0,0.0,0.0,0.0,0.0,0.0,0.0,0.0,0.0,0.0,0.0,0.0,0.0,0.0,0.0,0.0,0.0,0.0,0.0,0.0,0.0001001945129624585,0.0,0.0,0.0,9.98112479622107e-05,0.0,0.0,0.0,9.989561373460995e-05,0.0,0.00010029498954720915,0.0,0.0,9.991085626577612e-05,0.0,0.0,0.0,0.0,0.0,0.0,9.970752216687109e-05,9.966576718650203e-05,0.0,0.0,0.0,9.99939590472018e-05,0.0,0.0,0.0,0.00010021399354725178,0.0,0.0
,ZAF,,pc_cov,pc_cov,KYOTOGHG,IPCM0EL,MtCO2eq/MtCO2eq,AR4,1.0,1.0,1.0,1.0,1.0,1.0,1.0,1.0,1.0,1.0,1.0,1.0,1.0,1.0,1.0,1.0,1.0,1.0,1.0,1.0,1.0,1.0,1.0,1.0,1.0,1.0,1.0,1.0,1.0,0.9999998170000001,1.0,1.0,1.0,0.9999998309999999,1.0,1.0,1.0,0.999999841,1.0,0.9999998440000001,1.0,1.0,0.999999849,1.0,1.0,1.0,1.0,1.0,1.0,0.999999857,0.999999858,1.0,1.0,1.0,0.9999998609999999,1.0,1.0,1.0,0.9999998640000001,1.0,1.0
,ZMB,,pop,pop,POP,DEMOGR,Pers,,8036845.0,8246656.0,8451347.0,8656486.0,8869740.0,9096607.0,9339733.0,9597609.0,9866476.0,10140561.0,10415944.0,10692193.0,10971698.0,11256743.0,11550642.0,11856247.0,12173514.0,12502958.0,12848530.0,13215139.0,13605984.0,14023203.0,14465150.0,14926544.0,15399788.0,15879361.0,16363458.0,16853599.0,17284600.2336,17830790.1917,18381189.8707,18936646.6411,19502573.541,20080095.496,20670319.2576,21274335.6948,21890916.7575,22517657.4483,23153905.9544,23799055.2189,24452542.683,25116857.2384,25793823.8928,26481908.8777,27179565.7667,27885234.9836,28600694.056,29326565.9086,30059549.1058,30796342.6298,31533646.4279,32272073.4479,33015110.4001,33763757.1287,34518999.8144,35281812.6369,36052741.884,36828901.0583,37606129.7479,38380299.7818,39147315.041
,ZMB,,gdp,gdp,GDPPPP,ECO,2011GKD,,10522092773.4375,10818871093.75,9256054687.5,8782865234.375,8508117187.5,8731926757.8125,9724600585.9375,10430517578.125,10049629882.8125,10371616210.9375,12456868164.0625,13200019531.25,14027424804.6875,15127911132.8125,16664933593.75,19037519531.25,22708310546.875,31053279296.875,32683802734.375,36844246093.75,42605246093.75,48036335937.5,51373660156.25,53648257812.5,56269472656.25,57281085937.5,59053343750.0,65619968750.0,70034502042.5397,74755638217.0877,79718755710.9256,84999754973.4632,90627280480.0398,96569683307.8539,102794577806.5638,109268729265.7259,115976575965.2315,122910367071.7867,130049205267.4677,137373878699.7977,144866816695.1429,152513995628.2301,160359413802.0918,168473859757.896,176928350202.6965,185794258287.5079,195077373857.2206,204744497161.7669,214810428146.3917,225292184861.6497,236209213582.4674,247552541186.2989,259328412001.9501,271583783893.7532,284369496504.2278,297740641165.0482,311748378129.8599,326408843812.084,341728862795.1628,357716367354.0762,374380398039.261
,ZMB,ABS,conditional,worst,KYOTOGHG,IPCM0EL,MtCO2eq,AR4,31.1785,31.4259,31.5102,31.6565,31.3316,30.8078,27.0956,27.9521,29.6793,27.9944,27.164,31.5825,31.4516,34.1543,34.5265,35.931,33.1954,34.0901,34.6942,33.4464,36.3562,36.0593,39.5458,40.1982,40.3507,41.6271,41.4723,41.0671,43.336623076923075,45.60614615384616,47.875669230769226,48.55606071568846,49.09260707191858,49.48530829945957,49.734164398311464,49.83917536847422,49.80034120994788,49.617661922732424,49.29113750682782,48.82076796223415,48.20655328895132,50.02173878403117,51.86390648927007,53.75102177497646,55.70057184570911,57.7299072872412,59.84387806646206,62.0371560507327,64.31185883123017,66.67085540245235,69.11762954343249,71.65464039231162,74.2855083469086,77.01638125257608,79.8535435734524,82.80375793942551,85.87173769859915,89.0545455470826,92.34801461191455,95.74784140134815,99.24951749545806
,ZMB,ABS,conditional,best,KYOTOGHG,IPCM0EL,MtCO2eq,AR4,31.1785,31.4259,31.5102,31.6565,31.3316,30.8078,27.0956,27.9521,29.6793,27.9944,27.164,31.5825,31.4516,34.1543,34.5265,35.931,33.1954,34.0901,34.6942,33.4464,36.3562,36.0593,39.5458,40.1982,40.3507,41.6271,41.4723,41.0671,43.336623076923075,45.60614615384616,47.875669230769226,47.26205356219961,46.38746173157975,45.25189373890962,43.855349584189256,42.19782926741861,40.27933278859774,38.099860147726616,35.659411344805214,32.95798637983358,29.99558525281168,31.125048936742264,32.27130177338998,33.44552236317157,34.6585917772151,35.92130607828045,37.236683063438306,38.60140740632932,40.016796736660424,41.484636230163545,43.0070936002275,44.58569899747966,46.22270514367702,47.92193741538803,49.68730619754935,51.523019404386275,53.43200982460131,55.41244977827841,57.461746510187815,59.57722225673164,61.75607174175964
,ZMB,ABS,unconditional,worst,KYOTOGHG,IPCM0EL,MtCO2eq,AR4,31.1785,31.4259,31.5102,31.6565,31.3316,30.8078,27.0956,27.9521,29.6793,27.9944,27.164,31.5825,31.4516,34.1543,34.5265,35.931,33.1954,34.0901,34.6942,33.4464,36.3562,36.0593,39.5458,40.1982,40.3507,41.6271,41.4723,41.0671,43.336623076923075,45.60614615384616,47.875669230769226,50.145192307692305,52.414715384615384,54.684238461538456,56.95376153846154,59.22328461538461,61.49280769230769,63.76233076923078,66.03185384615384,68.30137692307693,70.5709,73.2282,75.925,78.6876,81.5416,84.5124,87.6071,90.8179,94.1479,97.6013,101.1832,104.8972,108.7486,112.7464,116.8998,121.2187,125.71,130.3694,135.1908,140.1679,145.2941
,ZMB,ABS,unconditional,best,KYOTOGHG,IPCM0EL,MtCO2eq,AR4,31.1785,31.4259,31.5102,31.6565,31.3316,30.8078,27.0956,27.9521,29.6793,27.9944,27.164,31.5825,31.4516,34.1543,34.5265,35.931,33.1954,34.0901,34.6942,33.4464,36.3562,36.0593,39.5458,40.1982,40.3507,41.6271,41.4723,41.0671,43.336623076923075,45.60614615384616,47.875669230769226,50.145192307692305,52.414715384615384,54.684238461538456,56.95376153846154,59.22328461538461,61.49280769230769,63.76233076923078,66.03185384615384,68.30137692307693,70.5709,73.2282,75.925,78.6876,81.5416,84.5124,87.6071,90.8179,94.1479,97.6013,101.1832,104.8972,108.7486,112.7464,116.8998,121.2187,125.71,130.3694,135.1908,140.1679,145.2941
,ZMB,ABU,conditional,worst,KYOTOGHG,IPCM0EL,MtCO2eq,AR4,31.1785,31.4259,31.5102,31.6565,31.3316,30.8078,27.0956,27.9521,29.6793,27.9944,27.164,31.5825,31.4516,34.1543,34.5265,35.931,33.1954,34.0901,34.6942,33.4464,36.3562,36.0593,39.5458,40.1982,40.3507,41.6271,41.4723,41.0671,43.336623076923075,45.60614615384616,47.875669230769226,48.631733648641024,49.25080270585652,49.73287640241571,50.07795473831861,50.28603771356519,50.35712532815549,50.29121758208949,50.088314475367156,49.74841600798856,49.271522179953635,51.12680836574397,53.00967284692388,54.93847788092996,56.93109699591344,59.00526408308685,61.165936253773395,63.40766766736447,65.73262269640968,68.14373371662128,70.6445614699357,73.23761942124916,75.92660794943676,78.71781071673912,81.61765102233562,84.63304089469096,87.76879780818966,91.02191956865009,94.38814724944243,97.86308228699824,101.44211666234101
,ZMB,ABU,conditional,best,KYOTOGHG,IPCM0EL,MtCO2eq,AR4,31.1785,31.4259,31.5102,31.6565,31.3316,30.8078,27.0956,27.9521,29.6793,27.9944,27.164,31.5825,31.4516,34.1543,34.5265,35.931,33.1954,34.0901,34.6942,33.4464,36.3562,36.0593,39.5458,40.1982,40.3507,41.6271,41.4723,41.0671,43.336623076923075,45.60614615384616,47.875669230769226,47.26962085549487,46.40328129497354,45.276650549205236,43.88972861818997,42.24251550192771,40.335011200418506,38.16721571366232,35.73912904165915,33.05075118440903,30.102082141911907,31.23555589491354,32.38587840915535,33.56426797376692,34.78164429223553,36.04884175786501,37.368888882169436,38.738458567992495,40.158873123178374,41.631924061580435,43.15978679287782,44.74399690037341,46.38681510392983,48.09208036180433,49.86371694243766,51.70594769991281,53.62171583556035,55.60918718043515,57.6657597739406,59.78874634529664,61.97533165844793
,ZMB,ABU,unconditional,worst,KYOTOGHG,IPCM0EL,MtCO2eq,AR4,31.1785,31.4259,31.5102,31.6565,31.3316,30.8078,27.0956,27.9521,29.6793,27.9944,27.164,31.5825,31.4516,34.1543,34.5265,35.931,33.1954,34.0901,34.6942,33.4464,36.3562,36.0593,39.5458,40.1982,40.3507,41.6271,41.4723,41.0671,43.336623076923075,45.60614615384616,47.875669230769226,50.145192307692305,52.414715384615384,54.684238461538456,56.95376153846154,59.22328461538461,61.49280769230769,63.76233076923078,66.03185384615384,68.30137692307693,70.5709,73.2282,75.925,78.6876,81.5416,84.5124,87.6071,90.8179,94.1479,97.6013,101.1832,104.8972,108.7486,112.7464,116.8998,121.2187,125.71,130.3694,135.1908,140.1679,145.2941
,ZMB,ABU,unconditional,best,KYOTOGHG,IPCM0EL,MtCO2eq,AR4,31.1785,31.4259,31.5102,31.6565,31.3316,30.8078,27.0956,27.9521,29.6793,27.9944,27.164,31.5825,31.4516,34.1543,34.5265,35.931,33.1954,34.0901,34.6942,33.4464,36.3562,36.0593,39.5458,40.1982,40.3507,41.6271,41.4723,41.0671,43.336623076923075,45.60614615384616,47.875669230769226,50.145192307692305,52.414715384615384,54.684238461538456,56.95376153846154,59.22328461538461,61.49280769230769,63.76233076923078,66.03185384615384,68.30137692307693,70.5709,73.2282,75.925,78.6876,81.5416,84.5124,87.6071,90.8179,94.1479,97.6013,101.1832,104.8972,108.7486,112.7464,116.8998,121.2187,125.71,130.3694,135.1908,140.1679,145.2941
,ZMB,RBU,conditional,worst,KYOTOGHG,IPCM0EL,MtCO2eq,AR4,31.1785,31.4259,31.5102,31.6565,31.3316,30.8078,27.0956,27.9521,29.6793,27.9944,27.164,31.5825,31.4516,34.1543,34.5265,35.931,33.1954,34.0901,34.6942,33.4464,36.3562,36.0593,39.5458,40.1982,40.3507,41.6271,41.4723,41.0671,43.336623076923075,45.60614615384616,47.875669230769226,48.67684432089473,49.345107381466434,49.880458412484316,50.28289741394842,50.552424385858686,50.68903932821517,50.692742241017854,50.5635331242667,50.30141197796178,49.90637880210302,51.78557008903331,53.692695013804155,55.64635242895247,57.66464616052174,59.76553859841452,61.95405072563507,64.22466653268573,66.5795782797515,69.0217561257926,71.55480669240367,74.18127583012206,76.90491159668335,79.73207861843093,82.66928295784923,85.723525703916,88.89968640349451,92.19472417955404,95.60432522979512,99.12403431577741,102.74918404484903
,ZMB,RBU,conditional,best,KYOTOGHG,IPCM0EL,MtCO2eq,AR4,31.1785,31.4259,31.5102,31.6565,31.3316,30.8078,27.0956,27.9521,29.6793,27.9944,27.164,31.5825,31.4516,34.1543,34.5265,35.931,33.1954,34.0901,34.6942,33.4464,36.3562,36.0593,39.5458,40.1982,40.3507,41.6271,41.4723,41.0671,43.336623076923075,45.60614615384616,47.875669230769226,47.38469809251287,46.64385233869536,45.65313196931669,44.41253698437688,42.92206738387589,41.18172316781377,39.19150433619049,36.95141088900604,34.461442826260466,31.7216001479537,32.91605576738264,34.128266625951845,35.37005456643067,36.6529267817809,37.98830056501933,39.37936736419395,40.82262108144921,42.31945516593285,43.871757516490135,45.48182058171894,47.15126256062951,48.882465801764724,50.6794758026502,52.5464279607566,54.487772323362115,56.50661043856972,58.60100945756163,60.76822743201489,63.00543251366158,65.30965800431622
,ZMB,RBU,unconditional,worst,KYOTOGHG,IPCM0EL,MtCO2eq,AR4,31.1785,31.4259,31.5102,31.6565,31.3316,30.8078,27.0956,27.9521,29.6793,27.9944,27.164,31.5825,31.4516,34.1543,34.5265,35.931,33.1954,34.0901,34.6942,33.4464,36.3562,36.0593,39.5458,40.1982,40.3507,41.6271,41.4723,41.0671,43.336623076923075,45.60614615384616,47.875669230769226,50.145192307692305,52.414715384615384,54.684238461538456,56.95376153846154,59.22328461538461,61.49280769230769,63.76233076923078,66.03185384615384,68.30137692307693,70.5709,73.2282,75.925,78.6876,81.5416,84.5124,87.6071,90.8179,94.1479,97.6013,101.1832,104.8972,108.7486,112.7464,116.8998,121.2187,125.71,130.3694,135.1908,140.1679,145.2941
,ZMB,RBU,unconditional,best,KYOTOGHG,IPCM0EL,MtCO2eq,AR4,31.1785,31.4259,31.5102,31.6565,31.3316,30.8078,27.0956,27.9521,29.6793,27.9944,27.164,31.5825,31.4516,34.1543,34.5265,35.931,33.1954,34.0901,34.6942,33.4464,36.3562,36.0593,39.5458,40.1982,40.3507,41.6271,41.4723,41.0671,43.336623076923075,45.60614615384616,47.875669230769226,50.145192307692305,52.414715384615384,54.684238461538456,56.95376153846154,59.22328461538461,61.49280769230769,63.76233076923078,66.03185384615384,68.30137692307693,70.5709,73.2282,75.925,78.6876,81.5416,84.5124,87.6071,90.8179,94.1479,97.6013,101.1832,104.8972,108.7486,112.7464,116.8998,121.2187,125.71,130.3694,135.1908,140.1679,145.2941
"No targets calculated, so the baseline emissions are put in as target pathways for all un/conditional best/worst pathways.
",ZMB,baseline_emissions,conditional,worst,KYOTOGHG,IPCM0EL,MtCO2eq,AR4,31.1785,31.4259,31.5102,31.6565,31.3316,30.8078,27.0956,27.9521,29.6793,27.9944,27.164,31.5825,31.4516,34.1543,34.5265,35.931,33.1954,34.0901,34.6942,33.4464,36.3562,36.0593,39.5458,40.1982,40.3507,41.6271,41.4723,41.0671,43.336623076923075,45.60614615384616,47.875669230769226,50.145192307692305,52.414715384615384,54.684238461538456,56.95376153846154,59.22328461538461,61.49280769230769,63.76233076923078,66.03185384615384,68.30137692307693,70.5709,73.2282,75.925,78.6876,81.5416,84.5124,87.6071,90.8179,94.1479,97.6013,101.1832,104.8972,108.7486,112.7464,116.8998,121.2187,125.71,130.3694,135.1908,140.1679,145.2941
"No targets calculated, so the baseline emissions are put in as target pathways for all un/conditional best/worst pathways.
",ZMB,baseline_emissions,conditional,best,KYOTOGHG,IPCM0EL,MtCO2eq,AR4,31.1785,31.4259,31.5102,31.6565,31.3316,30.8078,27.0956,27.9521,29.6793,27.9944,27.164,31.5825,31.4516,34.1543,34.5265,35.931,33.1954,34.0901,34.6942,33.4464,36.3562,36.0593,39.5458,40.1982,40.3507,41.6271,41.4723,41.0671,43.336623076923075,45.60614615384616,47.875669230769226,50.145192307692305,52.414715384615384,54.684238461538456,56.95376153846154,59.22328461538461,61.49280769230769,63.76233076923078,66.03185384615384,68.30137692307693,70.5709,73.2282,75.925,78.6876,81.5416,84.5124,87.6071,90.8179,94.1479,97.6013,101.1832,104.8972,108.7486,112.7464,116.8998,121.2187,125.71,130.3694,135.1908,140.1679,145.2941
"No targets calculated, so the baseline emissions are put in as target pathways for all un/conditional best/worst pathways.
",ZMB,baseline_emissions,unconditional,worst,KYOTOGHG,IPCM0EL,MtCO2eq,AR4,31.1785,31.4259,31.5102,31.6565,31.3316,30.8078,27.0956,27.9521,29.6793,27.9944,27.164,31.5825,31.4516,34.1543,34.5265,35.931,33.1954,34.0901,34.6942,33.4464,36.3562,36.0593,39.5458,40.1982,40.3507,41.6271,41.4723,41.0671,43.336623076923075,45.60614615384616,47.875669230769226,50.145192307692305,52.414715384615384,54.684238461538456,56.95376153846154,59.22328461538461,61.49280769230769,63.76233076923078,66.03185384615384,68.30137692307693,70.5709,73.2282,75.925,78.6876,81.5416,84.5124,87.6071,90.8179,94.1479,97.6013,101.1832,104.8972,108.7486,112.7464,116.8998,121.2187,125.71,130.3694,135.1908,140.1679,145.2941
"No targets calculated, so the baseline emissions are put in as target pathways for all un/conditional best/worst pathways.
",ZMB,baseline_emissions,unconditional,best,KYOTOGHG,IPCM0EL,MtCO2eq,AR4,31.1785,31.4259,31.5102,31.6565,31.3316,30.8078,27.0956,27.9521,29.6793,27.9944,27.164,31.5825,31.4516,34.1543,34.5265,35.931,33.1954,34.0901,34.6942,33.4464,36.3562,36.0593,39.5458,40.1982,40.3507,41.6271,41.4723,41.0671,43.336623076923075,45.60614615384616,47.875669230769226,50.145192307692305,52.414715384615384,54.684238461538456,56.95376153846154,59.22328461538461,61.49280769230769,63.76233076923078,66.03185384615384,68.30137692307693,70.5709,73.2282,75.925,78.6876,81.5416,84.5124,87.6071,90.8179,94.1479,97.6013,101.1832,104.8972,108.7486,112.7464,116.8998,121.2187,125.71,130.3694,135.1908,140.1679,145.2941
,ZMB,,emi_bau,emi_bau,KYOTOGHG,IPCM0EL,MtCO2eq,AR4,31.1785,31.4259,31.5102,31.6565,31.3316,30.8078,27.0956,27.9521,29.6793,27.9944,27.164,31.5825,31.4516,34.1543,34.5265,35.931,33.1954,34.0901,34.6942,33.4464,36.3562,36.0593,39.5458,40.1982,40.3507,41.6271,41.4723,41.0671,43.336623076923075,45.60614615384616,47.875669230769226,50.145192307692305,52.414715384615384,54.684238461538456,56.95376153846154,59.22328461538461,61.49280769230769,63.76233076923078,66.03185384615384,68.30137692307693,70.5709,73.2282,75.925,78.6876,81.5416,84.5124,87.6071,90.8179,94.1479,97.6013,101.1832,104.8972,108.7486,112.7464,116.8998,121.2187,125.71,130.3694,135.1908,140.1679,145.2941
,ZMB,,emi_cov,emi_cov,KYOTOGHG,IPCM0EL,MtCO2eq,AR4,30.2967966198365,30.5601489808065,30.843260904676804,30.801272712818502,30.440610131528,29.98814461749,26.2284942768548,27.046159636938203,28.8725418935226,27.133086777103998,26.351185671788002,30.873929368455002,30.7525429625992,33.3837806655607,33.7247170889545,35.105888097440996,32.4811678067954,33.4095089826223,34.0520232295482,32.5232810657664,35.3505301379164,35.007421768212296,38.351938595957,38.98532383032,39.0007797595156,40.3268355713832,39.9509822360088,39.5566191261858,41.795944328513954,43.90929450968804,46.017972857307264,48.122054938374994,50.22286795100248,52.32101988782409,54.41703593065368,56.511361933258925,58.60430056371703,60.69606570268984,62.786903079979815,64.87700010187876,66.9665046204001,69.4234628606706,71.91694301452499,74.4712624212372,77.110090873732,79.85691333973081,82.7182947677324,85.6870229506899,88.7659642940532,91.9590022266446,95.270852127448,98.7048426141584,102.265874106856,105.9622680412816,109.802530828983,113.79581605392968,117.94850356549,122.25661757647521,126.7145178604812,131.3163793935573,136.0560998896715
,ZMB,,emi_ncov,emi_ncov,KYOTOGHG,IPCM0EL,MtCO2eq,AR4,0.881703380163499,0.8657510191935011,0.6669390953231966,0.8552272871814977,0.8909898684720015,0.8196553825100009,0.8671057231451996,0.9059403630617994,0.8067581064773981,0.8613132228960009,0.8128143282120001,0.7085706315449991,0.6990570374008005,0.7705193344392989,0.8017829110455029,0.8251119025590024,0.7142321932046003,0.6805910173777012,0.6421767704518029,0.9231189342336021,1.0056698620836007,1.0518782317877011,1.1938614040429993,1.2128761696799994,1.3499202404844026,1.3002644286167968,1.5213177639912017,1.5104808738142002,1.5406787484091204,1.6968516441581263,1.8576963734619605,2.02313736931731,2.191847433612905,2.363218573714364,2.5367256078078575,2.711922682125679,2.8885071285906587,3.0662650665409394,3.2449507661740187,3.424376821198168,3.6043953795998918,3.804737139329402,4.008056985475006,4.2163375787628,4.431509126268,4.655486660269195,4.8888052322675986,5.130877049310106,5.381935705946807,5.642297773355393,5.912347872552004,6.192357385841597,6.482725893143997,6.784131958718392,7.097269171017002,7.4228839460703115,7.761496434509997,8.112782423524799,8.476282139518798,8.851520606442698,9.238000110328498
,ZMB,,pc_cov,pc_cov,KYOTOGHG,IPCM0EL,MtCO2eq/MtCO2eq,AR4,0.971720789,0.972451035,0.9788341840000001,0.9729841490000001,0.97156258,0.97339455,0.967998283,0.967589542,0.9728174820000001,0.96923266,0.970077517,0.977564454,0.977773562,0.977440049,0.9767777529999999,0.9770362109999999,0.978484001,0.980035523,0.9814903709999999,0.9724000509999999,0.972338422,0.970829211,0.969810665,0.9698276,0.9665453079999999,0.9687639920000001,0.963317256,0.963219198,0.9644485740000001,0.9627933559999999,0.961197485,0.95965441,0.958182594,0.956784283,0.9554599109999999,0.954208506,0.9530269109999999,0.951911026,0.9508577970000001,0.949863722,0.9489251890000001,0.948042733,0.9472103129999999,0.946416747,0.945653395,0.9449135670000001,0.944196244,0.9435036809999999,0.9428353079999999,0.9421903420000001,0.94156789,0.940967372,0.94038796,0.9398283940000001,0.939287585,0.9387645309999999,0.938258719,0.937770808,0.937301339,0.936850587,0.936418615
,ZWE,,pop,pop,POP,DEMOGR,Pers,,10432421.0,10680995.0,10900502.0,11092766.0,11261744.0,11410714.0,11541217.0,11653242.0,11747072.0,11822719.0,11881477.0,11923914.0,11954290.0,11982224.0,12019912.0,12076699.0,12155491.0,12255922.0,12379549.0,12526968.0,12697723.0,12894322.0,13115150.0,13350373.0,13586707.0,13814629.0,14030331.0,14236595.0,14335333.5679,14476138.8047,14614947.4027,14755469.9378,14903089.4254,15053741.5026,15203385.9667,15348003.1549,15486143.6771,15619102.4504,15746946.5078,15869683.6934,15987263.3307,16100187.1552,16209565.9882,16316231.8582,16421032.9122,16524833.2038,16626557.6765,16725317.3013,16822266.3959,16918558.558,17015346.462,17113304.2148,17212296.5702,17312274.5528,17413206.1447,17515075.3594,17617090.1134,17718179.7469,17817894.8496,17915752.0253,18011236.27
,ZWE,,gdp,gdp,GDPPPP,ECO,2011GKD,,43169191406.25,50493269531.25,45237531250.0,47119843750.0,52646410156.25,50090128906.25,56746910156.25,47047410156.25,41347265625.0,37134910156.25,33792128906.25,31730099609.375,24228593750.0,20582892578.125,18827634765.625,15711030273.4375,14120116210.9375,14602249023.4375,10898644531.25,19013117187.5,20696941406.25,23147492187.5,26216970703.125,28222046875.0,29565177734.375,30368750000.0,31214966796.875,33028402343.75,35488347410.9124,36310782128.0207,37335760238.5087,38620113851.3597,40110646026.6449,41770124693.7707,43562016697.0547,45450132852.4861,47435088977.1082,49537070374.4782,51749234115.7954,54064720852.5569,56476806892.7802,58992519539.127,61637964483.2134,64435261965.0632,67406636038.4065,70574475261.8873,73963859554.6168,77581026751.6047,81420772798.7059,85478737863.5852,89751578580.9857,94265360063.3467,99045189418.3405,104088298732.0239,109393687165.5854,114962330660.1665,120834576542.9539,127042003887.5281,133574402654.9649,140422071479.6251,147575799337.019
"The target value from 'conditional_best' was used for 'conditional_worst' in 2030.
",ZWE,AEI,conditional,worst,KYOTOGHG,IPCM0EL,MtCO2eq,AR4,27.7096,27.0427,28.6967,25.4558,27.5688,33.3273,42.0407,48.2769,57.2717,69.7908,70.4633,64.3764,51.9127,43.6201,36.4551,30.8604,23.0262,22.8612,20.7559,19.0837,22.2973,24.3871,21.7961,24.3308,23.1644,24.1346,23.836,25.4193,25.2507,25.3163,25.5322,26.256477112294036,27.10536231785682,28.057573485984015,29.092532821683747,30.18963897262374,31.351961836598072,32.59432145075863,33.91349462938587,35.306672019733035,36.77070566061,37.73890566061,38.75490566061,39.829105660610004,40.97180566061,42.19330566061,43.50540566061,44.90960566061,46.40020566061,47.97240566061,49.62230566061,51.365705660610004,53.21520566061,55.16280566061,57.20150566061,59.324805660610004,61.54430566061,63.86700566061,66.28030566061,68.77210566061,71.33020566061
,ZWE,AEI,conditional,best,KYOTOGHG,IPCM0EL,MtCO2eq,AR4,27.7096,27.0427,28.6967,25.4558,27.5688,33.3273,42.0407,48.2769,57.2717,69.7908,70.4633,64.3764,51.9127,43.6201,36.4551,30.8604,23.0262,22.8612,20.7559,19.0837,22.2973,24.3871,21.7961,24.3308,23.1644,24.1346,23.836,25.4193,25.2507,25.3163,25.5322,26.256477112294036,27.10536231785682,28.057573485984015,29.092532821683747,30.18963897262374,31.351961836598072,32.59432145075863,33.91349462938587,35.306672019733035,36.77070566061,37.73890566061,38.75490566061,39.829105660610004,40.97180566061,42.19330566061,43.50540566061,44.90960566061,46.40020566061,47.97240566061,49.62230566061,51.365705660610004,53.21520566061,55.16280566061,57.20150566061,59.324805660610004,61.54430566061,63.86700566061,66.28030566061,68.77210566061,71.33020566061
,ZWE,AEI,unconditional,worst,KYOTOGHG,IPCM0EL,MtCO2eq,AR4,27.7096,27.0427,28.6967,25.4558,27.5688,33.3273,42.0407,48.2769,57.2717,69.7908,70.4633,64.3764,51.9127,43.6201,36.4551,30.8604,23.0262,22.8612,20.7559,19.0837,22.2973,24.3871,21.7961,24.3308,23.1644,24.1346,23.836,25.4193,25.2507,25.3163,25.5322,25.9167,26.4128,26.9958,27.6429,28.3324,29.0656,29.8545,30.6942,31.5804,32.5087,33.4769,34.4929,35.5671,36.7098,37.9313,39.2434,40.6476,42.1382,43.7104,45.3603,47.1037,48.9532,50.9008,52.9395,55.0628,57.2823,59.605,62.0183,64.5101,67.0682
,ZWE,AEI,unconditional,best,KYOTOGHG,IPCM0EL,MtCO2eq,AR4,27.7096,27.0427,28.6967,25.4558,27.5688,33.3273,42.0407,48.2769,57.2717,69.7908,70.4633,64.3764,51.9127,43.6201,36.4551,30.8604,23.0262,22.8612,20.7559,19.0837,22.2973,24.3871,21.7961,24.3308,23.1644,24.1346,23.836,25.4193,25.2507,25.3163,25.5322,25.9167,26.4128,26.9958,27.6429,28.3324,29.0656,29.8545,30.6942,31.5804,32.5087,33.4769,34.4929,35.5671,36.7098,37.9313,39.2434,40.6476,42.1382,43.7104,45.3603,47.1037,48.9532,50.9008,52.9395,55.0628,57.2823,59.605,62.0183,64.5101,67.0682
"The target value from 'conditional_best' was used for 'conditional_worst' in 2030.
",ZWE,REI,conditional,worst,KYOTOGHG,IPCM0EL,MtCO2eq,AR4,27.7096,27.0427,28.6967,25.4558,27.5688,33.3273,42.0407,48.2769,57.2717,69.7908,70.4633,64.3764,51.9127,43.6201,36.4551,30.8604,23.0262,22.8612,20.7559,19.0837,22.2973,24.3871,21.7961,24.3308,23.1644,24.1346,23.836,25.4193,25.2507,25.3163,25.5322,25.529517568293056,25.62361216881862,25.78588907501252,25.991016042330713,26.216041141022227,26.46024753914934,26.732421751157947,27.02575301553074,27.33424271159129,27.65206411748735,28.475619918812882,29.33983464112928,30.25355457686971,31.225540957963165,32.26455501633864,33.380633891487605,34.57505349097253,35.84296536605602,37.180286612538154,38.58369987075649,40.0666447003691,41.63983872490078,43.29647710401831,45.03060560243017,46.836695287365615,48.72461317730779,50.70031350754824,52.75307865456219,54.87261629734565,57.04854905439052
,ZWE,REI,conditional,best,KYOTOGHG,IPCM0EL,MtCO2eq,AR4,27.7096,27.0427,28.6967,25.4558,27.5688,33.3273,42.0407,48.2769,57.2717,69.7908,70.4633,64.3764,51.9127,43.6201,36.4551,30.8604,23.0262,22.8612,20.7559,19.0837,22.2973,24.3871,21.7961,24.3308,23.1644,24.1346,23.836,25.4193,25.2507,25.3163,25.5322,25.529517568293056,25.62361216881862,25.78588907501252,25.991016042330713,26.216041141022227,26.46024753914934,26.732421751157947,27.02575301553074,27.33424271159129,27.65206411748735,28.475619918812882,29.33983464112928,30.25355457686971,31.225540957963165,32.26455501633864,33.380633891487605,34.57505349097253,35.84296536605602,37.180286612538154,38.58369987075649,40.0666447003691,41.63983872490078,43.29647710401831,45.03060560243017,46.836695287365615,48.72461317730779,50.70031350754824,52.75307865456219,54.87261629734565,57.04854905439052
,ZWE,REI,unconditional,worst,KYOTOGHG,IPCM0EL,MtCO2eq,AR4,27.7096,27.0427,28.6967,25.4558,27.5688,33.3273,42.0407,48.2769,57.2717,69.7908,70.4633,64.3764,51.9127,43.6201,36.4551,30.8604,23.0262,22.8612,20.7559,19.0837,22.2973,24.3871,21.7961,24.3308,23.1644,24.1346,23.836,25.4193,25.2507,25.3163,25.5322,25.9167,26.4128,26.9958,27.6429,28.3324,29.0656,29.8545,30.6942,31.5804,32.5087,33.4769,34.4929,35.5671,36.7098,37.9313,39.2434,40.6476,42.1382,43.7104,45.3603,47.1037,48.9532,50.9008,52.9395,55.0628,57.2823,59.605,62.0183,64.5101,67.0682
,ZWE,REI,unconditional,best,KYOTOGHG,IPCM0EL,MtCO2eq,AR4,27.7096,27.0427,28.6967,25.4558,27.5688,33.3273,42.0407,48.2769,57.2717,69.7908,70.4633,64.3764,51.9127,43.6201,36.4551,30.8604,23.0262,22.8612,20.7559,19.0837,22.2973,24.3871,21.7961,24.3308,23.1644,24.1346,23.836,25.4193,25.2507,25.3163,25.5322,25.9167,26.4128,26.9958,27.6429,28.3324,29.0656,29.8545,30.6942,31.5804,32.5087,33.4769,34.4929,35.5671,36.7098,37.9313,39.2434,40.6476,42.1382,43.7104,45.3603,47.1037,48.9532,50.9008,52.9395,55.0628,57.2823,59.605,62.0183,64.5101,67.0682
"No targets calculated, so the baseline emissions are put in as target pathways for all un/conditional best/worst pathways.
",ZWE,baseline_emissions,conditional,worst,KYOTOGHG,IPCM0EL,MtCO2eq,AR4,27.7096,27.0427,28.6967,25.4558,27.5688,33.3273,42.0407,48.2769,57.2717,69.7908,70.4633,64.3764,51.9127,43.6201,36.4551,30.8604,23.0262,22.8612,20.7559,19.0837,22.2973,24.3871,21.7961,24.3308,23.1644,24.1346,23.836,25.4193,25.2507,25.3163,25.5322,25.9167,26.4128,26.9958,27.6429,28.3324,29.0656,29.8545,30.6942,31.5804,32.5087,33.4769,34.4929,35.5671,36.7098,37.9313,39.2434,40.6476,42.1382,43.7104,45.3603,47.1037,48.9532,50.9008,52.9395,55.0628,57.2823,59.605,62.0183,64.5101,67.0682
"No targets calculated, so the baseline emissions are put in as target pathways for all un/conditional best/worst pathways.
",ZWE,baseline_emissions,conditional,best,KYOTOGHG,IPCM0EL,MtCO2eq,AR4,27.7096,27.0427,28.6967,25.4558,27.5688,33.3273,42.0407,48.2769,57.2717,69.7908,70.4633,64.3764,51.9127,43.6201,36.4551,30.8604,23.0262,22.8612,20.7559,19.0837,22.2973,24.3871,21.7961,24.3308,23.1644,24.1346,23.836,25.4193,25.2507,25.3163,25.5322,25.9167,26.4128,26.9958,27.6429,28.3324,29.0656,29.8545,30.6942,31.5804,32.5087,33.4769,34.4929,35.5671,36.7098,37.9313,39.2434,40.6476,42.1382,43.7104,45.3603,47.1037,48.9532,50.9008,52.9395,55.0628,57.2823,59.605,62.0183,64.5101,67.0682
"No targets calculated, so the baseline emissions are put in as target pathways for all un/conditional best/worst pathways.
",ZWE,baseline_emissions,unconditional,worst,KYOTOGHG,IPCM0EL,MtCO2eq,AR4,27.7096,27.0427,28.6967,25.4558,27.5688,33.3273,42.0407,48.2769,57.2717,69.7908,70.4633,64.3764,51.9127,43.6201,36.4551,30.8604,23.0262,22.8612,20.7559,19.0837,22.2973,24.3871,21.7961,24.3308,23.1644,24.1346,23.836,25.4193,25.2507,25.3163,25.5322,25.9167,26.4128,26.9958,27.6429,28.3324,29.0656,29.8545,30.6942,31.5804,32.5087,33.4769,34.4929,35.5671,36.7098,37.9313,39.2434,40.6476,42.1382,43.7104,45.3603,47.1037,48.9532,50.9008,52.9395,55.0628,57.2823,59.605,62.0183,64.5101,67.0682
"No targets calculated, so the baseline emissions are put in as target pathways for all un/conditional best/worst pathways.
",ZWE,baseline_emissions,unconditional,best,KYOTOGHG,IPCM0EL,MtCO2eq,AR4,27.7096,27.0427,28.6967,25.4558,27.5688,33.3273,42.0407,48.2769,57.2717,69.7908,70.4633,64.3764,51.9127,43.6201,36.4551,30.8604,23.0262,22.8612,20.7559,19.0837,22.2973,24.3871,21.7961,24.3308,23.1644,24.1346,23.836,25.4193,25.2507,25.3163,25.5322,25.9167,26.4128,26.9958,27.6429,28.3324,29.0656,29.8545,30.6942,31.5804,32.5087,33.4769,34.4929,35.5671,36.7098,37.9313,39.2434,40.6476,42.1382,43.7104,45.3603,47.1037,48.9532,50.9008,52.9395,55.0628,57.2823,59.605,62.0183,64.5101,67.0682
,ZWE,,emi_bau,emi_bau,KYOTOGHG,IPCM0EL,MtCO2eq,AR4,27.7096,27.0427,28.6967,25.4558,27.5688,33.3273,42.0407,48.2769,57.2717,69.7908,70.4633,64.3764,51.9127,43.6201,36.4551,30.8604,23.0262,22.8612,20.7559,19.0837,22.2973,24.3871,21.7961,24.3308,23.1644,24.1346,23.836,25.4193,25.2507,25.3163,25.5322,25.9167,26.4128,26.9958,27.6429,28.3324,29.0656,29.8545,30.6942,31.5804,32.5087,33.4769,34.4929,35.5671,36.7098,37.9313,39.2434,40.6476,42.1382,43.7104,45.3603,47.1037,48.9532,50.9008,52.9395,55.0628,57.2823,59.605,62.0183,64.5101,67.0682
,ZWE,,emi_cov,emi_cov,KYOTOGHG,IPCM0EL,MtCO2eq,AR4,15.407132774498399,15.650263949802799,16.5837565258362,15.961040648884,17.1510581318832,17.0474376885195,18.72731569176,19.9281837501873,21.984089684219,27.763744958228397,27.008414975956104,23.1093172068792,20.5702209564943,17.053485464955397,13.7092186532334,13.5300661360548,11.0275795862232,10.4946974724972,8.1443925529725,5.794919319622,7.9915713909725,9.741777610788299,7.7058560103602,11.497105064822001,11.7888340227588,12.321297188377798,12.150580175212001,12.926829347206802,11.431294772146499,11.4609926790185,11.558733198738999,11.7328009608165,11.957391381536,12.221322474621,12.5142724065855,12.826417327138,13.158345761871999,13.5154902547275,13.895632516928998,14.296825886898,14.717078431856498,15.1553941854155,15.615349572335498,16.1016527973645,16.618966794051,17.1719544959435,17.765957904583,18.401656087962,19.076468587708998,19.788222386248,20.5351519067985,21.3244099988815,22.161700833634,23.043402715095997,23.9663466593025,24.927590038286,25.9323843111885,26.983898461975,28.0764283195085,29.204496068649497,30.362578623059
,ZWE,,emi_ncov,emi_ncov,KYOTOGHG,IPCM0EL,MtCO2eq,AR4,12.3024672255016,11.392436050197201,12.1129434741638,9.494759351116,10.4177418681168,16.2798623114805,23.313384308239996,28.348716249812696,35.287610315781,42.02705504177161,43.454885024043904,41.26708279312081,31.3424790435057,26.5666145350446,22.745881346766605,17.3303338639452,11.9986204137768,12.3665025275028,12.6115074470275,13.288780680377998,14.305728609027499,14.6453223892117,14.0902439896398,12.833694935177999,11.3755659772412,11.8133028116222,11.685419824787997,12.492470652793198,13.819405227853498,13.855307320981499,13.973466801260999,14.183899039183498,14.455408618464,14.774477525378998,15.1286275934145,15.505982672861998,15.907254238127999,16.3390097452725,16.798567483070997,17.283574113102,17.791621568143498,18.321505814584498,18.8775504276645,19.465447202635502,20.090833205949,20.759345504056498,21.477442095417,22.245943912037998,23.061731412290996,23.922177613751998,24.8251480932015,25.7792900011185,26.791499166366,27.857397284903996,28.9731533406975,30.135209961714,31.349915688811496,32.621101538024995,33.9418716804915,35.3056039313505,36.705621376941004
,ZWE,,pc_cov,pc_cov,KYOTOGHG,IPCM0EL,MtCO2eq/MtCO2eq,AR4,0.556021479,0.5787241639999999,0.577897686,0.62700998,0.622118414,0.511515715,0.44545680000000004,0.41278921700000004,0.38385607,0.39781382299999996,0.38329761700000003,0.35897187799999997,0.39624640899999997,0.39095475399999996,0.376057634,0.438428087,0.478914436,0.459061531,0.392389275,0.30365806,0.358409825,0.399464373,0.353542882,0.472532965,0.508920327,0.510524193,0.509757517,0.5085438760000001,0.452711995,0.452711995,0.452711995,0.452711995,0.452711995,0.452711995,0.452711995,0.452711995,0.452711995,0.452711995,0.452711995,0.452711995,0.452711995,0.452711995,0.452711995,0.452711995,0.452711995,0.452711995,0.452711995,0.452711995,0.452711995,0.452711995,0.452711995,0.452711995,0.452711995,0.452711995,0.452711995,0.452711995,0.452711995,0.452711995,0.452711995,0.452711995,0.452711995
